================================================================================
Channel Pruning Log
  iteration  : 15
  alpha      : 0.3000
  timestamp  : 2026-05-22 10:47:45
  remove_target  : 40607
  accum_removed  : 40871
  selected_channels : 143
  gamma             : 0.0050
  remove_target_met : yes
  total_params   : 2289600
  active_after   : 875502
  model_sparsity : 61.8%
================================================================================

[ 레이어별 채널 제거 비율 ]
  layer                total_ch  this_iter    cumul  cumul_%
  ----------------------------------------------------------
  features.1                 32          0       24    75.0%
  features.2                 96          0       86    89.6%
  features.3                144          4      129    89.6%
  features.4                144          0      129    89.6%
  features.5                192          4      152    79.2%
  features.6                192          0      172    89.6%
  features.7                192          0      172    89.6%
  features.8                384         12      109    28.4%
  features.9                384          0      345    89.8%
  features.10               384          0      345    89.8%
  features.11               384         11      245    63.8%
  features.12               576          0      518    89.9%
  features.13               576          0      518    89.9%
  features.14               576          0      518    89.9%
  features.15               960         50      750    78.1%
  features.16               960         62      566    59.0%
  features.17               960          0      864    90.0%

[ 레이어별 보호 영역 (γ=0.01) ]
  layer                  active  protected  protect_%
  --------------------------------------------------
  features.1                  8          1      12.5%
  features.2                 10          1      10.0%
  features.3                 19          1       5.3%
  features.4                 15          1       6.7%
  features.5                 44          1       2.3%
  features.6                 20          1       5.0%
  features.7                 20          1       5.0%
  features.8                287          2       0.7%
  features.9                 39          1       2.6%
  features.10                39          1       2.6%
  features.11               150          1       0.7%
  features.12                58          1       1.7%
  features.13                58          1       1.7%
  features.14                58          1       1.7%
  features.15               260          2       0.8%
  features.16               456          3       0.7%
  features.17                96          1       1.0%

[ 블록별 제거 채널 수 ]
  features.11: 11채널 제거
  features.15: 50채널 제거
  features.16: 62채널 제거
  features.3: 4채널 제거
  features.5: 4채널 제거
  features.8: 12채널 제거

[ 선택된 채널 상세 ]
block                             ch        score          phi         perf  weights
--------------------------------------------------------------------------------
features.3                        73    -0.283519 2.077235e-08 1.226781e-05       57
features.3                        50    -0.260451 1.862836e-08 1.779409e-06       57
features.5                       124    -0.232632 4.308602e-08 2.200940e-07       73
features.5                       166    -0.210952 3.905070e-08 1.841396e-07       73
features.15                      745    -0.207368 2.061795e-07 1.643558e-08      329
features.16                      132    -0.207038 5.113479e-07 7.842095e-08      329
features.16                      364    -0.202578 4.963408e-07 4.196315e-08      329
features.16                      867    -0.200507 4.882037e-07 1.484634e-08      329
features.15                      599    -0.199111 2.034965e-07 1.750127e-07      329
features.5                         2    -0.198403 3.793971e-08 1.114508e-06       73
features.8                       124    -0.197283 1.773958e-07 3.906720e-08      137
features.15                       20    -0.196706 1.984859e-07 9.934800e-08      329
features.3                        32    -0.195919 1.397231e-08 4.920350e-07       57
features.16                      196    -0.194107 4.735274e-07 2.228634e-08      329
features.16                      563    -0.193876 4.716729e-07 1.101338e-08      329
features.15                      346    -0.193483 1.931802e-07 3.855859e-08      329
features.3                        22    -0.193107 1.377659e-08 5.848766e-07       57
features.16                      876    -0.192643 4.751294e-07 6.717367e-08      329
features.16                       67    -0.191768 4.692947e-07 3.483783e-08      329
features.16                      776    -0.191391 4.670354e-07 2.313873e-08      329
features.8                       298    -0.190067 1.693055e-07 1.232943e-08      137
features.16                       95    -0.189971 4.712867e-07 9.017293e-08      329
features.16                       66    -0.188897 4.604554e-07 1.853254e-08      329
features.16                      546    -0.188749 4.582879e-07 2.776669e-09      329
features.16                      191    -0.187728 4.571087e-07 1.407015e-08      329
features.11                       34    -0.187014 3.167308e-07 1.204573e-07      169
features.16                       83    -0.187007 4.584722e-07 4.119588e-08      329
features.15                      118    -0.186201 1.868311e-07 6.366487e-08      329
features.16                      542    -0.181835 4.444092e-07 2.801581e-08      329
features.15                      580    -0.181269 1.798328e-07 2.906677e-09      329
features.8                        41    -0.180289 1.641653e-07 6.808791e-08      137
features.15                      901    -0.179008 1.873749e-07 2.848283e-07      329
features.16                      146    -0.178434 4.370529e-07 3.581853e-08      329
features.16                      371    -0.177578 4.330835e-07 1.931366e-08      329
features.16                      340    -0.177419 4.423540e-07 1.034364e-07      329
features.15                      906    -0.177392 1.819590e-07 1.749425e-07      329
features.16                       40    -0.176616 4.310662e-07 2.208033e-08      329
features.8                       353    -0.176601 1.604538e-07 6.111527e-08      137
features.16                      761    -0.176498 4.291046e-07 7.497724e-09      329
features.16                      163    -0.176261 4.289116e-07 1.082064e-08      329
features.16                      508    -0.175449 4.285264e-07 2.463238e-08      329
features.16                      199    -0.174272 4.236377e-07 6.909606e-09      329
features.5                        87    -0.174054 3.291793e-08 6.937466e-07       73
features.15                      100    -0.173775 1.811885e-07 2.560794e-07      329
features.15                      117    -0.173073 1.727164e-07 3.200726e-08      329
features.15                      450    -0.172818 1.759403e-07 1.321866e-07      329
features.16                      872    -0.171679 4.171840e-07 5.514335e-09      329
features.8                        15    -0.171384 1.578112e-07 9.243723e-08      137
features.16                      458    -0.170424 4.136189e-07 9.785219e-10      329
features.16                      332    -0.168220 4.190748e-07 9.508040e-08      329
features.15                      427    -0.167104 1.714654e-07 1.665208e-07      329
features.16                      839    -0.167098 4.065963e-07 1.010633e-08      329
features.15                      463    -0.166020 1.701092e-07 1.583934e-07      329
features.16                      596    -0.165309 4.131752e-07 1.052160e-07      329
features.15                      323    -0.165259 1.656854e-07 5.266100e-08      329
features.16                      150    -0.164951 4.005410e-07 2.724347e-09      329
features.16                      240    -0.164561 4.025260e-07 2.825670e-08      329
features.16                      774    -0.164527 4.021798e-07 2.595826e-08      329
features.15                      185    -0.164356 1.674457e-07 1.292045e-07      329
features.8                       273    -0.163822 1.465462e-07 2.041027e-08      137
features.16                      349    -0.163476 4.243067e-07 2.409112e-07      329
features.16                      516    -0.163338 4.069206e-07 9.238748e-08      329
features.16                      373    -0.163272 4.054105e-07 8.064237e-08      329
features.15                      893    -0.162936 1.678048e-07 1.801246e-07      329
features.16                      674    -0.162486 3.982459e-07 3.483859e-08      329
features.15                      778    -0.162465 1.649918e-07 1.125069e-07      329
features.16                      519    -0.162181 4.094426e-07 1.388200e-07      329
features.16                      924    -0.162127 3.940487e-07 5.866501e-09      329
features.15                      659    -0.162025 1.612045e-07 1.594396e-08      329
features.16                      417    -0.161948 3.947039e-07 1.534713e-08      329
features.15                       96    -0.161895 1.620830e-07 4.499036e-08      329
features.16                      265    -0.161601 3.944419e-07 2.040379e-08      329
features.11                       93    -0.161301 3.170592e-07 6.921986e-07      169
features.15                      268    -0.161130 1.616894e-07 5.549271e-08      329
features.16                      230    -0.161103 3.968703e-07 5.207598e-08      329
features.11                      332    -0.161007 2.793994e-07 1.937410e-07      169
features.11                       30    -0.160123 2.712945e-07 1.045604e-07      169
features.15                      481    -0.160095 1.596882e-07 2.739267e-08      329
features.15                      648    -0.159936 1.627991e-07 1.215814e-07      329
features.11                      316    -0.159928 2.723808e-07 1.234243e-07      169
features.16                      916    -0.159633 3.882817e-07 8.337120e-09      329
features.16                      379    -0.158863 3.966194e-07 9.723190e-08      329
features.11                      344    -0.158798 2.688742e-07 1.013483e-07      169
features.8                       327    -0.158631 1.725148e-07 5.033202e-07      137
features.15                      958    -0.158552 1.629592e-07 1.657398e-07      329
features.16                      909    -0.158491 3.865708e-07 1.756430e-08      329
features.16                      786    -0.158468 3.851489e-07 5.682770e-09      329
features.15                      574    -0.158326 1.738803e-07 4.868915e-07      329
features.15                      465    -0.157536 1.608332e-07 1.335179e-07      329
features.16                       20    -0.157524 3.825169e-07 2.705055e-09      329
features.11                      205    -0.157446 2.655568e-07 8.669279e-08      169
features.16                      105    -0.156927 3.820803e-07 1.151827e-08      329
features.15                      938    -0.156802 1.617226e-07 1.801166e-07      329
features.16                      856    -0.156766 3.873257e-07 6.061531e-08      329
features.15                      224    -0.156463 1.587368e-07 1.037453e-07      329
features.15                      348    -0.156364 1.586323e-07 1.035700e-07      329
features.15                      738    -0.156252 1.787243e-07 6.857331e-07      329
features.11                       39    -0.156222 2.695310e-07 1.669870e-07      169
features.15                      461    -0.156056 1.568131e-07 5.994126e-08      329
features.8                       242    -0.155863 1.416003e-07 5.374777e-08      137
features.15                      305    -0.155405 1.576527e-07 1.027447e-07      329
features.16                      956    -0.155129 3.818441e-07 4.745788e-08      329
features.15                      455    -0.155126 1.565980e-07 8.031420e-08      329
features.16                      220    -0.154949 3.791024e-07 2.738108e-08      329
features.16                      489    -0.154913 3.764345e-07 4.906918e-09      329
features.15                      236    -0.154821 1.545497e-07 3.001536e-08      329
features.16                      107    -0.154792 3.795820e-07 3.488510e-08      329
features.16                      290    -0.153457 3.743336e-07 1.737047e-08      329
features.15                      868    -0.153287 1.522672e-07 8.078347e-09      329
features.15                      624    -0.153285 1.541389e-07 6.205364e-08      329
features.15                      227    -0.153090 1.720085e-07 5.825582e-07      329
features.8                       289    -0.152864 1.419690e-07 1.015730e-07      137
features.15                      332    -0.152744 1.558147e-07 1.257965e-07      329
features.15                      662    -0.152486 1.520353e-07 2.428578e-08      329
features.11                       77    -0.152430 2.562016e-07 7.194040e-08      169
features.15                      635    -0.151131 1.524879e-07 7.602783e-08      329
features.8                       283    -0.150891 1.871444e-07 8.428228e-07      137
features.11                      153    -0.150603 2.598147e-07 1.606847e-07      169
features.15                      208    -0.150352 1.626804e-07 3.919743e-07      329
features.15                      142    -0.149656 1.510960e-07 7.806138e-08      329
features.16                      657    -0.149231 3.678663e-07 5.035675e-08      329
features.8                       376    -0.148849 1.334300e-07 2.292755e-08      137
features.16                       51    -0.148444 3.610428e-07 7.559703e-09      329
features.15                      944    -0.148206 1.484501e-07 4.324268e-08      329
features.15                       54    -0.148112 1.539538e-07 2.045254e-07      329
features.15                      548    -0.147507 1.524970e-07 1.798231e-07      329
features.11                       60    -0.146789 2.727966e-07 4.189018e-07      169
features.16                      398    -0.146776 3.566885e-07 4.883021e-09      329
features.16                      135    -0.146449 3.557300e-07 3.443753e-09      329
features.15                      780    -0.145537 1.506714e-07 1.835001e-07      329
features.16                      507    -0.145442 3.533453e-07 3.938137e-09      329
features.15                      639    -0.145178 1.481008e-07 1.196943e-07      329
features.15                      255    -0.144848 1.514188e-07 2.247250e-07      329
features.8                       197    -0.144765 1.301919e-07 2.897702e-08      137
features.15                      950    -0.144717 1.515262e-07 2.315756e-07      329
features.16                      126    -0.144707 3.515081e-07 3.489294e-09      329
features.16                      496    -0.144660 3.518123e-07 7.112265e-09      329
features.16                      726    -0.144177 3.514104e-07 1.382271e-08      329
features.15                      229    -0.143851 1.460979e-07 9.990384e-08      329
features.16                      319    -0.143773 3.612020e-07 1.076560e-07      329
features.15                      380    -0.143610 1.438572e-07 4.221512e-08      329
features.16                      747    -0.143603 3.578305e-07 8.189338e-08      329
features.16                      547    -0.143319 3.531438e-07 4.706599e-08      329
