================================================================================
Channel Pruning Log
  iteration  : 2
  alpha      : 0.9000
  timestamp  : 2026-03-26 13:17:24
  remove_target  : 206159
  accum_removed  : 205938
  selected_channels : 578
================================================================================

[ 블록별 제거 채널 수 ]
  features.10: 25채널 제거
  features.11: 3채널 제거
  features.13: 47채널 제거
  features.15: 64채널 제거
  features.16: 131채널 제거
  features.17: 248채널 제거
  features.2: 8채널 제거
  features.3: 1채널 제거
  features.4: 2채널 제거
  features.6: 2채널 제거
  features.7: 1채널 제거
  features.8: 1채널 제거
  features.9: 45채널 제거

[ 선택된 채널 상세 ]
block                             ch        score          phi         perf  weights
--------------------------------------------------------------------------------
features.17                      368    -0.096280 8.857004e-07 9.416109e-10      489
features.16                      890    -0.076251 6.157622e-07 2.461270e-10      329
features.17                      358    -0.074113 6.662311e-07 2.803383e-10      489
features.9                        29    -0.073692 2.037881e-07 1.353165e-09      137
features.9                       372    -0.070251 2.029648e-07 2.000333e-09      137
features.17                      911    -0.069537 6.210778e-07 1.482520e-10      489
features.17                       25    -0.069523 6.230123e-07 2.072292e-10      489
features.17                      500    -0.069237 6.501193e-07 1.054331e-09      489
features.17                      501    -0.068678 6.452469e-07 1.056654e-09      489
features.16                      746    -0.068296 5.557170e-07 4.328730e-10      329
features.9                       345    -0.065575 1.721138e-07 4.498686e-10      137
features.17                      414    -0.065481 8.368997e-07 7.343714e-09      489
features.17                      827    -0.064267 5.903127e-07 6.029615e-10      489
features.17                      499    -0.063536 5.646584e-07 5.489211e-11      489
features.9                       232    -0.062597 1.646095e-07 4.549240e-10      137
features.17                      458    -0.062351 6.211272e-07 1.968813e-09      489
features.17                      435    -0.062295 5.650657e-07 3.806271e-10      489
features.16                      247    -0.061298 5.249717e-07 1.716503e-09      329
features.9                       141    -0.060933 1.567125e-07 1.548850e-10      137
features.17                      666    -0.060687 5.608980e-07 6.684889e-10      489
features.17                      277    -0.060084 5.410742e-07 2.547273e-10      489
features.17                      836    -0.059335 5.670672e-07 1.187292e-09      489
features.9                       263    -0.059278 1.673476e-07 1.368006e-09      137
features.17                        4    -0.059039 5.354653e-07 3.588996e-10      489
features.17                      522    -0.058974 5.348626e-07 3.580688e-10      489
features.4                        86    -0.058913 8.296560e-07 3.116933e-08       65
features.17                      421    -0.058310 5.299904e-07 3.868262e-10      489
features.17                      395    -0.058277 5.350059e-07 5.386501e-10      489
features.2                        93    -0.058182 2.945189e-07 3.622749e-08       49
features.16                      893    -0.058070 4.878523e-07 1.145935e-09      329
features.15                      339    -0.057393 6.453309e-07 6.081066e-10      329
features.15                      622    -0.057260 6.470335e-07 7.094962e-10      329
features.9                       271    -0.057032 1.734406e-07 2.332388e-09      137
features.16                      193    -0.056995 4.680430e-07 5.783319e-10      329
features.9                       328    -0.056945 1.615335e-07 1.377258e-09      137
features.9                        81    -0.056925 1.503210e-07 4.648840e-10      137
features.16                      511    -0.056727 4.581516e-07 1.857931e-10      329
features.16                      470    -0.056386 4.592368e-07 3.790998e-10      329
features.17                       63    -0.056266 5.744406e-07 2.174864e-09      489
features.16                      360    -0.056172 4.587131e-07 4.395808e-10      329
features.17                      912    -0.056103 5.367290e-07 1.138149e-09      489
features.17                      789    -0.056074 5.234365e-07 7.656527e-10      489
features.17                      623    -0.056072 5.578485e-07 1.749736e-09      489
features.9                       373    -0.055775 1.438990e-07 1.788269e-10      137
features.17                      643    -0.055638 5.579724e-07 1.863133e-09      489
features.17                      959    -0.055391 4.990942e-07 2.427895e-10      489
features.17                      170    -0.055372 5.108630e-07 5.840802e-10      489
features.17                      599    -0.055219 5.336897e-07 1.275220e-09      489
features.17                      256    -0.055169 4.954384e-07 1.944205e-10      489
features.17                      665    -0.055148 4.936438e-07 1.485596e-10      489
features.16                      358    -0.055113 4.444800e-07 1.483823e-10      329
features.17                      239    -0.054891 4.943278e-07 2.330364e-10      489
features.16                      410    -0.054882 4.514236e-07 5.940733e-10      329
features.17                      309    -0.054430 4.964847e-07 4.115634e-10      489
features.9                       185    -0.054365 1.663751e-07 2.308746e-09      137
features.17                      907    -0.054256 5.124602e-07 9.122786e-10      489
features.9                       203    -0.054069 1.504953e-07 1.072243e-09      137
features.16                       14    -0.053834 4.392757e-07 4.037793e-10      329
features.17                      659    -0.053809 5.641282e-07 2.502197e-09      489
features.17                      365    -0.053680 4.901278e-07 4.198024e-10      489
features.17                      645    -0.053564 5.155659e-07 1.176210e-09      489
features.17                      172    -0.053485 4.800883e-07 1.820833e-10      489
features.16                      275    -0.053467 4.456737e-07 8.771170e-10      329
features.16                      835    -0.053463 4.778291e-07 2.508659e-09      329
features.17                      806    -0.053457 4.860506e-07 3.595232e-10      489
features.9                       349    -0.053425 1.402411e-07 3.677715e-10      137
features.17                      711    -0.053367 5.013741e-07 8.204701e-10      489
features.16                      325    -0.053121 4.863608e-07 3.080030e-09      329
features.13                      471    -0.053029 1.010304e-07 3.059413e-09      201
features.16                       48    -0.052755 4.435242e-07 1.057452e-09      329
features.17                      818    -0.052728 5.086986e-07 1.191446e-09      489
features.9                       133    -0.052662 1.363235e-07 2.062051e-10      137
features.17                      331    -0.052639 4.842167e-07 5.143470e-10      489
features.8                       251    -0.052300 3.232143e-07 2.408366e-08      137
features.9                       305    -0.052101 1.410369e-07 7.078830e-10      137
features.13                      286    -0.052052 8.317836e-08 3.601181e-10      201
features.17                      279    -0.051975 4.867765e-07 7.556374e-10      489
features.15                      817    -0.051845 6.636353e-07 3.145801e-09      329
features.9                       150    -0.051814 1.350079e-07 2.747378e-10      137
features.15                       64    -0.051781 5.755132e-07 3.324956e-10      329
features.17                      213    -0.051706 4.651532e-07 2.056437e-10      489
features.17                      429    -0.051586 4.608918e-07 1.142375e-10      489
features.17                      267    -0.051560 4.668562e-07 2.911283e-10      489
features.16                       50    -0.051487 4.185978e-07 3.086444e-10      329
features.16                       53    -0.050968 4.096462e-07 6.595711e-11      329
features.9                       321    -0.050956 1.363943e-07 5.661183e-10      137
features.15                      145    -0.050903 6.958758e-07 4.513938e-09      329
features.16                      859    -0.050784 4.268922e-07 1.014666e-09      329
features.17                      268    -0.050563 4.585688e-07 3.066223e-10      489
features.17                      533    -0.050525 4.637499e-07 4.643391e-10      489
features.15                      542    -0.050512 5.688569e-07 5.639437e-10      329
features.16                      949    -0.050477 4.275739e-07 1.173769e-09      329
features.17                      649    -0.050423 4.725897e-07 7.429354e-10      489
features.16                       91    -0.050402 4.500036e-07 2.341159e-09      329
features.17                      405    -0.050326 4.832160e-07 1.071277e-09      489
features.16                      271    -0.050129 4.064168e-07 2.428346e-10      329
features.15                      929    -0.050013 5.510959e-07 1.677053e-10      329
features.17                      879    -0.049977 6.169376e-07 4.981690e-09      489
features.17                       51    -0.049974 4.889008e-07 1.322785e-09      489
features.17                      924    -0.049964 5.776781e-07 3.862825e-09      489
features.17                      135    -0.049940 5.069987e-07 1.848754e-09      489
features.13                      366    -0.049937 8.051040e-08 4.631017e-10      201
features.17                      254    -0.049794 4.831224e-07 1.203131e-09      489
features.16                      818    -0.049777 4.097234e-07 5.535054e-10      329
features.17                      688    -0.049754 4.505067e-07 2.811587e-10      489
features.15                      231    -0.049687 5.520179e-07 3.119239e-10      329
features.16                      101    -0.049642 4.562747e-07 2.967882e-09      329
features.17                      282    -0.049618 4.660214e-07 7.590735e-10      489
features.9                       173    -0.049525 1.280657e-07 1.825268e-10      137
features.17                      893    -0.049448 4.453019e-07 2.098367e-10      489
features.17                      739    -0.049313 4.922156e-07 1.584803e-09      489
features.17                      774    -0.049313 4.510341e-07 4.078370e-10      489
features.15                      193    -0.049300 5.920139e-07 1.734954e-09      329
features.17                      657    -0.049026 4.465703e-07 3.529652e-10      489
features.17                      128    -0.049010 4.491487e-07 4.306315e-10      489
features.16                      942    -0.048976 4.155794e-07 1.175376e-09      329
features.16                      491    -0.048952 4.169816e-07 1.256460e-09      329
features.16                      820    -0.048857 4.205197e-07 1.474279e-09      329
features.16                      215    -0.048845 4.272680e-07 1.820958e-09      329
features.13                      552    -0.048795 8.091569e-08 8.238617e-10      201
features.16                      934    -0.048660 3.958046e-07 3.015114e-10      329
features.17                      176    -0.048567 4.361603e-07 1.715870e-10      489
features.13                      178    -0.048505 8.840000e-08 2.135428e-09      201
features.13                      365    -0.048483 9.828258e-08 3.774552e-09      201
features.16                      536    -0.048475 3.942478e-07 2.978688e-10      329
features.16                      416    -0.048223 3.945018e-07 4.129536e-10      329
features.16                      587    -0.048113 3.992967e-07 7.006313e-10      329
features.13                      291    -0.047992 8.630142e-08 1.920490e-09      201
features.9                        31    -0.047988 2.540757e-07 1.080150e-08      137
features.17                       22    -0.047863 4.982841e-07 2.125484e-09      489
features.15                      426    -0.047793 5.372427e-07 5.017591e-10      329
features.17                      413    -0.047604 4.272207e-07 1.599046e-10      489
features.13                      477    -0.047567 7.695267e-08 4.846468e-10      201
features.17                      669    -0.047489 4.306832e-07 2.878693e-10      489
features.17                      437    -0.047483 4.504193e-07 8.535420e-10      489
features.13                      330    -0.047365 8.251213e-08 1.455432e-09      201
features.15                      154    -0.047262 5.300664e-07 4.572701e-10      329
features.17                      664    -0.047186 4.252676e-07 2.096948e-10      489
features.17                      422    -0.047155 4.860429e-07 1.954648e-09      489
features.17                      387    -0.047151 4.410700e-07 6.703222e-10      489
features.10                       73    -0.046993 1.097955e-07 5.376312e-09      137
features.17                      777    -0.046975 4.232541e-07 2.055905e-10      489
features.15                      458    -0.046973 5.332246e-07 6.603394e-10      329
features.16                      497    -0.046931 3.847967e-07 4.458451e-10      329
features.16                      171    -0.046910 3.897634e-07 7.061200e-10      329
features.16                      376    -0.046615 4.167251e-07 2.192268e-09      329
features.17                      150    -0.046540 4.699187e-07 1.649677e-09      489
features.15                      297    -0.046526 5.266527e-07 6.056844e-10      329
features.13                      546    -0.046512 7.428640e-08 3.153573e-10      201
features.17                       54    -0.046482 4.161606e-07 1.277065e-10      489
features.16                       57    -0.046399 3.747630e-07 1.530761e-10      329
features.16                      699    -0.046322 3.743019e-07 1.612694e-10      329
features.17                      503    -0.046257 4.315806e-07 6.253545e-10      489
features.17                      655    -0.046217 4.649803e-07 1.590096e-09      489
features.13                       76    -0.046209 7.765014e-08 9.492582e-10      201
features.17                      397    -0.046143 4.179023e-07 2.632905e-10      489
features.9                       257    -0.046118 1.210308e-07 3.151858e-10      137
features.9                       153    -0.046053 1.282545e-07 9.190657e-10      137
features.17                      246    -0.046035 4.217823e-07 4.016536e-10      489
features.16                      790    -0.045977 3.754454e-07 3.593215e-10      329
features.16                       69    -0.045919 3.740231e-07 3.107847e-10      329
features.16                      365    -0.045899 3.775640e-07 4.981146e-10      329
features.15                      729    -0.045825 5.228628e-07 7.301207e-10      329
features.17                       62    -0.045805 4.176082e-07 3.404352e-10      489
features.17                      220    -0.045749 4.206255e-07 4.408930e-10      489
features.16                       84    -0.045650 3.695899e-07 1.950860e-10      329
features.17                      800    -0.045611 4.102568e-07 1.795406e-10      489
features.17                      743    -0.045446 4.090833e-07 1.877085e-10      489
features.15                      451    -0.045344 4.965346e-07 5.184545e-11      329
features.10                      270    -0.045316 1.058650e-07 5.182553e-09      137
features.17                      838    -0.045264 4.098250e-07 2.548870e-10      489
features.17                      330    -0.045177 4.052879e-07 1.473890e-10      489
features.16                      649    -0.045050 3.652343e-07 2.179235e-10      329
features.2                        28    -0.045034 2.958866e-07 3.486344e-07       49
features.17                      347    -0.045029 4.092128e-07 2.968884e-10      489
features.16                      111    -0.044993 3.779718e-07 8.868750e-10      329
features.17                       49    -0.044815 4.318980e-07 9.994188e-10      489
features.17                      382    -0.044785 4.058160e-07 2.616654e-10      489
features.13                      501    -0.044733 7.388751e-08 7.069768e-10      201
features.13                      449    -0.044648 7.165170e-08 3.592782e-10      201
features.17                      919    -0.044623 4.082924e-07 3.735421e-10      489
features.15                      110    -0.044596 4.964519e-07 3.119424e-10      329
features.16                       19    -0.044594 3.780112e-07 1.050955e-09      329
features.17                      230    -0.044574 4.589065e-07 1.832443e-09      489
features.13                      283    -0.044529 7.636046e-08 1.168150e-09      201
features.16                      602    -0.044432 3.660235e-07 5.090621e-10      329
features.16                       88    -0.044259 3.770289e-07 1.137031e-09      329
features.9                       240    -0.044253 1.217659e-07 7.626523e-10      137
features.16                      499    -0.044236 3.653911e-07 5.566868e-10      329
features.17                      468    -0.044192 4.266391e-07 1.007012e-09      489
features.17                      754    -0.044149 4.058782e-07 4.244575e-10      489
features.16                      783    -0.043970 5.946428e-07 1.228446e-08      329
features.16                       64    -0.043768 3.902063e-07 2.004181e-09      329
features.16                      213    -0.043768 3.614026e-07 5.443628e-10      329
features.16                      320    -0.043729 3.853211e-07 1.772736e-09      329
features.15                      874    -0.043607 4.864822e-07 3.385064e-10      329
features.17                      243    -0.043600 3.993194e-07 3.760577e-10      489
features.13                      411    -0.043540 7.269080e-08 8.159317e-10      201
features.16                      676    -0.043525 3.916876e-07 2.177890e-09      329
features.16                       78    -0.043501 3.871349e-07 1.957269e-09      329
features.13                      363    -0.043429 1.063653e-07 6.410108e-09      201
features.17                       75    -0.043403 4.385433e-07 1.546831e-09      489
features.15                      847    -0.043383 4.889790e-07 4.974557e-10      329
features.16                      915    -0.043368 4.235726e-07 3.857829e-09      329
features.17                      286    -0.043355 4.222501e-07 1.093347e-09      489
features.17                      708    -0.043281 4.365899e-07 1.522059e-09      489
features.16                      106    -0.043246 4.100661e-07 3.222989e-09      329
features.17                      898    -0.043014 3.923962e-07 3.264303e-10      489
features.15                      194    -0.042958 4.887273e-07 6.385883e-10      329
features.17                      292    -0.042916 4.296369e-07 1.415706e-09      489
features.17                      786    -0.042899 4.731283e-07 2.662931e-09      489
features.13                      423    -0.042895 6.953364e-08 4.601165e-10      201
features.17                      612    -0.042892 3.942910e-07 4.114908e-10      489
features.16                      259    -0.042828 3.727066e-07 1.498973e-09      329
features.16                      732    -0.042763 3.528547e-07 5.190650e-10      329
features.10                      265    -0.042746 6.998317e-08 1.903389e-10      137
features.17                       91    -0.042678 3.835100e-07 1.574073e-10      489
features.10                      278    -0.042644 8.770037e-08 3.002320e-09      137
features.17                      380    -0.042626 3.879018e-07 2.961121e-10      489
features.17                      825    -0.042549 3.852494e-07 2.399250e-10      489
features.9                       374    -0.042504 1.301907e-07 1.814444e-09      137
features.10                      358    -0.042469 6.901684e-08 1.085186e-10      137
features.17                      583    -0.042456 3.883969e-07 3.534014e-10      489
features.17                      184    -0.042377 3.783545e-07 8.624578e-11      489
features.17                      856    -0.042364 4.337941e-07 1.674123e-09      489
features.16                      739    -0.042340 3.781037e-07 1.970801e-09      329
features.17                      360    -0.042239 4.050860e-07 8.853743e-10      489
features.15                      270    -0.042196 4.687838e-07 2.645048e-10      329
features.16                       10    -0.042148 4.395819e-07 5.164650e-09      329
features.17                      581    -0.042107 4.116110e-07 1.105317e-09      489
features.9                       103    -0.042023 1.106274e-07 3.151960e-10      137
features.16                      313    -0.042016 5.343784e-07 1.002328e-08      329
features.17                      686    -0.041960 3.781474e-07 1.859409e-10      489
features.16                      100    -0.041958 3.408445e-07 2.376033e-10      329
features.16                      435    -0.041924 3.387143e-07 1.430958e-10      329
features.16                      594    -0.041861 3.397595e-07 2.218984e-10      329
features.17                      495    -0.041806 3.986505e-07 8.110993e-10      489
features.17                      363    -0.041799 3.841564e-07 3.985374e-10      489
features.17                      880    -0.041747 4.089667e-07 1.120887e-09      489
features.17                      247    -0.041585 3.975345e-07 8.350989e-10      489
features.13                      156    -0.041563 6.640063e-08 2.849353e-10      201
features.17                      798    -0.041556 3.730354e-07 1.421824e-10      489
features.13                      224    -0.041554 6.919485e-08 7.490433e-10      201
features.17                      394    -0.041543 4.134194e-07 1.299769e-09      489
features.13                      202    -0.041462 6.635358e-08 3.030269e-10      201
features.16                      807    -0.041460 3.498247e-07 8.949339e-10      329
features.9                       250    -0.041457 1.077355e-07 1.964901e-10      137
features.9                        86    -0.041437 1.094873e-07 3.438300e-10      137
features.17                       85    -0.041374 4.395802e-07 2.090117e-09      489
features.10                      300    -0.041315 1.280038e-07 9.676248e-09      137
features.17                      580    -0.041304 3.756936e-07 2.820361e-10      489
features.16                      254    -0.041253 3.440396e-07 6.857461e-10      329
features.15                      517    -0.041239 4.634770e-07 4.299198e-10      329
features.17                      788    -0.041234 3.778813e-07 3.620943e-10      489
features.13                       86    -0.041209 6.959159e-08 9.034188e-10      201
features.13                      176    -0.041150 6.500524e-08 1.605005e-10      201
features.16                      362    -0.041095 3.347490e-07 2.787350e-10      329
features.17                      248    -0.041080 3.917523e-07 7.977290e-10      489
features.17                      634    -0.041057 3.735508e-07 2.831414e-10      489
features.13                      116    -0.041010 7.718270e-08 2.209218e-09      201
features.15                      225    -0.040987 4.716505e-07 7.814214e-10      329
features.9                       217    -0.040931 1.072909e-07 2.693487e-10      137
features.17                      603    -0.040815 3.688476e-07 2.099390e-10      489
features.13                      177    -0.040767 6.727753e-08 6.344076e-10      201
features.17                      584    -0.040742 3.652051e-07 1.242989e-10      489
features.17                      378    -0.040718 3.756661e-07 4.295309e-10      489
features.13                      563    -0.040699 7.946473e-08 2.666221e-09      201
features.16                      506    -0.040630 3.326256e-07 3.599329e-10      329
features.17                      273    -0.040540 4.227975e-07 1.821645e-09      489
features.9                       291    -0.040489 1.200054e-07 1.400311e-09      137
features.15                        9    -0.040431 4.612727e-07 6.429055e-10      329
features.16                      165    -0.040409 3.357102e-07 6.062386e-10      329
features.15                      822    -0.040408 4.564143e-07 4.944485e-10      329
features.16                      691    -0.040352 3.339261e-07 5.389499e-10      329
features.15                      302    -0.040325 5.509444e-07 3.565529e-09      329
features.17                      444    -0.040311 3.633429e-07 1.803555e-10      489
features.17                      140    -0.040306 3.654605e-07 2.421210e-10      489
features.17                      469    -0.040281 3.874111e-07 8.757311e-10      489
features.6                         7    -0.040226 5.093420e-08 9.863666e-09       73
features.16                      296    -0.040214 3.321729e-07 5.060711e-10      329
features.17                      758    -0.040204 3.609273e-07 1.382979e-10      489
features.16                      741    -0.040191 3.273857e-07 2.729352e-10      329
features.17                      183    -0.040166 3.715214e-07 4.506652e-10      489
features.17                      715    -0.040140 3.625988e-07 2.023831e-10      489
features.17                      472    -0.040136 3.704227e-07 4.268431e-10      489
features.17                      175    -0.040110 3.633821e-07 2.322512e-10      489
features.17                      866    -0.040108 3.733758e-07 5.185449e-10      489
features.15                      860    -0.039873 4.437730e-07 2.756776e-10      329
features.13                      298    -0.039859 6.740819e-08 8.896467e-10      201
features.9                       274    -0.039808 1.303724e-07 2.389170e-09      137
features.16                      899    -0.039793 3.334283e-07 7.406557e-10      329
features.10                      354    -0.039644 7.312518e-08 1.469352e-09      137
features.17                      238    -0.039628 3.825332e-07 9.016735e-10      489
features.16                      954    -0.039602 3.654626e-07 2.441794e-09      329
features.16                      168    -0.039568 3.225844e-07 2.823265e-10      329
features.17                      767    -0.039543 3.685313e-07 5.231008e-10      489
features.13                      240    -0.039495 8.004336e-08 3.071556e-09      201
features.9                       123    -0.039486 1.036424e-07 2.712029e-10      137
features.16                       47    -0.039477 3.295470e-07 6.723433e-10      329
features.16                      907    -0.039476 3.273417e-07 5.610698e-10      329
features.9                       139    -0.039450 1.064472e-07 5.079875e-10      137
features.16                      527    -0.039433 3.431843e-07 1.381314e-09      329
features.16                      713    -0.039398 3.423464e-07 1.353244e-09      329
features.15                      702    -0.039390 4.412500e-07 3.641889e-10      329
features.17                      888    -0.039351 3.521312e-07 1.028685e-10      489
features.16                      927    -0.039236 5.968691e-07 1.431944e-08      329
features.13                      200    -0.039140 1.160424e-07 9.112510e-09      201
features.17                      125    -0.039015 3.500029e-07 1.271297e-10      489
features.16                      445    -0.038967 4.357010e-07 6.259807e-09      329
features.17                      149    -0.038949 3.759173e-07 8.844266e-10      489
features.17                      251    -0.038940 5.606260e-07 6.166013e-09      489
features.17                      516    -0.038928 3.592392e-07 4.131297e-10      489
features.2                        57    -0.038923 4.930071e-07 1.421235e-06       49
features.15                      931    -0.038855 4.439279e-07 6.381098e-10      329
features.13                       14    -0.038847 6.119328e-08 1.227524e-10      201
features.9                       310    -0.038847 1.004329e-07 1.416467e-10      137
features.11                      304    -0.038819 1.900081e-07 6.042569e-10      169
features.13                       30    -0.038777 6.340591e-08 5.063571e-10      201
features.16                      304    -0.038772 3.191133e-07 4.297506e-10      329
features.17                      913    -0.038765 3.592067e-07 4.535482e-10      489
features.15                      643    -0.038756 4.292095e-07 1.991985e-10      329
features.17                      772    -0.038756 3.469515e-07 1.055018e-10      489
features.16                      880    -0.038662 3.687468e-07 2.989947e-09      329
features.17                      461    -0.038660 3.454110e-07 8.565891e-11      489
features.15                      178    -0.038581 4.332970e-07 3.922931e-10      329
features.3                        62    -0.038571 6.331732e-08 7.101411e-09       57
features.17                      936    -0.038535 3.504309e-07 2.608875e-10      489
features.15                      611    -0.038489 5.436669e-07 3.976419e-09      329
features.9                       156    -0.038360 1.143665e-07 1.381561e-09      137
features.17                      785    -0.038325 3.527874e-07 3.814766e-10      489
features.16                      831    -0.038321 3.135634e-07 3.317060e-10      329
features.16                      378    -0.038297 3.207170e-07 7.037159e-10      329
features.13                      575    -0.038250 6.835066e-08 1.459339e-09      201
features.16                      282    -0.038214 4.770338e-07 8.660835e-09      329
features.17                      735    -0.038197 3.529881e-07 4.195927e-10      489
features.13                      227    -0.038174 5.977777e-08 6.200481e-11      201
features.17                      694    -0.038135 3.410412e-07 9.364210e-11      489
features.17                      139    -0.038103 3.428618e-07 1.537922e-10      489
features.15                      773    -0.038093 4.607913e-07 1.448426e-09      329
features.17                      148    -0.038038 3.484577e-07 3.303435e-10      489
features.9                       330    -0.038004 1.250721e-07 2.330540e-09      137
features.16                      412    -0.037964 3.156219e-07 5.809410e-10      329
features.17                      853    -0.037958 3.552390e-07 5.442172e-10      489
features.10                       43    -0.037933 8.053330e-08 3.066980e-09      137
features.9                       212    -0.037930 9.906169e-08 2.199748e-10      137
features.13                      374    -0.037906 9.588309e-08 6.098194e-09      201
features.17                      757    -0.037898 3.600781e-07 6.977697e-10      489
features.16                      186    -0.037852 3.157641e-07 6.336905e-10      329
features.6                        29    -0.037847 1.150669e-07 1.517857e-07       73
features.17                      341    -0.037785 3.621113e-07 7.845853e-10      489
features.15                      719    -0.037769 4.420008e-07 9.575615e-10      329
features.10                      170    -0.037729 7.273235e-08 1.891904e-09      137
features.16                      837    -0.037692 3.065737e-07 2.328956e-10      329
features.17                      266    -0.037672 3.413564e-07 2.200500e-10      489
features.17                       38    -0.037582 3.497386e-07 4.822872e-10      489
features.13                      316    -0.037572 5.950601e-08 1.719257e-10      201
features.10                       96    -0.037529 6.497811e-08 7.231456e-10      137
features.9                       221    -0.037514 1.083175e-07 1.062929e-09      137
features.16                      268    -0.037510 3.133963e-07 6.524195e-10      329
features.17                      391    -0.037419 3.393028e-07 2.253631e-10      489
features.16                      909    -0.037410 3.165740e-07 8.541231e-10      329
features.10                      239    -0.037268 6.376645e-08 5.988057e-10      137
features.17                      362    -0.037215 3.385801e-07 2.563769e-10      489
features.15                      244    -0.037184 4.629076e-07 1.835956e-09      329
features.17                      900    -0.037120 3.714233e-07 1.219021e-09      489
features.17                      110    -0.037093 3.609935e-07 9.277908e-10      489
features.17                      846    -0.037027 3.415605e-07 3.891213e-10      489
features.16                      485    -0.037003 3.059478e-07 4.807993e-10      329
features.17                      780    -0.036999 3.443446e-07 4.755937e-10      489
features.17                      884    -0.036977 3.396238e-07 3.464392e-10      489
features.16                      778    -0.036962 3.080557e-07 6.042646e-10      329
features.17                      383    -0.036902 3.314931e-07 1.329848e-10      489
features.16                      267    -0.036877 3.134890e-07 9.143515e-10      329
features.2                        50    -0.036846 1.825719e-07 4.343956e-09       49
features.17                      476    -0.036823 3.628851e-07 1.050161e-09      489
features.17                       57    -0.036817 3.391895e-07 3.745155e-10      489
features.2                        41    -0.036809 2.258493e-07 2.094716e-07       49
features.17                      650    -0.036808 3.437001e-07 5.055539e-10      489
features.17                       12    -0.036761 3.315325e-07 1.696719e-10      489
features.10                      229    -0.036752 7.129716e-08 1.913528e-09      137
features.16                      562    -0.036731 2.976649e-07 1.714806e-10      329
features.13                        0    -0.036680 6.949372e-08 2.051950e-09      201
features.16                      236    -0.036676 3.006915e-07 3.472665e-10      329
features.16                      700    -0.036665 3.002282e-07 3.282791e-10      329
features.9                       125    -0.036661 1.221907e-07 2.373833e-09      137
features.13                      161    -0.036544 6.348557e-08 1.093891e-09      201
features.16                      605    -0.036544 2.995647e-07 3.437230e-10      329
features.16                      402    -0.036475 3.031853e-07 5.549962e-10      329
features.9                       155    -0.036413 1.399948e-07 3.880781e-09      137
features.13                       34    -0.036374 5.840713e-08 2.983773e-10      201
features.9                       137    -0.036350 9.477211e-08 1.973963e-10      137
features.17                      698    -0.036327 3.516772e-07 8.554190e-10      489
features.13                      165    -0.036317 5.859058e-08 3.433280e-10      201
features.17                      192    -0.036313 3.312651e-07 2.756523e-10      489
features.17                      842    -0.036302 3.493398e-07 7.948570e-10      489
features.13                      512    -0.036252 6.660544e-08 1.684778e-09      201
features.17                      411    -0.036227 3.273896e-07 1.865776e-10      489
features.15                      507    -0.036215 4.092068e-07 4.482577e-10      329
features.17                      221    -0.036162 3.362494e-07 4.562059e-10      489
features.17                      609    -0.036135 3.476882e-07 7.899978e-10      489
features.16                      933    -0.036082 4.420077e-07 7.751258e-09      329
features.15                      371    -0.036061 4.211397e-07 8.860377e-10      329
features.15                      907    -0.036053 4.249266e-07 1.010774e-09      329
features.17                      832    -0.036046 3.260779e-07 1.948078e-10      489
features.17                      804    -0.035916 3.276636e-07 2.731594e-10      489
features.17                      311    -0.035905 3.260653e-07 2.302016e-10      489
features.2                        39    -0.035896 1.916380e-07 6.923026e-08       49
features.17                      508    -0.035894 3.299281e-07 3.434332e-10      489
features.17                      578    -0.035884 3.419332e-07 6.891070e-10      489
features.17                      433    -0.035676 3.586336e-07 1.219080e-09      489
features.17                      829    -0.035647 3.646586e-07 1.398500e-09      489
features.15                      699    -0.035602 3.975810e-07 2.892285e-10      329
features.15                      383    -0.035590 4.151972e-07 8.605328e-10      329
features.15                      711    -0.035580 4.104541e-07 7.111292e-10      329
features.17                       77    -0.035571 3.285420e-07 3.854525e-10      489
features.17                      284    -0.035571 3.180037e-07 8.441316e-11      489
features.13                      356    -0.035553 8.228469e-08 4.455706e-09      201
features.17                      813    -0.035549 3.275393e-07 3.625747e-10      489
features.13                       59    -0.035411 6.364129e-08 1.411125e-09      201
features.16                      174    -0.035404 3.395762e-07 2.834775e-09      329
features.17                      923    -0.035339 3.173100e-07 1.233641e-10      489
features.10                      253    -0.035321 6.920575e-08 1.946731e-09      137
features.16                      759    -0.035319 3.445128e-07 3.119335e-09      329
features.16                      156    -0.035279 2.897499e-07 3.600701e-10      329
features.16                      590    -0.035214 3.975957e-07 5.852348e-09      329
features.17                      204    -0.035189 3.163380e-07 1.334045e-10      489
features.16                      237    -0.035103 3.720192e-07 4.601069e-09      329
features.17                      203    -0.035103 3.255117e-07 4.173090e-10      489
features.17                      937    -0.035095 3.135919e-07 7.869580e-11      489
features.17                      693    -0.035082 3.195167e-07 2.515012e-10      489
features.17                      935    -0.035026 3.369290e-07 7.632880e-10      489
features.16                      938    -0.035019 2.855899e-07 2.545875e-10      329
features.15                       91    -0.035011 3.923599e-07 3.290126e-10      329
features.15                      500    -0.035004 3.913936e-07 3.003254e-10      329
features.17                      793    -0.035001 3.213745e-07 3.250382e-10      489
features.16                      167    -0.034984 5.121856e-07 1.175396e-08      329
features.17                      357    -0.034956 3.225103e-07 3.689114e-10      489
features.16                      283    -0.034932 3.157875e-07 1.820664e-09      329
features.10                       76    -0.034918 9.061183e-08 5.414643e-09      137
features.15                      445    -0.034902 3.927346e-07 3.792098e-10      329
features.9                        64    -0.034895 9.042140e-08 1.439574e-10      137
features.10                      331    -0.034860 6.489264e-08 1.385134e-09      137
features.17                       99    -0.034805 3.165481e-07 2.365769e-10      489
features.15                      315    -0.034795 3.871261e-07 2.362869e-10      329
features.17                      639    -0.034785 3.374389e-07 8.387837e-10      489
features.17                      371    -0.034741 3.123554e-07 1.330829e-10      489
features.15                      411    -0.034708 4.012269e-07 7.205220e-10      329
features.16                      486    -0.034703 2.835445e-07 2.794470e-10      329
features.17                      478    -0.034661 3.143797e-07 2.110055e-10      489
features.13                       88    -0.034660 5.781543e-08 6.413324e-10      201
features.17                      272    -0.034651 3.133602e-07 1.844440e-10      489
features.17                      439    -0.034622 3.329535e-07 7.517815e-10      489
features.16                      324    -0.034622 3.003165e-07 1.162444e-09      329
features.17                       58    -0.034482 3.532670e-07 1.367869e-09      489
features.17                      740    -0.034457 3.079206e-07 7.805268e-11      489
features.10                      290    -0.034444 6.693395e-08 1.811382e-09      137
features.16                       94    -0.034441 2.975121e-07 1.093644e-09      329
features.9                       227    -0.034428 9.103468e-08 2.911153e-10      137
features.17                      872    -0.034409 3.281110e-07 6.673558e-10      489
features.17                      543    -0.034388 3.833402e-07 2.251366e-09      489
features.13                      307    -0.034374 5.371179e-08 3.675358e-11      201
features.16                      551    -0.034345 3.019045e-07 1.355213e-09      329
features.17                      114    -0.034335 3.651540e-07 1.744986e-09      489
features.17                      761    -0.034327 3.342373e-07 8.633226e-10      489
features.16                      411    -0.034297 3.335929e-07 2.980950e-09      329
features.17                      938    -0.034281 3.128199e-07 2.626520e-10      489
features.17                       69    -0.034250 3.202185e-07 4.820510e-10      489
features.10                      134    -0.034212 8.545155e-08 4.781823e-09      137
features.16                      518    -0.034141 3.087769e-07 1.786320e-09      329
features.15                      220    -0.034128 3.767113e-07 1.355419e-10      329
features.17                      654    -0.034089 3.471774e-07 1.293339e-09      489
features.16                      672    -0.034048 2.801854e-07 3.748386e-10      329
features.15                      437    -0.034031 4.193966e-07 1.543127e-09      329
features.7                        71    -0.034010 9.215149e-07 2.980639e-09      105
features.17                      862    -0.033995 3.096503e-07 2.444339e-10      489
features.9                       176    -0.033981 9.068880e-08 3.556677e-10      137
features.15                      147    -0.033976 3.903337e-07 6.270221e-10      329
features.17                      291    -0.033965 3.062193e-07 1.540521e-10      489
features.17                      448    -0.033958 3.440258e-07 1.236340e-09      489
features.17                      158    -0.033956 3.048078e-07 1.160841e-10      489
features.10                      124    -0.033922 7.345812e-08 2.969349e-09      137
features.10                      335    -0.033877 6.308371e-08 1.349253e-09      137
features.17                      678    -0.033863 3.578982e-07 1.656994e-09      489
features.16                      338    -0.033820 2.752961e-07 2.196558e-10      329
features.17                      582    -0.033706 3.008521e-07 6.623731e-11      489
features.16                      721    -0.033685 2.903232e-07 1.036051e-09      329
features.10                      274    -0.033679 6.397567e-08 1.539660e-09      137
features.15                      758    -0.033656 3.746814e-07 2.360395e-10      329
features.15                      256    -0.033582 4.117530e-07 1.454837e-09      329
features.15                      421    -0.033544 4.400633e-07 2.379186e-09      329
features.17                      920    -0.033541 3.016247e-07 1.300194e-10      489
features.16                      233    -0.033449 2.682100e-07 1.138836e-11      329
features.2                        17    -0.033427 1.777856e-07 6.129104e-08       49
features.9                        52    -0.033420 8.637068e-08 1.191194e-10      137
features.10                       22    -0.033418 5.920790e-08 8.558027e-10      137
features.17                      692    -0.033399 3.013611e-07 1.584029e-10      489
features.17                      262    -0.033303 2.981663e-07 9.145861e-11      489
features.17                      276    -0.033293 3.008280e-07 1.701819e-10      489
features.17                      799    -0.033292 3.023956e-07 2.152024e-10      489
features.15                      733    -0.033287 3.732072e-07 3.180134e-10      329
features.17                      748    -0.033285 3.124158e-07 5.033790e-10      489
features.17                       32    -0.033274 3.172119e-07 6.430860e-10      489
features.17                      153    -0.033273 3.227211e-07 8.008897e-10      489
features.10                      281    -0.033172 5.627666e-08 4.573068e-10      137
features.15                      584    -0.033115 3.781660e-07 5.381705e-10      329
features.17                       76    -0.033092 3.267955e-07 9.631171e-10      489
features.15                      271    -0.033079 3.832290e-07 7.134474e-10      329
features.13                      159    -0.033073 8.095503e-08 4.873947e-09      201
features.17                      671    -0.033070 2.967894e-07 1.110899e-10      489
features.17                      878    -0.033021 3.035970e-07 3.180406e-10      489
features.15                       90    -0.033005 3.803459e-07 6.467223e-10      329
features.16                      228    -0.032995 3.861930e-07 6.175705e-09      329
features.13                      396    -0.032915 5.924111e-08 1.325620e-09      201
features.13                      106    -0.032898 7.331683e-08 3.656385e-09      201
features.15                      544    -0.032896 4.948854e-07 4.370905e-09      329
features.15                      378    -0.032864 3.686779e-07 3.207957e-10      329
features.2                        94    -0.032822 2.078270e-07 2.171643e-07       49
features.17                      947    -0.032806 3.442479e-07 1.534485e-09      489
features.4                       124    -0.032803 4.071302e-07 1.234191e-08       65
features.17                      563    -0.032794 2.949144e-07 1.272908e-10      489
features.16                      865    -0.032753 2.692751e-07 3.479222e-10      329
features.16                      482    -0.032731 2.692169e-07 3.540043e-10      329
features.17                      722    -0.032731 3.019766e-07 3.453093e-10      489
features.16                       17    -0.032720 2.655800e-07 1.741903e-10      329
features.16                      104    -0.032707 2.785213e-07 8.351679e-10      329
features.17                      646    -0.032686 2.928068e-07 9.438631e-11      489
features.17                      794    -0.032669 2.917498e-07 6.861319e-11      489
features.15                      543    -0.032647 3.691034e-07 4.106768e-10      329
features.15                      120    -0.032640 3.633430e-07 2.277702e-10      329
features.9                       346    -0.032611 9.995715e-08 1.397696e-09      137
features.17                      212    -0.032596 2.923517e-07 1.043218e-10      489
features.17                      927    -0.032552 3.146441e-07 7.526489e-10      489
features.15                       50    -0.032521 3.653244e-07 3.335047e-10      329
features.16                      754    -0.032476 2.818601e-07 1.098330e-09      329
features.11                      309    -0.032426 2.103474e-07 2.158212e-08      169
features.16                      284    -0.032423 2.718055e-07 6.103430e-10      329
features.17                      486    -0.032419 3.086261e-07 6.141280e-10      489
features.17                      847    -0.032393 2.953452e-07 2.411894e-10      489
features.17                      245    -0.032382 3.794467e-07 2.647788e-09      489
features.17                      438    -0.032377 2.914729e-07 1.345044e-10      489
features.17                      595    -0.032355 2.976724e-07 3.174722e-10      489
features.15                      335    -0.032312 3.709735e-07 5.884814e-10      329
features.17                      598    -0.032275 2.925418e-07 1.908743e-10      489
features.17                      882    -0.032255 3.213967e-07 1.020797e-09      489
features.17                      921    -0.032247 2.987944e-07 3.766975e-10      489
features.16                      216    -0.032238 2.709431e-07 6.417523e-10      329
features.16                      866    -0.032189 2.775658e-07 9.969935e-10      329
features.17                      922    -0.032179 3.014875e-07 4.710142e-10      489
features.11                      291    -0.032158 2.358076e-07 3.250662e-08      169
features.17                      396    -0.032138 2.908218e-07 1.766025e-10      489
features.16                      806    -0.032110 2.810895e-07 1.208018e-09      329
features.16                      780    -0.032067 3.095368e-07 2.667050e-09      329
features.17                      161    -0.032037 2.963266e-07 3.595280e-10      489
features.17                      731    -0.032008 2.883159e-07 1.378891e-10      489
features.17                      154    -0.031974 2.891042e-07 1.688616e-10      489
features.17                      342    -0.031963 2.887170e-07 1.605515e-10      489
features.17                      933    -0.031950 2.956870e-07 3.630862e-10      489
features.13                      429    -0.031942 8.685907e-08 6.140559e-09      201
features.15                      298    -0.031924 3.567875e-07 2.685787e-10      329
features.16                      461    -0.031884 2.574551e-07 1.017738e-10      329
features.17                       11    -0.031875 2.995871e-07 4.935994e-10      489
features.17                      487    -0.031872 3.832362e-07 2.885296e-09      489
features.15                      652    -0.031851 3.576922e-07 3.230856e-10      329
features.17                      296    -0.031851 2.859157e-07 1.089664e-10      489
features.17                      700    -0.031824 2.876568e-07 1.655843e-10      489
features.10                      172    -0.031795 5.779823e-08 1.044794e-09      137
features.15                      559    -0.031777 3.830592e-07 1.165539e-09      329
features.16                      243    -0.031770 2.620733e-07 3.820316e-10      329
features.17                      134    -0.031720 2.958808e-07 4.269572e-10      489
features.9                       215    -0.031716 8.247286e-08 1.545193e-10      137
features.10                       47    -0.031706 9.978096e-08 7.669149e-09      137
features.16                      345    -0.031613 2.608776e-07 3.851821e-10      329
features.17                      120    -0.031591 2.956963e-07 4.543165e-10      489
features.17                      849    -0.031573 2.989791e-07 5.527897e-10      489
features.10                       80    -0.031568 6.031598e-08 1.498200e-09      137
features.16                      846    -0.031557 2.998786e-07 2.384870e-09      329
features.17                      821    -0.031540 2.978772e-07 5.295213e-10      489
features.17                      726    -0.031515 3.140424e-07 9.978086e-10      489
