================================================================================
FairGRAPE-orig Weight Pruning Log (impt_type=4)
  dataset      : UTKFace
  seed         : 42
  iteration    : 2
  prune_ratio  : 0.049375 (누적, 레이어별 keep_target = int(numel × (1 − prune_ratio)))
  FG_ORIG_MODE : clean
  fg_scope     : all (53 layers)
  para_batch   : 1
  delta_p      : 0
  timestamp    : 2026-09-08 17:11:48
  t_score      : 59.8s (그룹별 점수 pass)
  t_greedy     : 17.1s (greedy 선택)
  total_params        : 2192320
  active_before/after : 2137489 / 2084052
  sparsity_all        : 4.94% (Conv2d+Linear 전체 대비)
  sparsity_scope      : 4.94% (범위 레이어 numel 대비)
================================================================================

[ 레이어별 greedy 선택 현황 ]
  (target_prop: dense/현재 모델의 그룹별 중요도 점유율, selected_prop: greedy 종료 시 선택된 가중치의 그룹별 점유율.
   clean 모드면 두 값이 근접해야 정상. picks: greedy 루프 반복 횟수(중복 픽 포함). scope=N 은 범위 밖 레이어)
  layer                        scope     numel    active  keep_tgt      kept  removed        target_prop      selected_prop     picks
  ----------------------------------------------------------------------------------------------------------------------------------
  features.0.0                     Y       864       842       821       821       21      (0.372,0.628)      (0.372,0.628)      1477
  features.1.conv.0.0              Y       288       280       273       273        7      (0.390,0.610)      (0.390,0.610)       481
  features.1.conv.1                Y       512       499       486       486       13      (0.415,0.585)      (0.415,0.585)       876
  features.2.conv.0.0              Y      1536      1497      1460      1460       37      (0.424,0.576)      (0.424,0.576)      2864
  features.2.conv.1.0              Y       864       842       821       821       21      (0.401,0.599)      (0.401,0.599)       825
  features.2.conv.2                Y      2304      2246      2190      2190       56      (0.403,0.597)      (0.403,0.597)      4234
  features.3.conv.0.0              Y      3456      3369      3285      3285       84      (0.421,0.579)      (0.421,0.579)      6541
  features.3.conv.1.0              Y      1296      1263      1232      1232       31      (0.425,0.575)      (0.425,0.575)      2437
  features.3.conv.2                Y      3456      3369      3285      3285       84      (0.426,0.574)      (0.426,0.574)      6549
  features.4.conv.0.0              Y      3456      3369      3285      3285       84      (0.420,0.580)      (0.420,0.580)      6552
  features.4.conv.1.0              Y      1296      1263      1232      1232       31      (0.414,0.586)      (0.414,0.586)      2448
  features.4.conv.2                Y      4608      4492      4380      4380      112      (0.424,0.576)      (0.424,0.576)      8738
  features.5.conv.0.0              Y      6144      5990      5840      5840      150      (0.423,0.577)      (0.423,0.577)     11653
  features.5.conv.1.0              Y      1728      1684      1642      1642       42      (0.425,0.575)      (0.425,0.575)      3246
  features.5.conv.2                Y      6144      5990      5840      5840      150      (0.427,0.573)      (0.427,0.573)     11640
  features.6.conv.0.0              Y      6144      5990      5840      5840      150      (0.425,0.575)      (0.425,0.575)     11638
  features.6.conv.1.0              Y      1728      1684      1642      1642       42      (0.414,0.586)      (0.414,0.586)      3260
  features.6.conv.2                Y      6144      5990      5840      5840      150      (0.421,0.579)      (0.421,0.579)     11646
  features.7.conv.0.0              Y      6144      5990      5840      5840      150      (0.422,0.578)      (0.422,0.578)     11638
  features.7.conv.1.0              Y      1728      1684      1642      1642       42      (0.429,0.571)      (0.429,0.571)      1658
  features.7.conv.2                Y     12288     11980     11681     11681      299      (0.422,0.578)      (0.422,0.578)     23282
  features.8.conv.0.0              Y     24576     23961     23362     23362      599      (0.423,0.577)      (0.423,0.577)     46597
  features.8.conv.1.0              Y      3456      3369      3285      3285       84      (0.417,0.583)      (0.417,0.583)      6537
  features.8.conv.2                Y     24576     23961     23362     23362      599      (0.420,0.580)      (0.420,0.580)     46606
  features.9.conv.0.0              Y     24576     23961     23362     23362      599      (0.419,0.581)      (0.419,0.581)     46615
  features.9.conv.1.0              Y      3456      3369      3285      3285       84      (0.432,0.568)      (0.432,0.568)      6521
  features.9.conv.2                Y     24576     23961     23362     23362      599      (0.419,0.581)      (0.419,0.581)     46619
  features.10.conv.0.0             Y     24576     23961     23362     23362      599      (0.417,0.583)      (0.417,0.583)     46570
  features.10.conv.1.0             Y      3456      3369      3285      3285       84      (0.418,0.582)      (0.418,0.582)      6509
  features.10.conv.2               Y     24576     23961     23362     23362      599      (0.422,0.578)      (0.422,0.578)     46629
  features.11.conv.0.0             Y     24576     23961     23362     23362      599      (0.417,0.583)      (0.417,0.583)     46567
  features.11.conv.1.0             Y      3456      3369      3285      3285       84      (0.428,0.572)      (0.428,0.572)      6552
  features.11.conv.2               Y     36864     35942     35043     35043      899      (0.425,0.575)      (0.425,0.575)     69728
  features.12.conv.0.0             Y     55296     53913     52565     52565     1348      (0.419,0.581)      (0.419,0.581)    104931
  features.12.conv.1.0             Y      5184      5054      4928      4928      126      (0.418,0.582)      (0.418,0.582)      9757
  features.12.conv.2               Y     55296     53913     52565     52565     1348      (0.430,0.570)      (0.430,0.570)     52565
  features.13.conv.0.0             Y     55296     53913     52565     52565     1348      (0.423,0.577)      (0.423,0.577)    104920
  features.13.conv.1.0             Y      5184      5054      4928      4928      126      (0.430,0.570)      (0.430,0.570)      9820
  features.13.conv.2               Y     55296     53913     52565     52565     1348      (0.431,0.569)      (0.431,0.569)     52565
  features.14.conv.0.0             Y     55296     53913     52565     52565     1348      (0.422,0.578)      (0.422,0.578)    104709
  features.14.conv.1.0             Y      5184      5054      4928      4928      126      (0.433,0.567)      (0.433,0.567)      4928
  features.14.conv.2               Y     92160     89856     87609     87609     2247      (0.425,0.575)      (0.425,0.575)    170965
  features.15.conv.0.0             Y    153600    149760    146016    146016     3744      (0.412,0.588)      (0.412,0.588)    291118
  features.15.conv.1.0             Y      8640      8424      8213      8213      211      (0.426,0.574)      (0.426,0.574)     14301
  features.15.conv.2               Y    153600    149760    146016    146016     3744      (0.421,0.579)      (0.421,0.579)    289625
  features.16.conv.0.0             Y    153600    149760    146016    146016     3744      (0.414,0.586)      (0.414,0.586)    290586
  features.16.conv.1.0             Y      8640      8424      8213      8213      211      (0.423,0.577)      (0.423,0.577)      8359
  features.16.conv.2               Y    153600    149760    146016    146016     3744      (0.422,0.578)      (0.422,0.578)    146016
  features.17.conv.0.0             Y    153600    149760    146016    146016     3744      (0.412,0.588)      (0.412,0.588)    291121
  features.17.conv.1.0             Y      8640      8424      8213      8213      211      (0.402,0.598)      (0.402,0.598)     16299
  features.17.conv.2               Y    307200    299520    292032    292032     7488      (0.417,0.583)      (0.417,0.583)    575860
  features.18.0                    Y    409600    399360    389376    389376     9984      (0.395,0.605)      (0.395,0.605)    777023
  classifier.1                     Y      2560      2496      2433      2433       63      (0.413,0.587)      (0.413,0.587)      4846
