================================================================================
FairGRAPE-orig Weight Pruning Log (impt_type=4)
  dataset      : UTKFace
  seed         : 42
  iteration    : 58
  prune_ratio  : 0.769714 (누적, 레이어별 keep_target = int(numel × (1 − prune_ratio)))
  FG_ORIG_MODE : clean
  fg_scope     : all (53 layers)
  para_batch   : 1
  delta_p      : 0
  timestamp    : 2026-09-08 20:21:33
  t_score      : 59.0s (그룹별 점수 pass)
  t_greedy     : 5.3s (greedy 선택)
  total_params        : 2192320
  active_before/after : 517782 / 504822
  sparsity_all        : 76.97% (Conv2d+Linear 전체 대비)
  sparsity_scope      : 76.97% (범위 레이어 numel 대비)
================================================================================

[ 레이어별 greedy 선택 현황 ]
  (target_prop: dense/현재 모델의 그룹별 중요도 점유율, selected_prop: greedy 종료 시 선택된 가중치의 그룹별 점유율.
   clean 모드면 두 값이 근접해야 정상. picks: greedy 루프 반복 횟수(중복 픽 포함). scope=N 은 범위 밖 레이어)
  layer                        scope     numel    active  keep_tgt      kept  removed        target_prop      selected_prop     picks
  ----------------------------------------------------------------------------------------------------------------------------------
  features.0.0                     Y       864       204       198       198        6      (0.383,0.617)      (0.383,0.617)       200
  features.1.conv.0.0              Y       288        68        66        66        2      (0.439,0.561)      (0.439,0.561)       124
  features.1.conv.1                Y       512       120       117       117        3      (0.424,0.576)      (0.424,0.576)       230
  features.2.conv.0.0              Y      1536       362       353       353        9      (0.412,0.588)      (0.412,0.588)       691
  features.2.conv.1.0              Y       864       204       198       198        6      (0.437,0.563)      (0.437,0.563)       380
  features.2.conv.2                Y      2304       544       530       530       14      (0.410,0.590)      (0.410,0.590)       532
  features.3.conv.0.0              Y      3456       816       795       795       21      (0.424,0.576)      (0.424,0.576)      1558
  features.3.conv.1.0              Y      1296       306       298       298        8      (0.426,0.574)      (0.426,0.574)       585
  features.3.conv.2                Y      3456       816       795       795       21      (0.424,0.576)      (0.424,0.576)      1565
  features.4.conv.0.0              Y      3456       816       795       795       21      (0.421,0.579)      (0.421,0.579)      1561
  features.4.conv.1.0              Y      1296       306       298       298        8      (0.415,0.585)      (0.415,0.585)       581
  features.4.conv.2                Y      4608      1088      1061      1061       27      (0.410,0.590)      (0.410,0.590)      2097
  features.5.conv.0.0              Y      6144      1451      1414      1414       37      (0.420,0.580)      (0.420,0.580)      2759
  features.5.conv.1.0              Y      1728       408       397       397       11      (0.411,0.589)      (0.411,0.589)       780
  features.5.conv.2                Y      6144      1451      1414      1414       37      (0.409,0.591)      (0.409,0.591)      2755
  features.6.conv.0.0              Y      6144      1451      1414      1414       37      (0.423,0.577)      (0.423,0.577)      2751
  features.6.conv.1.0              Y      1728       408       397       397       11      (0.420,0.580)      (0.420,0.580)       780
  features.6.conv.2                Y      6144      1451      1414      1414       37      (0.411,0.589)      (0.411,0.589)      2729
  features.7.conv.0.0              Y      6144      1451      1414      1414       37      (0.415,0.585)      (0.415,0.585)      2790
  features.7.conv.1.0              Y      1728       408       397       397       11      (0.411,0.589)      (0.411,0.589)       768
  features.7.conv.2                Y     12288      2902      2829      2829       73      (0.404,0.596)      (0.404,0.596)      5555
  features.8.conv.0.0              Y     24576      5804      5659      5659      145      (0.422,0.578)      (0.422,0.578)     11104
  features.8.conv.1.0              Y      3456       816       795       795       21      (0.407,0.593)      (0.407,0.593)      1556
  features.8.conv.2                Y     24576      5804      5659      5659      145      (0.406,0.594)      (0.406,0.594)     11153
  features.9.conv.0.0              Y     24576      5804      5659      5659      145      (0.421,0.579)      (0.421,0.579)     11072
  features.9.conv.1.0              Y      3456       816       795       795       21      (0.404,0.596)      (0.404,0.596)      1553
  features.9.conv.2                Y     24576      5804      5659      5659      145      (0.406,0.594)      (0.406,0.594)     11063
  features.10.conv.0.0             Y     24576      5804      5659      5659      145      (0.410,0.590)      (0.410,0.590)     10746
  features.10.conv.1.0             Y      3456       816       795       795       21      (0.415,0.585)      (0.415,0.585)      1551
  features.10.conv.2               Y     24576      5804      5659      5659      145      (0.405,0.595)      (0.405,0.595)     10997
  features.11.conv.0.0             Y     24576      5804      5659      5659      145      (0.415,0.585)      (0.415,0.585)     11065
  features.11.conv.1.0             Y      3456       816       795       795       21      (0.405,0.595)      (0.405,0.595)      1556
  features.11.conv.2               Y     36864      8706      8489      8489      217      (0.404,0.596)      (0.404,0.596)     16387
  features.12.conv.0.0             Y     55296     13060     12733     12733      327      (0.412,0.588)      (0.412,0.588)     24806
  features.12.conv.1.0             Y      5184      1224      1193      1193       31      (0.405,0.595)      (0.405,0.595)      1197
  features.12.conv.2               Y     55296     13060     12733     12733      327      (0.403,0.597)      (0.403,0.597)     24900
  features.13.conv.0.0             Y     55296     13060     12733     12733      327      (0.410,0.590)      (0.410,0.590)     24983
  features.13.conv.1.0             Y      5184      1224      1193      1193       31      (0.399,0.601)      (0.399,0.601)      2356
  features.13.conv.2               Y     55296     13060     12733     12733      327      (0.406,0.594)      (0.406,0.594)     25146
  features.14.conv.0.0             Y     55296     13060     12733     12733      327      (0.411,0.589)      (0.411,0.589)     25020
  features.14.conv.1.0             Y      5184      1224      1193      1193       31      (0.407,0.593)      (0.407,0.593)      2309
  features.14.conv.2               Y     92160     21767     21223     21223      544      (0.411,0.589)      (0.411,0.589)     41931
  features.15.conv.0.0             Y    153600     36278     35371     35371      907      (0.415,0.585)      (0.415,0.585)     70008
  features.15.conv.1.0             Y      8640      2040      1989      1989       51      (0.404,0.596)      (0.404,0.596)      3903
  features.15.conv.2               Y    153600     36278     35371     35371      907      (0.403,0.597)      (0.403,0.597)     69646
  features.16.conv.0.0             Y    153600     36278     35371     35371      907      (0.404,0.596)      (0.404,0.596)     69597
  features.16.conv.1.0             Y      8640      2040      1989      1989       51      (0.405,0.595)      (0.405,0.595)      3930
  features.16.conv.2               Y    153600     36278     35371     35371      907      (0.401,0.599)      (0.401,0.599)     69909
  features.17.conv.0.0             Y    153600     36278     35371     35371      907      (0.406,0.594)      (0.406,0.594)     70109
  features.17.conv.1.0             Y      8640      2040      1989      1989       51      (0.402,0.598)      (0.402,0.598)      3950
  features.17.conv.2               Y    307200     72557     70743     70743     1814      (0.393,0.607)      (0.393,0.607)     70745
  features.18.0                    Y    409600     96743     94325     94325     2418      (0.416,0.584)      (0.416,0.584)    187370
  classifier.1                     Y      2560       604       589       589       15      (0.398,0.602)      (0.398,0.602)      1159
