================================================================================
FairGRAPE-orig Weight Pruning Log (impt_type=4)
  dataset      : UTKFace
  seed         : 42
  iteration    : 45
  prune_ratio  : 0.679957 (누적, 레이어별 keep_target = int(numel × (1 − prune_ratio)))
  FG_ORIG_MODE : clean
  fg_scope     : all (53 layers)
  para_batch   : 1
  delta_p      : 0
  timestamp    : 2026-09-08 19:38:12
  t_score      : 66.1s (그룹별 점수 pass)
  t_greedy     : 7.2s (greedy 선택)
  total_params        : 2192320
  active_before/after : 719606 / 701620
  sparsity_all        : 68.00% (Conv2d+Linear 전체 대비)
  sparsity_scope      : 68.00% (범위 레이어 numel 대비)
================================================================================

[ 레이어별 greedy 선택 현황 ]
  (target_prop: dense/현재 모델의 그룹별 중요도 점유율, selected_prop: greedy 종료 시 선택된 가중치의 그룹별 점유율.
   clean 모드면 두 값이 근접해야 정상. picks: greedy 루프 반복 횟수(중복 픽 포함). scope=N 은 범위 밖 레이어)
  layer                        scope     numel    active  keep_tgt      kept  removed        target_prop      selected_prop     picks
  ----------------------------------------------------------------------------------------------------------------------------------
  features.0.0                     Y       864       283       276       276        7      (0.421,0.579)      (0.421,0.579)       546
  features.1.conv.0.0              Y       288        94        92        92        2      (0.395,0.605)      (0.395,0.605)       181
  features.1.conv.1                Y       512       168       163       163        5      (0.414,0.586)      (0.414,0.586)       320
  features.2.conv.0.0              Y      1536       504       491       491       13      (0.435,0.565)      (0.435,0.565)       972
  features.2.conv.1.0              Y       864       283       276       276        7      (0.423,0.577)      (0.423,0.577)       524
  features.2.conv.2                Y      2304       756       737       737       19      (0.428,0.572)      (0.428,0.572)      1441
  features.3.conv.0.0              Y      3456      1134      1106      1106       28      (0.433,0.567)      (0.433,0.567)      2165
  features.3.conv.1.0              Y      1296       425       414       414       11      (0.416,0.584)      (0.416,0.584)       817
  features.3.conv.2                Y      3456      1134      1106      1106       28      (0.411,0.589)      (0.411,0.589)      2159
  features.4.conv.0.0              Y      3456      1134      1106      1106       28      (0.437,0.563)      (0.437,0.563)      2178
  features.4.conv.1.0              Y      1296       425       414       414       11      (0.442,0.558)      (0.442,0.558)       797
  features.4.conv.2                Y      4608      1512      1474      1474       38      (0.438,0.562)      (0.438,0.562)      2901
  features.5.conv.0.0              Y      6144      2016      1966      1966       50      (0.428,0.572)      (0.428,0.572)      3861
  features.5.conv.1.0              Y      1728       567       553       553       14      (0.434,0.566)      (0.434,0.566)      1080
  features.5.conv.2                Y      6144      2016      1966      1966       50      (0.431,0.569)      (0.431,0.569)      3866
  features.6.conv.0.0              Y      6144      2016      1966      1966       50      (0.429,0.571)      (0.429,0.571)      3850
  features.6.conv.1.0              Y      1728       567       553       553       14      (0.425,0.575)      (0.425,0.575)      1084
  features.6.conv.2                Y      6144      2016      1966      1966       50      (0.426,0.574)      (0.426,0.574)      3830
  features.7.conv.0.0              Y      6144      2016      1966      1966       50      (0.432,0.568)      (0.432,0.568)      3828
  features.7.conv.1.0              Y      1728       567       553       553       14      (0.437,0.563)      (0.437,0.563)      1080
  features.7.conv.2                Y     12288      4033      3932      3932      101      (0.435,0.565)      (0.435,0.565)      7725
  features.8.conv.0.0              Y     24576      8067      7865      7865      202      (0.439,0.561)      (0.439,0.561)     15454
  features.8.conv.1.0              Y      3456      1134      1106      1106       28      (0.430,0.570)      (0.430,0.570)      2172
  features.8.conv.2                Y     24576      8067      7865      7865      202      (0.434,0.566)      (0.434,0.566)     15411
  features.9.conv.0.0              Y     24576      8067      7865      7865      202      (0.433,0.567)      (0.433,0.567)     15400
  features.9.conv.1.0              Y      3456      1134      1106      1106       28      (0.439,0.561)      (0.439,0.561)      2164
  features.9.conv.2                Y     24576      8067      7865      7865      202      (0.438,0.562)      (0.438,0.562)     15419
  features.10.conv.0.0             Y     24576      8067      7865      7865      202      (0.429,0.571)      (0.429,0.571)     15366
  features.10.conv.1.0             Y      3456      1134      1106      1106       28      (0.438,0.562)      (0.438,0.562)      2160
  features.10.conv.2               Y     24576      8067      7865      7865      202      (0.438,0.562)      (0.438,0.562)     15374
  features.11.conv.0.0             Y     24576      8067      7865      7865      202      (0.437,0.563)      (0.437,0.563)     15376
  features.11.conv.1.0             Y      3456      1134      1106      1106       28      (0.442,0.558)      (0.442,0.558)      2174
  features.11.conv.2               Y     36864     12100     11798     11798      302      (0.443,0.557)      (0.443,0.557)     23073
  features.12.conv.0.0             Y     55296     18150     17697     17697      453      (0.440,0.560)      (0.440,0.560)     34651
  features.12.conv.1.0             Y      5184      1701      1659      1659       42      (0.447,0.553)      (0.447,0.553)      3241
  features.12.conv.2               Y     55296     18150     17697     17697      453      (0.445,0.555)      (0.445,0.555)     34453
  features.13.conv.0.0             Y     55296     18150     17697     17697      453      (0.436,0.564)      (0.436,0.564)     34834
  features.13.conv.1.0             Y      5184      1701      1659      1659       42      (0.449,0.551)      (0.449,0.551)      3207
  features.13.conv.2               Y     55296     18150     17697     17697      453      (0.446,0.554)      (0.446,0.554)     34132
  features.14.conv.0.0             Y     55296     18150     17697     17697      453      (0.435,0.565)      (0.435,0.565)     34766
  features.14.conv.1.0             Y      5184      1701      1659      1659       42      (0.442,0.558)      (0.442,0.558)      3266
  features.14.conv.2               Y     92160     30251     29495     29495      756      (0.443,0.557)      (0.443,0.557)     56687
  features.15.conv.0.0             Y    153600     50419     49158     49158     1261      (0.431,0.569)      (0.431,0.569)     96852
  features.15.conv.1.0             Y      8640      2836      2765      2765       71      (0.444,0.556)      (0.444,0.556)      5442
  features.15.conv.2               Y    153600     50419     49158     49158     1261      (0.445,0.555)      (0.445,0.555)     95542
  features.16.conv.0.0             Y    153600     50419     49158     49158     1261      (0.424,0.576)      (0.424,0.576)     96930
  features.16.conv.1.0             Y      8640      2836      2765      2765       71      (0.440,0.560)      (0.440,0.560)      5407
  features.16.conv.2               Y    153600     50419     49158     49158     1261      (0.446,0.554)      (0.446,0.554)     95670
  features.17.conv.0.0             Y    153600     50419     49158     49158     1261      (0.442,0.558)      (0.442,0.558)     95609
  features.17.conv.1.0             Y      8640      2836      2765      2765       71      (0.451,0.549)      (0.451,0.549)      5484
  features.17.conv.2               Y    307200    100838     98317     98317     2521      (0.450,0.550)      (0.450,0.550)    195074
  features.18.0                    Y    409600    134450    131089    131089     3361      (0.416,0.584)      (0.416,0.584)    260143
  classifier.1                     Y      2560       840       819       819       21      (0.447,0.553)      (0.447,0.553)      1604
