================================================================================
FairGRAPE-orig Weight Pruning Log (impt_type=4)
  dataset      : UTKFace
  seed         : 42
  iteration    : 13
  prune_ratio  : 0.280452 (누적, 레이어별 keep_target = int(numel × (1 − prune_ratio)))
  FG_ORIG_MODE : clean
  fg_scope     : all (53 layers)
  para_batch   : 1
  delta_p      : 0
  timestamp    : 2026-09-08 17:48:59
  t_score      : 60.9s (그룹별 점수 pass)
  t_greedy     : 14.1s (greedy 선택)
  total_params        : 2192320
  active_before/after : 1617907 / 1577451
  sparsity_all        : 28.05% (Conv2d+Linear 전체 대비)
  sparsity_scope      : 28.05% (범위 레이어 numel 대비)
================================================================================

[ 레이어별 greedy 선택 현황 ]
  (target_prop: dense/현재 모델의 그룹별 중요도 점유율, selected_prop: greedy 종료 시 선택된 가중치의 그룹별 점유율.
   clean 모드면 두 값이 근접해야 정상. picks: greedy 루프 반복 횟수(중복 픽 포함). scope=N 은 범위 밖 레이어)
  layer                        scope     numel    active  keep_tgt      kept  removed        target_prop      selected_prop     picks
  ----------------------------------------------------------------------------------------------------------------------------------
  features.0.0                     Y       864       637       621       621       16      (0.393,0.607)      (0.393,0.607)      1226
  features.1.conv.0.0              Y       288       212       207       207        5      (0.463,0.537)      (0.463,0.537)       225
  features.1.conv.1                Y       512       377       368       368        9      (0.459,0.541)      (0.459,0.541)       721
  features.2.conv.0.0              Y      1536      1133      1105      1105       28      (0.414,0.586)      (0.414,0.586)      2155
  features.2.conv.1.0              Y       864       637       621       621       16      (0.478,0.522)      (0.478,0.522)       621
  features.2.conv.2                Y      2304      1700      1657      1657       43      (0.437,0.563)      (0.437,0.563)      3261
  features.3.conv.0.0              Y      3456      2550      2486      2486       64      (0.441,0.559)      (0.441,0.559)      4863
  features.3.conv.1.0              Y      1296       956       932       932       24      (0.441,0.559)      (0.441,0.559)      1826
  features.3.conv.2                Y      3456      2550      2486      2486       64      (0.425,0.575)      (0.425,0.575)      4877
  features.4.conv.0.0              Y      3456      2550      2486      2486       64      (0.428,0.572)      (0.428,0.572)      4879
  features.4.conv.1.0              Y      1296       956       932       932       24      (0.440,0.560)      (0.440,0.560)      1819
  features.4.conv.2                Y      4608      3400      3315      3315       85      (0.432,0.568)      (0.432,0.568)      6532
  features.5.conv.0.0              Y      6144      4534      4420      4420      114      (0.420,0.580)      (0.420,0.580)      8703
  features.5.conv.1.0              Y      1728      1275      1243      1243       32      (0.414,0.586)      (0.414,0.586)      2414
  features.5.conv.2                Y      6144      4534      4420      4420      114      (0.425,0.575)      (0.425,0.575)      8703
  features.6.conv.0.0              Y      6144      4534      4420      4420      114      (0.417,0.583)      (0.417,0.583)      8715
  features.6.conv.1.0              Y      1728      1275      1243      1243       32      (0.427,0.573)      (0.427,0.573)      2441
  features.6.conv.2                Y      6144      4534      4420      4420      114      (0.407,0.593)      (0.407,0.593)      8699
  features.7.conv.0.0              Y      6144      4534      4420      4420      114      (0.409,0.591)      (0.409,0.591)      8705
  features.7.conv.1.0              Y      1728      1275      1243      1243       32      (0.422,0.578)      (0.422,0.578)      2428
  features.7.conv.2                Y     12288      9068      8841      8841      227      (0.418,0.582)      (0.418,0.582)     17400
  features.8.conv.0.0              Y     24576     18137     17683     17683      454      (0.412,0.588)      (0.412,0.588)     34854
  features.8.conv.1.0              Y      3456      2550      2486      2486       64      (0.408,0.592)      (0.408,0.592)      4894
  features.8.conv.2                Y     24576     18137     17683     17683      454      (0.417,0.583)      (0.417,0.583)     34792
  features.9.conv.0.0              Y     24576     18137     17683     17683      454      (0.411,0.589)      (0.411,0.589)     34844
  features.9.conv.1.0              Y      3456      2550      2486      2486       64      (0.416,0.584)      (0.416,0.584)      4865
  features.9.conv.2                Y     24576     18137     17683     17683      454      (0.417,0.583)      (0.417,0.583)     34773
  features.10.conv.0.0             Y     24576     18137     17683     17683      454      (0.411,0.589)      (0.411,0.589)     34806
  features.10.conv.1.0             Y      3456      2550      2486      2486       64      (0.399,0.601)      (0.399,0.601)      4874
  features.10.conv.2               Y     24576     18137     17683     17683      454      (0.419,0.581)      (0.419,0.581)     34779
  features.11.conv.0.0             Y     24576     18137     17683     17683      454      (0.409,0.591)      (0.409,0.591)     34820
  features.11.conv.1.0             Y      3456      2550      2486      2486       64      (0.408,0.592)      (0.408,0.592)      4894
  features.11.conv.2               Y     36864     27205     26525     26525      680      (0.414,0.586)      (0.414,0.586)     52256
  features.12.conv.0.0             Y     55296     40808     39788     39788     1020      (0.407,0.593)      (0.407,0.593)     78398
  features.12.conv.1.0             Y      5184      3825      3730      3730       95      (0.413,0.587)      (0.413,0.587)      7336
  features.12.conv.2               Y     55296     40808     39788     39788     1020      (0.416,0.584)      (0.416,0.584)     78256
  features.13.conv.0.0             Y     55296     40808     39788     39788     1020      (0.414,0.586)      (0.414,0.586)     78357
  features.13.conv.1.0             Y      5184      3825      3730      3730       95      (0.405,0.595)      (0.405,0.595)      7314
  features.13.conv.2               Y     55296     40808     39788     39788     1020      (0.413,0.587)      (0.413,0.587)     78327
  features.14.conv.0.0             Y     55296     40808     39788     39788     1020      (0.409,0.591)      (0.409,0.591)     78255
  features.14.conv.1.0             Y      5184      3825      3730      3730       95      (0.401,0.599)      (0.401,0.599)      7285
  features.14.conv.2               Y     92160     68013     66313     66313     1700      (0.397,0.603)      (0.397,0.603)    130614
  features.15.conv.0.0             Y    153600    113356    110522    110522     2834      (0.398,0.602)      (0.398,0.602)    217321
  features.15.conv.1.0             Y      8640      6376      6216      6216      160      (0.400,0.600)      (0.400,0.600)     12146
  features.15.conv.2               Y    153600    113356    110522    110522     2834      (0.394,0.606)      (0.394,0.606)    217454
  features.16.conv.0.0             Y    153600    113356    110522    110522     2834      (0.398,0.602)      (0.398,0.602)    217259
  features.16.conv.1.0             Y      8640      6376      6216      6216      160      (0.401,0.599)      (0.401,0.599)     12174
  features.16.conv.2               Y    153600    113356    110522    110522     2834      (0.401,0.599)      (0.401,0.599)    217361
  features.17.conv.0.0             Y    153600    113356    110522    110522     2834      (0.399,0.601)      (0.399,0.601)    218822
  features.17.conv.1.0             Y      8640      6376      6216      6216      160      (0.399,0.601)      (0.399,0.601)     12212
  features.17.conv.2               Y    307200    226713    221045    221045     5668      (0.402,0.598)      (0.402,0.598)    436138
  features.18.0                    Y    409600    302284    294727    294727     7557      (0.387,0.613)      (0.387,0.613)    582689
  classifier.1                     Y      2560      1889      1842      1842       47      (0.394,0.606)      (0.394,0.606)      3642
