================================================================================
FairGRAPE-orig Weight Pruning Log (impt_type=4)
  dataset      : UTKFace
  seed         : 42
  iteration    : 11
  prune_ratio  : 0.243079 (누적, 레이어별 keep_target = int(numel × (1 − prune_ratio)))
  FG_ORIG_MODE : clean
  fg_scope     : all (53 layers)
  para_batch   : 1
  delta_p      : 0
  timestamp    : 2026-09-08 17:41:58
  t_score      : 58.0s (그룹별 점수 pass)
  t_greedy     : 14.7s (greedy 선택)
  total_params        : 2192320
  active_before/after : 1701934 / 1659381
  sparsity_all        : 24.31% (Conv2d+Linear 전체 대비)
  sparsity_scope      : 24.31% (범위 레이어 numel 대비)
================================================================================

[ 레이어별 greedy 선택 현황 ]
  (target_prop: dense/현재 모델의 그룹별 중요도 점유율, selected_prop: greedy 종료 시 선택된 가중치의 그룹별 점유율.
   clean 모드면 두 값이 근접해야 정상. picks: greedy 루프 반복 횟수(중복 픽 포함). scope=N 은 범위 밖 레이어)
  layer                        scope     numel    active  keep_tgt      kept  removed        target_prop      selected_prop     picks
  ----------------------------------------------------------------------------------------------------------------------------------
  features.0.0                     Y       864       670       653       653       17      (0.343,0.657)      (0.343,0.657)      1299
  features.1.conv.0.0              Y       288       223       217       217        6      (0.362,0.638)      (0.362,0.638)       419
  features.1.conv.1                Y       512       397       387       387       10      (0.402,0.598)      (0.402,0.598)       767
  features.2.conv.0.0              Y      1536      1192      1162      1162       30      (0.417,0.583)      (0.417,0.583)      2244
  features.2.conv.1.0              Y       864       670       653       653       17      (0.391,0.609)      (0.391,0.609)       657
  features.2.conv.2                Y      2304      1788      1743      1743       45      (0.415,0.585)      (0.415,0.585)      3410
  features.3.conv.0.0              Y      3456      2682      2615      2615       67      (0.436,0.564)      (0.436,0.564)      5167
  features.3.conv.1.0              Y      1296      1006       980       980       26      (0.426,0.574)      (0.426,0.574)      1907
  features.3.conv.2                Y      3456      2682      2615      2615       67      (0.403,0.597)      (0.403,0.597)      5072
  features.4.conv.0.0              Y      3456      2682      2615      2615       67      (0.443,0.557)      (0.443,0.557)      5157
  features.4.conv.1.0              Y      1296      1006       980       980       26      (0.424,0.576)      (0.424,0.576)      1926
  features.4.conv.2                Y      4608      3577      3487      3487       90      (0.448,0.552)      (0.448,0.552)      6870
  features.5.conv.0.0              Y      6144      4769      4650      4650      119      (0.426,0.574)      (0.426,0.574)      9187
  features.5.conv.1.0              Y      1728      1341      1307      1307       34      (0.404,0.596)      (0.404,0.596)      2562
  features.5.conv.2                Y      6144      4769      4650      4650      119      (0.435,0.565)      (0.435,0.565)      9171
  features.6.conv.0.0              Y      6144      4769      4650      4650      119      (0.436,0.564)      (0.436,0.564)      9176
  features.6.conv.1.0              Y      1728      1341      1307      1307       34      (0.418,0.582)      (0.418,0.582)      2568
  features.6.conv.2                Y      6144      4769      4650      4650      119      (0.431,0.569)      (0.431,0.569)      9213
  features.7.conv.0.0              Y      6144      4769      4650      4650      119      (0.430,0.570)      (0.430,0.570)      9152
  features.7.conv.1.0              Y      1728      1341      1307      1307       34      (0.451,0.549)      (0.451,0.549)      2545
  features.7.conv.2                Y     12288      9539      9301      9301      238      (0.446,0.554)      (0.446,0.554)     18305
  features.8.conv.0.0              Y     24576     19079     18602     18602      477      (0.434,0.566)      (0.434,0.566)     36721
  features.8.conv.1.0              Y      3456      2682      2615      2615       67      (0.449,0.551)      (0.449,0.551)      5136
  features.8.conv.2                Y     24576     19079     18602     18602      477      (0.441,0.559)      (0.441,0.559)     36648
  features.9.conv.0.0              Y     24576     19079     18602     18602      477      (0.433,0.567)      (0.433,0.567)     36724
  features.9.conv.1.0              Y      3456      2682      2615      2615       67      (0.451,0.549)      (0.451,0.549)      5040
  features.9.conv.2                Y     24576     19079     18602     18602      477      (0.440,0.560)      (0.440,0.560)     36682
  features.10.conv.0.0             Y     24576     19079     18602     18602      477      (0.424,0.576)      (0.424,0.576)     36658
  features.10.conv.1.0             Y      3456      2682      2615      2615       67      (0.440,0.560)      (0.440,0.560)      5158
  features.10.conv.2               Y     24576     19079     18602     18602      477      (0.441,0.559)      (0.441,0.559)     36658
  features.11.conv.0.0             Y     24576     19079     18602     18602      477      (0.432,0.568)      (0.432,0.568)     36743
  features.11.conv.1.0             Y      3456      2682      2615      2615       67      (0.446,0.554)      (0.446,0.554)      5174
  features.11.conv.2               Y     36864     28618     27903     27903      715      (0.444,0.556)      (0.444,0.556)     54865
  features.12.conv.0.0             Y     55296     42927     41854     41854     1073      (0.426,0.574)      (0.426,0.574)     82657
  features.12.conv.1.0             Y      5184      4024      3923      3923      101      (0.438,0.562)      (0.438,0.562)      7736
  features.12.conv.2               Y     55296     42927     41854     41854     1073      (0.442,0.558)      (0.442,0.558)     82158
  features.13.conv.0.0             Y     55296     42927     41854     41854     1073      (0.431,0.569)      (0.431,0.569)     82604
  features.13.conv.1.0             Y      5184      4024      3923      3923      101      (0.443,0.557)      (0.443,0.557)      7705
  features.13.conv.2               Y     55296     42927     41854     41854     1073      (0.445,0.555)      (0.445,0.555)     81947
  features.14.conv.0.0             Y     55296     42927     41854     41854     1073      (0.433,0.567)      (0.433,0.567)     82463
  features.14.conv.1.0             Y      5184      4024      3923      3923      101      (0.451,0.549)      (0.451,0.549)      7616
  features.14.conv.2               Y     92160     71546     69757     69757     1789      (0.444,0.556)      (0.444,0.556)    136947
  features.15.conv.0.0             Y    153600    119244    116263    116263     2981      (0.418,0.582)      (0.418,0.582)    229002
  features.15.conv.1.0             Y      8640      6707      6539      6539      168      (0.449,0.551)      (0.449,0.551)     12685
  features.15.conv.2               Y    153600    119244    116263    116263     2981      (0.438,0.562)      (0.438,0.562)    226839
  features.16.conv.0.0             Y    153600    119244    116263    116263     2981      (0.419,0.581)      (0.419,0.581)    228727
  features.16.conv.1.0             Y      8640      6707      6539      6539      168      (0.445,0.555)      (0.445,0.555)     12557
  features.16.conv.2               Y    153600    119244    116263    116263     2981      (0.442,0.558)      (0.442,0.558)    223231
  features.17.conv.0.0             Y    153600    119244    116263    116263     2981      (0.430,0.570)      (0.430,0.570)    229314
  features.17.conv.1.0             Y      8640      6707      6539      6539      168      (0.427,0.573)      (0.427,0.573)     12882
  features.17.conv.2               Y    307200    238488    232526    232526     5962      (0.443,0.557)      (0.443,0.557)    455760
  features.18.0                    Y    409600    317984    310034    310034     7950      (0.403,0.597)      (0.403,0.597)    613857
  classifier.1                     Y      2560      1987      1937      1937       50      (0.432,0.568)      (0.432,0.568)      3828
