================================================================================
FairGRAPE-orig Weight Pruning Log (impt_type=4)
  dataset      : UTKFace
  seed         : 42
  iteration    : 36
  prune_ratio  : 0.598055 (누적, 레이어별 keep_target = int(numel × (1 − prune_ratio)))
  FG_ORIG_MODE : clean
  fg_scope     : all (53 layers)
  para_batch   : 1
  delta_p      : 0
  timestamp    : 2026-09-08 19:07:41
  t_score      : 70.9s (그룹별 점수 pass)
  t_greedy     : 9.0s (greedy 선택)
  total_params        : 2192320
  active_before/after : 903755 / 881165
  sparsity_all        : 59.81% (Conv2d+Linear 전체 대비)
  sparsity_scope      : 59.81% (범위 레이어 numel 대비)
================================================================================

[ 레이어별 greedy 선택 현황 ]
  (target_prop: dense/현재 모델의 그룹별 중요도 점유율, selected_prop: greedy 종료 시 선택된 가중치의 그룹별 점유율.
   clean 모드면 두 값이 근접해야 정상. picks: greedy 루프 반복 횟수(중복 픽 포함). scope=N 은 범위 밖 레이어)
  layer                        scope     numel    active  keep_tgt      kept  removed        target_prop      selected_prop     picks
  ----------------------------------------------------------------------------------------------------------------------------------
  features.0.0                     Y       864       356       347       347        9      (0.357,0.643)      (0.357,0.643)       351
  features.1.conv.0.0              Y       288       118       115       115        3      (0.434,0.566)      (0.434,0.566)       117
  features.1.conv.1                Y       512       211       205       205        6      (0.437,0.563)      (0.437,0.563)       394
  features.2.conv.0.0              Y      1536       633       617       617       16      (0.471,0.529)      (0.471,0.529)      1195
  features.2.conv.1.0              Y       864       356       347       347        9      (0.453,0.547)      (0.453,0.547)       675
  features.2.conv.2                Y      2304       949       926       926       23      (0.470,0.530)      (0.470,0.530)      1817
  features.3.conv.0.0              Y      3456      1424      1389      1389       35      (0.464,0.536)      (0.464,0.536)      2736
  features.3.conv.1.0              Y      1296       534       520       520       14      (0.440,0.560)      (0.440,0.560)      1025
  features.3.conv.2                Y      3456      1424      1389      1389       35      (0.451,0.549)      (0.451,0.549)      2722
  features.4.conv.0.0              Y      3456      1424      1389      1389       35      (0.467,0.533)      (0.467,0.533)      2724
  features.4.conv.1.0              Y      1296       534       520       520       14      (0.461,0.539)      (0.461,0.539)      1009
  features.4.conv.2                Y      4608      1899      1852      1852       47      (0.462,0.538)      (0.462,0.538)      3625
  features.5.conv.0.0              Y      6144      2532      2469      2469       63      (0.460,0.540)      (0.460,0.540)      4854
  features.5.conv.1.0              Y      1728       712       694       694       18      (0.469,0.531)      (0.469,0.531)      1365
  features.5.conv.2                Y      6144      2532      2469      2469       63      (0.455,0.545)      (0.455,0.545)      4811
  features.6.conv.0.0              Y      6144      2532      2469      2469       63      (0.458,0.542)      (0.458,0.542)      4835
  features.6.conv.1.0              Y      1728       712       694       694       18      (0.451,0.549)      (0.451,0.549)      1342
  features.6.conv.2                Y      6144      2532      2469      2469       63      (0.448,0.552)      (0.448,0.552)      4819
  features.7.conv.0.0              Y      6144      2532      2469      2469       63      (0.465,0.535)      (0.465,0.535)      4832
  features.7.conv.1.0              Y      1728       712       694       694       18      (0.467,0.533)      (0.467,0.533)      1351
  features.7.conv.2                Y     12288      5065      4939      4939      126      (0.462,0.538)      (0.462,0.538)      9633
  features.8.conv.0.0              Y     24576     10131      9878      9878      253      (0.468,0.532)      (0.468,0.532)     19264
  features.8.conv.1.0              Y      3456      1424      1389      1389       35      (0.468,0.532)      (0.468,0.532)      2704
  features.8.conv.2                Y     24576     10131      9878      9878      253      (0.462,0.538)      (0.462,0.538)     19261
  features.9.conv.0.0              Y     24576     10131      9878      9878      253      (0.460,0.540)      (0.460,0.540)     19385
  features.9.conv.1.0              Y      3456      1424      1389      1389       35      (0.470,0.530)      (0.470,0.530)      2709
  features.9.conv.2                Y     24576     10131      9878      9878      253      (0.464,0.536)      (0.464,0.536)     19342
  features.10.conv.0.0             Y     24576     10131      9878      9878      253      (0.462,0.538)      (0.462,0.538)     19352
  features.10.conv.1.0             Y      3456      1424      1389      1389       35      (0.483,0.517)      (0.483,0.517)      2715
  features.10.conv.2               Y     24576     10131      9878      9878      253      (0.470,0.530)      (0.470,0.530)     19290
  features.11.conv.0.0             Y     24576     10131      9878      9878      253      (0.459,0.541)      (0.459,0.541)     19303
  features.11.conv.1.0             Y      3456      1424      1389      1389       35      (0.469,0.531)      (0.469,0.531)      2713
  features.11.conv.2               Y     36864     15197     14817     14817      380      (0.464,0.536)      (0.464,0.536)     28903
  features.12.conv.0.0             Y     55296     22795     22225     22225      570      (0.456,0.544)      (0.456,0.544)     43558
  features.12.conv.1.0             Y      5184      2137      2083      2083       54      (0.475,0.525)      (0.475,0.525)      4005
  features.12.conv.2               Y     55296     22795     22225     22225      570      (0.469,0.531)      (0.469,0.531)     43349
  features.13.conv.0.0             Y     55296     22795     22225     22225      570      (0.457,0.543)      (0.457,0.543)     43509
  features.13.conv.1.0             Y      5184      2137      2083      2083       54      (0.478,0.522)      (0.478,0.522)      4028
  features.13.conv.2               Y     55296     22795     22225     22225      570      (0.471,0.529)      (0.471,0.529)     43143
  features.14.conv.0.0             Y     55296     22795     22225     22225      570      (0.452,0.548)      (0.452,0.548)     43566
  features.14.conv.1.0             Y      5184      2137      2083      2083       54      (0.448,0.552)      (0.448,0.552)      4046
  features.14.conv.2               Y     92160     37993     37043     37043      950      (0.463,0.537)      (0.463,0.537)     72536
  features.15.conv.0.0             Y    153600     63321     61738     61738     1583      (0.444,0.556)      (0.444,0.556)    121263
  features.15.conv.1.0             Y      8640      3561      3472      3472       89      (0.463,0.537)      (0.463,0.537)      6818
  features.15.conv.2               Y    153600     63321     61738     61738     1583      (0.467,0.533)      (0.467,0.533)    120072
  features.16.conv.0.0             Y    153600     63321     61738     61738     1583      (0.444,0.556)      (0.444,0.556)    121301
  features.16.conv.1.0             Y      8640      3561      3472      3472       89      (0.459,0.541)      (0.459,0.541)      6796
  features.16.conv.2               Y    153600     63321     61738     61738     1583      (0.470,0.530)      (0.470,0.530)    119407
  features.17.conv.0.0             Y    153600     63321     61738     61738     1583      (0.461,0.539)      (0.461,0.539)    121954
  features.17.conv.1.0             Y      8640      3561      3472      3472       89      (0.476,0.524)      (0.476,0.524)      6829
  features.17.conv.2               Y    307200    126643    123477    123477     3166      (0.480,0.520)      (0.480,0.520)    244113
  features.18.0                    Y    409600    168857    164636    164636     4221      (0.441,0.559)      (0.441,0.559)    326369
  classifier.1                     Y      2560      1055      1028      1028       27      (0.469,0.531)      (0.469,0.531)      1975
