================================================================================
FairGRAPE-orig Weight Pruning Log (impt_type=4)
  dataset      : UTKFace
  seed         : 42
  iteration    : 26
  prune_ratio  : 0.482250 (누적, 레이어별 keep_target = int(numel × (1 − prune_ratio)))
  FG_ORIG_MODE : clean
  fg_scope     : all (53 layers)
  para_batch   : 1
  delta_p      : 0
  timestamp    : 2026-09-08 18:32:58
  t_score      : 61.7s (그룹별 점수 pass)
  t_greedy     : 10.9s (greedy 선택)
  total_params        : 2192320
  active_before/after : 1164152 / 1135056
  sparsity_all        : 48.23% (Conv2d+Linear 전체 대비)
  sparsity_scope      : 48.23% (범위 레이어 numel 대비)
================================================================================

[ 레이어별 greedy 선택 현황 ]
  (target_prop: dense/현재 모델의 그룹별 중요도 점유율, selected_prop: greedy 종료 시 선택된 가중치의 그룹별 점유율.
   clean 모드면 두 값이 근접해야 정상. picks: greedy 루프 반복 횟수(중복 픽 포함). scope=N 은 범위 밖 레이어)
  layer                        scope     numel    active  keep_tgt      kept  removed        target_prop      selected_prop     picks
  ----------------------------------------------------------------------------------------------------------------------------------
  features.0.0                     Y       864       458       447       447       11      (0.408,0.592)      (0.408,0.592)       885
  features.1.conv.0.0              Y       288       152       149       149        3      (0.361,0.639)      (0.361,0.639)       151
  features.1.conv.1                Y       512       271       265       265        6      (0.409,0.591)      (0.409,0.591)       522
  features.2.conv.0.0              Y      1536       815       795       795       20      (0.424,0.576)      (0.424,0.576)      1567
  features.2.conv.1.0              Y       864       458       447       447       11      (0.413,0.587)      (0.413,0.587)       881
  features.2.conv.2                Y      2304      1223      1192      1192       31      (0.414,0.586)      (0.414,0.586)      2320
  features.3.conv.0.0              Y      3456      1835      1789      1789       46      (0.428,0.572)      (0.428,0.572)      3524
  features.3.conv.1.0              Y      1296       688       671       671       17      (0.409,0.591)      (0.409,0.591)      1316
  features.3.conv.2                Y      3456      1835      1789      1789       46      (0.408,0.592)      (0.408,0.592)      3450
  features.4.conv.0.0              Y      3456      1835      1789      1789       46      (0.422,0.578)      (0.422,0.578)      3523
  features.4.conv.1.0              Y      1296       688       671       671       17      (0.431,0.569)      (0.431,0.569)      1309
  features.4.conv.2                Y      4608      2446      2385      2385       61      (0.429,0.571)      (0.429,0.571)      4675
  features.5.conv.0.0              Y      6144      3262      3181      3181       81      (0.406,0.594)      (0.406,0.594)      6223
  features.5.conv.1.0              Y      1728       917       894       894       23      (0.422,0.578)      (0.422,0.578)      1753
  features.5.conv.2                Y      6144      3262      3181      3181       81      (0.426,0.574)      (0.426,0.574)      6234
  features.6.conv.0.0              Y      6144      3262      3181      3181       81      (0.403,0.597)      (0.403,0.597)      6211
  features.6.conv.1.0              Y      1728       917       894       894       23      (0.391,0.609)      (0.391,0.609)      1737
  features.6.conv.2                Y      6144      3262      3181      3181       81      (0.421,0.579)      (0.421,0.579)      6213
  features.7.conv.0.0              Y      6144      3262      3181      3181       81      (0.402,0.598)      (0.402,0.598)      6222
  features.7.conv.1.0              Y      1728       917       894       894       23      (0.411,0.589)      (0.411,0.589)      1736
  features.7.conv.2                Y     12288      6525      6362      6362      163      (0.408,0.592)      (0.408,0.592)     12435
  features.8.conv.0.0              Y     24576     13050     12724     12724      326      (0.412,0.588)      (0.412,0.588)     24977
  features.8.conv.1.0              Y      3456      1835      1789      1789       46      (0.395,0.605)      (0.395,0.605)      3509
  features.8.conv.2                Y     24576     13050     12724     12724      326      (0.406,0.594)      (0.406,0.594)     24880
  features.9.conv.0.0              Y     24576     13050     12724     12724      326      (0.411,0.589)      (0.411,0.589)     24902
  features.9.conv.1.0              Y      3456      1835      1789      1789       46      (0.404,0.596)      (0.404,0.596)      3476
  features.9.conv.2                Y     24576     13050     12724     12724      326      (0.410,0.590)      (0.410,0.590)     24918
  features.10.conv.0.0             Y     24576     13050     12724     12724      326      (0.404,0.596)      (0.404,0.596)     24895
  features.10.conv.1.0             Y      3456      1835      1789      1789       46      (0.398,0.602)      (0.398,0.602)      3492
  features.10.conv.2               Y     24576     13050     12724     12724      326      (0.409,0.591)      (0.409,0.591)     24868
  features.11.conv.0.0             Y     24576     13050     12724     12724      326      (0.403,0.597)      (0.403,0.597)     24932
  features.11.conv.1.0             Y      3456      1835      1789      1789       46      (0.414,0.586)      (0.414,0.586)      3486
  features.11.conv.2               Y     36864     19575     19086     19086      489      (0.407,0.593)      (0.407,0.593)     37388
  features.12.conv.0.0             Y     55296     29363     28629     28629      734      (0.398,0.602)      (0.398,0.602)     55982
  features.12.conv.1.0             Y      5184      2752      2684      2684       68      (0.402,0.598)      (0.402,0.598)      5224
  features.12.conv.2               Y     55296     29363     28629     28629      734      (0.407,0.593)      (0.407,0.593)     56105
  features.13.conv.0.0             Y     55296     29363     28629     28629      734      (0.400,0.600)      (0.400,0.600)     55870
  features.13.conv.1.0             Y      5184      2752      2684      2684       68      (0.400,0.600)      (0.400,0.600)      5231
  features.13.conv.2               Y     55296     29363     28629     28629      734      (0.408,0.592)      (0.408,0.592)     55949
  features.14.conv.0.0             Y     55296     29363     28629     28629      734      (0.390,0.610)      (0.390,0.610)     56059
  features.14.conv.1.0             Y      5184      2752      2684      2684       68      (0.389,0.611)      (0.389,0.611)      5205
  features.14.conv.2               Y     92160     48939     47715     47715     1224      (0.396,0.604)      (0.396,0.604)     93418
  features.15.conv.0.0             Y    153600     81565     79526     79526     2039      (0.388,0.612)      (0.388,0.612)    155834
  features.15.conv.1.0             Y      8640      4588      4473      4473      115      (0.399,0.601)      (0.399,0.601)      8728
  features.15.conv.2               Y    153600     81565     79526     79526     2039      (0.392,0.608)      (0.392,0.608)    155677
  features.16.conv.0.0             Y    153600     81565     79526     79526     2039      (0.384,0.616)      (0.384,0.616)    155296
  features.16.conv.1.0             Y      8640      4588      4473      4473      115      (0.403,0.597)      (0.403,0.597)      8677
  features.16.conv.2               Y    153600     81565     79526     79526     2039      (0.398,0.602)      (0.398,0.602)    155795
  features.17.conv.0.0             Y    153600     81565     79526     79526     2039      (0.393,0.607)      (0.393,0.607)    157208
  features.17.conv.1.0             Y      8640      4588      4473      4473      115      (0.392,0.608)      (0.392,0.608)      8771
  features.17.conv.2               Y    307200    163131    159052    159052     4079      (0.394,0.606)      (0.394,0.606)    313859
  features.18.0                    Y    409600    217508    212070    212070     5438      (0.395,0.605)      (0.395,0.605)    419271
  classifier.1                     Y      2560      1359      1325      1325       34      (0.388,0.612)      (0.388,0.612)      2556
