================================================================================
FairGRAPE-orig Weight Pruning Log (impt_type=4)
  dataset      : UTKFace
  seed         : 42
  iteration    : 23
  prune_ratio  : 0.441393 (누적, 레이어별 keep_target = int(numel × (1 − prune_ratio)))
  FG_ORIG_MODE : clean
  fg_scope     : all (53 layers)
  para_batch   : 1
  delta_p      : 0
  timestamp    : 2026-09-08 18:22:36
  t_score      : 61.0s (그룹별 점수 pass)
  t_greedy     : 11.5s (greedy 선택)
  total_params        : 2192320
  active_before/after : 1256035 / 1224619
  sparsity_all        : 44.14% (Conv2d+Linear 전체 대비)
  sparsity_scope      : 44.14% (범위 레이어 numel 대비)
================================================================================

[ 레이어별 greedy 선택 현황 ]
  (target_prop: dense/현재 모델의 그룹별 중요도 점유율, selected_prop: greedy 종료 시 선택된 가중치의 그룹별 점유율.
   clean 모드면 두 값이 근접해야 정상. picks: greedy 루프 반복 횟수(중복 픽 포함). scope=N 은 범위 밖 레이어)
  layer                        scope     numel    active  keep_tgt      kept  removed        target_prop      selected_prop     picks
  ----------------------------------------------------------------------------------------------------------------------------------
  features.0.0                     Y       864       495       482       482       13      (0.390,0.610)      (0.390,0.610)       914
  features.1.conv.0.0              Y       288       165       160       160        5      (0.457,0.543)      (0.457,0.543)       313
  features.1.conv.1                Y       512       293       286       286        7      (0.444,0.556)      (0.444,0.556)       520
  features.2.conv.0.0              Y      1536       880       858       858       22      (0.464,0.536)      (0.464,0.536)      1712
  features.2.conv.1.0              Y       864       495       482       482       13      (0.420,0.580)      (0.420,0.580)       944
  features.2.conv.2                Y      2304      1320      1287      1287       33      (0.454,0.546)      (0.454,0.546)      2535
  features.3.conv.0.0              Y      3456      1980      1930      1930       50      (0.445,0.555)      (0.445,0.555)      3780
  features.3.conv.1.0              Y      1296       742       723       723       19      (0.452,0.548)      (0.452,0.548)      1417
  features.3.conv.2                Y      3456      1980      1930      1930       50      (0.457,0.543)      (0.457,0.543)      3755
  features.4.conv.0.0              Y      3456      1980      1930      1930       50      (0.453,0.547)      (0.453,0.547)      3772
  features.4.conv.1.0              Y      1296       742       723       723       19      (0.431,0.569)      (0.431,0.569)      1382
  features.4.conv.2                Y      4608      2640      2574      2574       66      (0.446,0.554)      (0.446,0.554)      5038
  features.5.conv.0.0              Y      6144      3520      3432      3432       88      (0.427,0.573)      (0.427,0.573)      6707
  features.5.conv.1.0              Y      1728       990       965       965       25      (0.398,0.602)      (0.398,0.602)      1869
  features.5.conv.2                Y      6144      3520      3432      3432       88      (0.434,0.566)      (0.434,0.566)      6720
  features.6.conv.0.0              Y      6144      3520      3432      3432       88      (0.432,0.568)      (0.432,0.568)      6710
  features.6.conv.1.0              Y      1728       990       965       965       25      (0.385,0.615)      (0.385,0.615)      1804
  features.6.conv.2                Y      6144      3520      3432      3432       88      (0.432,0.568)      (0.432,0.568)      6701
  features.7.conv.0.0              Y      6144      3520      3432      3432       88      (0.432,0.568)      (0.432,0.568)      6727
  features.7.conv.1.0              Y      1728       990       965       965       25      (0.438,0.562)      (0.438,0.562)      1861
  features.7.conv.2                Y     12288      7040      6864      6864      176      (0.436,0.564)      (0.436,0.564)     13455
  features.8.conv.0.0              Y     24576     14080     13728     13728      352      (0.435,0.565)      (0.435,0.565)     26928
  features.8.conv.1.0              Y      3456      1980      1930      1930       50      (0.428,0.572)      (0.428,0.572)      3782
  features.8.conv.2                Y     24576     14080     13728     13728      352      (0.432,0.568)      (0.432,0.568)     26888
  features.9.conv.0.0              Y     24576     14080     13728     13728      352      (0.431,0.569)      (0.431,0.569)     26876
  features.9.conv.1.0              Y      3456      1980      1930      1930       50      (0.423,0.577)      (0.423,0.577)      3763
  features.9.conv.2                Y     24576     14080     13728     13728      352      (0.430,0.570)      (0.430,0.570)     26907
  features.10.conv.0.0             Y     24576     14080     13728     13728      352      (0.430,0.570)      (0.430,0.570)     26872
  features.10.conv.1.0             Y      3456      1980      1930      1930       50      (0.419,0.581)      (0.419,0.581)      3782
  features.10.conv.2               Y     24576     14080     13728     13728      352      (0.431,0.569)      (0.431,0.569)     26898
  features.11.conv.0.0             Y     24576     14080     13728     13728      352      (0.430,0.570)      (0.430,0.570)     26909
  features.11.conv.1.0             Y      3456      1980      1930      1930       50      (0.431,0.569)      (0.431,0.569)      3772
  features.11.conv.2               Y     36864     21120     20592     20592      528      (0.435,0.565)      (0.435,0.565)     40366
  features.12.conv.0.0             Y     55296     31680     30888     30888      792      (0.426,0.574)      (0.426,0.574)     60424
  features.12.conv.1.0             Y      5184      2970      2895      2895       75      (0.424,0.576)      (0.424,0.576)      5632
  features.12.conv.2               Y     55296     31680     30888     30888      792      (0.438,0.562)      (0.438,0.562)     60440
  features.13.conv.0.0             Y     55296     31680     30888     30888      792      (0.431,0.569)      (0.431,0.569)     60444
  features.13.conv.1.0             Y      5184      2970      2895      2895       75      (0.440,0.560)      (0.440,0.560)      5637
  features.13.conv.2               Y     55296     31680     30888     30888      792      (0.444,0.556)      (0.444,0.556)     60479
  features.14.conv.0.0             Y     55296     31680     30888     30888      792      (0.431,0.569)      (0.431,0.569)     60570
  features.14.conv.1.0             Y      5184      2970      2895      2895       75      (0.441,0.559)      (0.441,0.559)      5607
  features.14.conv.2               Y     92160     52801     51481     51481     1320      (0.435,0.565)      (0.435,0.565)    101100
  features.15.conv.0.0             Y    153600     88002     85801     85801     2201      (0.423,0.577)      (0.423,0.577)    168284
  features.15.conv.1.0             Y      8640      4950      4826      4826      124      (0.437,0.563)      (0.437,0.563)      9352
  features.15.conv.2               Y    153600     88002     85801     85801     2201      (0.439,0.561)      (0.439,0.561)    167560
  features.16.conv.0.0             Y    153600     88002     85801     85801     2201      (0.427,0.573)      (0.427,0.573)    168034
  features.16.conv.1.0             Y      8640      4950      4826      4826      124      (0.448,0.552)      (0.448,0.552)      9338
  features.16.conv.2               Y    153600     88002     85801     85801     2201      (0.444,0.556)      (0.444,0.556)    167849
  features.17.conv.0.0             Y    153600     88002     85801     85801     2201      (0.431,0.569)      (0.431,0.569)    169783
  features.17.conv.1.0             Y      8640      4950      4826      4826      124      (0.442,0.558)      (0.442,0.558)      9430
  features.17.conv.2               Y    307200    176004    171603    171603     4401      (0.453,0.547)      (0.453,0.547)    337917
  features.18.0                    Y    409600    234672    228805    228805     5867      (0.416,0.584)      (0.416,0.584)    450972
  classifier.1                     Y      2560      1466      1430      1430       36      (0.442,0.558)      (0.442,0.558)      2767
