================================================================================
FairGRAPE-orig Weight Pruning Log (impt_type=4)
  dataset      : UTKFace
  seed         : 42
  iteration    : 66
  prune_ratio  : 0.811936 (누적, 레이어별 keep_target = int(numel × (1 − prune_ratio)))
  FG_ORIG_MODE : clean
  fg_scope     : all (53 layers)
  para_batch   : 1
  delta_p      : 0
  timestamp    : 2026-09-08 20:46:46
  t_score      : 60.4s (그룹별 점수 pass)
  t_greedy     : 4.7s (greedy 선택)
  total_params        : 2192320
  active_before/after : 422840 / 412260
  sparsity_all        : 81.20% (Conv2d+Linear 전체 대비)
  sparsity_scope      : 81.20% (범위 레이어 numel 대비)
================================================================================

[ 레이어별 greedy 선택 현황 ]
  (target_prop: dense/현재 모델의 그룹별 중요도 점유율, selected_prop: greedy 종료 시 선택된 가중치의 그룹별 점유율.
   clean 모드면 두 값이 근접해야 정상. picks: greedy 루프 반복 횟수(중복 픽 포함). scope=N 은 범위 밖 레이어)
  layer                        scope     numel    active  keep_tgt      kept  removed        target_prop      selected_prop     picks
  ----------------------------------------------------------------------------------------------------------------------------------
  features.0.0                     Y       864       166       162       162        4      (0.418,0.582)      (0.418,0.582)       182
  features.1.conv.0.0              Y       288        55        54        54        1      (0.484,0.516)      (0.484,0.516)        56
  features.1.conv.1                Y       512        98        96        96        2      (0.479,0.521)      (0.479,0.521)       188
  features.2.conv.0.0              Y      1536       296       288       288        8      (0.467,0.533)      (0.467,0.533)       566
  features.2.conv.1.0              Y       864       166       162       162        4      (0.447,0.553)      (0.447,0.553)       321
  features.2.conv.2                Y      2304       444       433       433       11      (0.472,0.528)      (0.472,0.528)       847
  features.3.conv.0.0              Y      3456       666       649       649       17      (0.485,0.515)      (0.485,0.515)       649
  features.3.conv.1.0              Y      1296       249       243       243        6      (0.474,0.526)      (0.474,0.526)       479
  features.3.conv.2                Y      3456       666       649       649       17      (0.473,0.527)      (0.473,0.527)      1273
  features.4.conv.0.0              Y      3456       666       649       649       17      (0.480,0.520)      (0.480,0.520)      1259
  features.4.conv.1.0              Y      1296       249       243       243        6      (0.475,0.525)      (0.475,0.525)       471
  features.4.conv.2                Y      4608       888       866       866       22      (0.473,0.527)      (0.473,0.527)      1709
  features.5.conv.0.0              Y      6144      1185      1155      1155       30      (0.495,0.505)      (0.495,0.505)      2247
  features.5.conv.1.0              Y      1728       333       324       324        9      (0.472,0.528)      (0.472,0.528)       512
  features.5.conv.2                Y      6144      1185      1155      1155       30      (0.477,0.523)      (0.477,0.523)      2268
  features.6.conv.0.0              Y      6144      1185      1155      1155       30      (0.464,0.536)      (0.464,0.536)      2256
  features.6.conv.1.0              Y      1728       333       324       324        9      (0.477,0.523)      (0.477,0.523)       508
  features.6.conv.2                Y      6144      1185      1155      1155       30      (0.471,0.529)      (0.471,0.529)      2273
  features.7.conv.0.0              Y      6144      1185      1155      1155       30      (0.466,0.534)      (0.466,0.534)      2218
  features.7.conv.1.0              Y      1728       333       324       324        9      (0.472,0.528)      (0.472,0.528)       474
  features.7.conv.2                Y     12288      2370      2310      2310       60      (0.475,0.525)      (0.475,0.525)      4378
  features.8.conv.0.0              Y     24576      4740      4621      4621      119      (0.463,0.537)      (0.463,0.537)      9081
  features.8.conv.1.0              Y      3456       666       649       649       17      (0.469,0.531)      (0.469,0.531)      1284
  features.8.conv.2                Y     24576      4740      4621      4621      119      (0.471,0.529)      (0.471,0.529)      9020
  features.9.conv.0.0              Y     24576      4740      4621      4621      119      (0.460,0.540)      (0.460,0.540)      9057
  features.9.conv.1.0              Y      3456       666       649       649       17      (0.479,0.521)      (0.479,0.521)      1281
  features.9.conv.2                Y     24576      4740      4621      4621      119      (0.471,0.529)      (0.471,0.529)      9036
  features.10.conv.0.0             Y     24576      4740      4621      4621      119      (0.451,0.549)      (0.451,0.549)      9104
  features.10.conv.1.0             Y      3456       666       649       649       17      (0.474,0.526)      (0.474,0.526)      1288
  features.10.conv.2               Y     24576      4740      4621      4621      119      (0.474,0.526)      (0.474,0.526)      9120
  features.11.conv.0.0             Y     24576      4740      4621      4621      119      (0.463,0.537)      (0.463,0.537)      9091
  features.11.conv.1.0             Y      3456       666       649       649       17      (0.473,0.527)      (0.473,0.527)      1278
  features.11.conv.2               Y     36864      7110      6932      6932      178      (0.475,0.525)      (0.475,0.525)     13625
  features.12.conv.0.0             Y     55296     10665     10399     10399      266      (0.461,0.539)      (0.461,0.539)     20514
  features.12.conv.1.0             Y      5184       999       974       974       25      (0.471,0.529)      (0.471,0.529)      1918
  features.12.conv.2               Y     55296     10665     10399     10399      266      (0.473,0.527)      (0.473,0.527)     20354
  features.13.conv.0.0             Y     55296     10665     10399     10399      266      (0.462,0.538)      (0.462,0.538)     20460
  features.13.conv.1.0             Y      5184       999       974       974       25      (0.476,0.524)      (0.476,0.524)      1770
  features.13.conv.2               Y     55296     10665     10399     10399      266      (0.478,0.522)      (0.478,0.522)     10399
  features.14.conv.0.0             Y     55296     10665     10399     10399      266      (0.469,0.531)      (0.469,0.531)     20090
  features.14.conv.1.0             Y      5184       999       974       974       25      (0.477,0.523)      (0.477,0.523)      1907
  features.14.conv.2               Y     92160     17776     17331     17331      445      (0.480,0.520)      (0.480,0.520)     17331
  features.15.conv.0.0             Y    153600     29627     28886     28886      741      (0.458,0.542)      (0.458,0.542)     56692
  features.15.conv.1.0             Y      8640      1666      1624      1624       42      (0.474,0.526)      (0.474,0.526)      3184
  features.15.conv.2               Y    153600     29627     28886     28886      741      (0.475,0.525)      (0.475,0.525)     28886
  features.16.conv.0.0             Y    153600     29627     28886     28886      741      (0.457,0.543)      (0.457,0.543)     57005
  features.16.conv.1.0             Y      8640      1666      1624      1624       42      (0.474,0.526)      (0.474,0.526)      1624
  features.16.conv.2               Y    153600     29627     28886     28886      741      (0.476,0.524)      (0.476,0.524)     28886
  features.17.conv.0.0             Y    153600     29627     28886     28886      741      (0.477,0.523)      (0.477,0.523)     28886
  features.17.conv.1.0             Y      8640      1666      1624      1624       42      (0.481,0.519)      (0.481,0.519)      3224
  features.17.conv.2               Y    307200     59254     57773     57773     1481      (0.474,0.526)      (0.474,0.526)    114003
  features.18.0                    Y    409600     79005     77030     77030     1975      (0.451,0.549)      (0.451,0.549)    153930
  classifier.1                     Y      2560       493       481       481       12      (0.470,0.530)      (0.470,0.530)       887
