================================================================================
FairGRAPE-orig Weight Pruning Log (impt_type=4)
  dataset      : UTKFace
  seed         : 42
  iteration    : 46
  prune_ratio  : 0.687959 (누적, 레이어별 keep_target = int(numel × (1 − prune_ratio)))
  FG_ORIG_MODE : clean
  fg_scope     : all (53 layers)
  para_batch   : 1
  delta_p      : 0
  timestamp    : 2026-09-08 19:41:25
  t_score      : 59.2s (그룹별 점수 pass)
  t_greedy     : 6.9s (greedy 선택)
  total_params        : 2192320
  active_before/after : 701620 / 684069
  sparsity_all        : 68.80% (Conv2d+Linear 전체 대비)
  sparsity_scope      : 68.80% (범위 레이어 numel 대비)
================================================================================

[ 레이어별 greedy 선택 현황 ]
  (target_prop: dense/현재 모델의 그룹별 중요도 점유율, selected_prop: greedy 종료 시 선택된 가중치의 그룹별 점유율.
   clean 모드면 두 값이 근접해야 정상. picks: greedy 루프 반복 횟수(중복 픽 포함). scope=N 은 범위 밖 레이어)
  layer                        scope     numel    active  keep_tgt      kept  removed        target_prop      selected_prop     picks
  ----------------------------------------------------------------------------------------------------------------------------------
  features.0.0                     Y       864       276       269       269        7      (0.389,0.611)      (0.389,0.611)       271
  features.1.conv.0.0              Y       288        92        89        89        3      (0.421,0.579)      (0.421,0.579)       169
  features.1.conv.1                Y       512       163       159       159        4      (0.426,0.574)      (0.426,0.574)       314
  features.2.conv.0.0              Y      1536       491       479       479       12      (0.430,0.570)      (0.430,0.570)       941
  features.2.conv.1.0              Y       864       276       269       269        7      (0.401,0.599)      (0.401,0.599)       271
  features.2.conv.2                Y      2304       737       718       718       19      (0.405,0.595)      (0.405,0.595)      1374
  features.3.conv.0.0              Y      3456      1106      1078      1078       28      (0.436,0.564)      (0.436,0.564)      2106
  features.3.conv.1.0              Y      1296       414       404       404       10      (0.426,0.574)      (0.426,0.574)       772
  features.3.conv.2                Y      3456      1106      1078      1078       28      (0.433,0.567)      (0.433,0.567)      2104
  features.4.conv.0.0              Y      3456      1106      1078      1078       28      (0.448,0.552)      (0.448,0.552)      2111
  features.4.conv.1.0              Y      1296       414       404       404       10      (0.455,0.545)      (0.455,0.545)       786
  features.4.conv.2                Y      4608      1474      1437      1437       37      (0.455,0.545)      (0.455,0.545)      2795
  features.5.conv.0.0              Y      6144      1966      1917      1917       49      (0.449,0.551)      (0.449,0.551)      3723
  features.5.conv.1.0              Y      1728       553       539       539       14      (0.454,0.546)      (0.454,0.546)      1052
  features.5.conv.2                Y      6144      1966      1917      1917       49      (0.452,0.548)      (0.452,0.548)      3759
  features.6.conv.0.0              Y      6144      1966      1917      1917       49      (0.451,0.549)      (0.451,0.549)      3786
  features.6.conv.1.0              Y      1728       553       539       539       14      (0.443,0.557)      (0.443,0.557)      1057
  features.6.conv.2                Y      6144      1966      1917      1917       49      (0.453,0.547)      (0.453,0.547)      3767
  features.7.conv.0.0              Y      6144      1966      1917      1917       49      (0.448,0.552)      (0.448,0.552)      3773
  features.7.conv.1.0              Y      1728       553       539       539       14      (0.450,0.550)      (0.450,0.550)      1056
  features.7.conv.2                Y     12288      3932      3834      3834       98      (0.448,0.552)      (0.448,0.552)      7514
  features.8.conv.0.0              Y     24576      7865      7668      7668      197      (0.447,0.553)      (0.447,0.553)     15054
  features.8.conv.1.0              Y      3456      1106      1078      1078       28      (0.449,0.551)      (0.449,0.551)      2116
  features.8.conv.2                Y     24576      7865      7668      7668      197      (0.449,0.551)      (0.449,0.551)     15065
  features.9.conv.0.0              Y     24576      7865      7668      7668      197      (0.444,0.556)      (0.444,0.556)     15022
  features.9.conv.1.0              Y      3456      1106      1078      1078       28      (0.453,0.547)      (0.453,0.547)      2132
  features.9.conv.2                Y     24576      7865      7668      7668      197      (0.451,0.549)      (0.451,0.549)     15058
  features.10.conv.0.0             Y     24576      7865      7668      7668      197      (0.437,0.563)      (0.437,0.563)     15049
  features.10.conv.1.0             Y      3456      1106      1078      1078       28      (0.449,0.551)      (0.449,0.551)      2102
  features.10.conv.2               Y     24576      7865      7668      7668      197      (0.449,0.551)      (0.449,0.551)     15018
  features.11.conv.0.0             Y     24576      7865      7668      7668      197      (0.447,0.553)      (0.447,0.553)     14983
  features.11.conv.1.0             Y      3456      1106      1078      1078       28      (0.449,0.551)      (0.449,0.551)      2116
  features.11.conv.2               Y     36864     11798     11503     11503      295      (0.449,0.551)      (0.449,0.551)     22625
  features.12.conv.0.0             Y     55296     17697     17254     17254      443      (0.445,0.555)      (0.445,0.555)     33799
  features.12.conv.1.0             Y      5184      1659      1617      1617       42      (0.448,0.552)      (0.448,0.552)      3178
  features.12.conv.2               Y     55296     17697     17254     17254      443      (0.452,0.548)      (0.452,0.548)     33840
  features.13.conv.0.0             Y     55296     17697     17254     17254      443      (0.442,0.558)      (0.442,0.558)     33854
  features.13.conv.1.0             Y      5184      1659      1617      1617       42      (0.454,0.546)      (0.454,0.546)      3175
  features.13.conv.2               Y     55296     17697     17254     17254      443      (0.450,0.550)      (0.450,0.550)     33800
  features.14.conv.0.0             Y     55296     17697     17254     17254      443      (0.442,0.558)      (0.442,0.558)     33785
  features.14.conv.1.0             Y      5184      1659      1617      1617       42      (0.445,0.555)      (0.445,0.555)      3173
  features.14.conv.2               Y     92160     29495     28757     28757      738      (0.450,0.550)      (0.450,0.550)     56511
  features.15.conv.0.0             Y    153600     49158     47929     47929     1229      (0.435,0.565)      (0.435,0.565)     94659
  features.15.conv.1.0             Y      8640      2765      2696      2696       69      (0.452,0.548)      (0.452,0.548)      5240
  features.15.conv.2               Y    153600     49158     47929     47929     1229      (0.450,0.550)      (0.450,0.550)     90469
  features.16.conv.0.0             Y    153600     49158     47929     47929     1229      (0.432,0.568)      (0.432,0.568)     94422
  features.16.conv.1.0             Y      8640      2765      2696      2696       69      (0.445,0.555)      (0.445,0.555)      5308
  features.16.conv.2               Y    153600     49158     47929     47929     1229      (0.450,0.550)      (0.450,0.550)     47929
  features.17.conv.0.0             Y    153600     49158     47929     47929     1229      (0.448,0.552)      (0.448,0.552)     47929
  features.17.conv.1.0             Y      8640      2765      2696      2696       69      (0.455,0.545)      (0.455,0.545)      5341
  features.17.conv.2               Y    307200     98317     95859     95859     2458      (0.451,0.549)      (0.451,0.549)    190337
  features.18.0                    Y    409600    131089    127812    127812     3277      (0.426,0.574)      (0.426,0.574)    253750
  classifier.1                     Y      2560       819       798       798       21      (0.449,0.551)      (0.449,0.551)      1535
