================================================================================
FairGRAPE-orig Weight Pruning Log (impt_type=4)
  dataset      : UTKFace
  seed         : 42
  iteration    : 73
  prune_ratio  : 0.842480 (누적, 레이어별 keep_target = int(numel × (1 − prune_ratio)))
  FG_ORIG_MODE : clean
  fg_scope     : all (53 layers)
  para_batch   : 1
  delta_p      : 0
  timestamp    : 2026-09-08 21:08:38
  t_score      : 59.6s (그룹별 점수 pass)
  t_greedy     : 4.3s (greedy 선택)
  total_params        : 2192320
  active_before/after : 354164 / 345313
  sparsity_all        : 84.25% (Conv2d+Linear 전체 대비)
  sparsity_scope      : 84.25% (범위 레이어 numel 대비)
================================================================================

[ 레이어별 greedy 선택 현황 ]
  (target_prop: dense/현재 모델의 그룹별 중요도 점유율, selected_prop: greedy 종료 시 선택된 가중치의 그룹별 점유율.
   clean 모드면 두 값이 근접해야 정상. picks: greedy 루프 반복 횟수(중복 픽 포함). scope=N 은 범위 밖 레이어)
  layer                        scope     numel    active  keep_tgt      kept  removed        target_prop      selected_prop     picks
  ----------------------------------------------------------------------------------------------------------------------------------
  features.0.0                     Y       864       139       136       136        3      (0.421,0.579)      (0.421,0.579)       226
  features.1.conv.0.0              Y       288        46        45        45        1      (0.420,0.580)      (0.420,0.580)        81
  features.1.conv.1                Y       512        82        80        80        2      (0.448,0.552)      (0.448,0.552)       155
  features.2.conv.0.0              Y      1536       248       241       241        7      (0.433,0.567)      (0.433,0.567)       476
  features.2.conv.1.0              Y       864       139       136       136        3      (0.443,0.557)      (0.443,0.557)       242
  features.2.conv.2                Y      2304       372       362       362       10      (0.445,0.555)      (0.445,0.555)       364
  features.3.conv.0.0              Y      3456       558       544       544       14      (0.454,0.546)      (0.454,0.546)      1074
  features.3.conv.1.0              Y      1296       209       204       204        5      (0.445,0.555)      (0.445,0.555)       392
  features.3.conv.2                Y      3456       558       544       544       14      (0.454,0.546)      (0.454,0.546)      1074
  features.4.conv.0.0              Y      3456       558       544       544       14      (0.448,0.552)      (0.448,0.552)      1068
  features.4.conv.1.0              Y      1296       209       204       204        5      (0.451,0.549)      (0.451,0.549)       402
  features.4.conv.2                Y      4608       744       725       725       19      (0.447,0.553)      (0.447,0.553)      1435
  features.5.conv.0.0              Y      6144       992       967       967       25      (0.455,0.545)      (0.455,0.545)      1922
  features.5.conv.1.0              Y      1728       279       272       272        7      (0.451,0.549)      (0.451,0.549)       537
  features.5.conv.2                Y      6144       992       967       967       25      (0.450,0.550)      (0.450,0.550)      1924
  features.6.conv.0.0              Y      6144       992       967       967       25      (0.443,0.557)      (0.443,0.557)      1917
  features.6.conv.1.0              Y      1728       279       272       272        7      (0.465,0.535)      (0.465,0.535)       272
  features.6.conv.2                Y      6144       992       967       967       25      (0.449,0.551)      (0.449,0.551)      1914
  features.7.conv.0.0              Y      6144       992       967       967       25      (0.455,0.545)      (0.455,0.545)      1913
  features.7.conv.1.0              Y      1728       279       272       272        7      (0.449,0.551)      (0.449,0.551)       524
  features.7.conv.2                Y     12288      1985      1935      1935       50      (0.449,0.551)      (0.449,0.551)      3835
  features.8.conv.0.0              Y     24576      3970      3871      3871       99      (0.453,0.547)      (0.453,0.547)      7669
  features.8.conv.1.0              Y      3456       558       544       544       14      (0.450,0.550)      (0.450,0.550)      1079
  features.8.conv.2                Y     24576      3970      3871      3871       99      (0.447,0.553)      (0.447,0.553)      7530
  features.9.conv.0.0              Y     24576      3970      3871      3871       99      (0.449,0.551)      (0.449,0.551)      7645
  features.9.conv.1.0              Y      3456       558       544       544       14      (0.449,0.551)      (0.449,0.551)      1076
  features.9.conv.2                Y     24576      3970      3871      3871       99      (0.447,0.553)      (0.447,0.553)      7656
  features.10.conv.0.0             Y     24576      3970      3871      3871       99      (0.453,0.547)      (0.453,0.547)      7675
  features.10.conv.1.0             Y      3456       558       544       544       14      (0.452,0.548)      (0.452,0.548)      1020
  features.10.conv.2               Y     24576      3970      3871      3871       99      (0.448,0.552)      (0.448,0.552)      7589
  features.11.conv.0.0             Y     24576      3970      3871      3871       99      (0.445,0.555)      (0.445,0.555)      7672
  features.11.conv.1.0             Y      3456       558       544       544       14      (0.447,0.553)      (0.447,0.553)      1058
  features.11.conv.2               Y     36864      5955      5806      5806      149      (0.443,0.557)      (0.443,0.557)     11390
  features.12.conv.0.0             Y     55296      8933      8710      8710      223      (0.440,0.560)      (0.440,0.560)     17050
  features.12.conv.1.0             Y      5184       837       816       816       21      (0.442,0.558)      (0.442,0.558)      1593
  features.12.conv.2               Y     55296      8933      8710      8710      223      (0.442,0.558)      (0.442,0.558)     17235
  features.13.conv.0.0             Y     55296      8933      8710      8710      223      (0.439,0.561)      (0.439,0.561)     17246
  features.13.conv.1.0             Y      5184       837       816       816       21      (0.441,0.559)      (0.441,0.559)      1601
  features.13.conv.2               Y     55296      8933      8710      8710      223      (0.444,0.556)      (0.444,0.556)     17242
  features.14.conv.0.0             Y     55296      8933      8710      8710      223      (0.440,0.560)      (0.440,0.560)     17200
  features.14.conv.1.0             Y      5184       837       816       816       21      (0.463,0.537)      (0.463,0.537)      1615
  features.14.conv.2               Y     92160     14889     14517     14517      372      (0.457,0.543)      (0.457,0.543)     28725
  features.15.conv.0.0             Y    153600     24815     24195     24195      620      (0.440,0.560)      (0.440,0.560)     47872
  features.15.conv.1.0             Y      8640      1395      1360      1360       35      (0.448,0.552)      (0.448,0.552)      2688
  features.15.conv.2               Y    153600     24815     24195     24195      620      (0.453,0.547)      (0.453,0.547)     47780
  features.16.conv.0.0             Y    153600     24815     24195     24195      620      (0.435,0.565)      (0.435,0.565)     47836
  features.16.conv.1.0             Y      8640      1395      1360      1360       35      (0.455,0.545)      (0.455,0.545)      2682
  features.16.conv.2               Y    153600     24815     24195     24195      620      (0.450,0.550)      (0.450,0.550)     47968
  features.17.conv.0.0             Y    153600     24815     24195     24195      620      (0.445,0.555)      (0.445,0.555)     47987
  features.17.conv.1.0             Y      8640      1395      1360      1360       35      (0.447,0.553)      (0.447,0.553)      2693
  features.17.conv.2               Y    307200     49631     48390     48390     1241      (0.451,0.549)      (0.451,0.549)     95850
  features.18.0                    Y    409600     66174     64520     64520     1654      (0.443,0.557)      (0.443,0.557)    128822
  classifier.1                     Y      2560       413       403       403       10      (0.443,0.557)      (0.443,0.557)       776
