================================================================================
FairGRAPE-orig Weight Pruning Log (impt_type=4)
  dataset      : UTKFace
  seed         : 42
  iteration    : 52
  prune_ratio  : 0.731935 (누적, 레이어별 keep_target = int(numel × (1 − prune_ratio)))
  FG_ORIG_MODE : clean
  fg_scope     : all (53 layers)
  para_batch   : 1
  delta_p      : 0
  timestamp    : 2026-09-08 20:02:23
  t_score      : 61.2s (그룹별 점수 pass)
  t_greedy     : 6.1s (greedy 선택)
  total_params        : 2192320
  active_before/after : 602727 / 587650
  sparsity_all        : 73.20% (Conv2d+Linear 전체 대비)
  sparsity_scope      : 73.20% (범위 레이어 numel 대비)
================================================================================

[ 레이어별 greedy 선택 현황 ]
  (target_prop: dense/현재 모델의 그룹별 중요도 점유율, selected_prop: greedy 종료 시 선택된 가중치의 그룹별 점유율.
   clean 모드면 두 값이 근접해야 정상. picks: greedy 루프 반복 횟수(중복 픽 포함). scope=N 은 범위 밖 레이어)
  layer                        scope     numel    active  keep_tgt      kept  removed        target_prop      selected_prop     picks
  ----------------------------------------------------------------------------------------------------------------------------------
  features.0.0                     Y       864       237       231       231        6      (0.440,0.560)      (0.440,0.560)       407
  features.1.conv.0.0              Y       288        79        77        77        2      (0.504,0.496)      (0.504,0.496)        79
  features.1.conv.1                Y       512       140       137       137        3      (0.471,0.529)      (0.471,0.529)       261
  features.2.conv.0.0              Y      1536       422       411       411       11      (0.457,0.543)      (0.457,0.543)       806
  features.2.conv.1.0              Y       864       237       231       231        6      (0.466,0.534)      (0.466,0.534)       452
  features.2.conv.2                Y      2304       633       617       617       16      (0.480,0.520)      (0.480,0.520)       617
  features.3.conv.0.0              Y      3456       950       926       926       24      (0.468,0.532)      (0.468,0.532)      1809
  features.3.conv.1.0              Y      1296       356       347       347        9      (0.460,0.540)      (0.460,0.540)       674
  features.3.conv.2                Y      3456       950       926       926       24      (0.464,0.536)      (0.464,0.536)      1796
  features.4.conv.0.0              Y      3456       950       926       926       24      (0.474,0.526)      (0.474,0.526)      1811
  features.4.conv.1.0              Y      1296       356       347       347        9      (0.478,0.522)      (0.478,0.522)       365
  features.4.conv.2                Y      4608      1266      1235      1235       31      (0.473,0.527)      (0.473,0.527)      2434
  features.5.conv.0.0              Y      6144      1689      1646      1646       43      (0.479,0.521)      (0.479,0.521)      3231
  features.5.conv.1.0              Y      1728       475       463       463       12      (0.484,0.516)      (0.484,0.516)       643
  features.5.conv.2                Y      6144      1689      1646      1646       43      (0.481,0.519)      (0.481,0.519)      3170
  features.6.conv.0.0              Y      6144      1689      1646      1646       43      (0.464,0.536)      (0.464,0.536)      3228
  features.6.conv.1.0              Y      1728       475       463       463       12      (0.489,0.511)      (0.489,0.511)       463
  features.6.conv.2                Y      6144      1689      1646      1646       43      (0.480,0.520)      (0.480,0.520)      3211
  features.7.conv.0.0              Y      6144      1689      1646      1646       43      (0.466,0.534)      (0.466,0.534)      3242
  features.7.conv.1.0              Y      1728       475       463       463       12      (0.466,0.534)      (0.466,0.534)       909
  features.7.conv.2                Y     12288      3378      3293      3293       85      (0.471,0.529)      (0.471,0.529)      6470
  features.8.conv.0.0              Y     24576      6756      6587      6587      169      (0.467,0.533)      (0.467,0.533)     12897
  features.8.conv.1.0              Y      3456       950       926       926       24      (0.468,0.532)      (0.468,0.532)      1825
  features.8.conv.2                Y     24576      6756      6587      6587      169      (0.464,0.536)      (0.464,0.536)     12925
  features.9.conv.0.0              Y     24576      6756      6587      6587      169      (0.458,0.542)      (0.458,0.542)     12902
  features.9.conv.1.0              Y      3456       950       926       926       24      (0.465,0.535)      (0.465,0.535)      1815
  features.9.conv.2                Y     24576      6756      6587      6587      169      (0.467,0.533)      (0.467,0.533)     12825
  features.10.conv.0.0             Y     24576      6756      6587      6587      169      (0.444,0.556)      (0.444,0.556)     12882
  features.10.conv.1.0             Y      3456       950       926       926       24      (0.470,0.530)      (0.470,0.530)      1827
  features.10.conv.2               Y     24576      6756      6587      6587      169      (0.469,0.531)      (0.469,0.531)     12957
  features.11.conv.0.0             Y     24576      6756      6587      6587      169      (0.458,0.542)      (0.458,0.542)     12914
  features.11.conv.1.0             Y      3456       950       926       926       24      (0.473,0.527)      (0.473,0.527)      1804
  features.11.conv.2               Y     36864     10135      9881      9881      254      (0.470,0.530)      (0.470,0.530)     19324
  features.12.conv.0.0             Y     55296     15202     14822     14822      380      (0.457,0.543)      (0.457,0.543)     29233
  features.12.conv.1.0             Y      5184      1425      1389      1389       36      (0.467,0.533)      (0.467,0.533)      2735
  features.12.conv.2               Y     55296     15202     14822     14822      380      (0.470,0.530)      (0.470,0.530)     28945
  features.13.conv.0.0             Y     55296     15202     14822     14822      380      (0.456,0.544)      (0.456,0.544)     29340
  features.13.conv.1.0             Y      5184      1425      1389      1389       36      (0.469,0.531)      (0.469,0.531)      2743
  features.13.conv.2               Y     55296     15202     14822     14822      380      (0.474,0.526)      (0.474,0.526)     29011
  features.14.conv.0.0             Y     55296     15202     14822     14822      380      (0.456,0.544)      (0.456,0.544)     29198
  features.14.conv.1.0             Y      5184      1425      1389      1389       36      (0.462,0.538)      (0.462,0.538)      2709
  features.14.conv.2               Y     92160     25338     24704     24704      634      (0.473,0.527)      (0.473,0.527)     48303
  features.15.conv.0.0             Y    153600     42230     41174     41174     1056      (0.452,0.548)      (0.452,0.548)     81264
  features.15.conv.1.0             Y      8640      2375      2316      2316       59      (0.472,0.528)      (0.472,0.528)      4510
  features.15.conv.2               Y    153600     42230     41174     41174     1056      (0.468,0.532)      (0.468,0.532)     80603
  features.16.conv.0.0             Y    153600     42230     41174     41174     1056      (0.450,0.550)      (0.450,0.550)     81266
  features.16.conv.1.0             Y      8640      2375      2316      2316       59      (0.470,0.530)      (0.470,0.530)      4529
  features.16.conv.2               Y    153600     42230     41174     41174     1056      (0.473,0.527)      (0.473,0.527)     77769
  features.17.conv.0.0             Y    153600     42230     41174     41174     1056      (0.469,0.531)      (0.469,0.531)     81443
  features.17.conv.1.0             Y      8640      2375      2316      2316       59      (0.471,0.529)      (0.471,0.529)      4584
  features.17.conv.2               Y    307200     84461     82349     82349     2112      (0.473,0.527)      (0.473,0.527)    163504
  features.18.0                    Y    409600    112614    109799    109799     2815      (0.457,0.543)      (0.457,0.543)    218531
  classifier.1                     Y      2560       703       686       686       17      (0.467,0.533)      (0.467,0.533)      1318
