================================================================================
Channel Pruning Log
  iteration  : 6
  alpha      : 0.9000
  timestamp  : 2026-03-24 16:44:55
  remove_target  : 135105
  accum_removed  : 135094
  selected_channels : 502
================================================================================

[ 블록별 제거 채널 수 ]
  features.10: 15채널 제거
  features.11: 50채널 제거
  features.12: 16채널 제거
  features.13: 17채널 제거
  features.14: 20채널 제거
  features.15: 145채널 제거
  features.16: 174채널 제거
  features.17: 7채널 제거
  features.2: 4채널 제거
  features.3: 11채널 제거
  features.4: 8채널 제거
  features.5: 2채널 제거
  features.6: 23채널 제거
  features.7: 8채널 제거
  features.8: 1채널 제거
  features.9: 1채널 제거

[ 선택된 채널 상세 ]
block                             ch        score          phi         perf  weights
--------------------------------------------------------------------------------
features.16                       73    -0.059787 7.663213e-07 1.283827e-08      329
features.15                       56    -0.059088 7.226043e-07 5.438245e-08      329
features.15                      412    -0.049832 4.771364e-07 2.153210e-08      329
features.2                        49    -0.045835 1.660361e-07 2.685723e-06       49
features.16                      126    -0.044759 5.530002e-07 9.129474e-10      329
features.16                      143    -0.044725 5.583023e-07 3.319945e-09      329
features.17                      850    -0.043301 4.682857e-06 4.787200e-08      489
features.15                       13    -0.043209 3.146892e-07 4.516405e-10      329
features.15                      316    -0.042963 3.678662e-07 1.056179e-08      329
features.2                        13    -0.042782 2.550488e-07 7.976724e-06       49
features.15                      672    -0.042393 4.582049e-07 2.793705e-08      329
features.15                      665    -0.042312 3.478917e-07 7.752480e-09      329
features.16                      525    -0.041372 5.609388e-07 2.176405e-08      329
features.16                      661    -0.041202 5.696574e-07 2.630964e-08      329
features.16                      671    -0.039957 5.724209e-07 3.390781e-08      329
features.16                      523    -0.039430 4.951335e-07 4.154726e-09      329
features.15                      358    -0.038178 3.849477e-07 2.006369e-08      329
features.15                      943    -0.037957 2.891704e-07 2.739678e-09      329
features.16                      664    -0.037362 7.802634e-07 1.346597e-07      329
features.16                      892    -0.036708 6.082195e-07 6.574977e-08      329
features.16                       60    -0.036584 4.665176e-07 6.848757e-09      329
features.16                      161    -0.036566 4.750108e-07 1.051015e-08      329
features.15                       69    -0.035834 2.711540e-07 2.246657e-09      329
features.15                      802    -0.034924 3.216835e-07 1.275239e-08      329
features.15                      826    -0.034570 3.015592e-07 9.520178e-09      329
features.2                        35    -0.034388 1.257980e-07 2.082158e-06       49
features.3                        56    -0.034145 7.473426e-08 1.563989e-07       57
features.16                      258    -0.033132 5.250453e-07 4.929210e-08      329
features.16                      615    -0.032692 4.669847e-07 2.716883e-08      329
features.16                      665    -0.031927 3.941020e-07 5.010258e-10      329
features.2                        55    -0.031676 1.344357e-07 2.932367e-06       49
features.16                      714    -0.031520 4.258122e-07 1.592861e-08      329
features.15                      277    -0.031171 4.899258e-07 4.869032e-08      329
features.16                        0    -0.031126 3.929833e-07 4.171320e-09      329
features.15                      260    -0.030884 3.586163e-07 2.491673e-08      329
features.15                       17    -0.030780 2.407121e-07 3.365290e-09      329
features.17                      870    -0.030010 3.465387e-06 6.266852e-08      489
features.15                      909    -0.029758 2.166337e-07 2.939159e-10      329
features.4                        54    -0.029167 7.242709e-07 6.768770e-08       65
features.15                      688    -0.029130 2.364049e-07 4.765811e-09      329
features.11                       62    -0.028992 2.479083e-07 4.681755e-08      169
features.16                      496    -0.028931 3.566634e-07 2.634246e-10      329
features.16                      650    -0.028817 3.821409e-07 1.155901e-08      329
features.15                      301    -0.028350 2.166866e-07 2.175925e-09      329
features.16                      760    -0.028282 3.568583e-07 3.702255e-09      329
features.15                      122    -0.027355 2.422100e-07 8.193432e-09      329
features.16                      728    -0.027277 3.714374e-07 1.502453e-08      329
features.15                      927    -0.027228 2.165291e-07 3.638857e-09      329
features.15                      158    -0.026813 2.250506e-07 5.757852e-09      329
features.15                      801    -0.026663 1.991511e-07 1.192375e-09      329
features.15                       48    -0.026626 2.484438e-07 1.030915e-08      329
features.16                      289    -0.026605 3.455380e-07 7.613528e-09      329
features.15                      855    -0.026577 1.941879e-07 3.933617e-10      329
features.15                       86    -0.026534 2.207154e-07 5.331521e-09      329
features.16                       39    -0.026382 3.469962e-07 9.382268e-09      329
features.15                      285    -0.026173 2.068216e-07 3.255173e-09      329
features.16                      199    -0.025842 3.199979e-07 8.295109e-10      329
features.16                      922    -0.025777 3.251999e-07 3.353708e-09      329
features.16                       20    -0.025643 3.168144e-07 5.188660e-10      329
features.15                      830    -0.025622 1.907815e-07 1.036840e-09      329
features.16                      222    -0.025609 3.325533e-07 7.308541e-09      329
features.15                      612    -0.025603 2.216231e-07 6.735999e-09      329
features.15                      214    -0.025272 2.771909e-07 1.739684e-08      329
features.11                      183    -0.025189 2.353381e-07 5.168296e-08      169
features.15                      286    -0.025170 7.131785e-07 9.773493e-08      329
features.11                      292    -0.025120 3.560902e-07 1.185149e-07      169
features.16                       59    -0.025115 3.293876e-07 8.533799e-09      329
features.15                       45    -0.024958 1.836430e-07 6.055329e-10      329
features.16                      707    -0.024949 3.292093e-07 9.320620e-09      329
features.15                      336    -0.024874 1.929933e-07 2.437789e-09      329
features.16                      692    -0.024867 3.594921e-07 2.246858e-08      329
features.15                      394    -0.024816 1.977013e-07 3.380940e-09      329
features.16                      200    -0.024699 3.347530e-07 1.294020e-08      329
features.15                        0    -0.024689 2.259786e-07 8.751073e-09      329
features.15                      327    -0.024664 2.851141e-07 1.966272e-08      329
features.15                      419    -0.024633 2.198758e-07 7.703692e-09      329
features.15                      480    -0.024520 2.053256e-07 5.177138e-09      329
features.16                      769    -0.024390 3.610182e-07 2.557293e-08      329
features.16                      154    -0.024254 3.083220e-07 4.137451e-09      329
features.16                      110    -0.024242 3.445298e-07 1.941128e-08      329
features.6                        28    -0.024177 3.222160e-08 4.591747e-08       73
features.15                      679    -0.024058 1.772687e-07 6.305925e-10      329
features.15                      217    -0.023948 2.286236e-07 1.022277e-08      329
features.6                       141    -0.023948 2.263432e-08 1.200350e-09       73
features.15                      303    -0.023923 1.976170e-07 4.552384e-09      329
features.15                      249    -0.023855 2.370159e-07 1.189109e-08      329
features.16                        5    -0.023664 3.248876e-07 1.414929e-08      329
features.11                       59    -0.023654 2.070440e-07 4.083510e-08      169
features.16                      517    -0.023489 2.986174e-07 4.012919e-09      329
features.15                      413    -0.023312 1.721839e-07 6.859671e-10      329
features.11                       17    -0.023289 3.557207e-07 1.239902e-07      169
features.15                      405    -0.023218 2.149836e-07 8.683869e-09      329
features.15                      578    -0.023214 2.086164e-07 7.518730e-09      329
features.16                      235    -0.023110 2.956454e-07 4.724760e-09      329
features.16                      747    -0.023029 3.007141e-07 7.274145e-09      329
features.16                      183    -0.022964 2.967227e-07 5.929518e-09      329
features.16                      668    -0.022704 3.189326e-07 1.660750e-08      329
features.17                      695    -0.022695 9.990170e-06 1.035558e-06      489
features.3                        23    -0.022681 6.801184e-08 3.047454e-07       57
features.15                      549    -0.022627 2.256603e-07 1.143445e-08      329
features.17                       23    -0.022612 2.561473e-06 4.055829e-08      489
features.17                      403    -0.022589 2.710779e-06 6.089226e-08      489
features.15                       29    -0.022488 1.953964e-07 6.052190e-09      329
features.11                      188    -0.022449 1.824262e-07 3.099233e-08      169
features.11                       24    -0.022414 2.173135e-07 5.034659e-08      169
features.16                      458    -0.022278 2.899078e-07 6.615582e-09      329
features.15                      745    -0.022199 1.846174e-07 4.452757e-09      329
features.15                      724    -0.022153 1.681928e-07 1.492675e-09      329
features.16                      554    -0.022138 2.959773e-07 9.890420e-09      329
features.15                      755    -0.022119 2.205641e-07 1.117199e-08      329
features.6                        88    -0.022026 3.569770e-08 7.209113e-08       73
features.16                      854    -0.021987 2.720426e-07 6.131431e-10      329
features.15                       77    -0.021924 1.733768e-07 2.751103e-09      329
features.16                      857    -0.021918 2.720947e-07 9.938529e-10      329
features.16                      575    -0.021910 3.677282e-07 4.121793e-08      329
features.15                       36    -0.021908 2.104396e-07 9.590256e-09      329
features.15                       60    -0.021897 1.644779e-07 1.150053e-09      329
features.16                      563    -0.021794 2.774374e-07 3.878737e-09      329
features.13                      479    -0.021792 4.269769e-08 8.140408e-10      201
features.11                       68    -0.021716 1.943056e-07 3.982015e-08      169
features.15                      250    -0.021707 1.719509e-07 2.776490e-09      329
features.6                        72    -0.021564 2.424695e-08 1.952538e-08       73
features.16                      599    -0.021507 3.080199e-07 1.821378e-08      329
features.16                      956    -0.021182 2.723214e-07 4.892114e-09      329
features.16                      645    -0.021181 2.610583e-07 1.652491e-10      329
features.16                       79    -0.021157 2.650345e-07 1.959222e-09      329
features.16                      488    -0.020986 2.653939e-07 2.994715e-09      329
features.16                      824    -0.020777 2.560157e-07 1.382095e-10      329
features.15                      692    -0.020698 1.743435e-07 4.558759e-09      329
features.11                      329    -0.020691 5.623851e-07 2.460648e-07      169
features.6                        79    -0.020607 3.213370e-08 6.141385e-08       73
features.11                      232    -0.020569 2.319523e-07 6.414756e-08      169
features.16                      350    -0.020503 2.722626e-07 8.378750e-09      329
features.13                       43    -0.020489 6.456909e-08 9.272158e-09      201
features.16                      580    -0.020487 3.048305e-07 2.214589e-08      329
features.16                        4    -0.020476 3.429926e-07 3.824220e-08      329
features.15                      631    -0.020444 2.171324e-07 1.276726e-08      329
features.16                      670    -0.020434 2.573908e-07 2.487017e-09      329
features.15                      916    -0.020361 1.492814e-07 3.957359e-10      329
features.16                      250    -0.020309 6.286189e-07 1.591233e-07      329
features.14                      372    -0.020280 5.738441e-07 7.243410e-10      265
features.15                      168    -0.020239 1.512850e-07 9.271310e-10      329
features.16                      492    -0.020230 2.749844e-07 1.093438e-08      329
features.16                      315    -0.020229 2.579683e-07 3.789856e-09      329
features.13                      382    -0.020169 4.696955e-08 3.349177e-09      201
features.15                      447    -0.020124 2.061613e-07 1.117448e-08      329
features.15                      708    -0.020107 1.629187e-07 3.241770e-09      329
features.15                      515    -0.020054 2.633504e-07 2.178783e-08      329
features.16                      332    -0.020041 2.651963e-07 7.801480e-09      329
features.16                      239    -0.019969 2.733338e-07 1.158940e-08      329
features.15                      670    -0.019940 1.926718e-07 8.937933e-09      329
features.16                      795    -0.019903 2.924030e-07 1.994463e-08      329
features.15                      887    -0.019880 1.588542e-07 2.795644e-09      329
features.15                      904    -0.019864 2.190340e-07 1.388791e-08      329
features.16                      330    -0.019819 2.546471e-07 4.513122e-09      329
features.16                      680    -0.019814 2.627853e-07 7.962034e-09      329
features.16                      438    -0.019783 2.659127e-07 9.436091e-09      329
features.15                      690    -0.019737 1.749492e-07 5.946823e-09      329
features.16                      830    -0.019698 2.456203e-07 1.349317e-09      329
features.16                      920    -0.019680 2.671788e-07 1.049793e-08      329
features.16                      773    -0.019643 2.461245e-07 1.846381e-09      329
features.16                       16    -0.019642 2.881657e-07 1.951350e-08      329
features.15                      876    -0.019512 1.418842e-07 1.636042e-10      329
features.11                      222    -0.019481 3.161806e-07 1.139929e-07      169
features.16                      660    -0.019439 2.739907e-07 1.460596e-08      329
features.6                        35    -0.019411 1.947735e-08 6.368010e-09       73
features.6                        90    -0.019376 2.932651e-08 5.351334e-08       73
features.16                      711    -0.019292 2.410859e-07 1.541940e-09      329
features.15                      149    -0.019287 1.647194e-07 4.662774e-09      329
features.16                      798    -0.019237 3.721516e-07 5.689980e-08      329
features.16                      128    -0.019235 3.301066e-07 3.924197e-08      329
features.15                      881    -0.019210 2.051473e-07 1.220203e-08      329
features.15                       24    -0.019186 2.312763e-07 1.704057e-08      329
features.7                        51    -0.019119 5.838448e-07 3.408691e-09      105
features.11                      177    -0.019055 1.961943e-07 4.911742e-08      169
features.15                       88    -0.019020 1.437712e-07 1.164724e-09      329
features.11                       77    -0.018953 1.310011e-07 1.346742e-08      169
features.15                      320    -0.018928 1.405068e-07 6.870987e-10      329
features.15                      112    -0.018927 1.529030e-07 2.968560e-09      329
features.15                      253    -0.018922 1.677613e-07 5.708703e-09      329
features.17                      525    -0.018784 5.740073e-06 5.180516e-07      489
features.15                      331    -0.018767 1.411668e-07 1.022082e-09      329
features.15                      777    -0.018753 1.514483e-07 2.931738e-09      329
features.16                      107    -0.018751 2.793793e-07 2.042945e-08      329
features.16                      639    -0.018690 2.372553e-07 3.045076e-09      329
features.16                      264    -0.018663 2.522481e-07 9.485124e-09      329
features.15                       87    -0.018596 1.775388e-07 7.940263e-09      329
features.16                      906    -0.018550 2.466193e-07 7.705927e-09      329
features.16                      114    -0.018455 3.238893e-07 4.066562e-08      329
features.15                      851    -0.018436 1.977017e-07 1.186241e-08      329
features.15                      169    -0.018402 2.226680e-07 1.649952e-08      329
features.16                      959    -0.018371 2.740873e-07 2.016979e-08      329
features.15                      732    -0.018308 1.550184e-07 4.180077e-09      329
features.16                      584    -0.018303 2.357575e-07 4.419634e-09      329
features.16                      180    -0.018258 2.617020e-07 1.555325e-08      329
features.15                      254    -0.018214 1.593747e-07 5.105835e-09      329
features.15                      786    -0.018176 2.596935e-07 2.361103e-08      329
features.11                      118    -0.018131 2.007570e-07 5.450171e-08      169
features.16                      157    -0.018071 2.245776e-07 9.181581e-10      329
features.16                       13    -0.018052 3.160316e-07 3.944446e-08      329
features.13                      514    -0.018016 7.463275e-08 1.437259e-08      201
features.15                      850    -0.018008 1.418162e-07 2.150507e-09      329
features.16                      755    -0.017999 2.302302e-07 3.669213e-09      329
features.10                      302    -0.017959 1.367725e-07 1.807032e-08      137
features.15                      832    -0.017920 1.451306e-07 2.876872e-09      329
features.16                      389    -0.017905 2.606572e-07 1.693998e-08      329
features.16                      519    -0.017887 3.369312e-07 4.908185e-08      329
features.6                        96    -0.017761 2.419065e-08 3.621335e-08       73
features.11                      159    -0.017759 2.850831e-07 1.021774e-07      169
features.16                      201    -0.017750 2.289554e-07 4.417878e-09      329
features.10                      140    -0.017744 1.002921e-07 1.111515e-08      137
features.16                      674    -0.017744 2.316908e-07 5.600733e-09      329
features.13                      482    -0.017729 7.508168e-08 1.471415e-08      201
features.15                      812    -0.017678 1.768265e-07 9.029585e-09      329
features.15                      234    -0.017668 1.345875e-07 1.272081e-09      329
features.16                      361    -0.017657 3.436522e-07 5.309393e-08      329
features.16                      726    -0.017626 3.107515e-07 3.943242e-08      329
features.16                      733    -0.017598 2.478957e-07 1.316261e-08      329
features.16                      946    -0.017565 2.457242e-07 1.242368e-08      329
features.16                      507    -0.017534 2.178305e-07 8.621729e-10      329
features.16                      366    -0.017522 2.226855e-07 2.965435e-09      329
features.15                      228    -0.017480 2.168543e-07 1.665527e-08      329
features.16                      812    -0.017478 2.512104e-07 1.517583e-08      329
features.14                      344    -0.017409 8.706750e-07 3.118841e-09      265
features.15                      888    -0.017361 1.678843e-07 7.805864e-09      329
features.15                      469    -0.017195 1.508947e-07 4.901340e-09      329
features.6                       134    -0.017167 1.705629e-08 4.825089e-09       73
features.15                      156    -0.017134 1.476420e-07 4.383244e-09      329
features.15                      689    -0.017003 1.403506e-07 3.216567e-09      329
features.15                      328    -0.016997 2.105092e-07 1.613043e-08      329
features.16                      937    -0.016973 2.117461e-07 1.204455e-09      329
features.15                      195    -0.016967 1.672163e-07 8.205935e-09      329
features.15                      949    -0.016933 2.555133e-07 2.449458e-08      329
features.16                      752    -0.016760 2.353672e-07 1.223172e-08      329
features.16                      336    -0.016756 2.073278e-07 4.689853e-10      329
features.16                      709    -0.016686 2.077463e-07 1.006502e-09      329
features.15                      913    -0.016639 1.487126e-07 5.238974e-09      329
features.16                      384    -0.016626 2.818215e-07 3.244799e-08      329
features.11                       92    -0.016599 1.215496e-07 1.555869e-08      169
features.16                      149    -0.016595 2.355597e-07 1.316782e-08      329
features.13                      206    -0.016586 3.245227e-08 6.042114e-10      201
features.15                      180    -0.016530 1.209034e-07 2.674651e-10      329
features.16                      876    -0.016506 2.849816e-07 3.439266e-08      329
features.6                       174    -0.016466 1.929533e-08 1.863043e-08       73
features.16                      290    -0.016369 2.977182e-07 4.045433e-08      329
features.15                      576    -0.016338 1.277941e-07 1.790549e-09      329
features.15                      496    -0.016312 1.231627e-07 9.728411e-10      329
features.15                      569    -0.016309 1.354015e-07 3.228835e-09      329
features.15                      190    -0.016272 1.250889e-07 1.380328e-09      329
features.13                      452    -0.016248 6.102950e-08 1.077500e-08      201
features.15                      753    -0.016204 1.300495e-07 2.383474e-09      329
features.3                        90    -0.016196 3.989540e-08 1.228167e-07       57
features.15                      436    -0.016132 1.177979e-07 2.260710e-10      329
features.16                      357    -0.016076 2.802663e-07 3.463485e-08      329
features.6                       144    -0.016037 1.695268e-08 9.370636e-09       73
features.16                      576    -0.016002 2.485295e-07 2.168470e-08      329
features.16                      359    -0.016001 2.062035e-07 3.902509e-09      329
features.6                       129    -0.015945 4.323182e-08 1.351444e-07       73
features.3                        61    -0.015923 2.947089e-08 1.409550e-08       57
features.16                      625    -0.015922 2.105610e-07 6.141258e-09      329
features.4                        65    -0.015921 1.822819e-07 7.330425e-09       65
features.16                      710    -0.015891 3.944882e-07 8.359001e-08      329
features.15                      743    -0.015888 1.623775e-07 8.751373e-09      329
features.16                      774    -0.015885 2.226374e-07 1.140582e-08      329
features.10                      257    -0.015870 4.741797e-08 1.764361e-09      137
features.16                      246    -0.015868 2.054755e-07 4.285503e-09      329
features.5                        65    -0.015849 8.513187e-08 5.752377e-08       73
features.15                      129    -0.015833 1.581720e-07 8.049612e-09      329
features.16                      877    -0.015823 1.986793e-07 1.659031e-09      329
features.16                       40    -0.015749 2.042801e-07 4.398711e-09      329
features.5                       143    -0.015720 4.724980e-08 4.097910e-09       73
features.4                        66    -0.015718 2.209657e-07 1.293691e-08       65
features.16                      343    -0.015623 2.033261e-07 4.650698e-09      329
features.16                      278    -0.015603 2.010397e-07 3.788803e-09      329
features.16                      112    -0.015551 1.987990e-07 3.115934e-09      329
features.16                      540    -0.015547 1.982907e-07 2.924058e-09      329
features.16                      465    -0.015529 2.134192e-07 9.374178e-09      329
features.16                      263    -0.015501 2.008100e-07 4.221710e-09      329
features.11                      275    -0.015479 2.319955e-07 7.996490e-08      169
features.11                       49    -0.015466 8.875721e-08 9.809830e-10      169
features.16                      249    -0.015462 2.056948e-07 6.475882e-09      329
features.16                      681    -0.015447 1.913733e-07 5.383033e-10      329
features.4                        30    -0.015435 2.815376e-07 2.167733e-08       65
features.15                      766    -0.015434 1.304423e-07 3.479481e-09      329
features.16                      351    -0.015392 2.661664e-07 3.224905e-08      329
features.11                      242    -0.015366 1.095502e-07 1.276366e-08      169
features.14                      185    -0.015343 6.501513e-07 1.974688e-09      265
features.14                      118    -0.015330 5.765415e-07 1.490458e-09      265
features.15                        6    -0.015330 1.297924e-07 3.498821e-09      329
features.16                      188    -0.015301 1.902111e-07 8.018198e-10      329
features.3                        13    -0.015260 3.828559e-08 1.233152e-07       57
features.15                      325    -0.015242 1.376183e-07 5.055002e-09      329
features.15                      843    -0.015164 1.153317e-07 1.058893e-09      329
features.11                       94    -0.015163 1.168853e-07 1.743786e-08      169
features.6                       177    -0.015068 1.585588e-08 8.457778e-09       73
features.11                      180    -0.015062 1.426308e-07 3.195560e-08      169
features.6                        10    -0.015053 1.452481e-08 2.173465e-09       73
features.16                      537    -0.015037 2.072856e-07 9.344586e-09      329
features.6                       102    -0.015029 1.678700e-08 1.307484e-08       73
features.11                      166    -0.015002 1.871230e-07 5.668847e-08      169
features.16                      513    -0.014988 2.581461e-07 3.096672e-08      329
features.13                       16    -0.014950 5.661579e-08 1.007517e-08      201
features.15                      415    -0.014939 1.201093e-07 2.236644e-09      329
features.16                      657    -0.014935 1.986409e-07 6.236123e-09      329
features.6                        50    -0.014931 2.903071e-08 7.191935e-08       73
features.13                       19    -0.014881 7.934518e-08 1.803610e-08      201
features.15                      600    -0.014879 1.788447e-07 1.312063e-08      329
features.14                       30    -0.014825 7.140460e-07 2.474993e-09      265
features.16                      427    -0.014801 1.894573e-07 3.070454e-09      329
features.10                      103    -0.014796 5.217999e-08 3.186579e-09      137
features.15                      226    -0.014747 1.351470e-07 5.258086e-09      329
features.14                       62    -0.014731 4.817581e-07 9.549702e-10      265
features.15                       58    -0.014709 1.441349e-07 6.962734e-09      329
features.15                      536    -0.014690 1.122117e-07 1.114586e-09      329
features.15                      199    -0.014686 1.092024e-07 5.668060e-10      329
features.6                       183    -0.014666 1.600938e-08 1.098279e-08       73
features.16                      808    -0.014639 3.636327e-07 7.709547e-08      329
features.7                        67    -0.014565 3.049452e-07 9.049245e-10      105
features.15                      140    -0.014560 1.057152e-07 9.327573e-11      329
features.15                      198    -0.014543 1.245765e-07 3.584657e-09      329
features.15                      709    -0.014535 1.106702e-07 1.037076e-09      329
features.16                       61    -0.014520 2.058652e-07 1.142142e-08      329
features.11                      151    -0.014484 1.152430e-07 1.864143e-08      169
features.14                      419    -0.014468 5.992059e-07 1.770449e-09      265
features.11                      154    -0.014420 1.031255e-07 1.215289e-08      169
features.12                      297    -0.014366 9.641590e-08 1.014404e-08      201
features.13                      554    -0.014347 4.331101e-08 5.829925e-09      201
features.15                      873    -0.014343 1.507997e-07 8.674201e-09      329
features.16                      187    -0.014288 1.912555e-07 6.478849e-09      329
features.16                      469    -0.014275 1.787504e-07 1.290470e-09      329
features.11                       39    -0.014233 1.011729e-07 1.165725e-08      169
features.16                      694    -0.014203 1.954327e-07 8.672932e-09      329
features.15                      599    -0.014190 1.411853e-07 7.109256e-09      329
features.16                      873    -0.014162 1.768991e-07 1.098657e-09      329
features.11                      189    -0.014162 1.302950e-07 2.794432e-08      169
features.16                      415    -0.014150 1.795590e-07 2.279772e-09      329
features.16                      663    -0.014149 1.971648e-07 9.681215e-09      329
features.15                      678    -0.014137 1.049977e-07 5.224676e-10      329
features.16                      958    -0.014133 3.267433e-07 6.421134e-08      329
features.3                         6    -0.014111 6.260756e-08 4.115045e-07       57
features.15                      553    -0.014101 1.041219e-07 4.101463e-10      329
features.16                      217    -0.014073 1.825458e-07 3.930713e-09      329
features.11                       38    -0.014062 1.142655e-07 1.941048e-08      169
features.16                      844    -0.014057 2.423702e-07 2.915086e-08      329
features.15                      914    -0.014041 1.572466e-07 1.026143e-08      329
features.11                      187    -0.014018 1.496752e-07 3.908048e-08      169
features.12                      344    -0.013994 6.758059e-08 5.082801e-09      201
features.4                        94    -0.013992 2.361991e-07 1.700727e-08       65
features.16                      801    -0.013967 1.746773e-07 1.172972e-09      329
features.7                       124    -0.013951 3.248446e-07 1.263089e-09      105
features.16                      874    -0.013949 1.959292e-07 1.019697e-08      329
features.6                       151    -0.013945 2.958393e-08 7.895527e-08       73
features.16                      459    -0.013928 1.851496e-07 5.774723e-09      329
features.15                      697    -0.013861 2.074872e-07 1.974326e-08      329
features.13                      455    -0.013837 4.462915e-08 6.618484e-09      201
features.16                      487    -0.013755 2.265222e-07 2.405744e-08      329
features.15                      527    -0.013729 1.011752e-07 3.621815e-10      329
features.14                      367    -0.013725 4.292458e-07 7.602045e-10      265
features.3                       125    -0.013699 4.783050e-08 2.579038e-07       57
features.15                      546    -0.013686 1.176465e-07 3.449477e-09      329
features.15                      659    -0.013677 1.223117e-07 4.318966e-09      329
features.11                      147    -0.013657 8.420449e-08 4.083327e-09      169
features.14                       76    -0.013646 6.095920e-07 1.963304e-09      265
features.15                      705    -0.013611 1.000381e-07 3.100845e-10      329
features.3                       100    -0.013606 8.105413e-08 6.229735e-07       57
features.16                      875    -0.013597 2.015866e-07 1.439668e-08      329
features.10                       97    -0.013584 5.232836e-08 3.780900e-09      137
features.15                      176    -0.013567 3.742983e-07 5.081955e-08      329
features.13                      319    -0.013560 3.243536e-08 2.549827e-09      201
features.16                      612    -0.013526 2.266332e-07 2.528556e-08      329
features.16                      220    -0.013496 1.687110e-07 1.102354e-09      329
features.3                        59    -0.013469 4.187396e-08 1.972179e-07       57
features.16                      503    -0.013439 1.749055e-07 3.998565e-09      329
features.16                      208    -0.013424 1.759879e-07 4.530126e-09      329
features.16                       62    -0.013418 2.023930e-07 1.566099e-08      329
features.15                      896    -0.013389 2.533399e-07 2.880581e-08      329
features.11                      345    -0.013367 1.155962e-07 2.230109e-08      169
features.12                      560    -0.013359 6.547003e-08 5.026353e-09      201
features.7                        30    -0.013355 3.618356e-07 1.824518e-09      105
features.12                      351    -0.013327 5.949344e-08 3.954072e-09      201
features.16                      392    -0.013302 1.708037e-07 2.984948e-09      329
features.12                      350    -0.013302 3.875788e-08 1.893078e-10      201
features.6                        66    -0.013294 1.531312e-08 1.377895e-08       73
features.6                        48    -0.013290 1.776694e-08 2.550020e-08       73
features.16                      397    -0.013265 2.497999e-07 3.637113e-08      329
features.15                      639    -0.013247 1.362259e-07 7.450285e-09      329
features.10                       85    -0.013237 5.188048e-08 3.855873e-09      137
features.12                      427    -0.013229 5.187407e-08 2.616628e-09      201
features.13                      469    -0.013181 3.165484e-08 2.522474e-09      201
features.15                       43    -0.013153 1.048319e-07 1.801031e-09      329
features.16                      598    -0.013143 1.679062e-07 2.589040e-09      329
features.12                      575    -0.013128 4.769393e-08 1.907076e-09      201
features.17                       59    -0.013111 2.069897e-06 1.019259e-07      489
features.4                       139    -0.013087 1.903154e-07 1.165200e-08       65
features.15                      467    -0.013087 1.114164e-07 3.100076e-09      329
features.15                       93    -0.013082 1.662814e-07 1.319895e-08      329
features.16                      666    -0.013070 1.774044e-07 6.956509e-09      329
features.11                      276    -0.013068 1.320153e-07 3.228733e-08      169
features.16                      632    -0.013061 1.789558e-07 7.658127e-09      329
features.11                       32    -0.013059 9.190876e-08 1.018797e-08      169
features.13                      367    -0.013053 5.417930e-08 1.045034e-08      201
features.16                      240    -0.013034 1.718038e-07 4.791916e-09      329
features.12                      211    -0.013024 6.195417e-08 4.558936e-09      201
features.12                       35    -0.013020 6.870496e-08 5.790818e-09      201
features.15                      563    -0.013013 1.405486e-07 8.557286e-09      329
features.4                        60    -0.013006 1.480113e-07 5.863824e-09       65
features.15                      863    -0.012970 9.658073e-08 5.261789e-10      329
features.16                      266    -0.012960 1.615387e-07 8.603699e-10      329
features.16                      533    -0.012955 2.023255e-07 1.802670e-08      329
features.11                      175    -0.012946 1.251808e-07 2.889321e-08      169
features.7                       151    -0.012941 6.107942e-07 4.915771e-09      105
features.16                      175    -0.012923 1.957300e-07 1.541964e-08      329
features.16                      375    -0.012919 1.800245e-07 8.838817e-09      329
features.15                      587    -0.012877 1.204435e-07 5.039697e-09      329
features.15                      633    -0.012846 1.437020e-07 9.358492e-09      329
features.14                      247    -0.012840 8.044221e-07 3.371834e-09      265
features.11                      212    -0.012828 8.673997e-08 8.053374e-09      169
features.13                      540    -0.012790 3.803424e-08 4.997012e-09      201
features.6                        70    -0.012785 1.472981e-08 1.326340e-08       73
features.3                        24    -0.012767 2.283573e-08 2.631299e-09       57
features.10                      236    -0.012756 4.011591e-08 1.805324e-09      137
features.14                       17    -0.012649 5.906771e-07 1.989153e-09      265
features.12                      531    -0.012633 4.897918e-08 2.396800e-09      201
features.14                      330    -0.012623 4.594382e-07 1.126251e-09      265
features.16                      591    -0.012601 1.616419e-07 2.757580e-09      329
features.16                      858    -0.012591 1.731414e-07 7.643193e-09      329
features.15                      409    -0.012584 9.382314e-08 5.322063e-10      329
features.16                       21    -0.012573 1.940901e-07 1.653957e-08      329
features.11                       80    -0.012569 9.414912e-08 1.294537e-08      169
features.11                      164    -0.012564 8.887977e-08 1.005190e-08      169
features.16                      176    -0.012525 1.853243e-07 1.310469e-08      329
features.15                      827    -0.012511 1.025451e-07 2.233037e-09      329
features.3                        14    -0.012505 2.243895e-08 3.353666e-09       57
features.16                      867    -0.012499 1.624701e-07 3.635899e-09      329
features.15                      390    -0.012496 1.032950e-07 2.391706e-09      329
features.16                      436    -0.012489 1.584588e-07 2.003400e-09      329
features.11                      190    -0.012481 2.674916e-07 1.088492e-07      169
features.11                      351    -0.012468 8.900088e-08 1.041644e-08      169
features.7                       184    -0.012420 3.506634e-07 1.868194e-09      105
features.11                      217    -0.012386 9.072289e-08 1.162293e-08      169
features.11                      131    -0.012375 1.367449e-07 3.704537e-08      169
features.14                       20    -0.012340 7.218482e-07 2.902191e-09      265
features.10                      351    -0.012337 6.919978e-08 7.625368e-09      137
features.15                      782    -0.012323 1.385474e-07 9.105317e-09      329
features.12                      208    -0.012320 4.849650e-08 2.470840e-09      201
features.16                      918    -0.012283 1.724815e-07 8.956850e-09      329
features.7                        69    -0.012245 2.965273e-07 1.246597e-09      105
features.14                      286    -0.012192 5.204306e-07 1.594227e-09      265
features.11                       27    -0.012126 9.608349e-08 1.538562e-08      169
features.9                       167    -0.012122 5.335091e-08 2.120794e-09      137
features.11                       88    -0.012090 1.128007e-07 2.472005e-08      169
features.10                       63    -0.012085 4.991636e-08 4.013989e-09      137
features.16                      135    -0.012073 1.500923e-07 6.358181e-10      329
features.11                      358    -0.012072 1.464878e-07 4.336083e-08      169
features.10                       51    -0.012054 5.107641e-08 4.252372e-09      137
features.16                      856    -0.012048 1.636828e-07 6.476709e-09      329
features.11                      308    -0.012033 8.598546e-08 1.010450e-08      169
features.16                      923    -0.012028 1.859962e-07 1.595666e-08      329
features.14                      107    -0.012012 6.148667e-07 2.245147e-09      265
features.15                      925    -0.012007 1.280415e-07 7.593124e-09      329
features.8                       193    -0.011981 2.062416e-07 3.768086e-08      137
features.11                      193    -0.011960 1.310219e-07 3.517458e-08      169
features.15                      508    -0.011959 2.394493e-07 2.815082e-08      329
features.14                      159    -0.011956 6.020210e-07 2.168770e-09      265
features.13                      558    -0.011951 3.170962e-08 3.335270e-09      201
features.14                      358    -0.011930 6.127758e-07 2.243694e-09      265
features.15                      539    -0.011920 1.309329e-07 8.241252e-09      329
features.15                      329    -0.011905 9.614689e-08 1.861260e-09      329
features.10                      160    -0.011903 4.256631e-08 2.677158e-09      137
features.12                      388    -0.011897 4.382784e-08 1.838678e-09      201
features.16                      281    -0.011896 1.640937e-07 7.437686e-09      329
features.16                      489    -0.011874 1.471706e-07 4.372506e-10      329
features.12                      105    -0.011870 4.929027e-08 2.847867e-09      201
features.12                      192    -0.011869 5.458774e-08 3.813385e-09      201
features.4                        22    -0.011865 2.095151e-07 1.570303e-08       65
features.10                      303    -0.011848 3.345696e-08 9.409645e-10      137
features.16                      636    -0.011838 2.613951e-07 4.862218e-08      329
features.10                      255    -0.011833 2.413093e-07 4.114655e-08      137
features.16                      637    -0.011809 1.857984e-07 1.700692e-08      329
features.10                      266    -0.011802 5.065333e-08 4.288505e-09      137
features.16                      816    -0.011789 1.656924e-07 8.661611e-09      329
features.15                      175    -0.011782 8.912572e-08 7.333719e-10      329
features.16                      736    -0.011757 1.481413e-07 1.452293e-09      329
features.11                      209    -0.011749 8.280085e-08 9.226104e-09      169
features.11                       20    -0.011748 1.167830e-07 2.797833e-08      169
features.12                      149    -0.011745 3.644563e-08 5.723282e-10      201
features.16                      753    -0.011733 1.481189e-07 1.564331e-09      329
features.14                      150    -0.011726 5.691346e-07 1.986330e-09      265
features.11                      184    -0.011692 8.626290e-08 1.131366e-08      169
features.6                        14    -0.011648 1.554105e-08 2.220541e-08       73
features.12                      412    -0.011623 1.063006e-07 1.336192e-08      201
features.11                      316    -0.011593 8.501542e-08 1.093400e-08      169
features.13                      515    -0.011570 2.794127e-08 2.268338e-09      201
features.14                      433    -0.011534 3.259228e-07 4.090344e-10      265
features.6                       118    -0.011474 1.197810e-08 5.982764e-09       73
features.15                      879    -0.011474 9.909489e-08 2.977010e-09      329
features.15                      128    -0.011469 8.671133e-08 7.061047e-10      329
features.14                      252    -0.011467 1.047456e-06 5.184597e-09      265
features.11                      303    -0.011426 9.936129e-08 1.936632e-08      169
features.7                       122    -0.011422 5.706723e-07 4.720784e-09      105
features.16                      642    -0.011405 1.486341e-07 3.477851e-09      329
features.10                      111    -0.011390 7.992831e-08 1.014252e-08      137
