================================================================================
Channel Pruning Log
  iteration  : 20
  alpha      : 0.7000
  timestamp  : 2026-04-11 16:23:27
  remove_target  : 24193
  accum_removed  : 24193
  selected_channels : 97
  total_params   : 2289600
  active_after   : 727866
  model_sparsity : 68.2%
================================================================================

[ 레이어별 채널 제거 비율 ]
  layer                total_ch  this_iter    cumul  cumul_%
  ----------------------------------------------------------
  features.1                 32          0       27    84.4%
  features.2                 96          1       84    87.5%
  features.3                144          2      126    87.5%
  features.4                144          2      126    87.5%
  features.5                192          3      168    87.5%
  features.6                192          3      168    87.5%
  features.7                192          3      168    87.5%
  features.8                384          5      337    87.8%
  features.9                384          5      337    87.8%
  features.10               384          5      337    87.8%
  features.11               384          5      337    87.8%
  features.12               576          8      507    88.0%
  features.13               576          8      507    88.0%
  features.14               576          8      507    88.0%
  features.15               960         13      842    87.7%
  features.16               960         13      842    87.7%
  features.17               960         13      842    87.7%

[ 블록별 제거 채널 수 ]
  features.10: 5채널 제거
  features.11: 5채널 제거
  features.12: 8채널 제거
  features.13: 8채널 제거
  features.14: 8채널 제거
  features.15: 13채널 제거
  features.16: 13채널 제거
  features.17: 13채널 제거
  features.2: 1채널 제거
  features.3: 2채널 제거
  features.4: 2채널 제거
  features.5: 3채널 제거
  features.6: 3채널 제거
  features.7: 3채널 제거
  features.8: 5채널 제거
  features.9: 5채널 제거

[ 선택된 채널 상세 ]
block                             ch        score          phi         perf  weights
--------------------------------------------------------------------------------
features.2                         7    -0.186237 3.354271e-07 1.535263e-07       49
features.3                       135    -0.094177 4.124592e-08 1.192268e-05       57
features.3                        78    -0.084675 3.547465e-08 2.570775e-06       57
features.4                       118     0.016491 1.220277e-07 1.522467e-06       65
features.4                        59     0.018438 4.670481e-08 1.237602e-06       65
features.5                        76    -0.127182 5.792285e-08 1.760848e-06       73
features.5                        31    -0.118106 4.462467e-08 1.708776e-07       73
features.5                         7    -0.099380 4.192499e-08 8.429342e-07       73
features.6                        91    -0.031675 5.244077e-08 1.124469e-06       73
features.6                       170    -0.021281 2.563502e-08 1.465394e-07       73
features.6                       104    -0.017442 3.752176e-08 1.167684e-06       73
features.7                       126    -0.007131 6.493882e-06 4.716877e-06      105
features.7                        36     0.008178 1.341225e-06 1.129646e-06      105
features.7                        17     0.008354 1.013342e-06 8.885216e-07      105
features.8                       235    -0.032340 2.376327e-07 3.354004e-07      137
features.8                       104    -0.002450 2.354773e-07 5.159675e-07      137
features.8                       126     0.006854 1.020304e-07 2.726680e-07      137
features.8                        69     0.007612 9.961629e-08 2.719304e-07      137
features.8                       200     0.015326 9.944326e-08 3.193957e-07      137
features.9                       377    -0.036882 6.325302e-08 4.063449e-08      137
features.9                         5    -0.026280 9.729505e-08 2.837587e-07      137
features.9                       244    -0.024647 6.696009e-08 1.476199e-07      137
features.9                       225    -0.022245 1.505420e-07 5.728782e-07      137
features.9                        65    -0.019542 4.180025e-08 6.195735e-08      137
features.10                      123    -0.064478 1.628135e-07 2.501057e-07      137
features.10                      267    -0.048532 2.830483e-07 5.821047e-07      137
features.10                      258    -0.032451 3.374512e-08 7.605528e-09      137
features.10                       16    -0.030881 3.796020e-08 2.158760e-08      137
features.10                      277    -0.027889 3.169098e-08 1.313647e-08      137
features.11                      127    -0.036842 2.696138e-07 3.988579e-07      169
features.11                      155    -0.032876 2.839954e-07 6.813560e-07      169
features.11                      120    -0.030682 1.935024e-07 9.952016e-08      169
features.11                      264    -0.029009 2.528446e-07 6.180968e-07      169
features.11                      336    -0.028168 2.302504e-07 4.857724e-07      169
features.12                      310    -0.007324 5.531511e-08 1.236771e-07      201
features.12                      180    -0.002139 8.359320e-08 2.255580e-07      201
features.12                      509    -0.000894 1.079540e-07 2.993828e-07      201
features.12                      548     0.006141 6.204410e-08 2.008747e-07      201
features.12                      138     0.006300 7.225771e-09 4.757171e-08      201
features.12                      179     0.006818 2.868854e-08 1.101059e-07      201
features.12                      403     0.007472 4.686016e-08 1.639843e-07      201
features.12                       46     0.007618 2.061169e-08 9.088384e-08      201
features.13                      139    -0.020913 2.856011e-08 1.055831e-07      201
features.13                      269    -0.016876 3.593680e-08 1.816019e-07      201
features.13                      260    -0.016136 4.272860e-08 2.362166e-07      201
features.13                      204    -0.011442 8.928145e-09 7.677434e-09      201
features.13                      487    -0.010929 2.120237e-08 1.021201e-07      201
features.13                       15    -0.009557 3.260053e-08 1.944512e-07      201
features.13                      332    -0.006563 5.512793e-09 7.331910e-09      201
features.13                      228    -0.005051 6.678728e-09 2.386257e-08      201
features.14                      180     0.011385 3.831964e-08 1.369759e-08      265
features.14                      402     0.012659 2.904886e-08 1.436951e-08      265
features.14                      117     0.017482 1.169781e-06 9.154583e-08      265
features.14                      277     0.017967 7.198360e-07 6.346750e-08      265
features.14                      464     0.018741 9.662459e-07 7.987301e-08      265
features.14                      538     0.021352 8.354521e-08 2.643015e-08      265
features.14                      142     0.024690 1.241871e-07 3.231238e-08      265
features.14                      432     0.027322 5.069283e-08 3.025258e-08      265
features.15                      787    -0.082928 1.762631e-07 5.375536e-08      329
features.15                      712    -0.079103 1.892922e-07 1.760317e-07      329
features.15                      485    -0.075476 2.580351e-07 6.244363e-07      329
features.15                      541    -0.071606 1.651873e-07 1.229961e-07      329
features.15                      764    -0.070582 1.740903e-07 1.876515e-07      329
features.15                      776    -0.067354 1.612750e-07 1.504588e-07      329
features.15                      651    -0.065547 3.585290e-07 1.334927e-06      329
features.15                      490    -0.065509 1.554281e-07 1.379103e-07      329
features.15                      117    -0.063582 1.299457e-07 1.056590e-08      329
features.15                      157    -0.061955 1.419586e-07 1.007353e-07      329
features.15                      958    -0.061124 1.952867e-07 4.250220e-07      329
features.15                      232    -0.060620 1.300116e-07 4.615316e-08      329
features.15                       18    -0.060365 1.297873e-07 4.786513e-08      329
features.16                      796    -0.020142 2.401196e-07 1.056049e-08      329
features.16                      297    -0.016583 2.071206e-07 5.553421e-08      329
features.16                       32    -0.016051 2.180800e-07 1.411151e-07      329
features.16                      743    -0.015436 1.874992e-07 2.538299e-08      329
features.16                      821    -0.014766 2.041805e-07 1.474906e-07      329
features.16                      619    -0.012977 1.565112e-07 1.580394e-08      329
features.16                      396    -0.012290 1.861639e-07 2.032945e-07      329
features.16                      543    -0.012286 1.556714e-07 5.214470e-08      329
features.16                      127    -0.012091 1.760077e-07 1.645294e-07      329
features.16                      421    -0.012022 1.657842e-07 1.178367e-07      329
features.16                      179    -0.011726 1.477666e-07 4.577673e-08      329
features.16                      256    -0.011694 1.403690e-07 1.090456e-08      329
features.16                      195    -0.011298 1.424734e-07 4.459170e-08      329
features.17                      628    -0.263521 2.179326e-06 9.757424e-08      489
features.17                      555    -0.251070 1.955653e-06 4.852081e-08      489
features.17                      524    -0.218143 1.600145e-06 5.692391e-09      489
features.17                      574    -0.212405 1.560507e-06 6.446061e-09      489
features.17                       23    -0.206574 1.525252e-06 9.061497e-09      489
features.17                      534    -0.191317 1.482877e-06 3.426767e-08      489
features.17                      591    -0.186204 1.379829e-06 1.000183e-08      489
features.17                      366    -0.181771 1.367163e-06 1.719561e-08      489
features.17                      883    -0.181478 1.383728e-06 2.407879e-08      489
features.17                      677    -0.179375 1.529304e-06 8.330615e-08      489
features.17                      958    -0.177558 1.451361e-06 5.946597e-08      489
features.17                      510    -0.177540 1.317211e-06 1.011908e-08      489
features.17                       68    -0.175253 1.351345e-06 2.880539e-08      489
