================================================================================
Channel Pruning Log
  dataset    : CelebA
  impt_type  : 2
  seed       : 42
  iteration  : 3
  alpha      : 0.5000
  norm       : max
  timestamp  : 2026-08-31 20:13:58
  remove_target  : 144085
  accum_removed  : 144412
  selected_channels : 628
  gamma             : 0.0050
  cap_multiplier    : None
  remove_target_met : yes
  total_params   : 2289600
  active_after   : 1806739
  model_sparsity : 21.1%
================================================================================

[ 레이어별 채널 제거 비율 ]
  layer                total_ch  this_iter    cumul  cumul_%
  ----------------------------------------------------------
  features.1                 32          1       10    31.2%
  features.2                 96          5       35    36.5%
  features.3                144          9       26    18.1%
  features.4                144          4       25    17.4%
  features.5                192         22       58    30.2%
  features.6                192         27       47    24.5%
  features.7                192         21       52    27.1%
  features.8                384         73      133    34.6%
  features.9                384         22      122    31.8%
  features.10               384         24      152    39.6%
  features.11               384         36      155    40.4%
  features.12               576         60      161    28.0%
  features.13               576         52      158    27.4%
  features.14               576         75      221    38.4%
  features.15               960         92      233    24.3%
  features.16               960         55      324    33.8%
  features.17               960         50      157    16.4%

[ 레이어별 보호 영역 (γ=0.0050) ]
  layer                  active  protected  protect_%
  --------------------------------------------------
  features.1                 23          1       4.3%
  features.2                 66          1       1.5%
  features.3                127          1       0.8%
  features.4                123          1       0.8%
  features.5                156          1       0.6%
  features.6                172          1       0.6%
  features.7                161          1       0.6%
  features.8                324          2       0.6%
  features.9                284          2       0.7%
  features.10               256          2       0.8%
  features.11               265          2       0.8%
  features.12               475          3       0.6%
  features.13               470          3       0.6%
  features.14               430          3       0.7%
  features.15               819          5       0.6%
  features.16               691          4       0.6%
  features.17               853          5       0.6%

[ 블록별 제거 채널 수 ]
  features.1: 1채널 제거
  features.10: 24채널 제거
  features.11: 36채널 제거
  features.12: 60채널 제거
  features.13: 52채널 제거
  features.14: 75채널 제거
  features.15: 92채널 제거
  features.16: 55채널 제거
  features.17: 50채널 제거
  features.2: 5채널 제거
  features.3: 9채널 제거
  features.4: 4채널 제거
  features.5: 22채널 제거
  features.6: 27채널 제거
  features.7: 21채널 제거
  features.8: 73채널 제거
  features.9: 22채널 제거

[ 선택된 채널 상세 ]
  (phi/perf: raw, phi_n/perf_n: 정규화 후 값 — score = α·perf_n − (1−α)·phi_n)
block                             ch        score          phi         perf    phi_n   perf_n  weights
----------------------------------------------------------------------------------------------------
features.6                        38    -0.499364 4.062574e-03 2.628914e-09   1.0000   0.0013       73
features.8                       285    -0.497510 2.987087e-03 3.521936e-09   1.0000   0.0050      137
features.9                       345    -0.495927 4.020860e-03 1.481275e-09   1.0000   0.0081      137
features.15                      609    -0.495667 9.330047e-03 2.859317e-09   1.0000   0.0087      329
features.2                         8    -0.487640 2.154704e-02 3.360434e-07   1.0000   0.0247       49
features.10                      215    -0.485473 2.866405e-03 5.035801e-09   1.0000   0.0291      137
features.12                      422    -0.482920 4.029299e-03 6.345896e-09   0.9995   0.0337      201
features.10                      334    -0.480199 2.853221e-03 6.066708e-09   0.9954   0.0350      137
features.8                       158    -0.476802 2.852719e-03 9.998227e-10   0.9550   0.0014      137
features.8                       311    -0.476667 2.851532e-03 9.093919e-10   0.9546   0.0013      137
features.15                      431    -0.474593 8.864737e-03 3.110271e-10   0.9501   0.0009      329
features.13                       56    -0.473942 4.070456e-03 5.494243e-09   0.9797   0.0318      201
features.13                      203    -0.473671 4.154740e-03 9.089582e-09   1.0000   0.0527      201
features.15                        0    -0.472968 8.886408e-03 2.149215e-09   0.9525   0.0065      329
features.6                       190    -0.470120 3.830577e-03 5.486687e-09   0.9429   0.0027       73
features.5                        84    -0.465638 3.585726e-03 3.327987e-08   0.9399   0.0087       73
features.12                      454    -0.463774 3.966072e-03 1.060628e-08   0.9838   0.0563      201
features.13                      230    -0.458770 3.924640e-03 4.673816e-09   0.9446   0.0271      201
features.8                       152    -0.455509 2.752010e-03 7.273896e-09   0.9213   0.0103      137
features.8                        74    -0.450843 2.714348e-03 4.956909e-09   0.9087   0.0070      137
features.6                        52    -0.449687 3.842171e-03 9.585496e-08   0.9457   0.0464       73
features.13                       14    -0.445488 3.707141e-03 2.229989e-10   0.8923   0.0013      201
features.15                      313    -0.432585 8.115653e-03 1.540905e-09   0.8698   0.0047      329
features.13                      558    -0.424338 3.559818e-03 1.404005e-09   0.8568   0.0081      201
features.17                      842    -0.421080 7.324921e-03 6.690484e-10   0.8460   0.0039      489
features.8                        85    -0.413795 2.473709e-03 3.855243e-10   0.8281   0.0005      137
features.14                      101    -0.413604 1.097488e-02 2.370576e-08   1.0000   0.1728      265
features.5                        64    -0.412571 3.150113e-03 2.317654e-09   0.8257   0.0006       73
features.8                       106    -0.412058 2.861078e-03 9.456102e-08   0.9578   0.1337      137
features.8                       357    -0.404285 2.418153e-03 6.833183e-10   0.8095   0.0010      137
features.8                        91    -0.400694 2.486114e-03 2.185393e-08   0.8323   0.0309      137
features.13                      220    -0.396400 3.324441e-03 1.269656e-09   0.8002   0.0074      201
features.10                      152    -0.396226 2.307806e-03 2.196012e-09   0.8051   0.0127      137
features.12                      367    -0.389298 3.160514e-03 1.018638e-09   0.7840   0.0054      201
features.13                       11    -0.387982 3.288327e-03 2.675401e-09   0.7915   0.0155      201
features.8                       175    -0.387131 2.315769e-03 7.050168e-10   0.7753   0.0010      137
features.8                       135    -0.386473 2.386595e-03 1.840593e-08   0.7990   0.0260      137
features.8                       284    -0.385652 2.311461e-03 1.777078e-09   0.7738   0.0025      137
features.12                      395    -0.385504 3.219849e-03 5.222308e-09   0.7987   0.0277      201
features.15                      513    -0.383748 7.163863e-03 1.090469e-10   0.7678   0.0003      329
features.17                      677    -0.383418 6.683918e-03 8.909886e-10   0.7720   0.0052      489
features.13                      176    -0.382148 3.190140e-03 6.102428e-10   0.7678   0.0035      201
features.15                      300    -0.379505 7.124155e-03 1.504745e-09   0.7636   0.0046      329
features.14                      105    -0.379246 9.403026e-03 1.348399e-08   0.8568   0.0983      265
features.8                       105    -0.378212 2.555386e-03 7.005797e-08   0.8555   0.0991      137
features.6                       163    -0.378118 3.074873e-03 1.324916e-09   0.7569   0.0006       73
features.13                      554    -0.376718 3.230144e-03 4.146910e-09   0.7775   0.0240      201
features.9                       137    -0.375951 3.041396e-03 8.188055e-10   0.7564   0.0045      137
features.15                      459    -0.375576 7.024782e-03 5.833083e-10   0.7529   0.0018      329
features.13                      349    -0.373564 3.179744e-03 3.141680e-09   0.7653   0.0182      201
features.6                        92    -0.373291 3.058324e-03 1.286082e-08   0.7528   0.0062       73
features.8                       343    -0.371751 2.222638e-03 4.100186e-10   0.7441   0.0006      137
features.8                       193    -0.371216 2.375028e-03 3.724963e-08   0.7951   0.0527      137
features.12                       35    -0.370971 3.094156e-03 4.824122e-09   0.7675   0.0256      201
features.12                      278    -0.363022 2.967717e-03 1.909537e-09   0.7362   0.0101      201
features.15                      270    -0.362882 6.798998e-03 9.751955e-10   0.7287   0.0030      329
features.13                      244    -0.361827 3.287406e-03 1.166678e-08   0.7912   0.0676      201
features.8                        17    -0.360738 2.159220e-03 9.723669e-10   0.7229   0.0014      137
features.13                       58    -0.359936 3.047312e-03 2.344494e-09   0.7335   0.0136      201
features.8                       212    -0.359190 2.148607e-03 6.492024e-10   0.7193   0.0009      137
features.5                       172    -0.358277 2.796317e-03 6.324905e-08   0.7330   0.0164       73
features.12                      218    -0.352893 2.878625e-03 1.562101e-09   0.7141   0.0083      201
features.15                      352    -0.352658 6.846577e-03 9.403919e-09   0.7338   0.0285      329
features.14                      538    -0.352395 8.129462e-03 4.931107e-09   0.7407   0.0359      265
features.15                      193    -0.351998 6.656955e-03 3.134341e-09   0.7135   0.0095      329
features.5                       108    -0.350419 2.687034e-03 1.352682e-08   0.7044   0.0035       73
features.12                        0    -0.350080 2.854245e-03 1.482829e-09   0.7080   0.0079      201
features.15                      362    -0.348339 6.734983e-03 8.307844e-09   0.7219   0.0252      329
features.13                      300    -0.346384 2.988434e-03 4.576819e-09   0.7193   0.0265      201
features.8                        40    -0.343326 2.068172e-03 4.045027e-09   0.6924   0.0057      137
features.8                       371    -0.343008 2.062432e-03 3.135977e-09   0.6904   0.0044      137
features.12                      186    -0.342776 2.767836e-03 1.963262e-10   0.6866   0.0010      201
features.15                       72    -0.342749 6.753006e-03 1.263363e-08   0.7238   0.0383      329
features.12                      222    -0.342306 2.887543e-03 5.969439e-09   0.7163   0.0317      201
features.15                      543    -0.341681 6.408256e-03 1.147892e-09   0.6868   0.0035      329
features.3                        22    -0.341512 5.430860e-03 6.800968e-08   0.6883   0.0053       57
features.14                      196    -0.341475 8.915353e-03 1.775140e-08   0.8123   0.1294      265
features.14                      206    -0.341436 7.787748e-03 3.666509e-09   0.7096   0.0267      265
features.2                        67    -0.340142 1.500716e-02 2.202216e-07   0.6965   0.0162       49
features.13                      215    -0.339663 2.852724e-03 1.259004e-09   0.6866   0.0073      201
features.12                      479    -0.339280 2.940059e-03 9.564928e-09   0.7293   0.0508      201
features.7                       122    -0.338963 1.464985e-02 1.222626e-08   0.7076   0.0297      105
features.6                       168    -0.337707 2.773305e-03 1.495304e-08   0.6826   0.0072       73
features.15                      758    -0.337697 6.313422e-03 4.228955e-10   0.6767   0.0013      329
features.15                      269    -0.336182 6.298924e-03 9.098663e-10   0.6751   0.0028      329
features.13                      155    -0.334551 2.810619e-03 1.274220e-09   0.6765   0.0074      201
features.11                       49    -0.333324 4.487231e-03 1.846855e-09   0.6682   0.0016      169
features.13                      419    -0.333059 2.811517e-03 1.826866e-09   0.6767   0.0106      201
features.16                      675    -0.332803 8.608002e-03 1.071980e-08   0.6852   0.0196      329
features.14                      491    -0.332521 9.020211e-03 2.151904e-08   0.8219   0.1569      265
features.15                      496    -0.332434 6.211778e-03 3.017266e-10   0.6658   0.0009      329
features.14                       21    -0.331824 7.332565e-03 6.138252e-10   0.6681   0.0045      265
features.8                       317    -0.331394 2.004947e-03 5.952440e-09   0.6712   0.0084      137
features.8                        52    -0.329889 2.015301e-03 1.053300e-08   0.6747   0.0149      137
features.11                      357    -0.329107 4.450187e-03 5.277174e-09   0.6627   0.0045      169
features.13                      514    -0.328689 2.989564e-03 1.073250e-08   0.7196   0.0622      201
features.13                      115    -0.327931 2.815491e-03 3.762386e-09   0.6777   0.0218      201
features.13                      265    -0.327398 2.745830e-03 1.051966e-09   0.6609   0.0061      201
features.14                      474    -0.324550 7.153179e-03 3.674863e-10   0.6518   0.0027      265
features.9                       274    -0.322841 2.661167e-03 2.938121e-09   0.6618   0.0162      137
features.17                      224    -0.322801 5.601482e-03 2.376293e-10   0.6470   0.0014      489
features.13                      190    -0.321884 2.747337e-03 3.018273e-09   0.6613   0.0175      201
features.16                      797    -0.321845 8.111383e-03 1.075119e-09   0.6457   0.0020      329
features.8                       239    -0.321710 1.940783e-03 4.459462e-09   0.6497   0.0063      137
features.16                      803    -0.321186 8.203065e-03 5.792714e-09   0.6530   0.0106      329
features.4                        49    -0.319967 2.500301e-02 3.413147e-07   1.0000   0.3601       65
features.15                      559    -0.319844 6.028334e-03 2.121806e-09   0.6461   0.0064      329
features.17                      415    -0.319760 5.552173e-03 3.042356e-10   0.6413   0.0018      489
features.14                      485    -0.319527 8.673269e-03 2.074748e-08   0.7903   0.1512      265
features.15                      588    -0.317825 5.972862e-03 1.493082e-09   0.6402   0.0045      329
features.15                      558    -0.317732 5.948707e-03 7.000620e-10   0.6376   0.0021      329
features.8                       370    -0.316453 1.965643e-03 1.778096e-08   0.6580   0.0251      137
features.8                        24    -0.315907 1.917199e-03 7.082892e-09   0.6418   0.0100      137
features.8                       297    -0.315687 2.005619e-03 2.833010e-08   0.6714   0.0401      137
features.13                      442    -0.315478 3.017171e-03 1.644036e-08   0.7262   0.0952      201
features.13                      271    -0.314965 2.703733e-03 3.595481e-09   0.6508   0.0208      201
features.6                       139    -0.314530 2.754504e-03 1.012002e-07   0.6780   0.0490       73
features.16                       36    -0.314459 7.907696e-03 2.869235e-10   0.6294   0.0005      329
features.15                      423    -0.314317 6.050093e-03 6.538554e-09   0.6485   0.0198      329
features.13                      521    -0.313903 2.747120e-03 5.764640e-09   0.6612   0.0334      201
features.15                      626    -0.313674 5.883905e-03 1.086178e-09   0.6306   0.0033      329
features.8                       252    -0.312732 1.886079e-03 4.206135e-09   0.6314   0.0059      137
features.16                      947    -0.312652 7.876528e-03 9.069351e-10   0.6270   0.0017      329
features.13                      258    -0.311570 2.625675e-03 1.524211e-09   0.6320   0.0088      201
features.7                        43    -0.310811 1.610520e-02 6.433275e-08   0.7779   0.1563      105
features.14                      453    -0.309409 6.989899e-03 2.480619e-09   0.6369   0.0181      265
features.5                       161    -0.308936 2.380332e-03 2.341156e-08   0.6240   0.0061       73
features.6                        94    -0.308855 2.719442e-03 1.068213e-07   0.6694   0.0517       73
features.7                       138    -0.308538 1.762560e-02 9.642965e-08   0.8514   0.2343      105
features.15                      179    -0.308323 5.787890e-03 1.221913e-09   0.6203   0.0037      329
features.12                      569    -0.306991 2.725026e-03 1.168234e-08   0.6760   0.0620      201
features.8                       149    -0.306660 1.883514e-03 1.218703e-08   0.6306   0.0172      137
features.11                      143    -0.305824 4.208182e-03 1.765209e-08   0.6267   0.0150      169
features.5                       102    -0.305594 2.345767e-03 1.426963e-08   0.6149   0.0037       73
features.13                      548    -0.305285 2.548104e-03 4.713946e-10   0.6133   0.0027      201
features.13                      150    -0.305072 2.564167e-03 1.212332e-09   0.6172   0.0070      201
features.16                      754    -0.305028 7.718560e-03 2.370834e-09   0.6144   0.0043      329
features.15                      338    -0.303595 5.705014e-03 1.411243e-09   0.6115   0.0043      329
features.13                      307    -0.303584 2.524895e-03 9.431891e-11   0.6077   0.0005      201
features.8                       272    -0.303187 1.817226e-03 1.405145e-09   0.6084   0.0020      137
features.17                      317    -0.302596 5.360975e-03 2.415800e-09   0.6192   0.0140      489
features.8                       376    -0.302410 1.819405e-03 3.020569e-09   0.6091   0.0043      137
features.13                      219    -0.301032 2.515005e-03 5.644627e-10   0.6053   0.0033      201
features.2                        73    -0.300885 1.363541e-02 4.221092e-07   0.6328   0.0311       49
features.14                      470    -0.300744 6.684226e-03 1.037275e-09   0.6090   0.0076      265
features.13                       90    -0.300704 2.603489e-03 4.353736e-09   0.6266   0.0252      201
features.5                        65    -0.300429 2.353200e-03 6.148288e-08   0.6168   0.0160       73
features.15                      508    -0.300388 6.089712e-03 1.713009e-08   0.6527   0.0519      329
features.14                      137    -0.300158 7.169879e-03 7.268920e-09   0.6533   0.0530      265
features.8                       125    -0.299868 1.794862e-03 8.046456e-10   0.6009   0.0011      137
features.6                       103    -0.299313 2.436842e-03 2.480645e-09   0.5998   0.0012       73
features.15                      863    -0.298714 5.595945e-03 7.751756e-10   0.5998   0.0023      329
features.2                        53    -0.298095 1.316084e-02 1.985397e-07   0.6108   0.0146       49
features.13                      555    -0.297401 2.541076e-03 2.901096e-09   0.6116   0.0168      201
features.17                        1    -0.297028 5.155136e-03 2.362365e-10   0.5954   0.0014      489
features.8                        94    -0.296994 1.776304e-03 4.753217e-10   0.5947   0.0007      137
features.13                       93    -0.296849 2.553436e-03 3.605088e-09   0.6146   0.0209      201
features.15                        8    -0.295860 5.581931e-03 2.162273e-09   0.5983   0.0066      329
features.12                      141    -0.295765 2.406402e-03 1.018809e-09   0.5969   0.0054      201
features.7                       188    -0.294952 1.364092e-02 2.839673e-08   0.6589   0.0690      105
features.8                        81    -0.294293 1.766884e-03 2.065697e-09   0.5915   0.0029      137
features.16                      147    -0.294183 7.407831e-03 7.040731e-10   0.5897   0.0013      329
features.8                       170    -0.294010 1.765557e-03 2.152625e-09   0.5911   0.0030      137
features.6                       184    -0.293204 2.391138e-03 4.485738e-09   0.5886   0.0022       73
features.15                      464    -0.292496 5.686116e-03 8.066300e-09   0.6094   0.0244      329
features.10                      366    -0.291312 1.722699e-03 3.184214e-09   0.6010   0.0184      137
features.13                      501    -0.291203 2.440248e-03 8.516894e-10   0.5873   0.0049      201
features.5                       160    -0.290920 2.241886e-03 2.241041e-08   0.5877   0.0058       73
features.16                      852    -0.290775 7.430266e-03 5.414113e-09   0.5914   0.0099      329
features.13                       85    -0.290724 2.429453e-03 5.686721e-10   0.5847   0.0033      201
features.6                         7    -0.290420 2.400198e-03 2.060078e-08   0.5908   0.0100       73
features.8                       243    -0.290305 1.736877e-03 6.025603e-10   0.5815   0.0009      137
features.15                      746    -0.290085 5.447304e-03 1.212333e-09   0.5838   0.0037      329
features.15                      390    -0.289836 5.436493e-03 9.946357e-10   0.5827   0.0030      329
features.3                       124    -0.289663 4.901218e-03 5.383069e-07   0.6212   0.0419       57
features.16                      728    -0.289275 7.345024e-03 3.341829e-09   0.5847   0.0061      329
features.7                       150    -0.287993 1.343155e-02 2.996255e-08   0.6488   0.0728      105
features.8                        93    -0.287874 1.725984e-03 1.462448e-09   0.5778   0.0021      137
features.14                        3    -0.287683 8.291976e-03 2.471863e-08   0.7555   0.1802      265
features.8                       165    -0.287657 1.762577e-03 1.043249e-08   0.5901   0.0148      137
features.14                      471    -0.287374 8.406395e-03 2.623386e-08   0.7660   0.1912      265
features.12                      399    -0.286691 2.361511e-03 2.340080e-09   0.5858   0.0124      201
features.17                      726    -0.286273 5.030680e-03 1.466840e-09   0.5811   0.0085      489
features.15                      860    -0.285566 5.342957e-03 5.047649e-10   0.5727   0.0015      329
features.8                       111    -0.285491 1.839074e-03 3.160918e-08   0.6157   0.0447      137
features.14                      369    -0.285077 6.348882e-03 1.143941e-09   0.5785   0.0083      265
features.3                        79    -0.283290 5.690982e-03 1.989466e-06   0.7213   0.1547       57
features.14                      326    -0.283288 6.641923e-03 5.297999e-09   0.6052   0.0386      265
features.8                        50    -0.282910 1.719940e-03 7.053010e-09   0.5758   0.0100      137
features.11                      275    -0.282339 4.351910e-03 9.802410e-08   0.6481   0.0834      169
features.12                      341    -0.281773 2.351446e-03 3.723195e-09   0.5833   0.0198      201
features.7                        65    -0.281721 1.271648e-02 2.090896e-08   0.6142   0.0508      105
features.8                       217    -0.281685 1.689207e-03 1.508740e-09   0.5655   0.0021      137
features.8                       342    -0.281386 1.749148e-03 1.612483e-08   0.5856   0.0228      137
features.12                       50    -0.281273 2.635253e-03 1.717905e-08   0.6537   0.0912      201
features.17                      423    -0.280096 4.990695e-03 2.800863e-09   0.5764   0.0162      489
features.9                       239    -0.280049 2.402708e-03 6.812328e-09   0.5976   0.0375      137
features.13                      532    -0.279868 2.352339e-03 1.112730e-09   0.5662   0.0064      201
features.8                       358    -0.279797 1.676168e-03 1.091558e-09   0.5611   0.0015      137
features.10                      212    -0.279331 1.619858e-03 1.119050e-09   0.5651   0.0065      137
features.7                       181    -0.279056 1.335146e-02 3.572649e-08   0.6449   0.0868      105
features.16                      913    -0.278486 7.000340e-03 1.338549e-10   0.5572   0.0002      329
features.14                      385    -0.278230 9.320679e-03 4.017177e-08   0.8493   0.2928      265
features.13                      355    -0.277472 2.402393e-03 4.019338e-09   0.5782   0.0233      201
features.12                      572    -0.277326 2.318030e-03 3.837091e-09   0.5750   0.0204      201
features.14                      320    -0.276197 7.215798e-03 1.441744e-08   0.6575   0.1051      265
features.15                      602    -0.275870 5.179737e-03 1.130656e-09   0.5552   0.0034      329
features.15                      435    -0.275482 5.160012e-03 6.894286e-10   0.5531   0.0021      329
features.17                      334    -0.275114 4.770696e-03 1.371840e-10   0.5510   0.0008      489
features.12                      336    -0.274958 2.348143e-03 6.137409e-09   0.5825   0.0326      201
features.8                       253    -0.274950 1.679184e-03 8.661882e-09   0.5621   0.0122      137
features.8                       302    -0.274211 1.693815e-03 1.317186e-08   0.5670   0.0186      137
features.15                      404    -0.274145 5.207863e-03 3.263406e-09   0.5582   0.0099      329
features.17                      944    -0.274037 4.762344e-03 3.421554e-10   0.5501   0.0020      489
features.15                      242    -0.273721 5.129624e-03 7.768013e-10   0.5498   0.0024      329
features.17                      471    -0.271999 4.757530e-03 9.491714e-10   0.5495   0.0055      489
features.12                       17    -0.271941 2.256240e-03 2.978326e-09   0.5597   0.0158      201
features.16                      550    -0.271913 6.881344e-03 2.145523e-09   0.5477   0.0039      329
features.10                      213    -0.271744 1.637559e-03 4.819408e-09   0.5713   0.0278      137
features.11                      253    -0.271472 3.683893e-03 6.636120e-09   0.5486   0.0056      169
features.16                      632    -0.271273 6.832612e-03 7.229790e-10   0.5439   0.0013      329
features.14                      204    -0.271164 6.037434e-03 1.068066e-09   0.5501   0.0078      265
features.13                      141    -0.271017 2.657750e-03 1.685687e-08   0.6397   0.0977      201
features.7                        31    -0.270797 2.070261e-02 1.886685e-07   1.0000   0.4584      105
features.13                       88    -0.270733 2.271574e-03 9.110085e-10   0.5467   0.0053      201
features.10                      187    -0.270187 1.591213e-03 2.556641e-09   0.5551   0.0148      137
features.11                      176    -0.269916 4.729730e-03 1.933652e-07   0.7043   0.1645      169
features.14                      435    -0.269375 6.105978e-03 2.415896e-09   0.5564   0.0176      265
features.12                      110    -0.268908 2.188076e-03 9.350432e-10   0.5428   0.0050      201
features.8                       378    -0.268610 1.624699e-03 4.729277e-09   0.5439   0.0067      137
features.11                      307    -0.268544 3.634276e-03 4.834226e-09   0.5412   0.0041      169
features.17                      807    -0.267459 4.647351e-03 3.205053e-10   0.5368   0.0019      489
features.14                      305    -0.267301 5.949563e-03 1.029838e-09   0.5421   0.0075      265
features.8                       107    -0.266900 1.631450e-03 8.747720e-09   0.5462   0.0124      137
features.10                       89    -0.266541 1.634452e-03 6.435034e-09   0.5702   0.0371      137
features.15                      943    -0.266487 5.026151e-03 1.890874e-09   0.5387   0.0057      329
features.10                      174    -0.266136 1.537996e-03 7.430288e-10   0.5366   0.0043      137
features.12                      323    -0.265944 2.918005e-03 3.617470e-08   0.7238   0.1920      201
features.15                      621    -0.265892 5.044407e-03 2.929156e-09   0.5407   0.0089      329
features.14                      505    -0.264398 5.846699e-03 5.402468e-10   0.5327   0.0039      265
features.7                       115    -0.263286 1.159057e-02 1.370033e-08   0.5599   0.0333      105
features.8                       126    -0.262434 1.807589e-03 5.677061e-08   0.6051   0.0803      137
features.12                      564    -0.262324 2.572994e-03 2.141044e-08   0.6383   0.1136      201
features.15                      221    -0.261860 5.081869e-03 6.914127e-09   0.5447   0.0210      329
features.5                       154    -0.261645 1.999734e-03 3.474340e-09   0.5242   0.0009       73
features.8                        98    -0.261307 1.565230e-03 9.793907e-10   0.5240   0.0014      137
features.17                       30    -0.261238 4.681481e-03 3.146003e-09   0.5407   0.0182      489
features.3                       114    -0.261111 4.297703e-03 2.890185e-07   0.5447   0.0225       57
features.14                      244    -0.261014 5.923200e-03 2.425138e-09   0.5397   0.0177      265
features.12                      292    -0.260927 2.132678e-03 1.353418e-09   0.5290   0.0072      201
features.11                      226    -0.260742 3.613660e-03 1.956738e-08   0.5381   0.0166      169
features.6                       128    -0.260178 2.122289e-03 4.226758e-09   0.5224   0.0020       73
features.13                      551    -0.259865 2.299218e-03 5.811437e-09   0.5534   0.0337      201
features.12                      441    -0.258912 2.098735e-03 5.259437e-10   0.5206   0.0028      201
features.5                       134    -0.258326 2.336398e-03 3.683242e-07   0.6124   0.0958       73
features.8                       100    -0.258182 1.549826e-03 1.752987e-09   0.5188   0.0025      137
features.16                      633    -0.257839 6.480128e-03 7.211658e-11   0.5158   0.0001      329
features.12                      270    -0.257742 2.096346e-03 8.551573e-10   0.5200   0.0045      201
features.15                      137    -0.257727 4.820953e-03 4.154325e-10   0.5167   0.0013      329
features.12                      561    -0.257150 2.316683e-03 1.137872e-08   0.5747   0.0604      201
features.15                      383    -0.257116 4.833436e-03 1.259515e-09   0.5181   0.0038      329
features.13                      473    -0.256811 2.237824e-03 4.314956e-09   0.5386   0.0250      201
features.11                      189    -0.256720 3.555091e-03 1.877213e-08   0.5294   0.0160      169
features.15                      697    -0.256594 5.183177e-03 1.397103e-08   0.5555   0.0423      329
features.16                      925    -0.256423 6.543667e-03 4.391172e-09   0.5209   0.0080      329
features.12                      527    -0.255885 2.619633e-03 2.601783e-08   0.6498   0.1381      201
features.14                      506    -0.255693 6.204963e-03 7.407379e-09   0.5654   0.0540      265
features.15                      794    -0.254927 4.781176e-03 8.561543e-10   0.5124   0.0026      329
features.9                        40    -0.254600 2.325684e-03 1.258410e-08   0.5784   0.0692      137
features.15                      534    -0.254461 4.852060e-03 3.670412e-09   0.5200   0.0111      329
features.12                       12    -0.254096 4.031260e-03 9.268245e-08   1.0000   0.4918      201
features.3                        99    -0.253875 4.104299e-03 1.598839e-07   0.5202   0.0124       57
features.15                      722    -0.253578 4.972189e-03 8.500791e-09   0.5329   0.0258      329
features.11                      310    -0.253069 3.455045e-03 9.841938e-09   0.5145   0.0084      169
features.14                      452    -0.252923 5.855180e-03 3.794998e-09   0.5335   0.0277      265
features.16                      883    -0.252824 6.359385e-03 3.009406e-10   0.5062   0.0005      329
features.12                      101    -0.252601 2.052194e-03 7.289361e-10   0.5091   0.0039      201
features.13                      423    -0.252541 2.114562e-03 6.677860e-10   0.5090   0.0039      201
features.5                        30    -0.252047 1.923915e-03 8.667926e-10   0.5043   0.0002       73
features.12                      174    -0.251647 2.054177e-03 1.181274e-09   0.5096   0.0063      201
features.11                      108    -0.251215 3.841116e-03 8.178091e-08   0.5720   0.0696      169
features.15                      720    -0.251089 4.696318e-03 3.876995e-10   0.5034   0.0012      329
features.8                        49    -0.250792 1.636740e-03 3.278468e-08   0.5479   0.0464      137
features.14                      403    -0.250785 5.643685e-03 1.737865e-09   0.5142   0.0127      265
features.6                        18    -0.250496 2.044722e-03 4.784726e-09   0.5033   0.0023       73
features.17                      670    -0.250400 4.341154e-03 1.054191e-10   0.5014   0.0006      489
features.6                       114    -0.250268 2.203965e-03 8.675079e-08   0.5425   0.0420       73
features.15                      672    -0.249480 5.142583e-03 1.722978e-08   0.5512   0.0522      329
features.6                       179    -0.249438 2.073965e-03 2.403679e-08   0.5105   0.0116       73
features.15                      120    -0.249409 4.671331e-03 6.126562e-10   0.5007   0.0019      329
features.12                      112    -0.249151 2.044093e-03 1.650678e-09   0.5071   0.0088      201
features.12                      390    -0.248883 2.012639e-03 2.813565e-10   0.4993   0.0015      201
features.16                      139    -0.248819 6.272913e-03 9.185922e-10   0.4993   0.0017      329
features.12                       24    -0.248654 2.129796e-03 5.844296e-09   0.5283   0.0310      201
features.8                       242    -0.248519 1.498245e-03 3.208013e-09   0.5016   0.0045      137
features.6                        29    -0.248134 2.437253e-03 2.142638e-07   0.5999   0.1037       73
features.14                       23    -0.247998 5.542748e-03 1.240765e-09   0.5050   0.0090      265
features.15                       51    -0.247840 4.683956e-03 2.094741e-09   0.5020   0.0063      329
features.14                       30    -0.247424 6.976453e-03 1.932040e-08   0.6357   0.1408      265
features.15                       48    -0.246883 4.615850e-03 3.177191e-10   0.4947   0.0010      329
features.16                      183    -0.246673 6.219610e-03 9.446492e-10   0.4951   0.0017      329
features.14                      130    -0.246203 5.461396e-03 7.163962e-10   0.4976   0.0052      265
features.13                       18    -0.245995 2.096278e-03 2.168157e-09   0.5046   0.0126      201
features.12                       71    -0.245188 1.994252e-03 8.142111e-10   0.4947   0.0043      201
features.7                        84    -0.245051 1.225888e-02 4.199729e-08   0.5921   0.1020      105
features.16                      583    -0.244664 6.169072e-03 9.424899e-10   0.4910   0.0017      329
features.12                      213    -0.244619 1.985267e-03 6.086733e-10   0.4925   0.0032      201
features.15                      909    -0.244584 4.573022e-03 3.205710e-10   0.4901   0.0010      329
features.17                       69    -0.244281 4.282007e-03 1.037464e-09   0.4946   0.0060      489
features.15                      476    -0.244088 4.601770e-03 1.664374e-09   0.4932   0.0050      329
features.8                        53    -0.244011 1.473349e-03 3.689724e-09   0.4932   0.0052      137
features.14                      493    -0.243650 5.453548e-03 1.318600e-09   0.4969   0.0096      265
features.11                      154    -0.243275 3.335559e-03 1.195256e-08   0.4967   0.0102      169
features.15                      951    -0.242916 4.777063e-03 8.635924e-09   0.5120   0.0262      329
features.11                      171    -0.242661 4.354560e-03 1.917686e-07   0.6485   0.1631      169
features.8                       383    -0.242628 1.458900e-03 2.224718e-09   0.4884   0.0031      137
features.9                       194    -0.242459 2.259358e-03 1.399988e-08   0.5619   0.0770      137
features.8                       332    -0.242341 1.464739e-03 4.012906e-09   0.4904   0.0057      137
features.13                      226    -0.241244 2.069154e-03 2.681541e-09   0.4980   0.0155      201
features.15                      792    -0.241207 4.516665e-03 5.557261e-10   0.4841   0.0017      329
features.14                      239    -0.241104 5.825266e-03 6.664047e-09   0.5308   0.0486      265
features.13                      268    -0.240916 2.040192e-03 1.591517e-09   0.4911   0.0092      201
features.12                      234    -0.240845 2.048864e-03 5.004158e-09   0.5082   0.0266      201
features.8                        27    -0.240819 1.509660e-03 1.680235e-08   0.5054   0.0238      137
features.17                      452    -0.240638 4.181530e-03 2.927642e-10   0.4830   0.0017      489
features.10                      136    -0.240161 1.381247e-03 2.691457e-10   0.4819   0.0016      137
features.9                        33    -0.239876 1.978355e-03 2.231404e-09   0.4920   0.0123      137
features.17                      244    -0.239805 4.167721e-03 3.050853e-10   0.4814   0.0018      489
features.15                      319    -0.239368 4.630493e-03 5.794217e-09   0.4963   0.0176      329
features.15                      823    -0.239217 4.466787e-03 1.051329e-10   0.4788   0.0003      329
features.7                         9    -0.239161 1.075474e-02 1.694211e-08   0.5195   0.0412      105
features.9                       241    -0.239067 2.095143e-03 7.807316e-09   0.5211   0.0429      137
features.12                      178    -0.239049 1.995808e-03 3.200980e-09   0.4951   0.0170      201
features.14                      502    -0.238797 5.406275e-03 2.059413e-09   0.4926   0.0150      265
features.15                      875    -0.238538 4.554762e-03 3.664102e-09   0.4882   0.0111      329
features.5                        45    -0.238412 1.836208e-03 1.731544e-08   0.4813   0.0045       73
features.8                       191    -0.238240 1.452071e-03 6.814934e-09   0.4861   0.0096      137
features.17                      790    -0.238201 4.247254e-03 2.442431e-09   0.4906   0.0142      489
features.16                       76    -0.238190 5.992940e-03 3.558206e-10   0.4770   0.0006      329
features.16                      729    -0.237832 6.040470e-03 2.818845e-09   0.4808   0.0051      329
features.17                      341    -0.237831 4.156971e-03 7.715441e-10   0.4801   0.0045      489
features.14                      463    -0.237829 6.933174e-03 2.141189e-08   0.6317   0.1561      265
features.15                      907    -0.237484 4.488620e-03 2.020995e-09   0.4811   0.0061      329
features.15                       83    -0.237402 4.457042e-03 9.582487e-10   0.4777   0.0029      329
features.17                      216    -0.236576 4.106128e-03 1.918512e-10   0.4743   0.0011      489
features.17                       22    -0.236386 4.202082e-03 2.168455e-09   0.4853   0.0126      489
features.11                      100    -0.236385 3.424010e-03 4.363277e-08   0.5099   0.0371      169
features.12                      208    -0.236283 1.996120e-03 4.258021e-09   0.4952   0.0226      201
features.15                      567    -0.236257 4.423067e-03 5.123407e-10   0.4741   0.0016      329
features.14                      575    -0.236211 5.341075e-03 1.953981e-09   0.4867   0.0142      265
features.16                      334    -0.235958 6.028405e-03 4.345828e-09   0.4799   0.0079      329
features.15                      817    -0.235701 4.564866e-03 5.893410e-09   0.4893   0.0179      329
features.8                       201    -0.235472 1.440715e-03 8.041983e-09   0.4823   0.0114      137
features.16                      676    -0.235456 6.063924e-03 6.442867e-09   0.4827   0.0118      329
features.8                       197    -0.235251 1.436131e-03 7.269378e-09   0.4808   0.0103      137
features.15                      497    -0.235234 4.528662e-03 4.921397e-09   0.4854   0.0149      329
features.8                        67    -0.235176 1.421123e-03 3.822115e-09   0.4758   0.0054      137
features.17                      425    -0.234952 4.081460e-03 2.607614e-10   0.4714   0.0015      489
features.16                      482    -0.234814 5.939430e-03 1.720830e-09   0.4728   0.0031      329
features.14                      265    -0.234804 5.184364e-03 3.808981e-10   0.4724   0.0028      265
features.14                      235    -0.234685 5.576233e-03 5.312232e-09   0.5081   0.0387      265
features.16                      280    -0.234619 5.925047e-03 1.307366e-09   0.4716   0.0024      329
features.14                       12    -0.234495 5.172262e-03 3.143434e-10   0.4713   0.0023      265
features.14                      237    -0.234472 5.279021e-03 1.655231e-09   0.4810   0.0121      265
features.10                      103    -0.234423 1.396745e-03 3.195097e-09   0.4873   0.0184      137
features.14                      183    -0.234284 5.909318e-03 9.585904e-09   0.5384   0.0699      265
features.15                      100    -0.233878 4.657351e-03 1.036636e-08   0.4992   0.0314      329
features.8                        31    -0.233838 1.516204e-03 2.822734e-08   0.5076   0.0399      137
features.15                      913    -0.233799 4.439001e-03 2.697350e-09   0.4758   0.0082      329
features.15                      257    -0.233797 4.493094e-03 4.611449e-09   0.4816   0.0140      329
features.17                      293    -0.233747 4.175577e-03 2.550604e-09   0.4823   0.0148      489
features.8                       359    -0.233440 1.528027e-03 3.158952e-08   0.5115   0.0447      137
features.15                      245    -0.233007 5.479123e-03 3.999926e-08   0.5873   0.1212      329
features.17                      800    -0.232905 4.043444e-03 2.094064e-10   0.4670   0.0012      489
features.16                      899    -0.232859 5.889130e-03 1.668618e-09   0.4688   0.0030      329
features.5                        73    -0.232742 1.780892e-03 5.166238e-09   0.4668   0.0013       73
features.11                      286    -0.232580 3.148001e-03 4.263869e-09   0.4688   0.0036      169
features.12                      279    -0.232508 1.938135e-03 2.970012e-09   0.4808   0.0158      201
features.13                       68    -0.232270 1.966843e-03 1.528768e-09   0.4734   0.0089      201
features.11                        4    -0.232094 3.289037e-03 3.009464e-08   0.4898   0.0256      169
features.15                      649    -0.231822 4.403039e-03 2.730639e-09   0.4719   0.0083      329
features.7                       130    -0.231793 1.113410e-02 3.054933e-08   0.5378   0.0742      105
features.14                       61    -0.231784 5.183806e-03 1.202540e-09   0.4723   0.0088      265
features.7                       144    -0.231732 1.137829e-02 3.545418e-08   0.5496   0.0861      105
features.15                        4    -0.231352 4.588706e-03 9.605619e-09   0.4918   0.0291      329
features.6                        44    -0.231190 1.900912e-03 1.142536e-08   0.4679   0.0055       73
features.16                      805    -0.231182 5.986744e-03 7.760027e-09   0.4765   0.0142      329
features.14                       44    -0.231142 5.289168e-03 2.695813e-09   0.4819   0.0196      265
features.5                        58    -0.230758 2.036302e-03 2.778545e-07   0.5338   0.0723       73
features.14                      132    -0.230513 5.501834e-03 5.526747e-09   0.5013   0.0403      265
features.9                       253    -0.230330 1.939257e-03 3.934770e-09   0.4823   0.0216      137
features.16                       49    -0.230104 5.784327e-03 1.182159e-10   0.4604   0.0002      329
features.11                        5    -0.229643 3.101667e-03 3.058209e-09   0.4619   0.0026      169
features.16                      374    -0.229558 5.802640e-03 1.514441e-09   0.4619   0.0028      329
features.10                       83    -0.229413 1.807550e-03 2.977188e-08   0.6306   0.1718      137
features.15                      766    -0.229157 4.287585e-03 4.064581e-10   0.4595   0.0012      329
features.14                        7    -0.228866 5.686742e-03 8.290183e-09   0.5182   0.0604      265
features.14                      413    -0.228622 5.050307e-03 4.013346e-10   0.4602   0.0029      265
features.17                      364    -0.228215 4.197409e-03 4.893477e-09   0.4848   0.0284      489
features.16                      586    -0.228158 5.752195e-03 8.487727e-10   0.4579   0.0016      329
features.10                       77    -0.228038 1.349475e-03 2.550459e-09   0.4708   0.0147      137
features.10                      320    -0.227776 1.413954e-03 6.539855e-09   0.4933   0.0377      137
features.13                      135    -0.227570 1.907880e-03 7.016678e-10   0.4592   0.0041      201
features.11                       14    -0.227314 3.085287e-03 5.665547e-09   0.4594   0.0048      169
features.13                      389    -0.226999 2.283849e-03 1.651891e-08   0.5497   0.0957      201
features.10                      364    -0.226886 1.307234e-03 3.953237e-10   0.4561   0.0023      137
features.14                      467    -0.226356 6.076845e-03 1.385535e-08   0.5537   0.1010      265
features.17                      147    -0.226342 4.074633e-03 3.094258e-09   0.4706   0.0179      489
features.10                        7    -0.226217 1.607317e-03 1.877249e-08   0.5607   0.1083      137
features.11                       12    -0.226190 3.051078e-03 2.320288e-09   0.4544   0.0020      169
features.5                        95    -0.226001 1.820610e-03 9.704208e-08   0.4772   0.0252       73
features.15                      200    -0.225694 4.240019e-03 1.009191e-09   0.4544   0.0031      329
features.13                      472    -0.225505 1.902354e-03 1.185217e-09   0.4579   0.0069      201
features.12                      162    -0.225487 1.884418e-03 3.105347e-09   0.4675   0.0165      201
features.11                      366    -0.225297 3.045015e-03 3.357290e-09   0.4535   0.0029      169
features.10                      145    -0.224935 1.313135e-03 1.428477e-09   0.4581   0.0082      137
features.5                       165    -0.224919 1.749046e-03 3.323052e-08   0.4585   0.0086       73
features.16                      333    -0.224785 5.677601e-03 1.291503e-09   0.4519   0.0024      329
features.3                       117    -0.224763 4.441474e-03 1.458204e-06   0.5629   0.1134       57
features.7                        52    -0.224489 1.084316e-02 3.077723e-08   0.5238   0.0748      105
features.17                      436    -0.224408 3.913560e-03 5.530116e-10   0.4520   0.0032      489
features.11                       61    -0.224280 3.048175e-03 6.303077e-09   0.4539   0.0054      169
features.17                      781    -0.223975 3.919882e-03 8.283025e-10   0.4528   0.0048      489
features.15                      380    -0.223969 4.539547e-03 1.273871e-08   0.4866   0.0386      329
features.9                       278    -0.223933 2.115922e-03 1.425088e-08   0.5262   0.0784      137
features.16                      877    -0.223921 5.652578e-03 1.147312e-09   0.4499   0.0021      329
features.6                        86    -0.223869 1.828211e-03 4.702954e-09   0.4500   0.0023       73
features.16                      869    -0.223856 5.632814e-03 3.568691e-10   0.4484   0.0007      329
features.10                      162    -0.223802 1.529779e-03 1.492112e-08   0.5337   0.0861      137
features.13                      482    -0.223746 2.100934e-03 1.004255e-08   0.5057   0.0582      201
features.17                      117    -0.223727 3.929764e-03 1.110675e-09   0.4539   0.0064      489
features.16                      393    -0.223623 5.634663e-03 6.931512e-10   0.4485   0.0013      329
features.17                       88    -0.223590 3.916274e-03 8.890590e-10   0.4523   0.0052      489
features.16                      921    -0.223517 5.628010e-03 5.184075e-10   0.4480   0.0009      329
features.7                       140    -0.223191 9.535053e-03 5.840151e-09   0.4606   0.0142      105
features.12                      465    -0.223105 1.815399e-03 7.766243e-10   0.4503   0.0041      201
features.11                       88    -0.222887 3.086038e-03 1.620597e-08   0.4596   0.0138      169
features.12                       44    -0.222597 1.857107e-03 2.917818e-09   0.4607   0.0155      201
features.6                        74    -0.222504 1.838755e-03 1.571102e-08   0.4526   0.0076       73
features.14                       50    -0.222331 5.940740e-03 1.325845e-08   0.5413   0.0966      265
features.16                      449    -0.221980 5.578777e-03 5.615248e-11   0.4441   0.0001      329
features.17                      593    -0.221831 3.928903e-03 1.747209e-09   0.4538   0.0101      489
features.11                      182    -0.221594 2.991610e-03 2.714929e-09   0.4455   0.0023      169
features.12                      378    -0.221430 1.807386e-03 1.033158e-09   0.4483   0.0055      201
features.17                      623    -0.221202 3.909200e-03 1.571859e-09   0.4515   0.0091      489
features.14                      477    -0.221145 5.116292e-03 3.277871e-09   0.4662   0.0239      265
features.16                      753    -0.221126 5.563156e-03 3.102218e-10   0.4428   0.0006      329
features.14                      443    -0.221031 5.096859e-03 3.066240e-09   0.4644   0.0224      265
features.14                      409    -0.220967 5.281264e-03 5.388881e-09   0.4812   0.0393      265
features.15                      655    -0.220920 4.123693e-03 4.602280e-11   0.4420   0.0001      329
features.12                      426    -0.220842 1.843520e-03 2.943878e-09   0.4573   0.0156      201
features.11                       87    -0.220650 2.974201e-03 1.887845e-09   0.4429   0.0016      169
features.16                      501    -0.220645 5.555738e-03 5.141443e-10   0.4422   0.0009      329
features.6                         5    -0.220616 1.811269e-03 9.531012e-09   0.4458   0.0046       73
features.15                      805    -0.219916 4.158821e-03 1.950658e-09   0.4457   0.0059      329
features.17                      520    -0.219531 3.841325e-03 7.963796e-10   0.4437   0.0046      489
features.17                      542    -0.219186 3.927194e-03 2.625352e-09   0.4536   0.0152      489
features.8                       109    -0.218938 1.337445e-03 6.977646e-09   0.4477   0.0099      137
features.9                       357    -0.218677 1.988324e-03 1.039178e-08   0.4945   0.0571      137
features.10                       98    -0.218393 1.317538e-03 3.962536e-09   0.4596   0.0229      137
features.3                       140    -0.218344 3.603040e-03 2.567593e-07   0.4567   0.0200       57
features.15                      796    -0.218336 4.088643e-03 5.119832e-10   0.4382   0.0016      329
features.16                      849    -0.217535 5.470708e-03 2.134489e-10   0.4355   0.0004      329
features.17                      600    -0.217514 3.887761e-03 2.416832e-09   0.4490   0.0140      489
features.14                      546    -0.217476 5.000202e-03 2.833358e-09   0.4556   0.0207      265
features.14                      127    -0.217294 5.409218e-03 7.996201e-09   0.4929   0.0583      265
features.16                      806    -0.217178 5.515241e-03 2.545241e-09   0.4390   0.0046      329
features.14                      545    -0.217160 4.938470e-03 2.148281e-09   0.4500   0.0157      265
features.17                       60    -0.217000 3.781044e-03 4.686427e-10   0.4367   0.0027      489
features.13                       16    -0.216975 2.012785e-03 8.717721e-09   0.4845   0.0505      201
features.17                      818    -0.216488 3.794933e-03 9.218044e-10   0.4383   0.0053      489
features.8                        79    -0.216024 1.299498e-03 2.114513e-09   0.4350   0.0030      137
features.9                       364    -0.215732 1.824080e-03 4.034996e-09   0.4537   0.0222      137
features.16                      521    -0.215495 5.421750e-03 3.143110e-10   0.4316   0.0006      329
features.11                      284    -0.215206 3.005592e-03 2.018024e-08   0.4476   0.0172      169
features.9                        45    -0.215101 1.754432e-03 1.114735e-09   0.4363   0.0061      137
features.8                        13    -0.214695 1.312943e-03 7.178895e-09   0.4395   0.0102      137
features.4                         0    -0.214257 1.586982e-02 1.954634e-07   0.6347   0.2062       65
features.14                      147    -0.214209 5.520562e-03 1.023463e-08   0.5030   0.0746      265
features.17                      282    -0.214106 3.741409e-03 6.771242e-10   0.4321   0.0039      489
features.16                      698    -0.214087 5.382577e-03 1.483068e-10   0.4284   0.0003      329
features.14                       49    -0.213990 6.910651e-03 2.767156e-08   0.6297   0.2017      265
features.15                      577    -0.213338 3.997819e-03 5.980437e-10   0.4285   0.0018      329
features.2                         0    -0.213171 9.258550e-03 4.551555e-08   0.4297   0.0033       49
features.15                      288    -0.213149 4.005129e-03 9.809130e-10   0.4293   0.0030      329
features.14                       63    -0.212973 5.244162e-03 7.118464e-09   0.4778   0.0519      265
features.15                      867    -0.212929 3.984910e-03 4.113279e-10   0.4271   0.0012      329
features.12                      196    -0.212813 1.820913e-03 4.913436e-09   0.4517   0.0261      201
features.16                      584    -0.212800 5.358563e-03 5.107774e-10   0.4265   0.0009      329
features.4                        80    -0.212755 1.158739e-02 3.595481e-08   0.4634   0.0379       65
features.14                      171    -0.212568 4.760196e-03 1.179733e-09   0.4337   0.0086      265
features.12                      155    -0.212502 1.778402e-03 3.043217e-09   0.4412   0.0161      201
features.14                      257    -0.212353 4.847764e-03 2.333492e-09   0.4417   0.0170      265
features.14                      406    -0.212306 5.070067e-03 5.125243e-09   0.4620   0.0374      265
features.12                      188    -0.212304 1.742684e-03 1.448160e-09   0.4323   0.0077      201
features.16                      171    -0.212178 5.357399e-03 1.141762e-09   0.4264   0.0021      329
features.6                        63    -0.212101 1.807868e-03 4.299987e-08   0.4450   0.0208       73
features.9                       313    -0.211937 1.858280e-03 6.961951e-09   0.4622   0.0383      137
features.16                      907    -0.211899 5.432293e-03 4.711125e-09   0.4324   0.0086      329
features.17                      354    -0.211858 3.680177e-03 2.330366e-10   0.4251   0.0014      489
features.10                      295    -0.211608 1.372654e-03 9.647374e-09   0.4789   0.0557      137
features.14                      425    -0.211440 4.875770e-03 2.934190e-09   0.4443   0.0214      265
features.9                       336    -0.211402 2.793367e-03 4.944507e-08   0.6947   0.2719      137
features.7                       133    -0.211322 9.480148e-03 1.451860e-08   0.4579   0.0353      105
features.14                      322    -0.211198 4.797266e-03 2.019107e-09   0.4371   0.0147      265
features.14                      565    -0.210968 4.935652e-03 3.812205e-09   0.4497   0.0278      265
features.14                      216    -0.210886 5.004370e-03 4.693696e-09   0.4560   0.0342      265
features.6                        26    -0.210703 1.713598e-03 8.142825e-10   0.4218   0.0004       73
features.3                       100    -0.210556 3.538832e-03 3.524167e-07   0.4485   0.0274       57
features.10                      141    -0.210490 1.252416e-03 2.764370e-09   0.4369   0.0159      137
features.13                      316    -0.210360 1.764162e-03 6.722702e-10   0.4246   0.0039      201
features.12                      418    -0.210348 1.764806e-03 3.219596e-09   0.4378   0.0171      201
features.17                      490    -0.210173 3.751171e-03 2.228177e-09   0.4333   0.0129      489
features.8                       114    -0.210031 1.302643e-03 1.133706e-08   0.4361   0.0160      137
features.11                      121    -0.210031 3.086292e-03 4.647386e-08   0.4596   0.0395      169
features.12                       59    -0.209714 1.821037e-03 6.087294e-09   0.4517   0.0323      201
features.17                      240    -0.209155 3.743228e-03 2.420952e-09   0.4323   0.0140      489
features.11                       72    -0.208728 5.271310e-03 4.320183e-07   0.7850   0.3675      169
features.8                       171    -0.208653 1.280307e-03 7.998004e-09   0.4286   0.0113      137
features.16                      574    -0.208582 5.270658e-03 1.299062e-09   0.4195   0.0024      329
features.8                       347    -0.208570 1.249266e-03 7.647483e-10   0.4182   0.0011      137
features.10                      151    -0.208436 1.307463e-03 6.805040e-09   0.4561   0.0393      137
features.15                      491    -0.208353 3.950033e-03 2.197601e-09   0.4234   0.0067      329
features.10                       69    -0.208143 1.321942e-03 7.782020e-09   0.4612   0.0449      137
features.16                      715    -0.208059 5.233329e-03 2.451914e-10   0.4166   0.0004      329
features.7                       100    -0.208046 1.395750e-02 1.062263e-07   0.6742   0.2581      105
features.14                      228    -0.207986 5.572875e-03 1.259589e-08   0.5078   0.0918      265
features.14                      111    -0.207932 4.582178e-03 2.264899e-10   0.4175   0.0017      265
features.11                      370    -0.207770 3.221852e-03 7.551775e-08   0.4798   0.0642      169
features.15                      499    -0.207598 3.886004e-03 4.318985e-10   0.4165   0.0013      329
features.12                      145    -0.207487 1.741130e-03 3.190999e-09   0.4319   0.0169      201
features.17                       63    -0.207481 3.703223e-03 2.201520e-09   0.4277   0.0128      489
features.15                        9    -0.207385 3.905076e-03 1.246761e-09   0.4185   0.0038      329
features.3                        73    -0.207373 3.333189e-03 9.908530e-08   0.4225   0.0077       57
features.8                        76    -0.207289 1.253527e-03 3.585952e-09   0.4196   0.0051      137
features.9                       222    -0.207108 1.863550e-03 8.956388e-09   0.4635   0.0493      137
features.16                      647    -0.207067 5.223077e-03 8.844319e-10   0.4157   0.0016      329
features.12                      444    -0.206889 1.705544e-03 1.752761e-09   0.4231   0.0093      201
features.12                      472    -0.206822 1.698029e-03 1.426999e-09   0.4212   0.0076      201
features.15                      905    -0.206808 3.947185e-03 3.115957e-09   0.4231   0.0094      329
features.15                      754    -0.206776 3.916724e-03 2.060002e-09   0.4198   0.0062      329
features.9                       368    -0.206729 1.738272e-03 3.428588e-09   0.4323   0.0189      137
features.12                      161    -0.206500 1.727176e-03 2.910642e-09   0.4284   0.0154      201
features.8                       220    -0.206120 1.296897e-03 1.550938e-08   0.4342   0.0219      137
features.6                        37    -0.206044 1.691333e-03 8.746670e-09   0.4163   0.0042       73
features.15                      783    -0.205834 3.861834e-03 7.406632e-10   0.4139   0.0022      329
features.11                      153    -0.205787 2.963742e-03 3.499883e-08   0.4413   0.0298      169
features.11                      341    -0.205598 2.811855e-03 8.855475e-09   0.4187   0.0075      169
features.17                      458    -0.205531 3.641207e-03 1.638815e-09   0.4206   0.0095      489
features.15                      334    -0.205194 3.833074e-03 1.462661e-10   0.4108   0.0004      329
features.17                      738    -0.204866 3.563997e-03 3.302310e-10   0.4116   0.0019      489
features.1                         5    -0.204469 1.374823e-02 7.085892e-04   1.0000   0.5911       25
features.9                       247    -0.204458 1.982052e-03 1.527928e-08   0.4929   0.0840      137
features.14                      233    -0.204355 4.514817e-03 3.658875e-10   0.4114   0.0027      265
features.4                        94    -0.204233 1.121682e-02 3.806196e-08   0.4486   0.0402       65
features.11                      254    -0.204183 2.790437e-03 8.433439e-09   0.4155   0.0072      169
features.11                       81    -0.204041 2.899653e-03 2.788543e-08   0.4318   0.0237      169
features.14                      533    -0.204017 5.103088e-03 7.812281e-09   0.4650   0.0569      265
features.14                      509    -0.203813 6.836643e-03 2.953876e-08   0.6229   0.2153      265
features.15                      831    -0.203658 3.821611e-03 7.542038e-10   0.4096   0.0023      329
features.11                      263    -0.203503 3.015602e-03 4.944622e-08   0.4491   0.0421      169
features.8                       198    -0.203137 1.215528e-03 4.622777e-10   0.4069   0.0007      137
features.5                       185    -0.203137 1.670740e-03 1.218122e-07   0.4380   0.0317       73
features.14                      563    -0.203091 4.757250e-03 3.743436e-09   0.4335   0.0273      265
features.11                       83    -0.202923 2.737748e-03 2.171424e-09   0.4077   0.0018      169
features.12                       20    -0.202889 1.735858e-03 4.677522e-09   0.4306   0.0248      201
features.15                       84    -0.202680 3.796188e-03 5.007282e-10   0.4069   0.0015      329
features.6                       111    -0.202531 1.648872e-03 1.669044e-09   0.4059   0.0008       73
features.11                      255    -0.202473 3.829070e-03 1.942626e-07   0.5702   0.1653      169
features.13                        3    -0.202273 1.704232e-03 9.740837e-10   0.4102   0.0056      201
features.7                       159    -0.202264 1.189441e-02 6.997163e-08   0.5745   0.1700      105
features.8                        41    -0.202198 1.263546e-03 1.316007e-08   0.4230   0.0186      137
features.12                      386    -0.201921 2.052635e-03 1.985113e-08   0.5092   0.1053      201
features.6                        35    -0.201828 1.656685e-03 8.550220e-09   0.4078   0.0041       73
features.8                         1    -0.201532 1.218803e-03 3.507921e-09   0.4080   0.0050      137
features.15                      690    -0.201494 3.785751e-03 9.139148e-10   0.4058   0.0028      329
features.15                      733    -0.201257 3.788327e-03 1.161757e-09   0.4060   0.0035      329
features.12                      314    -0.201146 1.691493e-03 3.260719e-09   0.4196   0.0173      201
features.6                       152    -0.201032 1.636362e-03 1.498371e-09   0.4028   0.0007       73
features.16                      435    -0.200850 5.058733e-03 5.294546e-10   0.4027   0.0010      329
features.16                      403    -0.200708 5.070930e-03 1.216857e-09   0.4036   0.0022      329
features.17                      605    -0.200707 3.536587e-03 1.218693e-09   0.4085   0.0071      489
features.15                      337    -0.200507 4.733633e-03 3.508271e-08   0.5074   0.1063      329
features.17                      556    -0.200366 3.551934e-03 1.641992e-09   0.4103   0.0095      489
features.15                      687    -0.199766 3.739815e-03 4.299567e-10   0.4008   0.0013      329
features.6                        61    -0.199742 1.874613e-03 1.280518e-07   0.4614   0.0620       73
features.14                      241    -0.199677 4.857693e-03 5.935795e-09   0.4426   0.0433      265
features.10                      347    -0.199613 1.171052e-03 1.615023e-09   0.4085   0.0093      137
features.13                      178    -0.199358 1.739377e-03 3.440629e-09   0.4186   0.0199      201
features.7                        10    -0.199313 9.334801e-03 2.151461e-08   0.4509   0.0523      105
features.5                        71    -0.199037 1.565137e-03 4.690139e-08   0.4103   0.0122       73
features.15                      413    -0.198913 3.723429e-03 4.133348e-10   0.3991   0.0013      329
features.12                      214    -0.198795 1.633122e-03 1.417909e-09   0.4051   0.0075      201
features.17                      754    -0.198772 3.465745e-03 4.751792e-10   0.4003   0.0028      489
features.14                      387    -0.198663 4.643288e-03 3.533803e-09   0.4231   0.0258      265
features.17                      592    -0.198629 3.445143e-03 1.141240e-10   0.3979   0.0007      489
features.5                       163    -0.198566 1.605254e-03 9.095633e-08   0.4208   0.0237       73
features.5                       114    -0.198066 1.583032e-03 7.240255e-08   0.4150   0.0188       73
features.16                      399    -0.198051 5.002244e-03 1.132628e-09   0.3982   0.0021      329
features.7                        58    -0.197786 1.092357e-02 5.435709e-08   0.5276   0.1321      105
features.16                      649    -0.197775 4.984592e-03 6.661823e-10   0.3968   0.0012      329
features.12                      119    -0.197715 1.676835e-03 3.868541e-09   0.4160   0.0205      201
features.12                       86    -0.197605 1.699546e-03 4.971795e-09   0.4216   0.0264      201
features.8                       130    -0.197303 1.211406e-03 7.739288e-09   0.4055   0.0109      137
features.14                      269    -0.197292 4.591681e-03 3.264729e-09   0.4184   0.0238      265
features.9                        90    -0.197071 1.658760e-03 3.345115e-09   0.4125   0.0184      137
features.5                       169    -0.196998 1.522657e-03 1.976262e-08   0.3991   0.0051       73
features.12                      135    -0.196685 1.601576e-03 7.386795e-10   0.3973   0.0039      201
features.16                      789    -0.196611 4.976729e-03 1.597445e-09   0.3961   0.0029      329
features.16                      507    -0.196520 4.947911e-03 4.421574e-10   0.3938   0.0008      329
features.7                        59    -0.196484 8.482067e-03 6.890201e-09   0.4097   0.0167      105
features.9                       228    -0.196449 2.133097e-03 2.502292e-08   0.5305   0.1376      137
features.11                      265    -0.196356 2.740126e-03 1.802776e-08   0.4080   0.0153      169
features.16                      226    -0.195999 4.950993e-03 1.146846e-09   0.3941   0.0021      329
features.14                      272    -0.195797 4.350915e-03 6.652458e-10   0.3964   0.0048      265
features.14                      427    -0.195680 4.414789e-03 1.495723e-09   0.4023   0.0109      265
features.14                        2    -0.195668 4.329464e-03 4.326068e-10   0.3945   0.0032      265
features.8                       300    -0.195608 1.175472e-03 1.628534e-09   0.3935   0.0023      137
features.15                       34    -0.195473 3.674636e-03 9.580003e-10   0.3938   0.0029      329
features.17                      135    -0.195105 3.485512e-03 2.133559e-09   0.4026   0.0124      489
features.9                       285    -0.194891 1.703239e-03 6.149564e-09   0.4236   0.0338      137
features.14                      210    -0.194802 4.437524e-03 2.021084e-09   0.4043   0.0147      265
features.17                      254    -0.194744 3.427921e-03 1.111037e-09   0.3959   0.0064      489
features.5                        87    -0.194743 1.506157e-03 2.047402e-08   0.3948   0.0053       73
features.16                      950    -0.194594 4.993868e-03 4.553801e-09   0.3975   0.0083      329
features.9                       170    -0.194484 1.598811e-03 1.574885e-09   0.3976   0.0087      137
features.15                      345    -0.194341 3.641937e-03 5.489430e-10   0.3903   0.0017      329
features.15                      181    -0.194310 3.636895e-03 3.910922e-10   0.3898   0.0012      329
