================================================================================
Channel Pruning Log
  dataset    : CelebA
  impt_type  : 2
  seed       : 42
  iteration  : 10
  alpha      : 0.5000
  norm       : max
  timestamp  : 2026-09-01 03:26:02
  remove_target  : 68824
  accum_removed  : 68953
  selected_channels : 313
  gamma             : 0.0050
  cap_multiplier    : None
  remove_target_met : yes
  total_params   : 2289600
  active_after   : 1129590
  model_sparsity : 50.7%
================================================================================

[ 레이어별 채널 제거 비율 ]
  layer                total_ch  this_iter    cumul  cumul_%
  ----------------------------------------------------------
  features.1                 32          0       24    75.0%
  features.2                 96          3       85    88.5%
  features.3                144          5       86    59.7%
  features.4                144          2      117    81.2%
  features.5                192         12      141    73.4%
  features.6                192          7      173    90.1%
  features.7                192         11      177    92.2%
  features.8                384         18      289    75.3%
  features.9                384         15      272    70.8%
  features.10               384         25      354    92.2%
  features.11               384          7      342    89.1%
  features.12               576         64      415    72.0%
  features.13               576         42      489    84.9%
  features.14               576          1      340    59.0%
  features.15               960         56      652    67.9%
  features.16               960         33      645    67.2%
  features.17               960         12      449    46.8%

[ 레이어별 보호 영역 (γ=0.0050) ]
  layer                  active  protected  protect_%
  --------------------------------------------------
  features.1                  8          1      12.5%
  features.2                 14          1       7.1%
  features.3                 63          1       1.6%
  features.4                 29          1       3.4%
  features.5                 63          1       1.6%
  features.6                 26          1       3.8%
  features.7                 26          1       3.8%
  features.8                113          1       0.9%
  features.9                127          1       0.8%
  features.10                55          1       1.8%
  features.11                49          1       2.0%
  features.12               225          2       0.9%
  features.13               129          1       0.8%
  features.14               237          2       0.8%
  features.15               364          2       0.5%
  features.16               348          2       0.6%
  features.17               523          3       0.6%

[ 블록별 제거 채널 수 ]
  features.10: 25채널 제거
  features.11: 7채널 제거
  features.12: 64채널 제거
  features.13: 42채널 제거
  features.14: 1채널 제거
  features.15: 56채널 제거
  features.16: 33채널 제거
  features.17: 12채널 제거
  features.2: 3채널 제거
  features.3: 5채널 제거
  features.4: 2채널 제거
  features.5: 12채널 제거
  features.6: 7채널 제거
  features.7: 11채널 제거
  features.8: 18채널 제거
  features.9: 15채널 제거

[ 선택된 채널 상세 ]
  (phi/perf: raw, phi_n/perf_n: 정규화 후 값 — score = α·perf_n − (1−α)·phi_n)
block                             ch        score          phi         perf    phi_n   perf_n  weights
----------------------------------------------------------------------------------------------------
features.6                        96    -0.495051 6.007113e-04 1.212636e-06   1.0000   0.0099       73
features.10                      108    -0.491947 5.488072e-04 2.508922e-08   1.0000   0.0161      137
features.13                      485    -0.485802 6.453237e-04 5.496975e-08   1.0000   0.0284      201
features.2                        22    -0.483954 5.110576e-04 9.766700e-04   1.0000   0.0321       49
features.13                      550    -0.452455 6.284020e-04 1.333189e-07   0.9738   0.0689      201
features.5                        39    -0.433121 1.015623e-03 1.686910e-07   0.9537   0.0875       73
features.7                       156    -0.406312 3.655408e-03 2.170441e-06   1.0000   0.1874      105
features.8                       172    -0.397517 9.613829e-04 2.746150e-08   0.8088   0.0137      137
features.12                      480    -0.388565 6.882695e-04 1.960819e-08   0.8034   0.0263      201
features.10                       60    -0.380378 4.426263e-04 7.129664e-08   0.8065   0.0458      137
features.10                      293    -0.379186 4.817088e-04 1.859485e-07   0.8777   0.1194      137
features.13                      372    -0.369952 5.207600e-04 1.298401e-07   0.8070   0.0671      201
features.12                      522    -0.359196 6.328095e-04 1.513211e-08   0.7387   0.0203      201
features.12                       87    -0.358356 6.541273e-04 3.495072e-08   0.7636   0.0468      201
features.10                      307    -0.350421 4.033013e-04 5.300573e-08   0.7349   0.0340      137
features.15                      394    -0.333481 1.341000e-03 6.254780e-09   0.6744   0.0074      329
features.10                      252    -0.331260 3.921549e-04 8.106530e-08   0.7146   0.0520      137
features.10                      291    -0.330297 4.658896e-04 2.933632e-07   0.8489   0.1883      137
features.6                        59    -0.321245 3.871924e-04 2.531851e-07   0.6446   0.0021       73
features.6                       174    -0.310553 3.738728e-04 1.565226e-07   0.6224   0.0013       73
features.13                       39    -0.307240 4.129887e-04 4.934779e-08   0.6400   0.0255      201
features.12                       36    -0.305602 6.359397e-04 9.782382e-08   0.7423   0.1311      201
features.12                      411    -0.299444 7.121997e-04 1.734219e-07   0.8313   0.2325      201
features.6                        19    -0.298624 3.643224e-04 1.131700e-06   0.6065   0.0092       73
features.10                       65    -0.298066 3.301209e-04 8.399113e-09   0.6015   0.0054      137
features.13                      511    -0.293468 3.955003e-04 5.020936e-08   0.6129   0.0259      201
features.12                      353    -0.291414 5.486726e-04 4.299825e-08   0.6405   0.0576      201
features.10                      111    -0.290443 3.236197e-04 1.369758e-08   0.5897   0.0088      137
features.5                       117    -0.286190 8.098496e-04 3.627015e-07   0.7605   0.1881       73
features.5                        92    -0.284683 6.346719e-04 5.134890e-08   0.5960   0.0266       73
features.8                       271    -0.283906 7.011790e-04 4.412673e-08   0.5899   0.0220      137
features.13                      399    -0.283730 3.922837e-04 7.825995e-08   0.6079   0.0404      201
features.8                         5    -0.283297 7.145429e-04 6.906269e-08   0.6011   0.0345      137
features.12                      197    -0.281413 7.166066e-04 2.041629e-07   0.8365   0.2737      201
features.15                      712    -0.278121 1.172271e-03 2.807796e-08   0.5895   0.0333      329
features.9                       154    -0.275617 8.202851e-04 3.910717e-08   0.5748   0.0236      137
features.5                        98    -0.272284 6.505399e-04 1.278897e-07   0.6109   0.0663       73
features.10                      376    -0.271203 3.246852e-04 7.666571e-08   0.5916   0.0492      137
features.13                      352    -0.270719 4.700057e-04 3.617936e-07   0.7283   0.1869      201
features.11                      264    -0.268805 1.411289e-03 4.803243e-07   0.5633   0.0256      169
features.12                      107    -0.268036 4.666110e-04 6.416276e-09   0.5447   0.0086      201
features.9                       315    -0.265264 8.463588e-04 1.037269e-07   0.5931   0.0626      137
features.15                      398    -0.261205 1.174110e-03 5.740153e-08   0.5904   0.0680      329
features.13                      493    -0.258426 3.385067e-04 1.490713e-08   0.5246   0.0077      201
features.13                      517    -0.257710 3.450141e-04 3.720186e-08   0.5346   0.0192      201
features.7                        61    -0.256621 2.337916e-03 1.463384e-06   0.6396   0.1263      105
features.3                         3    -0.256351 1.147074e-03 1.172564e-06   0.5180   0.0053       57
features.13                      392    -0.255798 4.196040e-04 2.683639e-07   0.6502   0.1386      201
features.16                      172    -0.255143 3.026032e-03 7.912249e-08   0.5938   0.0835      329
features.9                       145    -0.254393 7.416377e-04 1.811157e-08   0.5197   0.0109      137
features.16                      436    -0.252514 2.615753e-03 7.824696e-09   0.5133   0.0083      329
features.15                      264    -0.251507 1.023543e-03 9.884181e-09   0.5147   0.0117      329
features.13                      147    -0.248445 3.223894e-04 5.202682e-09   0.4996   0.0027      201
features.12                      532    -0.248005 4.310606e-04 5.345931e-09   0.5032   0.0072      201
features.13                      130    -0.247711 3.352542e-04 4.663666e-08   0.5195   0.0241      201
features.13                      463    -0.247169 3.245555e-04 1.664282e-08   0.5029   0.0086      201
features.8                        47    -0.245977 6.102414e-04 4.284151e-08   0.5134   0.0214      137
features.16                      656    -0.243570 2.508307e-03 4.797061e-09   0.4922   0.0051      329
features.13                      504    -0.243528 3.232879e-04 2.693574e-08   0.5010   0.0139      201
features.5                        17    -0.240103 9.360271e-04 7.688649e-07   0.8790   0.3988       73
features.15                      740    -0.235706 9.877748e-04 2.137023e-08   0.4967   0.0253      329
features.10                      256    -0.235671 2.862540e-04 7.828130e-08   0.5216   0.0503      137
features.12                      159    -0.235214 4.601486e-04 4.976193e-08   0.5371   0.0667      201
features.16                       62    -0.234106 2.671147e-03 5.300535e-08   0.5242   0.0559      329
features.16                       59    -0.233782 2.480714e-03 1.821436e-08   0.4868   0.0192      329
features.12                      262    -0.233763 4.124532e-04 1.039201e-08   0.4815   0.0139      201
features.8                       161    -0.233554 5.649586e-04 1.632860e-08   0.4753   0.0082      137
features.13                      126    -0.232456 3.073553e-04 2.200790e-08   0.4763   0.0114      201
features.8                       329    -0.231876 5.677554e-04 2.775462e-08   0.4776   0.0139      137
features.6                       124    -0.231473 2.785536e-04 9.316882e-08   0.4637   0.0008       73
features.12                      356    -0.230001 4.234972e-04 2.562160e-08   0.4943   0.0343      201
features.12                      258    -0.229497 4.237111e-04 2.656070e-08   0.4946   0.0356      201
features.15                      369    -0.228031 9.141673e-04 3.090648e-09   0.4597   0.0037      329
features.12                      468    -0.227199 4.714731e-04 7.158147e-08   0.5503   0.0959      201
features.12                      229    -0.227084 4.200880e-04 2.700571e-08   0.4904   0.0362      201
features.10                       46    -0.224957 2.833653e-04 1.034618e-07   0.5163   0.0664      137
features.8                       324    -0.224278 5.401426e-04 1.167859e-08   0.4544   0.0058      137
features.12                      328    -0.224271 3.977111e-04 1.171651e-08   0.4642   0.0157      201
features.13                      148    -0.222324 3.419927e-04 1.651460e-07   0.5300   0.0853      201
features.8                       368    -0.222220 5.474585e-04 3.222937e-08   0.4605   0.0161      137
features.12                       45    -0.222125 4.196370e-04 3.401261e-08   0.4898   0.0456      201
features.8                        43    -0.220261 1.032576e-03 8.567771e-07   0.8686   0.4281      137
features.15                      533    -0.218435 1.058119e-03 8.035644e-08   0.5321   0.0952      329
features.7                        49    -0.217269 2.600216e-03 3.206219e-06   0.7113   0.2768      105
features.16                      519    -0.217000 2.391911e-03 3.350426e-08   0.4694   0.0354      329
features.13                      144    -0.216430 2.844115e-04 1.522802e-08   0.4407   0.0079      201
features.13                      259    -0.216047 2.808098e-04 5.907032e-09   0.4351   0.0031      201
features.13                      353    -0.215820 2.856561e-04 2.132327e-08   0.4427   0.0110      201
features.13                      192    -0.215484 2.793070e-04 3.578575e-09   0.4328   0.0018      201
features.7                       118    -0.214686 1.964309e-03 1.250991e-06   0.5374   0.1080      105
features.10                      200    -0.214169 2.547009e-04 5.570935e-08   0.4641   0.0358      137
features.9                       318    -0.213108 6.117359e-04 4.085260e-09   0.4287   0.0025      137
features.15                      541    -0.213003 8.942336e-04 1.999117e-08   0.4497   0.0237      329
features.9                       348    -0.212553 7.494333e-04 1.658980e-07   0.5252   0.1001      137
features.12                      156    -0.212373 3.989869e-04 3.057962e-08   0.4657   0.0410      201
features.12                      504    -0.212296 6.227123e-04 2.255237e-07   0.7269   0.3023      201
features.15                      415    -0.212166 8.504810e-04 2.841113e-09   0.4277   0.0034      329
features.11                      181    -0.210972 1.167484e-03 8.241688e-07   0.4660   0.0440      169
features.12                      393    -0.210623 3.741413e-04 1.155423e-08   0.4367   0.0155      201
features.12                      187    -0.210618 4.503018e-04 7.788488e-08   0.5256   0.1044      201
features.16                      178    -0.210362 2.200182e-03 1.043733e-08   0.4317   0.0110      329
features.10                      348    -0.209679 2.331297e-04 8.467764e-09   0.4248   0.0054      137
features.12                      249    -0.209275 3.631063e-04 3.955183e-09   0.4239   0.0053      201
features.10                      383    -0.208993 2.436464e-04 4.045761e-08   0.4440   0.0260      137
features.10                       19    -0.208651 2.313084e-04 6.499844e-09   0.4215   0.0042      137
features.13                      296    -0.207487 5.017369e-04 7.018012e-07   0.7775   0.3625      201
features.12                       32    -0.206974 3.926438e-04 3.311163e-08   0.4583   0.0444      201
features.12                      160    -0.206733 3.763604e-04 1.929056e-08   0.4393   0.0259      201
features.12                      261    -0.206646 4.988345e-04 1.260765e-07   0.5823   0.1690      201
features.10                      269    -0.203855 2.261835e-04 6.896506e-09   0.4121   0.0044      137
features.12                       49    -0.203385 4.023130e-04 4.688638e-08   0.4696   0.0628      201
features.13                      139    -0.203229 2.821533e-04 5.956607e-08   0.4372   0.0308      201
features.12                       39    -0.203220 3.853118e-04 3.232818e-08   0.4498   0.0433      201
features.16                      665    -0.202465 2.075526e-03 2.225180e-09   0.4073   0.0023      329
features.13                       78    -0.201891 2.717997e-04 3.368625e-08   0.4212   0.0174      201
features.8                       225    -0.199998 4.862042e-04 1.805238e-08   0.4090   0.0090      137
features.9                       238    -0.199697 6.029801e-04 3.838226e-08   0.4225   0.0232      137
features.5                        24    -0.199505 5.029985e-04 1.413972e-07   0.4723   0.0733       73
features.13                       23    -0.199003 2.682192e-04 3.412674e-08   0.4156   0.0176      201
features.11                      218    -0.198949 1.036955e-03 2.989190e-07   0.4139   0.0160      169
features.12                      549    -0.198758 3.507329e-04 8.873179e-09   0.4094   0.0119      201
features.11                      375    -0.198603 1.067474e-03 5.399681e-07   0.4260   0.0288      169
features.15                      552    -0.198407 9.939576e-04 8.692862e-08   0.4999   0.1030      329
features.12                      225    -0.197998 3.882510e-04 4.267872e-08   0.4532   0.0572      201
features.7                       142    -0.197513 1.477467e-03 1.061159e-07   0.4042   0.0092      105
features.15                      684    -0.197283 8.766348e-04 3.904903e-08   0.4409   0.0463      329
features.7                        85    -0.196873 1.660741e-03 7.017057e-07   0.4543   0.0606      105
features.17                      294    -0.196081 2.512387e-03 8.728693e-10   0.3945   0.0023      489
features.16                      426    -0.194430 2.021503e-03 7.406659e-09   0.3967   0.0078      329
features.15                      950    -0.192853 8.904338e-04 5.237836e-08   0.4478   0.0621      329
features.13                      432    -0.192682 2.578043e-04 2.735899e-08   0.3995   0.0141      201
features.6                        60    -0.192430 2.332682e-04 4.239844e-07   0.3883   0.0035       73
features.2                        43    -0.192417 2.086561e-04 7.136586e-04   0.4083   0.0234       49
features.16                      145    -0.191548 2.093596e-03 2.627204e-08   0.4108   0.0277      329
features.10                      375    -0.191380 2.191436e-04 2.577834e-08   0.3993   0.0165      137
features.13                       17    -0.191341 2.793410e-04 9.715588e-08   0.4329   0.0502      201
features.7                       110    -0.190737 1.939855e-03 1.728302e-06   0.5307   0.1492      105
features.9                       347    -0.190320 5.704552e-04 3.168776e-08   0.3998   0.0191      137
features.2                        12    -0.189927 1.977615e-04 2.163963e-04   0.3870   0.0071       49
features.15                       39    -0.189851 7.628878e-04 3.330625e-09   0.3836   0.0039      329
features.15                      678    -0.189714 7.861799e-04 1.344410e-08   0.3954   0.0159      329
features.16                      599    -0.188406 1.996551e-03 1.418371e-08   0.3918   0.0150      329
features.12                      518    -0.188006 3.987132e-04 6.669787e-08   0.4654   0.0894      201
features.7                        83    -0.187642 1.770985e-03 1.264896e-06   0.4845   0.1092      105
features.5                       109    -0.187638 4.543573e-04 9.909068e-08   0.4267   0.0514       73
features.11                      338    -0.187401 1.746988e-03 6.038219e-06   0.6972   0.3224      169
features.12                       29    -0.186549 3.235735e-04 3.437665e-09   0.3777   0.0046      201
features.12                      357    -0.185882 4.385749e-04 1.045814e-07   0.5119   0.1402      201
features.15                       87    -0.185806 7.591617e-04 8.575234e-09   0.3818   0.0102      329
features.17                      432    -0.184533 2.435412e-03 5.002172e-09   0.3824   0.0133      489
features.8                       261    -0.183148 4.477750e-04 2.079412e-08   0.3767   0.0104      137
features.3                        81    -0.182438 8.240103e-04 1.602426e-06   0.3721   0.0072       57
features.16                      771    -0.181512 1.902285e-03 9.720366e-09   0.3733   0.0103      329
features.16                      388    -0.181353 1.915353e-03 1.245148e-08   0.3758   0.0131      329
features.16                      490    -0.180335 1.901533e-03 1.181072e-08   0.3731   0.0125      329
features.9                       118    -0.178972 6.351267e-04 1.444450e-07   0.4451   0.0871      137
features.12                      374    -0.178773 3.332391e-04 2.345751e-08   0.3890   0.0314      201
features.15                      107    -0.178538 7.880729e-04 3.310457e-08   0.3963   0.0392      329
features.13                      470    -0.178124 2.582549e-04 8.507559e-08   0.4002   0.0439      201
features.13                      309    -0.178064 2.413826e-04 3.469288e-08   0.3740   0.0179      201
features.13                      567    -0.177125 2.410731e-04 3.740173e-08   0.3736   0.0193      201
features.15                      183    -0.176769 7.238232e-04 8.828891e-09   0.3640   0.0105      329
features.15                      433    -0.176571 7.887854e-04 3.672454e-08   0.3967   0.0435      329
features.9                       195    -0.176062 5.124424e-04 1.156416e-08   0.3591   0.0070      137
features.8                        69    -0.175493 5.222640e-04 1.768386e-07   0.4394   0.0884      137
features.5                        50    -0.173794 4.918347e-04 2.203282e-07   0.4619   0.1143       73
features.7                       191    -0.173714 1.428266e-03 5.015494e-07   0.3907   0.0433      105
features.16                      305    -0.173646 1.791177e-03 3.969826e-09   0.3515   0.0042      329
features.16                      281    -0.173546 1.810985e-03 7.841352e-09   0.3554   0.0083      329
features.9                       149    -0.173426 5.056363e-04 1.239680e-08   0.3543   0.0075      137
features.17                      134    -0.172747 2.232491e-03 1.892437e-09   0.3505   0.0050      489
features.12                       81    -0.172208 3.583797e-04 5.514531e-08   0.4183   0.0739      201
features.12                       10    -0.171541 3.094691e-04 1.354832e-08   0.3612   0.0182      201
features.13                      387    -0.171467 2.385627e-04 5.177591e-08   0.3697   0.0267      201
features.12                      338    -0.170896 4.298597e-04 1.193505e-07   0.5018   0.1600      201
features.17                      950    -0.170551 2.224497e-03 3.069298e-09   0.3493   0.0082      489
features.12                      396    -0.169864 3.093382e-04 1.593650e-08   0.3611   0.0214      201
features.12                      347    -0.169860 3.667961e-04 6.597818e-08   0.4282   0.0884      201
features.13                      476    -0.168858 2.347860e-04 5.054648e-08   0.3638   0.0261      201
features.14                      312    -0.168810 7.308692e-03 3.330471e-08   0.4953   0.1577      265
features.15                      743    -0.168083 6.949159e-04 1.122122e-08   0.3495   0.0133      329
features.15                      614    -0.167972 7.179189e-04 2.116814e-08   0.3610   0.0251      329
features.15                      934    -0.167551 6.823323e-04 6.779498e-09   0.3431   0.0080      329
features.12                       80    -0.167358 3.324330e-04 3.978679e-08   0.3880   0.0533      201
features.13                      562    -0.167133 3.034904e-04 2.633293e-07   0.4703   0.1360      201
features.15                      759    -0.166663 6.734631e-04 4.515286e-09   0.3387   0.0054      329
features.16                       42    -0.166630 1.709684e-03 2.113480e-09   0.3355   0.0022      329
features.12                       15    -0.166351 3.192818e-04 2.983656e-08   0.3727   0.0400      201
features.12                      546    -0.165846 3.528263e-04 5.980243e-08   0.4119   0.0802      201
features.12                      309    -0.165647 3.515141e-04 5.895692e-08   0.4103   0.0790      201
features.7                       149    -0.165643 2.378154e-03 3.698550e-06   0.6506   0.3193      105
features.5                        19    -0.165519 5.242902e-04 3.109983e-07   0.4923   0.1613       73
features.12                      408    -0.165392 3.594450e-04 6.624295e-08   0.4196   0.0888      201
features.15                      125    -0.165287 7.075818e-04 2.131267e-08   0.3558   0.0253      329
features.17                      222    -0.165093 2.118871e-03 9.426255e-10   0.3327   0.0025      489
features.12                      198    -0.165055 2.964924e-04 1.192485e-08   0.3461   0.0160      201
features.15                      519    -0.164750 7.811219e-04 5.342002e-08   0.3928   0.0633      329
features.16                       65    -0.163490 2.063320e-03 7.381094e-08   0.4049   0.0779      329
features.13                      152    -0.163243 2.216646e-04 3.292592e-08   0.3435   0.0170      201
features.16                      153    -0.163122 1.784927e-03 2.274836e-08   0.3503   0.0240      329
features.15                       55    -0.162906 6.683219e-04 8.673327e-09   0.3361   0.0103      329
features.15                      594    -0.162712 7.396627e-04 3.926852e-08   0.3720   0.0465      329
features.15                      232    -0.162393 6.868072e-04 1.738243e-08   0.3454   0.0206      329
features.16                      261    -0.162200 1.655072e-03 3.539362e-10   0.3248   0.0004      329
features.3                        98    -0.162062 7.191378e-04 1.375464e-07   0.3247   0.0006       57
features.15                      243    -0.162048 6.791606e-04 1.471952e-08   0.3415   0.0174      329
features.15                      511    -0.161821 6.870926e-04 1.846785e-08   0.3455   0.0219      329
features.16                      222    -0.161814 1.769458e-03 2.235127e-08   0.3472   0.0236      329
features.10                      324    -0.161804 2.015901e-04 6.810006e-08   0.3673   0.0437      137
features.12                       51    -0.161389 2.965341e-04 1.743036e-08   0.3461   0.0234      201
features.17                      489    -0.161312 2.059852e-03 3.037557e-10   0.3234   0.0008      489
features.15                      292    -0.160542 6.595080e-04 8.922147e-09   0.3317   0.0106      329
features.15                      548    -0.160510 7.634760e-04 5.308735e-08   0.3839   0.0629      329
features.15                      715    -0.160427 6.793842e-04 1.754963e-08   0.3417   0.0208      329
features.10                      232    -0.160259 3.153145e-04 3.957234e-07   0.5745   0.2540      137
features.12                       38    -0.160186 3.074792e-04 2.875782e-08   0.3589   0.0385      201
features.13                      322    -0.159760 2.258849e-04 5.907155e-08   0.3500   0.0305      201
features.15                      638    -0.159361 7.319578e-04 4.165435e-08   0.3681   0.0494      329
features.12                       64    -0.159158 3.101824e-04 3.264515e-08   0.3621   0.0438      201
features.15                      689    -0.158552 6.453980e-04 6.294378e-09   0.3246   0.0075      329
features.17                      946    -0.158348 2.038610e-03 1.275878e-09   0.3201   0.0034      489
features.12                      413    -0.158344 3.063699e-04 3.054035e-08   0.3576   0.0409      201
features.16                      279    -0.158201 1.677076e-03 1.202233e-08   0.3291   0.0127      329
features.9                       280    -0.158195 4.649117e-04 1.558874e-08   0.3258   0.0094      137
features.13                      210    -0.158094 2.283531e-04 7.292557e-08   0.3539   0.0377      201
features.15                       46    -0.157976 6.829491e-04 2.319821e-08   0.3434   0.0275      329
features.4                        98    -0.157864 1.627731e-03 9.249933e-07   0.3582   0.0424       65
features.15                      901    -0.157452 6.918074e-04 2.784024e-08   0.3479   0.0330      329
features.17                      467    -0.157242 2.074643e-03 4.227768e-09   0.3258   0.0113      489
features.15                      287    -0.156941 6.441921e-04 8.501440e-09   0.3240   0.0101      329
features.10                       62    -0.156859 1.919079e-04 5.602539e-08   0.3497   0.0360      137
features.16                      623    -0.155893 1.628676e-03 7.397330e-09   0.3196   0.0078      329
features.15                      937    -0.155887 6.730423e-04 2.252027e-08   0.3385   0.0267      329
features.3                       121    -0.155529 7.352608e-04 4.648449e-06   0.3320   0.0210       57
features.4                         1    -0.155186 1.604772e-03 9.316073e-07   0.3531   0.0427       65
features.13                      257    -0.154877 2.055667e-04 1.702576e-08   0.3185   0.0088      201
features.13                      435    -0.154817 2.123151e-04 3.750261e-08   0.3290   0.0194      201
features.10                      112    -0.154723 1.901107e-04 5.757695e-08   0.3464   0.0370      137
features.12                      102    -0.154254 2.855327e-04 1.849708e-08   0.3333   0.0248      201
features.15                      126    -0.153813 7.089685e-04 4.126129e-08   0.3565   0.0489      329
features.8                        84    -0.152875 4.019938e-04 6.489044e-08   0.3382   0.0324      137
features.12                      310    -0.152452 2.934634e-04 2.809086e-08   0.3426   0.0377      201
features.15                      446    -0.152384 6.137842e-04 3.289384e-09   0.3087   0.0039      329
features.12                       16    -0.151852 3.103295e-04 4.367465e-08   0.3622   0.0585      201
features.15                      416    -0.151585 6.244185e-04 9.149542e-09   0.3140   0.0108      329
features.11                      343    -0.151136 1.411057e-03 4.885722e-06   0.5632   0.2609      169
features.17                      195    -0.150865 1.982551e-03 3.587390e-09   0.3113   0.0096      489
features.15                      836    -0.150840 6.630611e-04 2.680117e-08   0.3334   0.0318      329
features.16                      595    -0.150790 1.641756e-03 1.949934e-08   0.3222   0.0206      329
features.12                      168    -0.150477 2.743144e-04 1.436318e-08   0.3202   0.0193      201
features.15                      195    -0.150274 6.348372e-04 1.578120e-08   0.3193   0.0187      329
features.12                      274    -0.149620 2.749813e-04 1.622140e-08   0.3210   0.0217      201
features.16                      414    -0.149404 1.533453e-03 1.990117e-09   0.3009   0.0021      329
features.13                      466    -0.149195 2.561115e-04 1.906527e-07   0.3969   0.0985      201
features.8                       223    -0.149142 3.612376e-04 1.121400e-08   0.3039   0.0056      137
features.8                        78    -0.149015 3.746278e-04 3.426574e-08   0.3152   0.0171      137
features.5                       168    -0.148518 3.326673e-04 2.961649e-08   0.3124   0.0154       73
features.12                      505    -0.148272 2.944217e-04 3.516221e-08   0.3437   0.0471      201
features.10                      262    -0.148110 1.898158e-04 7.734277e-08   0.3459   0.0496      137
features.10                      130    -0.147963 1.670600e-04 1.320973e-08   0.3044   0.0085      137
features.17                      112    -0.147782 1.936760e-03 3.203847e-09   0.3041   0.0085      489
features.15                      640    -0.147773 6.818005e-04 3.992571e-08   0.3429   0.0473      329
features.16                      425    -0.147736 1.620145e-03 2.126869e-08   0.3179   0.0224      329
features.10                      326    -0.147680 1.645887e-04 7.075146e-09   0.2999   0.0045      137
features.7                       158    -0.147635 2.039897e-03 3.043856e-06   0.5580   0.2628      105
features.12                      398    -0.147616 2.574329e-04 3.930607e-09   0.3005   0.0053      201
features.15                      707    -0.147175 6.503437e-04 2.758913e-08   0.3271   0.0327      329
features.15                      524    -0.147109 7.069319e-04 5.170899e-08   0.3555   0.0613      329
features.15                      531    -0.146881 6.113778e-04 1.155381e-08   0.3075   0.0137      329
features.13                      368    -0.146751 1.967270e-04 2.196903e-08   0.3049   0.0113      201
features.15                      241    -0.146661 6.020827e-04 7.980042e-09   0.3028   0.0095      329
features.3                        57    -0.146649 6.869757e-04 3.752015e-06   0.3102   0.0169       57
features.15                      658    -0.146409 6.807708e-04 4.179179e-08   0.3424   0.0495      329
features.13                      218    -0.145642 2.061755e-04 5.460792e-08   0.3195   0.0282      201
features.9                       190    -0.145602 4.269101e-04 1.319464e-08   0.2992   0.0080      137
features.8                       185    -0.145480 3.515341e-04 9.537895e-09   0.2957   0.0048      137
features.6                       125    -0.145202 1.754602e-04 2.062348e-07   0.2921   0.0017       73
features.9                       129    -0.144970 4.374961e-04 2.758850e-08   0.3066   0.0166      137
features.16                      332    -0.144702 1.544385e-03 1.293201e-08   0.3031   0.0136      329
features.17                      365    -0.144202 1.894464e-03 3.397843e-09   0.2975   0.0091      489
features.12                       67    -0.144115 3.140105e-04 5.842476e-08   0.3665   0.0783      201
features.16                      203    -0.143125 1.501328e-03 7.916398e-09   0.2946   0.0084      329
features.17                      863    -0.143100 1.887101e-03 3.791282e-09   0.2963   0.0101      489
features.12                      215    -0.143071 2.719342e-04 2.333981e-08   0.3174   0.0313      201
features.5                        52    -0.142520 3.923922e-04 1.608792e-07   0.3685   0.0834       73
features.15                      305    -0.142196 6.443922e-04 3.346561e-08   0.3241   0.0397      329
features.12                      452    -0.142155 3.198713e-04 6.645155e-08   0.3734   0.0891      201
features.15                      258    -0.141177 6.041305e-04 1.810236e-08   0.3038   0.0215      329
features.5                        89    -0.141101 3.844537e-04 1.519770e-07   0.3610   0.0788       73
features.8                       344    -0.141086 3.408634e-04 9.159723e-09   0.2867   0.0046      137
features.9                        42    -0.141075 4.202710e-04 2.049047e-08   0.2945   0.0124      137
features.15                      449    -0.140684 6.266204e-04 2.847711e-08   0.3151   0.0338      329
features.15                      553    -0.140299 5.628696e-04 2.078437e-09   0.2831   0.0025      329
features.16                      384    -0.140097 1.515940e-03 1.637008e-08   0.2975   0.0173      329
features.10                      205    -0.139965 1.544671e-04 2.382547e-09   0.2815   0.0015      137
features.12                      383    -0.139952 2.478541e-04 7.024286e-09   0.2893   0.0094      201
features.16                      464    -0.139746 1.512228e-03 1.634403e-08   0.2967   0.0173      329
features.16                      931    -0.139726 1.465959e-03 7.780286e-09   0.2877   0.0082      329
features.12                      448    -0.139169 3.857385e-04 1.282679e-07   0.4503   0.1719      201
features.12                      565    -0.139132 2.707598e-04 2.819438e-08   0.3161   0.0378      201
features.13                      490    -0.139128 2.310548e-04 1.544632e-07   0.3580   0.0798      201
features.12                      400    -0.139124 3.153843e-04 6.706762e-08   0.3681   0.0899      201
features.9                        43    -0.138941 4.154512e-04 2.196730e-08   0.2911   0.0133      137
features.15                      779    -0.138842 6.336250e-04 3.455678e-08   0.3186   0.0410      329
features.12                      471    -0.138800 2.768923e-04 3.403076e-08   0.3232   0.0456      201
features.15                      487    -0.138183 5.545067e-04 2.101555e-09   0.2789   0.0025      329
features.8                       356    -0.138015 3.310235e-04 4.883208e-09   0.2785   0.0024      137
features.13                      273    -0.137814 2.146858e-04 1.104460e-07   0.3327   0.0571      201
features.12                      320    -0.137702 2.621439e-04 2.282495e-08   0.3060   0.0306      201
features.16                      252    -0.137672 1.586585e-03 3.409943e-08   0.3113   0.0360      329
features.15                      850    -0.136879 5.559821e-04 4.927322e-09   0.2796   0.0058      329
features.16                      598    -0.136874 1.454391e-03 1.103369e-08   0.2854   0.0116      329
features.11                      305    -0.136787 7.393562e-04 4.028257e-07   0.2951   0.0215      169
