================================================================================
Channel Pruning Log
  iteration  : 20
  alpha      : 0.9000
  timestamp  : 2026-04-03 05:00:05
  remove_target  : 23897
  accum_removed  : 24128
  selected_channels : 200
  total_params   : 2289600
  active_after   : 725147
  model_sparsity : 68.3%
================================================================================

[ 레이어별 채널 제거 비율 ]
  layer                total_ch  this_iter    cumul  cumul_%
  ----------------------------------------------------------
  features.1                 32          0       26    81.2%
  features.2                 96          7       88    91.7%
  features.3                144         15      118    81.9%
  features.4                144         10       47    32.6%
  features.5                192         31      156    81.2%
  features.6                192         18      174    90.6%
  features.7                192         25       74    38.5%
  features.8                384         23      286    74.5%
  features.9                384         23      340    88.5%
  features.10               384          6      374    97.4%
  features.11               384          6      303    78.9%
  features.12               576         25      438    76.0%
  features.13               576          4      429    74.5%
  features.14               576          3      311    54.0%
  features.15               960          2      924    96.2%
  features.16               960          2      955    99.5%
  features.17               960          0      930    96.9%

[ 블록별 제거 채널 수 ]
  features.10: 6채널 제거
  features.11: 6채널 제거
  features.12: 25채널 제거
  features.13: 4채널 제거
  features.14: 3채널 제거
  features.15: 2채널 제거
  features.16: 2채널 제거
  features.2: 7채널 제거
  features.3: 15채널 제거
  features.4: 10채널 제거
  features.5: 31채널 제거
  features.6: 18채널 제거
  features.7: 25채널 제거
  features.8: 23채널 제거
  features.9: 23채널 제거

[ 선택된 채널 상세 ]
block                             ch        score          phi         perf  weights
--------------------------------------------------------------------------------
features.3                       124    -0.041362 1.543083e-07 2.819622e-06       57
features.9                       231    -0.032617 2.703822e-07 2.320651e-07      137
features.7                       100    -0.029100 1.880555e-06 6.793427e-08      105
features.6                       129    -0.023770 7.122910e-08 1.338800e-06       73
features.2                         2    -0.018201 3.302648e-07 5.299468e-05       49
features.10                      177    -0.016782 1.342963e-07 4.847788e-07      137
features.9                       202    -0.015011 1.625740e-07 1.566802e-07      137
features.6                       135    -0.012469 1.999794e-08 2.177921e-07       73
features.9                       225    -0.012273 2.694548e-07 3.066575e-07      137
features.6                        99    -0.011812 5.332272e-08 1.165409e-06       73
features.6                        57    -0.008743 2.592906e-08 4.848907e-07       73
features.3                        81    -0.007743 8.308417e-08 2.967797e-06       57
features.6                       171    -0.006531 7.033667e-08 1.784116e-06       73
features.5                        68    -0.005769 7.933307e-08 3.182805e-07       73
features.9                       267    -0.005615 2.225789e-07 2.701633e-07      137
features.5                        32    -0.005150 1.166415e-07 5.424605e-07       73
features.9                       369    -0.004751 9.146986e-08 1.019205e-07      137
features.7                       134    -0.004196 4.539996e-07 1.911146e-08      105
features.10                      381    -0.003761 1.167797e-07 5.733435e-07      137
features.6                       189    -0.002261 1.307709e-08 3.031589e-07       73
features.3                        97    -0.001275 4.289491e-08 1.803862e-06       57
features.6                        23    -0.000510 1.665273e-08 4.506812e-07       73
features.10                      353    -0.000438 2.230516e-07 1.189636e-06      137
features.9                       348    -0.000229 9.720070e-08 1.262637e-07      137
features.2                        89     0.000190 9.393727e-08 2.771547e-05       49
features.10                       91     0.000220 5.312599e-08 2.878862e-07      137
features.9                       377     0.001662 8.203718e-08 1.134798e-07      137
features.9                       244     0.001677 2.953982e-08 4.488045e-08      137
features.3                        47     0.001814 8.970932e-08 4.219649e-06       57
features.2                        22     0.001933 4.778144e-08 1.842314e-05       49
features.2                        65     0.001971 8.816878e-08 3.023707e-05       49
features.6                        54     0.001997 1.888456e-08 5.813109e-07       73
features.5                       137     0.002110 2.928253e-08 2.122917e-07       73
features.6                        21     0.002132 3.731431e-09 1.622423e-07       73
features.6                        42     0.002157 2.813055e-08 8.436219e-07       73
features.5                        16     0.002325 1.940951e-08 1.614156e-07       73
features.9                         5     0.002478 8.291284e-08 1.176660e-07      137
features.10                      200     0.002494 4.160778e-08 2.580113e-07      137
features.6                        91     0.002715 6.106301e-09 2.443998e-07       73
features.4                        85     0.003257 8.539605e-08 3.091392e-08       65
features.5                       112     0.003490 2.666791e-08 2.284049e-07       73
features.5                       140     0.003585 3.964242e-08 3.036807e-07       73
features.6                       148     0.003702 9.289489e-09 3.601479e-07       73
features.5                       175     0.003984 3.499178e-08 2.863779e-07       73
features.7                       129     0.003990 4.678911e-07 2.766270e-08      105
features.7                        20     0.004137 5.499302e-07 3.198371e-08      105
features.3                       119     0.004360 8.529468e-08 4.274943e-06       57
features.5                        10     0.004661 2.881657e-08 2.666907e-07       73
features.10                      243     0.004727 3.476046e-08 2.525985e-07      137
features.5                       125     0.004820 1.358208e-08 1.843676e-07       73
features.9                       334     0.004989 3.003386e-08 5.786649e-08      137
features.3                        70     0.005116 6.629335e-09 8.089575e-07       57
features.11                      221     0.005178 3.680809e-07 4.058209e-07      169
features.9                       320     0.005268 1.627457e-08 4.091466e-08      137
features.9                       299     0.005392 1.782658e-08 4.340497e-08      137
features.5                        57     0.005398 4.778435e-08 3.901278e-07       73
features.6                         0     0.005434 1.739589e-08 6.335295e-07       73
features.3                       133     0.005511 3.220629e-08 1.999824e-06       57
features.9                        23     0.005596 3.555116e-08 6.734439e-08      137
features.3                        21     0.005624 4.396508e-08 2.540425e-06       57
features.5                       148     0.005845 7.464489e-09 1.727967e-07       73
features.5                        11     0.005957 6.100988e-08 4.771921e-07       73
features.9                       169     0.006027 2.091097e-08 4.980503e-08      137
features.9                       243     0.006243 8.143849e-08 1.297661e-07      137
features.5                       121     0.006402 8.278151e-08 6.099001e-07       73
features.7                       105     0.006432 6.704648e-07 4.032455e-08      105
features.5                        35     0.006488 8.877955e-08 6.456285e-07       73
features.8                        64     0.006627 2.865608e-08 3.798921e-08      137
features.5                        52     0.006718 2.344243e-08 2.823899e-07       73
features.3                        13     0.007003 2.368573e-08 1.765147e-06       57
features.3                        35     0.007030 2.487273e-08 1.821281e-06       57
features.7                       130     0.007116 7.538957e-07 4.522993e-08      105
features.5                       147     0.007193 2.428889e-08 2.977964e-07       73
features.9                       122     0.007281 2.126726e-07 3.052627e-07      137
features.2                        92     0.007461 8.114749e-07 2.531247e-04       49
features.9                       219     0.007476 4.048119e-08 8.079921e-08      137
features.12                      199     0.007520 9.843293e-08 6.634787e-08      201
features.4                        13     0.007645 8.017588e-08 4.059478e-08       65
features.12                      414     0.007741 2.043633e-08 2.737685e-08      201
features.5                       115     0.008036 4.843043e-08 4.527529e-07       73
features.9                        89     0.008046 1.548254e-07 2.324616e-07      137
features.12                      559     0.008055 4.899437e-08 4.251506e-08      201
features.11                      155     0.008097 1.651951e-07 2.406642e-07      169
features.2                        42     0.008166 2.893834e-08 2.763408e-05       49
features.16                      443     0.008186 2.630575e-07 2.814761e-06      329
features.8                       364     0.008358 9.631190e-08 7.825787e-08      137
features.7                        69     0.008367 3.616211e-07 2.644215e-08      105
features.12                       42     0.008724 1.712311e-07 1.058243e-07      201
features.8                       372     0.008917 5.563061e-08 5.972417e-08      137
features.11                      245     0.008992 2.617033e-07 3.423757e-07      169
features.5                        29     0.009080 3.127554e-08 3.793808e-07       73
features.8                       266     0.009143 8.987661e-09 3.700146e-08      137
features.7                        62     0.009185 3.175815e-07 2.498162e-08      105
features.9                        35     0.009331 3.442673e-08 7.979207e-08      137
features.3                        84     0.009361 2.224235e-08 1.935437e-06       57
features.3                        11     0.009401 2.671387e-08 2.140669e-06       57
features.5                        63     0.009436 1.172166e-08 2.770873e-07       73
features.6                       140     0.009517 2.601424e-08 9.853295e-07       73
features.8                        89     0.009587 5.841033e-08 6.350793e-08      137
features.2                        74     0.009609 8.588301e-08 4.756379e-05       49
features.15                      272     0.009618 1.215444e-07 2.020036e-07      329
features.7                        91     0.009618 3.552789e-07 2.731737e-08      105
features.6                        96     0.009828 2.056877e-08 8.419019e-07       73
features.12                       51     0.009887 1.589365e-08 2.980248e-08      201
features.7                        37     0.009955 4.355706e-07 3.173155e-08      105
features.12                      527     0.009955 7.295653e-08 5.881954e-08      201
features.12                      386     0.010123 5.277460e-08 4.897863e-08      201
features.5                        28     0.010252 9.591830e-09 2.833365e-07       73
features.5                       149     0.010301 1.600653e-08 3.206064e-07       73
features.7                        96     0.010392 2.993056e-07 2.520714e-08      105
features.13                      320     0.010449 2.730192e-08 3.333583e-08      201
features.11                        8     0.010549 3.701582e-07 4.622722e-07      169
features.9                        47     0.010752 3.265268e-08 8.276670e-08      137
features.4                        33     0.010818 7.643635e-08 4.760442e-08       65
features.12                      407     0.010858 1.727149e-08 3.263674e-08      201
features.12                       32     0.010954 5.546168e-08 5.216732e-08      201
features.7                       117     0.010975 1.548484e-07 1.840586e-08      105
features.4                       134     0.011051 8.427709e-08 5.027598e-08       65
features.12                      429     0.011112 3.711339e-08 4.323373e-08      201
features.8                        16     0.011254 2.206928e-08 5.109825e-08      137
features.5                       132     0.011285 1.970693e-08 3.634608e-07       73
features.8                       161     0.011313 4.649247e-08 6.362413e-08      137
features.5                       167     0.011324 1.656725e-07 1.187308e-06       73
features.8                       339     0.011406 4.647034e-08 6.394313e-08      137
features.5                       183     0.011411 2.550005e-08 3.989537e-07       73
features.12                      503     0.011533 2.940516e-08 4.025962e-08      201
features.7                        21     0.011569 5.207666e-07 3.761924e-08      105
features.8                       319     0.011587 4.227679e-08 6.247247e-08      137
features.11                       46     0.011614 2.242390e-07 3.330042e-07      169
features.12                      294     0.011813 5.282571e-08 5.272499e-08      201
features.8                       120     0.011836 3.968748e-08 6.204921e-08      137
features.5                       116     0.012105 4.319284e-09 2.950527e-07       73
features.3                        18     0.012174 5.718916e-08 3.789437e-06       57
features.12                      308     0.012189 1.350494e-07 9.514743e-08      201
features.8                       247     0.012190 3.160087e-08 5.923038e-08      137
features.9                       311     0.012312 7.451222e-08 1.433248e-07      137
features.4                        83     0.012353 7.814361e-08 5.193052e-08       65
features.12                       85     0.012423 1.601761e-07 1.083742e-07      201
features.7                        30     0.012481 3.293929e-07 2.874178e-08      105
features.7                        51     0.012503 8.263175e-07 5.408203e-08      105
features.8                       271     0.012521 8.845267e-08 8.907941e-08      137
features.8                       368     0.012662 6.349081e-08 7.698950e-08      137
features.5                       184     0.012716 4.898337e-09 3.119804e-07       73
features.3                       117     0.012719 4.689995e-08 3.380526e-06       57
features.12                      104     0.012750 8.468938e-09 3.234836e-08      201
features.12                      201     0.012753 2.211750e-08 3.925980e-08      201
features.8                       342     0.012761 7.195818e-08 8.161194e-08      137
features.7                       175     0.012823 2.414502e-07 2.458844e-08      105
features.7                       183     0.012907 2.760918e-07 2.643431e-08      105
features.4                        87     0.012969 3.629131e-07 1.291796e-07       65
features.8                       179     0.013025 1.223139e-08 5.242364e-08      137
features.8                       381     0.013216 5.473458e-08 7.454047e-08      137
features.9                       322     0.013256 8.104706e-08 1.553865e-07      137
features.8                        62     0.013282 3.942417e-08 6.705417e-08      137
features.14                      508     0.013325 7.408886e-09 3.429871e-09      265
features.7                        25     0.013472 1.157876e-07 1.880765e-08      105
features.4                       106     0.013505 5.622887e-09 3.555853e-08       65
features.12                      522     0.013508 3.880113e-08 4.936067e-08      201
features.7                       153     0.013536 1.659283e-07 2.142394e-08      105
features.7                        75     0.013663 3.895078e-07 3.293793e-08      105
features.4                         5     0.013701 1.854143e-08 3.948852e-08       65
features.8                       169     0.013743 1.302666e-08 5.537630e-08      137
features.7                        72     0.013826 6.618801e-07 4.697164e-08      105
features.15                      778     0.013845 8.869328e-08 2.356666e-07      329
features.5                       144     0.013866 1.668113e-08 4.041356e-07       73
features.8                       166     0.013935 8.635767e-08 9.304499e-08      137
features.7                        44     0.014034 3.036936e-07 2.892018e-08      105
features.8                       246     0.014035 4.711216e-08 7.360586e-08      137
features.7                       168     0.014076 1.051033e-06 6.703863e-08      105
features.8                       135     0.014223 6.773448e-08 8.467394e-08      137
features.6                       109     0.014232 5.461470e-09 5.405641e-07       73
features.5                       153     0.014232 1.818203e-08 4.207772e-07       73
features.3                       140     0.014235 1.436333e-07 7.886720e-06       57
features.12                      137     0.014250 3.766344e-09 3.327175e-08      201
features.5                        37     0.014264 2.152968e-08 4.403553e-07       73
features.14                        6     0.014454 3.193868e-07 7.121401e-09      265
features.5                        19     0.014485 1.527696e-08 4.100597e-07       73
features.13                      567     0.014490 3.173093e-08 4.323417e-08      201
features.7                       188     0.014504 3.791679e-07 3.321675e-08      105
features.12                       49     0.014629 5.456529e-08 5.980301e-08      201
features.12                      318     0.014636 2.822477e-08 4.649280e-08      201
features.13                      209     0.014696 1.606633e-08 3.597540e-08      201
features.12                      536     0.014802 3.492145e-08 5.024667e-08      201
features.4                        94     0.014856 2.592621e-07 1.063887e-07       65
features.12                       63     0.014857 1.026150e-08 3.789329e-08      201
features.4                       112     0.014896 1.683414e-07 8.232182e-08       65
features.8                       310     0.014910 8.312491e-08 9.487626e-08      137
features.8                       156     0.014955 3.631650e-08 7.142770e-08      137
features.7                       167     0.014965 5.632660e-07 4.303782e-08      105
features.5                        36     0.014986 1.706935e-08 4.313635e-07       73
features.12                       16     0.015007 5.741766e-08 6.207873e-08      201
features.9                        77     0.015032 2.302525e-08 8.612437e-08      137
features.6                       130     0.015092 3.587548e-08 1.412497e-06       73
features.13                      488     0.015101 3.971097e-08 4.830152e-08      201
features.6                       159     0.015199 8.701747e-08 2.842183e-06       73
features.12                      517     0.015254 2.512250e-08 4.628320e-08      201
features.12                       69     0.015254 3.793714e-08 5.276791e-08      201
features.16                      607     0.015286 4.303457e-07 5.042841e-06      329
features.11                      301     0.015411 2.117294e-07 3.594921e-07      169
features.14                      440     0.015580 5.014467e-07 9.393303e-09      265
