================================================================================
Channel Pruning Log
  dataset    : CelebA
  impt_type  : 2
  seed       : 42
  iteration  : 16
  alpha      : 0.3000
  norm       : rank
  timestamp  : 2026-08-24 04:15:29
  remove_target  : 36479
  accum_removed  : 36662
  selected_channels : 142
  gamma             : 0.0050
  remove_target_met : yes
  total_params   : 2289600
  active_after   : 838429
  model_sparsity : 63.4%
================================================================================

[ 레이어별 채널 제거 비율 ]
  layer                total_ch  this_iter    cumul  cumul_%
  ----------------------------------------------------------
  features.1                 32          1       23    71.9%
  features.2                 96          1       93    96.9%
  features.3                144          3      123    85.4%
  features.4                144          6      106    73.6%
  features.5                192          8      155    80.7%
  features.6                192          4      159    82.8%
  features.7                192          2      149    77.6%
  features.8                384          8      313    81.5%
  features.9                384          4      340    88.5%
  features.10               384         10      342    89.1%
  features.11               384          5      325    84.6%
  features.12               576         10      486    84.4%
  features.13               576         10      498    86.5%
  features.14               576         12      477    82.8%
  features.15               960         13      811    84.5%
  features.16               960         15      785    81.8%
  features.17               960         30      722    75.2%

[ 레이어별 보호 영역 (γ=0.0050) ]
  layer                  active  protected  protect_%
  --------------------------------------------------
  features.1                 10          1      10.0%
  features.2                  4          1      25.0%
  features.3                 24          1       4.2%
  features.4                 44          1       2.3%
  features.5                 45          1       2.2%
  features.6                 37          1       2.7%
  features.7                 45          1       2.2%
  features.8                 79          1       1.3%
  features.9                 48          1       2.1%
  features.10                52          1       1.9%
  features.11                64          1       1.6%
  features.12               100          1       1.0%
  features.13                88          1       1.1%
  features.14               111          1       0.9%
  features.15               162          1       0.6%
  features.16               190          1       0.5%
  features.17               268          2       0.7%

[ 블록별 제거 채널 수 ]
  features.1: 1채널 제거
  features.10: 10채널 제거
  features.11: 5채널 제거
  features.12: 10채널 제거
  features.13: 10채널 제거
  features.14: 12채널 제거
  features.15: 13채널 제거
  features.16: 15채널 제거
  features.17: 30채널 제거
  features.2: 1채널 제거
  features.3: 3채널 제거
  features.4: 6채널 제거
  features.5: 8채널 제거
  features.6: 4채널 제거
  features.7: 2채널 제거
  features.8: 8채널 제거
  features.9: 4채널 제거

[ 선택된 채널 상세 ]
block                             ch        score          phi         perf  weights
--------------------------------------------------------------------------------
features.2                         7    -0.700000 1.841310e-07 1.111554e-06       49
features.9                        58    -0.608511 3.245647e-08 4.698192e-08      137
features.9                       165    -0.597872 2.939042e-08 3.097938e-08      137
features.17                      594    -0.555431 4.014775e-07 1.454082e-09      489
features.16                      659    -0.542857 1.270048e-07 1.306396e-08      329
features.10                      277    -0.539216 2.641219e-08 2.247623e-08      137
features.13                      504    -0.537931 2.079198e-08 6.972545e-08      201
features.10                       65    -0.535294 2.316903e-08 1.516289e-08      137
features.5                       123    -0.534091 7.820769e-09 1.086596e-07       73
features.10                      269    -0.531373 2.060231e-08 1.016913e-08      137
features.13                      415    -0.531035 2.364076e-08 8.806806e-08      201
features.17                      446    -0.525468 5.480201e-07 6.618544e-09      489
features.4                       105    -0.523256 1.253815e-07 3.117954e-07       65
features.15                      778    -0.521118 1.014902e-07 6.436433e-08      329
features.17                      373    -0.520974 3.960787e-07 2.962708e-09      489
features.8                        45    -0.519231 2.859406e-08 1.615047e-08      137
features.3                       105    -0.517391 7.804172e-09 4.053612e-06       57
features.17                      524    -0.516105 3.919043e-07 3.230871e-09      489
features.13                      407    -0.512644 2.022163e-08 8.342155e-08      201
features.10                      360    -0.507843 2.745040e-08 7.090708e-08      137
features.14                      321    -0.504545 1.080758e-06 9.127038e-08      265
features.17                       35    -0.504120 3.520259e-07 1.693685e-09      489
features.8                        15    -0.503846 6.348142e-08 1.804673e-07      137
features.11                      369    -0.501587 1.047597e-07 2.055839e-07      169
features.14                      429    -0.500909 6.094209e-07 5.164334e-08      265
features.13                      292    -0.497701 1.229302e-08 1.270129e-08      201
features.4                       104    -0.497674 6.776271e-08 1.438040e-07       65
features.6                       149    -0.494444 1.242013e-08 2.691643e-07       73
features.15                      785    -0.494410 5.526151e-08 2.908073e-08      329
features.8                       145    -0.493590 2.921000e-08 3.860885e-08      137
features.15                      116    -0.492547 7.825967e-08 6.435740e-08      329
features.3                       115    -0.491304 2.558533e-08 4.816672e-05       57
features.4                        33    -0.490698 1.360715e-07 6.379666e-07       65
features.5                        16    -0.488636 7.251893e-09 1.373464e-07       73
features.17                      561    -0.488389 4.066299e-07 5.672973e-09      489
features.7                        98    -0.484091 3.506803e-07 1.773549e-07      105
features.4                        13    -0.481395 1.620811e-07 1.294789e-06       65
features.17                      506    -0.480524 3.907881e-07 4.694026e-09      489
features.10                      365    -0.480392 2.076217e-08 2.599806e-08      137
features.17                      902    -0.480150 7.030160e-07 1.196291e-08      489
features.12                      180    -0.478788 2.301584e-08 1.607659e-07      201
features.17                      707    -0.477154 4.889348e-07 9.051693e-09      489
features.8                        59    -0.476923 3.554774e-08 1.132610e-07      137
features.16                      190    -0.476720 1.085779e-07 4.101012e-08      329
features.16                      613    -0.476720 7.978131e-08 8.321910e-09      329
features.5                        98    -0.475000 8.260545e-09 4.202396e-07       73
features.14                      468    -0.471818 4.556476e-07 9.604072e-09      265
features.15                      333    -0.471429 4.333118e-08 5.969060e-09      329
features.14                      126    -0.469091 5.978742e-07 5.879322e-08      265
features.14                      274    -0.468182 9.740621e-07 1.077156e-07      265
features.17                      365    -0.467790 4.884764e-07 9.282340e-09      489
features.14                      182    -0.467273 6.075827e-07 6.378346e-08      265
features.16                      466    -0.467196 9.883183e-08 3.944962e-08      329
features.17                      333    -0.464045 4.852316e-07 9.391024e-09      489
features.15                      779    -0.463354 1.113334e-07 1.396849e-07      329
features.17                      874    -0.462921 4.152165e-07 7.872222e-09      489
features.11                      296    -0.460317 1.077795e-07 4.095210e-07      169
features.17                      286    -0.459551 6.147180e-07 1.229812e-08      489
features.14                      177    -0.459091 8.831063e-07 1.011632e-07      265
features.8                       121    -0.458974 4.522260e-08 2.288137e-07      137
features.14                      207    -0.458182 5.286843e-07 5.015306e-08      265
features.17                      366    -0.458052 2.937077e-07 2.063652e-09      489
features.16                      453    -0.457143 7.334236e-08 1.111936e-08      329
features.16                      717    -0.456085 7.461004e-08 1.413535e-08      329
features.13                      193    -0.454023 2.716854e-08 2.234105e-07      201
features.11                      156    -0.453968 2.770131e-07 1.467562e-06      169
features.16                      388    -0.453968 8.185920e-08 2.670167e-08      329
features.13                      231    -0.452874 2.861701e-08 3.062491e-07      201
features.12                      177    -0.452525 3.605606e-08 4.231389e-07      201
features.17                      863    -0.452434 4.253111e-07 9.082383e-09      489
features.11                      320    -0.452381 9.369125e-08 3.555205e-07      169
features.14                      475    -0.450000 4.929116e-07 3.814613e-08      265
features.13                      490    -0.449425 2.221635e-08 1.824997e-07      201
features.16                      686    -0.449206 9.468970e-08 4.871871e-08      329
features.3                        17    -0.447826 1.417463e-08 4.852170e-05       57
features.5                       147    -0.447727 9.926355e-09 9.419812e-07       73
features.12                      194    -0.447475 2.249881e-08 2.036805e-07      201
features.6                       170    -0.447222 4.987219e-09 7.325353e-08       73
features.9                        11    -0.446808 3.038445e-08 2.993472e-07      137
features.5                        80    -0.445455 5.718183e-09 7.537757e-08       73
features.14                       36    -0.445454 9.740289e-07 1.362530e-07      265
features.16                      119    -0.444974 6.794635e-08 7.559724e-09      329
features.6                       189    -0.444444 6.015481e-09 1.254045e-07       73
features.17                      313    -0.444195 5.409393e-07 1.243839e-08      489
features.4                        64    -0.444186 1.237458e-07 7.789914e-07       65
features.5                       183    -0.443182 1.398229e-08 1.173887e-06       73
features.17                      644    -0.443071 4.298642e-07 9.746928e-09      489
features.17                       79    -0.442697 5.591911e-07 1.273278e-08      489
features.17                      456    -0.442697 3.770387e-07 6.852490e-09      489
features.7                       169    -0.440909 3.390545e-07 2.346232e-07      105
features.17                      617    -0.440449 8.243286e-07 1.691639e-08      489
features.12                       39    -0.440404 1.545784e-08 5.661022e-08      201
features.17                      116    -0.439700 1.144828e-06 1.947977e-08      489
features.16                      677    -0.437566 3.013327e-07 1.822264e-07      329
features.11                      120    -0.436508 1.243935e-07 5.821461e-07      169
features.10                      350    -0.435294 1.931172e-08 3.493659e-08      137
features.1                        24    -0.433333 1.965212e-07 3.666588e-04       25
features.15                      586    -0.432919 3.725422e-08 2.154642e-09      329
features.15                      691    -0.432298 4.114325e-08 2.490216e-08      329
features.16                      958    -0.432275 1.929494e-07 1.584481e-07      329
features.17                       56    -0.432210 3.512544e-07 5.728034e-09      489
features.17                       92    -0.431461 4.680621e-07 1.140475e-08      489
features.10                      234    -0.431373 2.621010e-08 1.205344e-07      137
features.12                      503    -0.430303 1.861414e-08 1.103578e-07      201
features.4                        15    -0.430233 8.460106e-08 5.011139e-07       65
features.17                      215    -0.429588 2.690264e-07 1.915823e-09      489
features.5                       153    -0.429545 9.219925e-09 7.965843e-07       73
features.12                      349    -0.428283 2.315412e-08 3.338524e-07      201
features.8                       192    -0.428205 1.186166e-07 5.475679e-07      137
features.12                      256    -0.426263 2.504886e-08 3.870411e-07      201
features.17                      518    -0.426217 3.837458e-07 8.368192e-09      489
features.15                      263    -0.426087 6.296758e-08 9.166547e-08      329
features.16                       12    -0.425926 1.375157e-07 1.168725e-07      329
features.14                      466    -0.425455 6.544474e-07 9.134735e-08      265
features.16                      935    -0.421693 1.397459e-07 1.328132e-07      329
features.9                       219    -0.421277 2.427044e-08 1.219580e-07      137
features.12                      114    -0.421212 3.161754e-08 7.272587e-07      201
features.17                      147    -0.420974 4.702125e-07 1.256625e-08      489
features.17                      430    -0.420974 6.680049e-07 1.793406e-08      489
features.15                      463    -0.420497 6.808743e-08 1.030191e-07      329
features.5                        75    -0.420455 1.470803e-08 3.715429e-06       73
features.15                      930    -0.419876 9.072611e-08 2.109784e-07      329
features.10                       49    -0.419608 1.268036e-08 7.857349e-09      137
features.17                      171    -0.419476 4.689471e-07 1.250956e-08      489
features.14                      573    -0.419091 4.476991e-07 3.099871e-08      265
features.8                        47    -0.417949 3.780839e-08 2.196105e-07      137
features.8                       219    -0.417949 1.533660e-07 8.004694e-07      137
features.10                      367    -0.417647 5.029583e-08 5.386172e-07      137
features.13                      186    -0.417241 1.215632e-08 8.546591e-08      201
features.12                      466    -0.417172 1.264540e-08 2.354649e-08      201
features.17                      708    -0.416854 5.231921e-07 1.455626e-08      489
features.15                      769    -0.416770 3.829219e-07 6.033438e-07      329
features.13                       32    -0.416092 1.487366e-08 1.340689e-07      201
features.13                      522    -0.416092 4.544861e-08 7.390307e-07      201
features.16                      834    -0.415873 3.402795e-07 2.666200e-07      329
features.16                      567    -0.415873 1.631491e-07 1.950194e-07      329
features.10                        8    -0.415686 3.283960e-08 4.809622e-07      137
features.12                      165    -0.415152 2.007110e-08 2.014540e-07      201
features.15                      505    -0.414907 7.925972e-08 1.852150e-07      329
features.17                      287    -0.414607 7.003374e-07 1.930548e-08      489
features.6                       109    -0.413889 1.079608e-08 7.098507e-07       73
features.15                       85    -0.413665 3.518261e-08 2.286604e-09      329
