================================================================================
Channel Pruning Log
  dataset    : UTKFace
  impt_type  : 2
  seed       : 42
  iteration  : 29
  alpha      : 0.9000
  norm       : rank
  timestamp  : 2026-08-24 13:39:49
  remove_target  : 21814
  accum_removed  : 22170
  selected_channels : 90
  gamma             : 0.0050
  remove_target_met : yes
  total_params   : 2192320
  active_after   : 1263414
  model_sparsity : 42.4%
================================================================================

[ 레이어별 채널 제거 비율 ]
  layer                total_ch  this_iter    cumul  cumul_%
  ----------------------------------------------------------
  features.1                 32          0       24    75.0%
  features.2                 96          1       80    83.3%
  features.3                144          2       90    62.5%
  features.4                144          3       96    66.7%
  features.5                192          1      134    69.8%
  features.6                192          3      145    75.5%
  features.7                192          2      141    73.4%
  features.8                384          4      265    69.0%
  features.9                384          8      278    72.4%
  features.10               384          6      271    70.6%
  features.11               384          7      275    71.6%
  features.12               576          9      321    55.7%
  features.13               576          5      144    25.0%
  features.14               576          6      370    64.2%
  features.15               960          7      698    72.7%
  features.16               960         11      352    36.7%
  features.17               960         15      374    39.0%

[ 레이어별 보호 영역 (γ=0.0050) ]
  layer                  active  protected  protect_%
  --------------------------------------------------
  features.1                  8          1      12.5%
  features.2                 17          1       5.9%
  features.3                 56          1       1.8%
  features.4                 51          1       2.0%
  features.5                 59          1       1.7%
  features.6                 50          1       2.0%
  features.7                 53          1       1.9%
  features.8                123          1       0.8%
  features.9                114          1       0.9%
  features.10               119          1       0.8%
  features.11               116          1       0.9%
  features.12               264          2       0.8%
  features.13               437          3       0.7%
  features.14               212          2       0.9%
  features.15               269          2       0.7%
  features.16               619          4       0.6%
  features.17               601          4       0.7%

[ 블록별 제거 채널 수 ]
  features.10: 6채널 제거
  features.11: 7채널 제거
  features.12: 9채널 제거
  features.13: 5채널 제거
  features.14: 6채널 제거
  features.15: 7채널 제거
  features.16: 11채널 제거
  features.17: 15채널 제거
  features.2: 1채널 제거
  features.3: 2채널 제거
  features.4: 3채널 제거
  features.5: 1채널 제거
  features.6: 3채널 제거
  features.7: 2채널 제거
  features.8: 4채널 제거
  features.9: 8채널 제거

[ 선택된 채널 상세 ]
  (phi/perf: raw, phi_n/perf_n: 정규화 후 값 — score = α·perf_n − (1−α)·phi_n)
block                             ch        score          phi         perf    phi_n   perf_n  weights
----------------------------------------------------------------------------------------------------
features.11                      222    -0.073043 2.812860e-06 1.000018e-05   0.9652   0.0261      169
features.10                      141    -0.067797 3.336465e-07 7.743621e-07   0.8305   0.0169      137
features.11                       46    -0.066957 7.616692e-07 6.043443e-06   0.6696   0.0000      169
features.9                       142    -0.066372 2.017618e-07 1.113820e-06   0.6637   0.0000      137
features.8                       196    -0.044262 9.225462e-08 2.921710e-06   0.4426   0.0000      137
features.11                      172    -0.043478 1.389141e-06 1.043230e-05   0.8261   0.0435      169
features.11                       95    -0.043478 1.087850e-06 1.020845e-05   0.7478   0.0348      169
features.9                       254    -0.042478 3.727275e-07 1.416631e-06   0.8230   0.0442      137
features.14                      165    -0.040758 1.091376e-06 9.471809e-07   0.5355   0.0142      265
features.7                        99    -0.040385 3.102784e-06 1.134537e-05   0.5769   0.0192      105
features.2                        86    -0.037500 9.614299e-08 5.412267e-04   0.3750   0.0000       49
features.12                      453    -0.036882 8.741530e-08 7.138027e-07   0.6768   0.0342      201
features.4                        11    -0.034000 6.581672e-07 1.501920e-05   0.3400   0.0000       65
features.15                      274    -0.033955 1.242248e-07 8.246661e-07   0.4403   0.0112      329
features.9                        77    -0.033628 1.990385e-07 1.338488e-06   0.6549   0.0354      137
features.10                       98    -0.032203 7.670705e-08 6.147821e-07   0.3983   0.0085      137
features.4                        56    -0.032000 1.202969e-06 1.535278e-05   0.5000   0.0200       65
features.9                        84    -0.030088 7.906738e-08 1.217044e-06   0.3805   0.0088      137
features.6                       136    -0.026531 1.905628e-08 5.618047e-06   0.2653   0.0000       73
features.10                       72    -0.026271 1.491625e-07 8.046544e-07   0.5678   0.0339      137
features.8                        84    -0.026230 6.819197e-08 3.110901e-06   0.3361   0.0082      137
features.9                       231    -0.025664 6.566717e-07 1.500474e-06   0.8938   0.0708      137
features.12                       23    -0.023574 4.644054e-08 6.880695e-07   0.4753   0.0266      201
features.7                        23    -0.023077 4.599885e-07 9.936024e-06   0.2308   0.0000      105
features.16                      313    -0.022492 2.128028e-07 5.315275e-08   0.5162   0.0324      329
features.11                      232    -0.020870 7.674882e-07 1.060503e-05   0.6783   0.0522      169
features.17                      300    -0.020500 3.146613e-07 1.824601e-08   0.6850   0.0533      489
features.16                       78    -0.019579 3.359998e-07 6.519064e-08   0.6472   0.0502      329
features.16                       63    -0.019094 1.536469e-07 4.679015e-08   0.4239   0.0259      329
features.8                       313    -0.018852 2.662504e-07 3.459771e-06   0.8525   0.0738      137
features.10                      299    -0.017797 3.674143e-08 5.982516e-07   0.1780   0.0000      137
features.12                      263    -0.017490 8.997475e-08 8.000151e-07   0.6882   0.0570      201
features.17                      593    -0.016667 1.285117e-07 1.457596e-08   0.3167   0.0167      489
features.12                      198    -0.016350 8.115056e-08 7.993027e-07   0.6426   0.0532      201
features.13                      240    -0.016055 1.259339e-07 2.010277e-07   0.7592   0.0665      201
features.17                      781    -0.015667 1.466730e-07 1.518832e-08   0.3517   0.0217      489
features.16                      139    -0.015372 2.023620e-07 5.882940e-08   0.5032   0.0388      329
features.17                      424    -0.013167 1.601527e-07 1.619049e-08   0.3867   0.0283      489
features.17                      558    -0.012333 7.773500e-08 1.210254e-08   0.1533   0.0033      489
features.6                        75    -0.012245 1.940476e-07 8.038850e-06   0.8571   0.0816       73
features.16                      284    -0.011974 3.342437e-07 6.951834e-08   0.6440   0.0583      329
features.15                      722    -0.010821 1.387377e-07 1.190700e-06   0.4776   0.0410      329
features.15                      570    -0.010448 5.663846e-08 8.100256e-07   0.1716   0.0075      329
features.11                      255    -0.010435 6.947881e-07 1.104840e-05   0.6522   0.0609      169
features.17                      298    -0.010000 7.153420e-08 1.247616e-08   0.1450   0.0050      489
features.9                        44    -0.009735 5.712991e-08 1.323674e-06   0.3363   0.0265      137
features.12                      210    -0.009506 1.619289e-08 5.247215e-07   0.1635   0.0076      201
features.10                      124    -0.009322 6.620440e-08 7.975250e-07   0.3220   0.0254      137
features.14                      506    -0.009005 3.807100e-07 9.057878e-07   0.1754   0.0095      265
features.5                        36    -0.008621 1.537852e-08 7.493051e-06   0.0862   0.0000       73
features.16                      400    -0.008576 8.517961e-07 9.630354e-08   0.8867   0.0890      329
features.17                       31    -0.008333 4.825488e-08 1.064991e-08   0.0833   0.0000      489
features.17                      515    -0.008167 1.738076e-07 1.684523e-08   0.4267   0.0383      489
features.17                      854    -0.008167 8.127700e-08 1.380153e-08   0.1717   0.0100      489
features.17                      597    -0.007833 5.277625e-08 1.196223e-08   0.0933   0.0017      489
features.16                      483    -0.007767 9.501066e-08 4.777404e-08   0.3252   0.0275      329
features.3                       114    -0.007273 1.047269e-07 3.003628e-05   0.7273   0.0727       57
features.14                        8    -0.007109 5.908607e-07 1.071441e-06   0.3270   0.0284      265
features.16                      731    -0.006958 6.113182e-08 3.023438e-08   0.2298   0.0178      329
features.17                      878    -0.006833 3.986978e-07 2.030001e-08   0.7583   0.0767      489
features.15                      883    -0.006716 3.126787e-08 7.788513e-07   0.0672   0.0000      329
features.10                      234    -0.005932 2.131603e-07 8.484633e-07   0.6695   0.0678      137
features.17                      255    -0.005833 7.915092e-08 1.395073e-08   0.1633   0.0117      489
features.16                      459    -0.004693 9.492741e-08 5.294698e-08   0.3236   0.0307      329
features.11                      100    -0.004348 1.679180e-07 9.934553e-06   0.2000   0.0174      169
features.4                        53    -0.004000 8.799756e-07 1.590670e-05   0.4000   0.0400       65
features.16                      760    -0.003883 2.132953e-07 6.641783e-08   0.5194   0.0534      329
features.12                       48    -0.003422 8.424408e-09 4.232984e-07   0.0684   0.0038      201
features.13                      554    -0.002982 5.275615e-08 1.666980e-07   0.5252   0.0550      201
features.17                      731    -0.002833 1.436840e-07 1.670771e-08   0.3433   0.0350      489
features.8                       262    -0.002459 9.793506e-08 3.370870e-06   0.4672   0.0492      137
features.12                      414    -0.002281 1.981567e-08 6.033166e-07   0.1939   0.0190      201
features.13                      414    -0.002064 4.304937e-07 2.726939e-07   0.9495   0.1032      201
features.6                       158    -0.002041 1.394707e-08 7.051700e-06   0.2041   0.0204       73
features.9                       130    -0.001770 1.366144e-07 1.436748e-06   0.5752   0.0619      137
features.12                      498    -0.001521 1.335415e-08 5.376170e-07   0.1179   0.0114      201
features.14                      402    -0.001422 4.891296e-08 8.048590e-07   0.0142   0.0000      265
features.17                      637    -0.001167 7.419963e-08 1.444277e-08   0.1467   0.0150      489
features.13                      540    -0.001147 1.852317e-07 2.646825e-07   0.8372   0.0917      201
features.15                       54    -0.001119 5.091999e-08 8.367142e-07   0.1455   0.0149      329
features.14                       26    -0.000948 5.538291e-07 1.109776e-06   0.3081   0.0332      265
features.14                      379    -0.000948 7.393380e-07 1.158643e-06   0.3934   0.0427      265
features.9                       102    -0.000885 1.071684e-07 1.431842e-06   0.4867   0.0531      137
features.12                       46    -0.000380 1.035520e-09 5.508427e-08   0.0038   0.0000      201
features.15                      226    -0.000373 7.250235e-08 9.269401e-07   0.2388   0.0261      329
features.3                        53     0.000000 1.804857e-09 2.614397e-05   0.0000   0.0000       57
features.13                      534     0.000000 0.000000e+00 0.000000e+00   0.0000   0.0000      201
features.15                      305     0.000000 2.292481e-08 7.803994e-07   0.0336   0.0037      329
features.16                       80     0.000000 0.000000e+00 0.000000e+00   0.0000   0.0000      329
features.17                       46     0.000000 4.489154e-08 1.370719e-08   0.0750   0.0083      489
