================================================================================
Channel Pruning Log
  dataset    : UTKFace
  impt_type  : 2
  seed       : 42
  iteration  : 8
  alpha      : 0.5000
  norm       : rank
  timestamp  : 2026-08-30 16:41:22
  remove_target  : 37234
  accum_removed  : 37240
  selected_channels : 160
  gamma             : 0.0050
  cap_multiplier    : None
  remove_target_met : yes
  total_params   : 2192320
  active_after   : 1865150
  model_sparsity : 14.9%
================================================================================

[ 레이어별 채널 제거 비율 ]
  layer                total_ch  this_iter    cumul  cumul_%
  ----------------------------------------------------------
  features.1                 32          0        1     3.1%
  features.2                 96          4       20    20.8%
  features.3                144          2       24    16.7%
  features.4                144          1       10     6.9%
  features.5                192          2       44    22.9%
  features.6                192          2       44    22.9%
  features.7                192          1       23    12.0%
  features.8                384         11      129    33.6%
  features.9                384          7      111    28.9%
  features.10               384         10      105    27.3%
  features.11               384         11       95    24.7%
  features.12               576         24      197    34.2%
  features.13               576         16      146    25.3%
  features.14               576         12      108    18.8%
  features.15               960         34      328    34.2%
  features.16               960         18      128    13.3%
  features.17               960          5        9     0.9%

[ 레이어별 보호 영역 (γ=0.0050) ]
  layer                  active  protected  protect_%
  --------------------------------------------------
  features.1                 31          1       3.2%
  features.2                 80          1       1.2%
  features.3                122          1       0.8%
  features.4                135          1       0.7%
  features.5                150          1       0.7%
  features.6                150          1       0.7%
  features.7                170          1       0.6%
  features.8                266          2       0.8%
  features.9                280          2       0.7%
  features.10               289          2       0.7%
  features.11               300          2       0.7%
  features.12               403          3       0.7%
  features.13               446          3       0.7%
  features.14               480          3       0.6%
  features.15               666          4       0.6%
  features.16               850          5       0.6%
  features.17               956          5       0.5%

[ 블록별 제거 채널 수 ]
  features.10: 10채널 제거
  features.11: 11채널 제거
  features.12: 24채널 제거
  features.13: 16채널 제거
  features.14: 12채널 제거
  features.15: 34채널 제거
  features.16: 18채널 제거
  features.17: 5채널 제거
  features.2: 4채널 제거
  features.3: 2채널 제거
  features.4: 1채널 제거
  features.5: 2채널 제거
  features.6: 2채널 제거
  features.7: 1채널 제거
  features.8: 11채널 제거
  features.9: 7채널 제거

[ 선택된 채널 상세 ]
  (phi/perf: raw, phi_n/perf_n: 정규화 후 값 — score = α·perf_n − (1−α)·phi_n)
block                             ch        score          phi         perf    phi_n   perf_n  weights
----------------------------------------------------------------------------------------------------
features.13                      202    -0.391011 2.524268e-07 2.028113e-07   0.9393   0.1573      201
features.13                      350    -0.361798 2.223234e-07 2.352536e-07   0.9101   0.1865      201
features.11                      215    -0.361204 4.913043e-07 5.738102e-07   0.7860   0.0635      169
features.12                      165    -0.359453 1.373560e-07 2.803929e-07   0.8607   0.1418      201
features.10                      214    -0.357639 2.094115e-07 2.369532e-07   0.8750   0.1597      137
features.12                      325    -0.349503 1.394593e-07 2.932397e-07   0.8657   0.1667      201
features.15                      199    -0.348120 3.358975e-07 1.221305e-07   0.8030   0.1068      329
features.15                       12    -0.347368 1.059040e-06 2.373335e-07   0.9594   0.2647      329
features.16                      501    -0.346290 4.756811e-07 3.019005e-08   0.7927   0.1001      329
features.15                       60    -0.344361 2.141577e-07 6.591331e-08   0.7293   0.0406      329
features.16                      627    -0.343934 5.283488e-07 3.915554e-08   0.8257   0.1378      329
features.10                       59    -0.340278 4.400225e-07 3.282321e-07   0.9618   0.2812      137
features.15                      835    -0.336090 4.872555e-07 1.899205e-07   0.8722   0.2000      329
features.8                        99    -0.335849 2.621980e-07 9.762282e-07   0.9170   0.2453      137
features.11                      105    -0.332776 6.980669e-07 1.401261e-06   0.8763   0.2107      169
features.15                       28    -0.331579 6.715370e-07 2.334641e-07   0.9173   0.2541      329
features.8                       114    -0.330189 3.010516e-07 1.056876e-06   0.9434   0.2830      137
features.12                      313    -0.329602 1.627317e-07 3.627630e-07   0.8806   0.2214      201
features.15                      688    -0.328571 2.884962e-07 1.309797e-07   0.7805   0.1233      329
features.8                       270    -0.328302 1.354173e-07 5.673559e-07   0.7774   0.1208      137
features.10                      178    -0.328125 1.351268e-07 2.201189e-07   0.7882   0.1319      137
features.9                       347    -0.327957 1.405967e-07 2.455112e-07   0.7455   0.0896      137
features.15                      865    -0.327068 5.380835e-07 2.241671e-07   0.8932   0.2391      329
features.15                       51    -0.326316 5.195218e-07 2.221301e-07   0.8872   0.2346      329
features.5                        96    -0.325503 5.657388e-08 1.723036e-06   0.7919   0.1409       73
features.6                       106    -0.325503 6.980738e-08 1.504266e-06   0.8658   0.2148       73
features.2                        36    -0.322785 6.325096e-07 9.945292e-06   0.8354   0.1899       49
features.11                      280    -0.322742 8.136100e-07 1.618570e-06   0.8997   0.2542      169
features.15                      710    -0.322556 1.926076e-07 8.036653e-08   0.7023   0.0571      329
features.12                       47    -0.322139 2.985269e-07 4.697167e-07   0.9453   0.3010      201
features.12                      158    -0.320896 9.122999e-08 2.428048e-07   0.7587   0.1169      201
features.16                       64    -0.320377 3.995807e-07 3.118173e-08   0.7432   0.1025      329
features.12                       84    -0.319652 4.922586e-07 5.106147e-07   0.9701   0.3308      201
features.10                      204    -0.319444 5.022034e-07 3.716031e-07   0.9722   0.3333      137
features.14                      302    -0.319415 1.965213e-06 2.700909e-07   0.8727   0.2338      265
features.12                      166    -0.317164 1.067142e-07 3.011617e-07   0.8109   0.1766      201
features.12                      508    -0.317164 8.491899e-08 2.229541e-07   0.7438   0.1095      201
features.13                      121    -0.316854 1.131833e-07 2.250143e-07   0.8090   0.1753      201
features.2                         1    -0.316456 3.231718e-07 3.686004e-06   0.7215   0.0886       49
features.8                       347    -0.315094 9.319856e-08 3.110844e-07   0.6755   0.0453      137
features.8                       110    -0.315094 3.900468e-07 1.283250e-06   0.9736   0.3434      137
features.13                      434    -0.314607 1.476783e-07 2.805028e-07   0.8584   0.2292      201
features.11                      111    -0.314381 4.988877e-07 1.159785e-06   0.7993   0.1706      169
features.15                      127    -0.312782 2.828760e-07 1.571200e-07   0.7744   0.1489      329
features.15                      580    -0.312782 1.631662e-07 6.072756e-08   0.6586   0.0331      329
features.15                      166    -0.312030 1.227235e-06 2.960031e-07   0.9729   0.3489      329
features.13                      540    -0.310112 1.833983e-07 3.263461e-07   0.8876   0.2674      201
features.14                      176    -0.310021 1.347740e-06 1.357724e-07   0.7286   0.1086      265
features.8                       191    -0.309434 1.151288e-07 5.899370e-07   0.7472   0.1283      137
features.11                      103    -0.309365 5.021870e-07 1.208664e-06   0.8060   0.1873      169
features.10                      172    -0.309028 5.514610e-07 3.942187e-07   0.9792   0.3611      137
features.15                      728    -0.309023 2.084490e-07 1.202555e-07   0.7218   0.1038      329
features.15                      897    -0.306767 3.290604e-07 1.804405e-07   0.7970   0.1835      329
features.13                      184    -0.306742 1.317241e-07 2.750519e-07   0.8404   0.2270      201
features.11                      110    -0.306020 5.058919e-07 1.318425e-06   0.8094   0.1973      169
features.14                       56    -0.305845 9.841826e-07 5.580983e-08   0.6305   0.0188      265
features.8                         5    -0.305660 1.389152e-07 7.615382e-07   0.7849   0.1736      137
features.16                      365    -0.305654 5.994170e-07 6.393260e-08   0.8504   0.2391      329
features.16                      303    -0.305654 4.857907e-07 5.367729e-08   0.8045   0.1932      329
features.12                      167    -0.304726 1.085618e-07 3.289682e-07   0.8184   0.2090      201
features.12                      355    -0.304726 1.381523e-07 4.078507e-07   0.8632   0.2537      201
features.8                       157    -0.303774 1.508858e-07 8.850412e-07   0.8189   0.2113      137
features.15                      210    -0.303759 1.535304e-07 4.991844e-08   0.6316   0.0241      329
features.17                      626    -0.302618 3.694640e-07 3.880381e-09   0.7141   0.1089      489
features.8                       348    -0.301887 7.602671e-08 1.126689e-07   0.6113   0.0075      137
features.12                      395    -0.300995 1.285141e-07 3.993180e-07   0.8507   0.2488      201
features.12                      277    -0.300995 2.241693e-07 4.947150e-07   0.9179   0.3159      201
features.14                       95    -0.300626 1.500268e-06 1.995203e-07   0.7766   0.1754      265
features.14                      568    -0.300626 1.427338e-06 1.804091e-07   0.7557   0.1545      265
features.16                      574    -0.300353 4.156468e-07 4.240808e-08   0.7515   0.1508      329
features.10                      140    -0.300347 7.524989e-07 4.199568e-07   0.9861   0.3854      137
features.13                      229    -0.300000 1.439514e-07 3.185668e-07   0.8539   0.2539      201
features.17                      744    -0.300000 4.580139e-07 6.228691e-09   0.7780   0.1780      489
features.15                      504    -0.297744 5.137800e-07 2.452769e-07   0.8842   0.2887      329
features.11                       68    -0.297659 2.475531e-07 4.592060e-07   0.6388   0.0435      169
features.3                        51    -0.297521 4.619905e-07 1.279512e-05   1.0000   0.4050       57
features.16                      100    -0.297409 4.851861e-07 5.650050e-08   0.8033   0.2085      329
features.14                      327    -0.296451 2.387091e-06 3.516083e-07   0.9123   0.3194      265
features.12                      219    -0.296020 3.103316e-07 5.750473e-07   0.9527   0.3607      201
features.12                      191    -0.296020 8.362358e-08 2.814754e-07   0.7388   0.1468      201
features.13                      318    -0.294382 1.009421e-07 2.434352e-07   0.7820   0.1933      201
features.9                       206    -0.293907 1.863205e-07 3.930536e-07   0.8029   0.2151      137
features.12                      453    -0.293532 8.864144e-07 6.629050e-07   0.9925   0.4055      201
features.3                        72    -0.293388 1.362039e-07 1.087434e-05   0.9421   0.3554       57
features.15                      755    -0.293233 2.639523e-07 1.738507e-07   0.7609   0.1744      329
features.15                      169    -0.293233 6.851212e-07 2.864652e-07   0.9233   0.3368      329
features.17                      419    -0.292670 5.083130e-07 7.455109e-09   0.8031   0.2178      489
features.12                      430    -0.292289 9.781944e-08 3.136953e-07   0.7786   0.1940      201
features.13                      539    -0.292135 8.354901e-07 4.630849e-07   0.9888   0.4045      201
features.5                       106    -0.291946 4.019625e-07 5.481941e-06   1.0000   0.4161       73
features.15                       79    -0.291729 2.822539e-07 1.848347e-07   0.7729   0.1895      329
features.15                      128    -0.290977 3.977875e-07 2.332033e-07   0.8346   0.2526      329
features.15                      237    -0.290977 2.313950e-07 1.665765e-07   0.7459   0.1639      329
features.15                      605    -0.290977 1.896643e-07 1.304123e-07   0.6992   0.1173      329
features.16                      665    -0.290931 1.491007e-06 1.087456e-07   0.9776   0.3958      329
features.15                      175    -0.290226 2.179117e-07 1.599367e-07   0.7338   0.1534      329
features.13                       93    -0.289888 9.964047e-08 2.550175e-07   0.7798   0.2000      201
features.16                      854    -0.289753 4.133986e-07 4.697287e-08   0.7503   0.1708      329
features.15                      286    -0.289474 4.367620e-07 2.417821e-07   0.8571   0.2782      329
features.15                      956    -0.288722 5.424794e-07 2.616797e-07   0.8947   0.3173      329
features.16                      371    -0.288575 3.708557e-07 4.213497e-08   0.7267   0.1496      329
features.16                      383    -0.288575 8.003393e-07 8.395599e-08   0.8952   0.3180      329
features.10                      364    -0.288194 9.477149e-08 1.641696e-07   0.6667   0.0903      137
features.13                      543    -0.287640 8.772605e-08 2.242963e-07   0.7461   0.1708      201
features.11                       48    -0.287625 2.209024e-07 3.083416e-07   0.5987   0.0234      169
features.16                      655    -0.287397 2.814373e-07 1.987370e-08   0.6443   0.0695      329
features.12                       79    -0.287313 9.125612e-08 3.100595e-07   0.7612   0.1866      201
features.13                      117    -0.286517 4.176835e-07 4.537617e-07   0.9730   0.4000      201
features.15                       42    -0.286466 1.373571e-07 3.002314e-08   0.5805   0.0075      329
features.10                      231    -0.286458 8.943117e-08 1.386483e-07   0.6424   0.0694      137
features.16                      938    -0.286219 5.029950e-07 6.459921e-08   0.8151   0.2426      329
features.12                      242    -0.286070 5.064738e-07 6.497673e-07   0.9726   0.4005      201
features.14                       49    -0.286013 2.264386e-06 3.551084e-07   0.9019   0.3299      265
features.8                       240    -0.284906 1.954941e-07 1.192901e-06   0.8868   0.3170      137
features.12                      107    -0.284826 6.001702e-08 1.595760e-07   0.6343   0.0647      201
features.12                      162    -0.284826 6.904842e-07 6.823394e-07   0.9851   0.4154      201
features.2                        27    -0.284810 1.534443e-07 1.194367e-06   0.5696   0.0000       49
features.11                      173    -0.284281 7.011643e-07 1.848747e-06   0.8796   0.3110      169
features.7                        66    -0.284024 2.241358e-06 1.699502e-06   0.8284   0.2604      105
features.16                      632    -0.283863 3.537849e-07 3.991089e-08   0.7091   0.1413      329
features.15                      535    -0.283459 8.474863e-07 3.222994e-07   0.9429   0.3759      329
features.9                        67    -0.283154 1.913284e-07 4.265532e-07   0.8100   0.2437      137
features.9                       104    -0.283154 1.669569e-07 3.931931e-07   0.7849   0.2186      137
features.9                       307    -0.283154 1.950649e-07 4.412623e-07   0.8244   0.2581      137
features.13                      456    -0.283146 1.196684e-07 3.203402e-07   0.8225   0.2562      201
features.14                      365    -0.282881 1.642095e-06 2.796071e-07   0.8142   0.2484      265
features.14                      476    -0.282881 9.272639e-07 7.402127e-08   0.6033   0.0376      265
features.16                      790    -0.282686 8.506744e-07 8.768315e-08   0.9034   0.3380      329
features.11                       93    -0.282609 1.054090e-06 2.309857e-06   0.9431   0.3779      169
features.15                      663    -0.281955 3.544191e-07 2.293497e-07   0.8135   0.2496      329
features.10                      196    -0.281250 8.201976e-08 1.247312e-07   0.6146   0.0521      137
features.15                      495    -0.281203 9.032628e-07 3.314032e-07   0.9474   0.3850      329
features.13                      574    -0.280899 8.753999e-08 2.289810e-07   0.7438   0.1820      201
features.16                      730    -0.280330 5.633574e-07 7.398814e-08   0.8375   0.2768      329
features.14                       67    -0.279750 1.815241e-06 3.241321e-07   0.8476   0.2881      265
features.10                       33    -0.279514 1.335969e-07 2.963912e-07   0.7778   0.2188      137
features.11                      158    -0.279264 4.907602e-07 1.474095e-06   0.7826   0.2241      169
features.16                      112    -0.279152 2.690718e-07 2.069447e-08   0.6302   0.0718      329
features.17                        3    -0.279058 5.250049e-07 8.458535e-09   0.8147   0.2565      489
features.17                      304    -0.279058 1.127855e-06 1.415076e-08   0.9539   0.3958      489
features.12                      234    -0.278607 9.905369e-07 7.403241e-07   0.9975   0.4403      201
features.6                        58    -0.278524 4.033529e-08 1.293355e-06   0.7248   0.1678       73
features.2                        91    -0.278481 1.249186e-06 1.787725e-05   0.8987   0.3418       49
features.15                        3    -0.278196 8.761674e-07 3.356083e-07   0.9444   0.3880      329
features.15                      528    -0.278196 3.076364e-07 2.202032e-07   0.7895   0.2331      329
features.9                       238    -0.277778 1.932328e-07 4.598209e-07   0.8208   0.2652      137
features.13                      154    -0.277528 1.495953e-07 3.648187e-07   0.8607   0.3056      201
features.15                      746    -0.277444 6.498238e-07 3.008379e-07   0.9143   0.3594      329
features.12                      259    -0.277363 1.105953e-07 4.216775e-07   0.8259   0.2711      201
features.8                       131    -0.277358 6.842441e-08 2.182326e-07   0.5774   0.0226      137
features.15                      782    -0.276692 2.855209e-07 2.085600e-07   0.7789   0.2256      329
features.16                       57    -0.276207 6.548145e-07 8.266409e-08   0.8681   0.3157      329
features.4                        40    -0.276119 3.862021e-07 7.620703e-07   0.5896   0.0373       65
features.12                      217    -0.276119 5.587924e-08 1.180767e-07   0.6070   0.0547      201
features.12                      273    -0.276119 6.474976e-08 2.416932e-07   0.6642   0.1119      201
features.9                       182    -0.275986 9.395372e-08 2.080576e-07   0.6165   0.0645      137
features.15                      385    -0.275940 2.717913e-07 2.005548e-07   0.7654   0.2135      329
features.14                      557    -0.275574 8.672100e-07 5.776263e-08   0.5741   0.0230      265
features.14                      188    -0.274530 1.875960e-06 3.498684e-07   0.8622   0.3132      265
features.13                      291    -0.274157 2.123546e-07 4.137057e-07   0.9056   0.3573      201
