================================================================================
Channel Pruning Log
  dataset    : UTKFace
  impt_type  : 2
  seed       : 42
  iteration  : 13
  alpha      : 0.5000
  norm       : rank
  timestamp  : 2026-08-30 17:01:51
  remove_target  : 32791
  accum_removed  : 32951
  selected_channels : 151
  gamma             : 0.0050
  cap_multiplier    : None
  remove_target_met : yes
  total_params   : 2192320
  active_after   : 1691723
  model_sparsity : 22.8%
================================================================================

[ 레이어별 채널 제거 비율 ]
  layer                total_ch  this_iter    cumul  cumul_%
  ----------------------------------------------------------
  features.1                 32          1        2     6.2%
  features.2                 96          4       46    47.9%
  features.3                144          4       36    25.0%
  features.4                144          1       20    13.9%
  features.5                192          4       68    35.4%
  features.6                192          2       60    31.2%
  features.7                192          4       48    25.0%
  features.8                384          8      165    43.0%
  features.9                384         10      157    40.9%
  features.10               384         10      159    41.4%
  features.11               384          8      151    39.3%
  features.12               576         19      266    46.2%
  features.13               576         15      216    37.5%
  features.14               576         18      181    31.4%
  features.15               960         21      467    48.6%
  features.16               960         18      225    23.4%
  features.17               960          4       34     3.5%

[ 레이어별 보호 영역 (γ=0.0050) ]
  layer                  active  protected  protect_%
  --------------------------------------------------
  features.1                 31          1       3.2%
  features.2                 54          1       1.9%
  features.3                112          1       0.9%
  features.4                125          1       0.8%
  features.5                128          1       0.8%
  features.6                134          1       0.7%
  features.7                148          1       0.7%
  features.8                227          2       0.9%
  features.9                237          2       0.8%
  features.10               235          2       0.9%
  features.11               241          2       0.8%
  features.12               329          2       0.6%
  features.13               375          2       0.5%
  features.14               413          3       0.7%
  features.15               514          3       0.6%
  features.16               753          4       0.5%
  features.17               930          5       0.5%

[ 블록별 제거 채널 수 ]
  features.1: 1채널 제거
  features.10: 10채널 제거
  features.11: 8채널 제거
  features.12: 19채널 제거
  features.13: 15채널 제거
  features.14: 18채널 제거
  features.15: 21채널 제거
  features.16: 18채널 제거
  features.17: 4채널 제거
  features.2: 4채널 제거
  features.3: 4채널 제거
  features.4: 1채널 제거
  features.5: 4채널 제거
  features.6: 2채널 제거
  features.7: 4채널 제거
  features.8: 8채널 제거
  features.9: 10채널 제거

[ 선택된 채널 상세 ]
  (phi/perf: raw, phi_n/perf_n: 정규화 후 값 — score = α·perf_n − (1−α)·phi_n)
block                             ch        score          phi         perf    phi_n   perf_n  weights
----------------------------------------------------------------------------------------------------
features.12                      118    -0.417683 1.751635e-07 1.515362e-07   0.8994   0.0640      201
features.14                        2    -0.412621 2.751513e-06 1.564437e-07   0.9150   0.0898      265
features.7                        71    -0.353741 4.549031e-06 2.150248e-06   0.9116   0.2041      105
features.16                      358    -0.345745 8.777380e-07 6.520002e-08   0.9215   0.2301      329
features.14                      344    -0.339806 1.648667e-06 1.915350e-07   0.7937   0.1141      265
features.15                      576    -0.339181 2.821564e-07 1.903654e-07   0.7622   0.0838      329
features.8                       155    -0.334071 2.172309e-07 1.292434e-06   0.8761   0.2080      137
features.13                      502    -0.332888 1.353043e-07 3.319952e-07   0.8717   0.2059      201
features.16                      727    -0.331782 7.373534e-07 6.556667e-08   0.8949   0.2314      329
features.15                      917    -0.327485 4.842298e-07 3.596078e-07   0.8694   0.2144      329
features.15                      609    -0.326511 7.276622e-07 4.463242e-07   0.9220   0.2690      329
features.12                      535    -0.320122 9.548427e-08 3.752490e-07   0.7896   0.1494      201
features.7                        21    -0.316327 1.577319e-06 9.764532e-07   0.6803   0.0476      105
features.10                        2    -0.314103 1.057789e-07 1.620612e-07   0.6795   0.0513      137
features.16                      616    -0.313165 6.845661e-07 7.753940e-08   0.8830   0.2566      329
features.16                      715    -0.313165 5.742850e-07 6.014999e-08   0.8484   0.2221      329
features.12                      397    -0.312500 1.064572e-07 4.143077e-07   0.8049   0.1799      201
features.14                      208    -0.311893 3.468384e-06 4.730131e-07   0.9490   0.3252      265
features.5                        16    -0.311024 1.521699e-07 5.802328e-06   0.9134   0.2913       73
features.15                      672    -0.310916 4.380628e-07 3.911203e-07   0.8519   0.2300      329
features.15                      754    -0.310916 6.941078e-07 4.777234e-07   0.9142   0.2924      329
features.14                      185    -0.308252 2.543602e-06 4.282008e-07   0.8981   0.2816      265
features.15                      454    -0.307992 6.053677e-07 4.751887e-07   0.9025   0.2865      329
features.14                      227    -0.304612 1.390377e-06 1.925815e-07   0.7282   0.1189      265
features.14                      389    -0.302184 1.187010e-06 1.200765e-07   0.6505   0.0461      265
features.11                      246    -0.302083 4.548568e-07 1.692242e-06   0.7292   0.1250      169
features.11                      299    -0.302083 4.601781e-07 1.725730e-06   0.7333   0.1292      169
features.2                        53    -0.301887 2.783028e-07 1.583010e-05   0.6981   0.0943       49
features.10                      188    -0.301282 2.861497e-07 5.183755e-07   0.8803   0.2778      137
features.14                      565    -0.300971 2.613410e-06 4.478180e-07   0.9029   0.3010      265
features.12                        0    -0.300305 3.023388e-07 8.903220e-07   0.9665   0.3659      201
features.12                      105    -0.300305 7.935579e-08 3.493266e-07   0.7348   0.1341      201
features.16                      551    -0.299202 4.897298e-07 6.073540e-08   0.8218   0.2234      329
features.9                       209    -0.298729 1.219045e-07 3.312002e-07   0.6780   0.0805      137
features.9                       134    -0.298729 1.993312e-07 5.363464e-07   0.8136   0.2161      137
features.10                      347    -0.297009 2.069945e-07 4.524433e-07   0.8120   0.2179      137
features.13                       32    -0.295455 1.367748e-07 4.719411e-07   0.8743   0.2834      201
features.12                      220    -0.294207 1.107436e-07 4.929170e-07   0.8110   0.2226      201
features.2                        61    -0.292453 2.853303e-07 3.580460e-05   0.7358   0.1509       49
features.13                      313    -0.291444 9.863969e-08 3.799215e-07   0.8102   0.2273      201
features.9                        98    -0.290254 2.195753e-07 6.524641e-07   0.8390   0.2585      137
features.13                      403    -0.290107 5.321942e-08 4.658105e-08   0.6123   0.0321      201
features.16                      823    -0.289894 7.362984e-07 1.067342e-07   0.8936   0.3138      329
features.12                      281    -0.289634 1.531896e-07 6.855203e-07   0.8659   0.2866      201
features.11                       84    -0.289583 7.499048e-07 3.071419e-06   0.8583   0.2792      169
features.15                      295    -0.289474 8.568853e-07 5.817396e-07   0.9318   0.3528      329
features.15                      563    -0.289474 1.686978e-07 8.946122e-08   0.6121   0.0331      329
features.9                       192    -0.288136 2.942776e-07 7.681217e-07   0.8771   0.3008      137
features.10                        7    -0.286325 2.967824e-07 5.497125e-07   0.8974   0.3248      137
features.10                      306    -0.286325 1.015608e-06 6.694074e-07   0.9786   0.4060      137
features.10                      346    -0.286325 2.039218e-07 4.687328e-07   0.8034   0.2308      137
features.13                      484    -0.286096 4.715878e-07 7.045486e-07   0.9840   0.4118      201
features.17                      298    -0.285791 9.077904e-07 1.300160e-08   0.9096   0.3380      489
features.14                       74    -0.285194 1.272894e-06 1.980698e-07   0.6917   0.1214      265
features.14                      442    -0.285194 1.529005e-06 3.439145e-07   0.7670   0.1966      265
features.15                      544    -0.284600 1.589373e-06 6.756197e-07   0.9708   0.4016      329
features.16                      618    -0.284574 3.736255e-07 4.864476e-08   0.7699   0.2008      329
features.14                      273    -0.283981 1.814128e-06 4.031337e-07   0.8228   0.2549      265
features.15                      274    -0.283626 2.137029e-07 2.288727e-07   0.6901   0.1228      329
features.12                      388    -0.283537 1.165291e-07 5.790079e-07   0.8201   0.2530      201
features.8                       260    -0.283186 3.179853e-07 2.330756e-06   0.9292   0.3628      137
features.13                      195    -0.280749 1.623769e-07 5.605395e-07   0.9011   0.3396      201
features.9                        78    -0.279661 1.885335e-07 5.647526e-07   0.7881   0.2288      137
features.14                      200    -0.279126 2.757369e-06 5.056165e-07   0.9175   0.3592      265
features.12                      176    -0.278963 7.225377e-08 3.795622e-07   0.7104   0.1524      201
features.12                      120    -0.278963 3.637034e-07 1.047633e-06   0.9787   0.4207      201
features.13                      275    -0.278075 8.025513e-08 2.990649e-07   0.7380   0.1818      201
features.13                      461    -0.278075 6.224192e-08 1.509761e-07   0.6578   0.1016      201
features.15                       26    -0.277778 1.003020e-06 6.640167e-07   0.9454   0.3899      329
features.16                      104    -0.277261 7.587888e-07 1.207677e-07   0.8976   0.3431      329
features.15                      207    -0.276803 2.583513e-07 3.282141e-07   0.7466   0.1930      329
features.8                        68    -0.276549 7.874619e-08 4.306466e-07   0.5885   0.0354      137
features.8                       323    -0.276549 7.926693e-08 4.382592e-07   0.5973   0.0442      137
features.9                       132    -0.275424 1.402151e-07 4.597710e-07   0.7119   0.1610      137
features.15                        5    -0.274854 1.705177e-06 7.242346e-07   0.9766   0.4269      329
features.8                       291    -0.274336 1.406318e-07 1.430079e-06   0.7788   0.2301      137
features.14                      383    -0.274272 1.417098e-06 3.190170e-07   0.7330   0.1845      265
features.10                       34    -0.273504 2.946650e-07 5.871927e-07   0.8932   0.3462      137
features.11                      186    -0.272917 3.437932e-07 1.593840e-06   0.6583   0.1125      169
features.7                       176    -0.272109 2.758081e-06 2.595389e-06   0.8367   0.2925      105
features.14                      348    -0.271845 2.785343e-06 5.111950e-07   0.9199   0.3762      265
features.3                        26    -0.270270 3.695223e-08 5.137662e-06   0.6486   0.1081       57
features.3                        71    -0.270270 2.757502e-08 2.518944e-06   0.5676   0.0270       57
features.16                      147    -0.269947 5.699238e-07 1.037775e-07   0.8471   0.3072      329
features.11                      131    -0.268750 4.288555e-07 2.195999e-06   0.7125   0.1750      169
features.13                      155    -0.268717 2.353330e-07 7.224322e-07   0.9519   0.4144      201
features.12                      157    -0.268293 1.281743e-07 7.018195e-07   0.8354   0.2988      201
features.12                      342    -0.268293 1.656379e-07 8.348952e-07   0.8872   0.3506      201
features.16                      680    -0.267287 5.569992e-07 1.050352e-07   0.8444   0.3098      329
features.10                      117    -0.267094 1.225380e-07 4.049279e-07   0.7265   0.1923      137
features.12                      351    -0.266768 4.563244e-08 1.019631e-07   0.5732   0.0396      201
features.14                      141    -0.265777 1.518923e-06 3.728251e-07   0.7621   0.2306      265
features.2                        41    -0.264151 6.365453e-07 5.540008e-05   0.8302   0.3019       49
features.2                        87    -0.264151 2.101116e-06 7.683280e-05   0.9434   0.4151       49
features.15                      450    -0.264133 2.429584e-07 3.401922e-07   0.7310   0.2027      329
features.16                      318    -0.263963 1.025618e-06 1.450478e-07   0.9402   0.4122      329
features.12                      207    -0.263719 9.155319e-08 5.777435e-07   0.7774   0.2500      201
features.13                      355    -0.263369 7.730897e-08 3.297552e-07   0.7299   0.2032      201
features.15                      176    -0.263158 1.215209e-06 7.291475e-07   0.9591   0.4327      329
features.11                        3    -0.262500 6.935031e-07 3.376796e-06   0.8333   0.3083      169
features.12                      541    -0.262195 3.377248e-07 1.145662e-06   0.9726   0.4482      201
features.16                      172    -0.261968 2.849176e-07 4.389346e-08   0.7074   0.1835      329
features.16                      527    -0.261968 2.232437e-07 2.353733e-08   0.6436   0.1197      329
features.7                       168    -0.261905 6.296436e-06 3.485274e-06   0.9388   0.4150      105
features.14                       32    -0.260922 1.129317e-06 1.805635e-07   0.6214   0.0995      265
features.13                       62    -0.260695 4.958063e-08 9.297042e-08   0.5802   0.0588      201
features.15                      191    -0.260234 1.649932e-06 7.756489e-07   0.9747   0.4542      329
features.16                      342    -0.259308 2.296704e-07 2.748166e-08   0.6543   0.1356      329
features.15                      415    -0.259259 1.447076e-07 9.879611e-08   0.5556   0.0370      329
features.12                       37    -0.259146 5.022561e-08 2.831189e-07   0.6067   0.0884      201
features.15                      329    -0.258285 1.574102e-07 1.723127e-07   0.5887   0.0721      329
features.15                      593    -0.257310 1.389611e-07 6.586372e-08   0.5361   0.0214      329
features.14                      203    -0.257282 5.890448e-06 6.350937e-07   0.9879   0.4733      265
features.13                      479    -0.256685 4.811040e-08 5.963520e-08   0.5535   0.0401      201
features.15                      777    -0.256335 1.914702e-07 2.415915e-07   0.6530   0.1404      329
features.14                      524    -0.256068 1.165947e-06 2.109617e-07   0.6359   0.1238      265
features.5                        86    -0.255906 1.771459e-07 7.939268e-06   0.9449   0.4331       73
features.6                        65    -0.255639 4.944564e-08 2.025946e-06   0.7068   0.1955       73
features.8                       134    -0.254425 1.956330e-07 2.223404e-06   0.8496   0.3407      137
features.15                      319    -0.254386 4.650147e-07 5.833760e-07   0.8635   0.3548      329
features.11                      292    -0.254167 1.727165e-06 5.070665e-06   0.9833   0.4750      169
features.16                      490    -0.253989 2.361849e-07 3.134098e-08   0.6582   0.1503      329
features.16                      592    -0.253324 3.429215e-07 6.934384e-08   0.7460   0.2394      329
features.12                      208    -0.253049 4.900433e-08 2.857877e-07   0.6006   0.0945      201
features.17                      544    -0.252960 4.232340e-07 8.208136e-09   0.7320   0.2260      489
features.8                       380    -0.252212 1.696382e-07 1.895908e-06   0.8186   0.3142      137
features.9                       285    -0.252119 2.601727e-07 8.467480e-07   0.8559   0.3517      137
features.9                       294    -0.252119 1.340016e-07 5.228813e-07   0.6992   0.1949      137
features.5                        87    -0.251969 5.487204e-08 4.121473e-06   0.6850   0.1811       73
features.12                      155    -0.251524 1.232518e-07 7.937885e-07   0.8323   0.3293      201
features.13                      207    -0.251337 2.259668e-07 7.842273e-07   0.9465   0.4439      201
features.1                        28    -0.250000 6.741259e-07 1.016899e-04   0.8667   0.3667       25
features.11                      301    -0.250000 4.648663e-07 2.674674e-06   0.7417   0.2417      169
features.4                        42    -0.250000 9.893314e-07 4.589725e-06   0.7742   0.2742       65
features.8                        46    -0.250000 5.466118e-07 3.084169e-06   0.9646   0.4646      137
features.9                       380    -0.250000 7.319083e-08 2.203250e-07   0.5381   0.0381      137
features.10                      290    -0.250000 1.054093e-07 3.869080e-07   0.6752   0.1752      137
features.13                        8    -0.250000 1.201963e-07 5.722106e-07   0.8422   0.3422      201
features.13                      344    -0.250000 3.462391e-07 8.045025e-07   0.9706   0.4706      201
features.14                      228    -0.250000 2.501231e-06 5.255739e-07   0.8956   0.3956      265
features.16                       87    -0.250000 4.608432e-07 1.064283e-07   0.8125   0.3125      329
features.17                      858    -0.249731 4.287793e-07 8.363859e-09   0.7330   0.2336      489
features.16                      759    -0.249335 1.265497e-06 1.695757e-07   0.9561   0.4574      329
features.12                      422    -0.248476 5.068448e-07 1.340341e-06   0.9878   0.4909      201
features.6                       175    -0.248120 1.336913e-07 4.349555e-06   0.9023   0.4060       73
features.5                       171    -0.248032 9.621672e-08 6.231408e-06   0.8346   0.3386       73
features.9                       292    -0.247881 4.801819e-07 1.084142e-06   0.9322   0.4364      137
features.10                      382    -0.247863 2.750672e-07 6.312810e-07   0.8761   0.3803      137
features.3                       103    -0.247748 2.805618e-08 4.624431e-06   0.5766   0.0811       57
features.3                       116    -0.247748 3.024326e-08 5.383942e-06   0.6216   0.1261       57
features.17                      487    -0.247578 2.961603e-07 5.266421e-09   0.6254   0.1302      489
