================================================================================
Channel Pruning Log
  iteration  : 20
  alpha      : 0.7000
  timestamp  : 2026-06-24 05:11:11
  remove_target  : 23922
  accum_removed  : 23926
  selected_channels : 158
  gamma             : 0.0050
  remove_target_met : yes
  total_params   : 2289600
  active_after   : 725598
  model_sparsity : 68.3%
================================================================================

[ 레이어별 채널 제거 비율 ]
  layer                total_ch  this_iter    cumul  cumul_%
  ----------------------------------------------------------
  features.1                 32          0       23    71.9%
  features.2                 96          0       93    96.9%
  features.3                144         13      136    94.4%
  features.4                144          5       71    49.3%
  features.5                192         12       86    44.8%
  features.6                192          7      146    76.0%
  features.7                192         11       83    43.2%
  features.8                384         32      173    45.1%
  features.9                384         14      326    84.9%
  features.10               384         17      326    84.9%
  features.11               384         16      356    92.7%
  features.12               576          3      493    85.6%
  features.13               576          2      539    93.6%
  features.14               576          9      545    94.6%
  features.15               960         13      931    97.0%
  features.16               960          4      712    74.2%
  features.17               960          0      931    97.0%

[ 레이어별 보호 영역 (γ=0.01) ]
  layer                  active  protected  protect_%
  --------------------------------------------------
  features.1                  9          1      11.1%
  features.2                  3          1      33.3%
  features.3                 21          1       4.8%
  features.4                 78          1       1.3%
  features.5                118          1       0.8%
  features.6                 53          1       1.9%
  features.7                120          1       0.8%
  features.8                243          2       0.8%
  features.9                 72          1       1.4%
  features.10                75          1       1.3%
  features.11                44          1       2.3%
  features.12                86          1       1.2%
  features.13                39          1       2.6%
  features.14                40          1       2.5%
  features.15                42          1       2.4%
  features.16               252          2       0.8%
  features.17                29          1       3.4%

[ 블록별 제거 채널 수 ]
  features.10: 17채널 제거
  features.11: 16채널 제거
  features.12: 3채널 제거
  features.13: 2채널 제거
  features.14: 9채널 제거
  features.15: 13채널 제거
  features.16: 4채널 제거
  features.3: 13채널 제거
  features.4: 5채널 제거
  features.5: 12채널 제거
  features.6: 7채널 제거
  features.7: 11채널 제거
  features.8: 32채널 제거
  features.9: 14채널 제거

[ 선택된 채널 상세 ]
block                             ch        score          phi         perf  weights
--------------------------------------------------------------------------------
features.3                        32    -0.158489 2.678347e-08 5.028373e-06       57
features.3                        42    -0.146991 2.794472e-08 4.554231e-05       57
features.3                        25    -0.122109 3.553505e-08 2.000783e-04       57
features.9                        14    -0.115372 2.996283e-07 1.549732e-06      137
features.10                      234    -0.111322 1.947319e-07 1.999747e-07      137
features.3                        46    -0.105387 2.580832e-08 1.086744e-04       57
features.3                        65    -0.100240 1.714791e-08 5.920290e-06       57
features.3                        67    -0.099099 1.846922e-08 2.582254e-05       57
features.3                        27    -0.097498 1.633523e-08 1.234092e-06       57
features.3                        69    -0.092124 1.723823e-08 2.491400e-05       57
features.8                       120    -0.088172 2.086157e-07 3.775788e-08      137
features.8                       297    -0.086668 2.808428e-07 2.838932e-07      137
features.14                      316    -0.082712 4.134524e-06 3.977201e-06      265
features.3                         0    -0.073130 1.618520e-08 5.271205e-05       57
features.11                      343    -0.071656 5.781142e-07 1.023128e-05      169
features.15                      752    -0.071586 1.852604e-07 7.130603e-08      329
features.10                      292    -0.070864 1.075989e-07 9.036425e-08      137
features.8                       296    -0.069696 2.746986e-07 3.873674e-07      137
features.5                        69    -0.069359 9.889049e-08 7.441342e-07       73
features.3                        68    -0.069076 1.167314e-08 2.187977e-06       57
features.15                      778    -0.066472 1.814676e-07 7.956383e-07      329
features.10                      376    -0.065958 1.490912e-07 1.945880e-07      137
features.14                      370    -0.065662 2.462662e-06 1.790612e-06      265
features.11                      259    -0.065609 3.140442e-07 1.616967e-06      169
features.9                        67    -0.063940 9.889439e-08 1.552589e-07      137
features.14                      304    -0.063626 1.642132e-06 4.940843e-07      265
features.11                        0    -0.063489 3.703904e-07 3.958743e-06      169
features.9                        70    -0.061854 8.427101e-08 3.079504e-08      137
features.10                      350    -0.061372 6.847684e-08 2.247918e-08      137
features.11                       56    -0.061067 3.748339e-07 4.476370e-06      169
features.14                      455    -0.060386 2.313855e-06 1.728564e-06      265
features.10                      256    -0.060219 1.239151e-07 1.501081e-07      137
features.9                       244    -0.057933 9.425884e-08 1.894459e-07      137
features.8                       215    -0.057345 1.773890e-07 1.603786e-07      137
features.14                      309    -0.057258 1.433893e-06 3.714586e-07      265
features.8                       109    -0.055932 1.347951e-07 3.196041e-08      137
features.11                      145    -0.055660 2.636964e-07 1.273549e-06      169
features.5                        93    -0.054784 5.496242e-08 6.520762e-09       73
features.10                      261    -0.054341 6.999115e-08 4.103271e-08      137
features.15                      205    -0.053629 1.441622e-07 4.684439e-07      329
features.11                      331    -0.053410 2.320253e-07 4.655814e-07      169
features.10                      142    -0.053372 5.881893e-08 1.789848e-08      137
features.8                        13    -0.053262 1.344798e-07 5.036207e-08      137
features.8                       216    -0.052762 1.402228e-07 7.270331e-08      137
features.11                      207    -0.052098 5.877467e-07 1.346663e-05      169
features.15                      657    -0.051515 1.384466e-07 4.474184e-07      329
features.5                        39    -0.051255 6.100907e-08 2.468237e-07       73
features.8                       350    -0.050620 1.196663e-07 2.135051e-08      137
features.13                      237    -0.050346 4.988302e-08 5.673065e-07      201
features.8                        78    -0.050221 1.399411e-07 9.026864e-08      137
features.4                        39    -0.050172 3.446072e-07 1.897765e-07       65
features.9                       118    -0.050054 3.944698e-07 3.443128e-06      137
features.6                       141    -0.050035 2.981934e-08 1.726943e-08       73
features.10                      176    -0.049798 6.423956e-08 3.782726e-08      137
features.8                       303    -0.049419 2.045809e-07 3.065884e-07      137
features.10                       93    -0.049406 2.860510e-07 5.393919e-07      137
features.4                        88    -0.049221 3.659347e-07 2.427545e-07       65
features.8                       287    -0.049028 1.224720e-07 4.206741e-08      137
features.15                      377    -0.048998 1.277519e-07 1.219895e-07      329
features.8                       141    -0.048957 1.303442e-07 6.821754e-08      137
features.15                      954    -0.048392 1.510886e-07 2.045303e-06      329
features.14                      439    -0.048150 3.137041e-06 3.532957e-06      265
features.11                      379    -0.047433 2.039054e-07 3.359964e-07      169
features.8                        15    -0.046925 1.178576e-07 4.234449e-08      137
features.14                      213    -0.046485 5.227308e-06 7.077451e-06      265
features.15                      580    -0.045679 1.177306e-07 8.039273e-09      329
features.8                       302    -0.045035 1.547740e-07 1.763054e-07      137
features.15                      654    -0.045013 1.330806e-07 1.326420e-06      329
features.11                       29    -0.044914 2.452529e-07 2.196661e-06      169
features.8                       289    -0.044369 1.373088e-07 1.242797e-07      137
features.5                       148    -0.044255 5.200135e-08 1.961590e-07       73
features.10                      248    -0.044101 5.257025e-08 2.374781e-08      137
features.6                        57    -0.043216 3.361265e-08 6.796770e-07       73
features.9                       152    -0.042791 6.155843e-08 5.544786e-08      137
features.15                      818    -0.042752 1.107681e-07 5.245379e-08      329
features.15                      153    -0.042747 1.173514e-07 5.620190e-07      329
features.11                       15    -0.042245 2.028803e-07 1.065168e-06      169
features.15                      760    -0.041865 1.172774e-07 7.316838e-07      329
features.5                        48    -0.041589 6.280784e-08 5.343717e-07       73
features.15                      610    -0.041524 1.157498e-07 6.816039e-07      329
features.14                      535    -0.041282 9.821282e-07 1.816278e-07      265
features.11                      229    -0.041255 1.839360e-07 5.293177e-07      169
features.9                       260    -0.041014 5.965060e-08 5.993736e-08      137
features.11                       54    -0.040884 1.700931e-07 8.580072e-08      169
features.8                       166    -0.040752 1.258826e-07 1.133910e-07      137
features.8                        40    -0.040645 1.058646e-07 4.898236e-08      137
features.15                      557    -0.040501 1.183349e-07 1.084706e-06      329
features.6                         8    -0.040343 4.093263e-08 1.442849e-06       73
features.8                       338    -0.040276 1.169353e-07 8.771872e-08      137
features.5                       179    -0.040071 4.149234e-08 3.717341e-08       73
features.9                       196    -0.039908 5.527356e-08 2.932283e-08      137
features.8                         1    -0.039714 9.791773e-08 2.987950e-08      137
features.7                        24    -0.039712 6.570004e-07 3.599001e-08      105
features.8                       341    -0.039555 1.061057e-07 5.770004e-08      137
features.14                      109    -0.039514 1.121992e-06 4.772155e-07      265
features.7                        27    -0.039318 1.031339e-06 1.564454e-07      105
features.16                      446    -0.039276 6.391317e-07 4.741766e-07      329
features.6                       136    -0.038893 2.707720e-08 3.432445e-07       73
features.8                       157    -0.038520 8.972823e-08 1.190270e-08      137
features.8                       308    -0.038283 2.484829e-07 5.305695e-07      137
features.4                       139    -0.038210 2.321787e-07 8.306789e-08       65
features.11                       65    -0.038206 1.801552e-07 8.435953e-07      169
features.5                       180    -0.037707 3.998902e-08 5.870628e-08       73
features.7                       127    -0.037595 1.129830e-06 1.951690e-07      105
features.12                      256    -0.037335 7.212383e-08 4.170062e-07      201
features.9                       195    -0.036586 6.464892e-08 1.733044e-07      137
features.12                      373    -0.036243 6.696973e-08 3.653155e-07      201
features.7                       165    -0.036222 8.967973e-07 1.272095e-07      105
features.5                       133    -0.036123 7.157415e-08 8.915394e-07       73
features.10                       18    -0.035758 4.568928e-08 2.617126e-08      137
features.8                       202    -0.035753 9.586576e-08 5.202353e-08      137
features.9                        35    -0.035569 6.008781e-08 1.395320e-07      137
features.6                       148    -0.035402 2.704008e-08 5.149090e-07       73
features.16                      146    -0.035366 5.594674e-07 3.637702e-07      329
features.7                       124    -0.035231 6.528514e-07 5.412726e-08      105
features.10                      242    -0.035179 3.976475e-08 1.404456e-08      137
features.7                        75    -0.034957 8.507706e-07 1.181031e-07      105
features.9                       121    -0.034916 5.200427e-08 6.383843e-08      137
features.7                        54    -0.034898 5.536459e-07 2.410320e-08      105
features.12                      274    -0.034751 5.017464e-08 1.681622e-07      201
features.7                        30    -0.034658 6.569694e-07 5.792398e-08      105
features.5                        96    -0.034588 3.519721e-08 1.659038e-08       73
features.11                      115    -0.034442 1.820167e-07 1.466549e-06      169
features.8                       359    -0.034352 1.189418e-07 1.373554e-07      137
features.8                        90    -0.034328 1.004909e-07 7.744902e-08      137
features.8                       227    -0.034193 9.002139e-08 4.434050e-08      137
features.11                      119    -0.034169 1.555941e-07 5.555289e-07      169
features.16                      603    -0.034116 4.636878e-07 5.135231e-08      329
features.8                       320    -0.034113 8.358544e-08 2.396416e-08      137
features.5                        56    -0.034104 1.497568e-07 2.905397e-06       73
features.4                       103    -0.033975 3.321039e-07 3.290309e-07       65
features.10                      277    -0.033935 3.495808e-08 5.871900e-09      137
features.8                       264    -0.033920 9.070305e-08 4.854389e-08      137
features.7                       134    -0.033879 8.767226e-07 1.310166e-07      105
features.7                        93    -0.033673 5.446869e-07 2.658292e-08      105
features.4                       111    -0.033547 2.137768e-07 9.310000e-08       65
features.8                        82    -0.033478 9.584402e-08 6.850415e-08      137
features.3                       109    -0.033462 6.144675e-09 7.513156e-06       57
features.11                      167    -0.033454 2.328055e-07 3.441068e-06      169
features.10                      299    -0.033295 4.766954e-08 3.594366e-08      137
features.8                       147    -0.033198 7.874018e-08 1.484436e-08      137
features.10                      355    -0.033046 4.007273e-08 1.932983e-08      137
features.16                      930    -0.032865 4.737072e-07 1.559442e-07      329
features.3                        11    -0.032832 7.104725e-09 2.153711e-05       57
features.5                       105    -0.032817 3.693675e-08 1.046733e-07       73
features.9                       285    -0.032609 4.860769e-08 6.002370e-08      137
features.8                        68    -0.032565 8.342175e-08 3.469458e-08      137
features.6                       159    -0.032233 2.852108e-08 7.988868e-07       73
features.10                      363    -0.032217 3.645874e-08 1.295657e-08      137
features.9                       369    -0.032181 5.695802e-08 1.534078e-07      137
features.7                        86    -0.032124 6.753641e-07 7.475834e-08      105
features.8                        19    -0.032105 1.086793e-07 1.202876e-07      137
features.3                        93    -0.032038 5.433241e-09 1.266390e-06       57
features.10                        4    -0.031913 3.674495e-08 1.425679e-08      137
features.13                      299    -0.031900 2.343156e-08 5.718350e-08      201
features.6                       169    -0.031892 2.978102e-08 9.225666e-07       73
features.5                       100    -0.031865 3.455134e-08 6.864150e-08       73
features.9                       258    -0.031783 4.684025e-08 5.289036e-08      137
