================================================================================
Channel Pruning Log
  iteration  : 13
  alpha      : 0.5000
  timestamp  : 2026-07-05 22:42:24
  remove_target  : 50177
  accum_removed  : 50217
  selected_channels : 241
  gamma             : 0.0050
  remove_target_met : yes
  total_params   : 2289600
  active_after   : 961860
  model_sparsity : 58.0%
================================================================================

[ 레이어별 채널 제거 비율 ]
  layer                total_ch  this_iter    cumul  cumul_%
  ----------------------------------------------------------
  features.1                 32          0       20    62.5%
  features.2                 96          0       88    91.7%
  features.3                144         22       98    68.1%
  features.4                144          2       87    60.4%
  features.5                192         34      102    53.1%
  features.6                192          9      162    84.4%
  features.7                192          6      186    96.9%
  features.8                384         17      109    28.4%
  features.9                384         13      287    74.7%
  features.10               384         12      334    87.0%
  features.11               384          8      319    83.1%
  features.12               576         11      499    86.6%
  features.13               576         13      322    55.9%
  features.14               576          3      547    95.0%
  features.15               960         27      581    60.5%
  features.16               960         49      512    53.3%
  features.17               960         15      919    95.7%

[ 레이어별 보호 영역 (γ=0.01) ]
  layer                  active  protected  protect_%
  --------------------------------------------------
  features.1                 12          1       8.3%
  features.2                  8          1      12.5%
  features.3                 68          1       1.5%
  features.4                 59          1       1.7%
  features.5                124          1       0.8%
  features.6                 39          1       2.6%
  features.7                 12          1       8.3%
  features.8                292          2       0.7%
  features.9                110          1       0.9%
  features.10                62          1       1.6%
  features.11                73          1       1.4%
  features.12                88          1       1.1%
  features.13               267          2       0.7%
  features.14                32          1       3.1%
  features.15               406          3       0.7%
  features.16               497          3       0.6%
  features.17                56          1       1.8%

[ 블록별 제거 채널 수 ]
  features.10: 12채널 제거
  features.11: 8채널 제거
  features.12: 11채널 제거
  features.13: 13채널 제거
  features.14: 3채널 제거
  features.15: 27채널 제거
  features.16: 49채널 제거
  features.17: 15채널 제거
  features.3: 22채널 제거
  features.4: 2채널 제거
  features.5: 34채널 제거
  features.6: 9채널 제거
  features.7: 6채널 제거
  features.8: 17채널 제거
  features.9: 13채널 제거

[ 선택된 채널 상세 ]
block                             ch        score          phi         perf  weights
--------------------------------------------------------------------------------
features.5                       117    -0.489669 9.012931e-08 6.562370e-08       73
features.3                        19    -0.488929 5.395782e-08 6.557776e-07       57
features.17                      737    -0.483434 5.825394e-06 1.505172e-07      489
features.3                       119    -0.481617 5.287175e-08 4.926659e-07       57
features.10                      338    -0.448378 9.951126e-08 9.082933e-08      137
features.3                        31    -0.420751 4.819811e-08 1.533576e-06       57
features.7                        77    -0.414127 1.926217e-06 4.682813e-06      105
features.3                       123    -0.400353 4.583585e-08 1.445160e-06       57
features.3                       113    -0.394451 4.395067e-08 7.594111e-07       57
features.17                      182    -0.392918 4.870502e-06 2.282550e-07      489
features.5                       165    -0.362905 6.682154e-08 4.950387e-08       73
features.5                        18    -0.360387 6.635975e-08 4.922478e-08       73
features.5                        65    -0.354764 6.484080e-08 3.140553e-08       73
features.8                       192    -0.354028 2.146632e-07 2.314038e-07      137
features.5                        22    -0.348281 6.700085e-08 1.487712e-07       73
features.7                       142    -0.343104 1.488169e-06 2.355178e-06      105
features.9                        26    -0.340062 1.605798e-07 7.595428e-07      137
features.16                      842    -0.335412 7.921124e-07 3.781574e-09      329
features.17                      379    -0.326712 3.893580e-06 6.794800e-08      489
features.7                        94    -0.310266 1.562033e-06 5.191502e-06      105
features.10                       18    -0.309210 6.802982e-08 5.546402e-08      137
features.16                       13    -0.308548 7.349927e-07 9.551562e-08      329
features.16                      689    -0.308026 7.355031e-07 1.209009e-07      329
features.5                       150    -0.301957 6.244091e-08 2.824135e-07       73
features.3                         3    -0.301539 3.427327e-08 9.514098e-07       57
features.7                        61    -0.297503 1.606953e-06 6.523314e-06      105
features.7                       156    -0.290781 1.674411e-06 7.844778e-06      105
features.16                      663    -0.288420 6.882984e-07 1.075303e-07      329
features.16                      709    -0.285035 6.737956e-07 1.276247e-08      329
features.5                       110    -0.284512 5.186672e-08 2.046090e-08       73
features.3                        69    -0.268687 3.788717e-08 4.884252e-06       57
features.5                       139    -0.265389 4.881585e-08 3.443523e-08       73
features.16                        7    -0.260065 6.165508e-07 3.757624e-08      329
features.17                      401    -0.258195 3.090761e-06 6.440248e-08      489
features.16                       69    -0.257823 6.102052e-07 2.224412e-08      329
features.10                        2    -0.250095 5.369477e-08 2.883936e-08      137
features.16                      523    -0.249653 5.907077e-07 1.921052e-08      329
features.5                       144    -0.249376 4.669331e-08 6.136948e-08       73
features.13                       73    -0.244179 1.324497e-07 6.747035e-08      201
features.5                       185    -0.242127 4.599552e-08 8.284137e-08       73
features.16                      911    -0.239257 5.660822e-07 1.798816e-08      329
features.3                        20    -0.236764 2.599853e-08 2.458213e-07       57
features.6                       135    -0.234580 2.926369e-08 2.042891e-07       73
features.8                       292    -0.230678 1.141620e-07 3.532733e-08      137
features.6                       131    -0.229813 2.880211e-08 4.157302e-07       73
features.16                      351    -0.229119 5.492105e-07 1.208097e-07      329
features.5                        88    -0.229099 4.382761e-08 8.920321e-08       73
features.10                      248    -0.227629 4.784799e-08 1.391060e-08      137
features.16                      841    -0.226011 5.438949e-07 1.502420e-07      329
features.12                      124    -0.225633 5.786424e-08 3.152105e-07      201
features.17                      619    -0.225372 2.819686e-06 1.512260e-07      489
features.16                      295    -0.223820 5.291564e-07 1.099716e-08      329
features.5                       156    -0.223609 4.292377e-08 9.223058e-08       73
features.3                        71    -0.223578 2.446352e-08 1.843150e-07       57
features.15                      121    -0.222811 2.630045e-07 1.517030e-07      329
features.6                        78    -0.222511 2.805068e-08 6.677402e-07       73
features.5                        89    -0.222439 4.252348e-08 8.555162e-08       73
features.12                       23    -0.221847 5.461908e-08 8.650412e-08      201
features.16                      180    -0.221771 5.307194e-07 1.041484e-07      329
features.16                       68    -0.220826 5.227377e-07 2.043511e-08      329
features.12                      534    -0.219865 5.341942e-08 1.583233e-08      201
features.16                      569    -0.219463 5.185377e-07 6.147379e-09      329
features.15                      915    -0.218205 2.487491e-07 1.822381e-08      329
features.15                      893    -0.217442 2.565781e-07 1.467419e-07      329
features.11                      354    -0.216837 3.678836e-07 2.818870e-07      169
features.5                       171    -0.215382 4.549627e-08 2.352202e-07       73
features.9                       179    -0.214944 7.698328e-08 4.850561e-08      137
features.3                        42    -0.214753 4.103568e-08 9.811204e-06       57
features.16                      760    -0.213097 5.048229e-07 2.527526e-08      329
features.16                      876    -0.212862 5.063029e-07 5.488499e-08      329
features.8                       281    -0.209502 1.040010e-07 3.351548e-08      137
features.6                        13    -0.208502 2.595954e-08 9.900317e-08       73
features.16                      210    -0.208299 4.950657e-07 4.814179e-08      329
features.14                      441    -0.208269 3.620732e-06 4.861219e-07      265
features.3                        54    -0.207703 2.332487e-08 4.999034e-07       57
features.8                       269    -0.207488 1.230976e-07 1.234429e-07      137
features.11                      120    -0.206896 3.574995e-07 4.868199e-07      169
features.16                      144    -0.206618 4.879996e-07 3.029830e-09      329
features.16                      599    -0.206356 5.017336e-07 2.119521e-07      329
features.12                      349    -0.205446 5.434502e-08 4.498719e-07      201
features.15                      954    -0.204822 2.403615e-07 1.186317e-07      329
features.16                      559    -0.203891 4.903129e-07 1.304202e-07      329
features.13                      558    -0.203592 1.100179e-07 3.979282e-08      201
features.3                        53    -0.202518 2.354649e-08 9.290525e-07       57
features.17                       23    -0.202315 2.399202e-06 3.280724e-08      489
features.16                      423    -0.202251 4.793781e-07 2.760518e-08      329
features.16                      492    -0.201184 4.770596e-07 3.052117e-08      329
features.13                      412    -0.200985 1.180044e-07 4.108972e-07      201
features.16                       83    -0.200497 4.774864e-07 6.036972e-08      329
features.9                        35    -0.199965 8.125479e-08 2.147681e-07      137
features.11                      353    -0.199905 5.992412e-07 9.000940e-06      169
features.8                       278    -0.199182 1.262010e-07 1.545673e-07      137
features.8                        38    -0.198811 1.080826e-07 7.396934e-08      137
features.8                        39    -0.198796 9.287178e-08 5.690943e-09      137
features.13                      461    -0.198546 1.082574e-07 7.702100e-08      201
features.10                      166    -0.198299 4.658617e-08 7.123073e-08      137
features.8                       253    -0.198247 9.788626e-08 2.934674e-08      137
features.9                       342    -0.197915 7.261186e-08 7.507695e-08      137
features.3                        50    -0.197855 2.206703e-08 3.927741e-07       57
features.16                      844    -0.197762 4.768036e-07 1.444223e-07      329
features.8                       231    -0.197437 9.779625e-08 3.061889e-08      137
features.17                       55    -0.197119 2.712782e-06 3.245656e-07      489
features.17                      567    -0.196982 2.439762e-06 1.128907e-07      489
features.16                      542    -0.196572 4.661875e-07 3.077257e-08      329
features.7                        41    -0.195962 8.709096e-07 1.641711e-06      105
features.3                        65    -0.195619 2.131147e-08 1.102539e-07       57
features.16                      945    -0.193329 4.631972e-07 9.867245e-08      329
features.9                        23    -0.192342 7.612210e-08 1.707527e-07      137
features.16                      105    -0.192084 4.549977e-07 2.213282e-08      329
features.5                        32    -0.191923 3.561410e-08 3.589150e-08       73
features.5                        15    -0.191662 3.492851e-08 1.337535e-08       73
features.5                        98    -0.191103 3.920746e-08 1.677976e-07       73
features.12                      193    -0.189827 4.636160e-08 3.727044e-08      201
features.12                      481    -0.189496 4.887922e-08 2.924661e-07      201
features.3                        87    -0.188902 5.299417e-08 1.791304e-05       57
features.9                        33    -0.188489 6.617836e-08 1.912106e-08      137
features.5                         1    -0.187261 3.417510e-08 1.478094e-08       73
features.16                      733    -0.186726 4.450499e-07 6.143593e-08      329
features.13                      157    -0.185829 1.004665e-07 3.818728e-08      201
features.5                        42    -0.185771 3.695112e-08 1.221312e-07       73
features.15                      126    -0.185060 2.173423e-07 1.097292e-07      329
features.10                      222    -0.184637 3.869539e-08 9.890115e-09      137
features.16                      812    -0.183650 4.360782e-07 3.654899e-08      329
features.15                      312    -0.183300 2.176368e-07 1.435926e-07      329
features.3                        16    -0.182934 1.982110e-08 4.357847e-08       57
features.11                      294    -0.182279 3.095744e-07 2.477697e-07      169
features.15                      185    -0.181748 2.106090e-07 6.572232e-08      329
features.5                       153    -0.181636 3.795816e-08 1.839193e-07       73
features.10                       62    -0.181488 4.844636e-08 1.352293e-07      137
features.13                      406    -0.181398 9.827657e-08 4.540363e-08      201
features.17                      109    -0.180792 2.199253e-06 7.243088e-08      489
features.8                       217    -0.180754 8.390393e-08 2.753037e-09      137
features.8                       353    -0.179023 8.504142e-08 1.144393e-08      137
features.15                      221    -0.178970 2.071299e-07 6.087679e-08      329
features.16                      391    -0.178504 4.235575e-07 3.113359e-08      329
features.8                       197    -0.178279 8.874862e-08 2.963147e-08      137
features.15                      177    -0.178071 2.150702e-07 1.933261e-07      329
features.6                       149    -0.177939 2.216072e-08 9.494067e-08       73
features.16                        9    -0.177109 4.239162e-07 8.430344e-08      329
features.16                      187    -0.177028 4.226241e-07 6.828866e-08      329
features.16                      475    -0.176553 4.206055e-07 5.520605e-08      329
features.5                        20    -0.176495 5.766027e-08 9.112455e-07       73
features.13                      357    -0.176359 1.176181e-07 9.171504e-07      201
features.13                      253    -0.176327 9.504405e-08 2.494856e-08      201
features.10                      198    -0.176088 3.723277e-08 1.339832e-08      137
features.8                       275    -0.175517 8.889496e-08 3.600370e-08      137
features.5                        69    -0.175362 3.550052e-08 1.371427e-07       73
features.15                      116    -0.174706 2.011590e-07 4.411564e-08      329
features.16                      278    -0.173811 4.123733e-07 2.961902e-08      329
features.10                      176    -0.173539 3.905029e-08 4.161195e-08      137
features.6                       141    -0.173448 2.155800e-08 2.223656e-08       73
features.15                      132    -0.172641 1.993676e-07 5.225811e-08      329
features.15                      906    -0.172274 2.065078e-07 1.639649e-07      329
features.13                      340    -0.171937 1.049922e-07 5.114046e-07      201
features.8                       333    -0.171935 8.955030e-08 4.636084e-08      137
features.17                      702    -0.171561 2.206346e-06 1.618352e-07      489
features.12                      462    -0.170883 4.253927e-08 1.125742e-07      201
features.16                      615    -0.170701 4.085573e-07 8.093485e-08      329
features.9                         1    -0.170385 6.387458e-08 8.862933e-08      137
features.3                        96    -0.169926 2.012490e-08 9.815840e-07       57
features.12                      529    -0.169864 4.296376e-08 1.785276e-07      201
features.10                      127    -0.169190 3.876263e-08 4.889886e-08      137
features.16                      294    -0.168575 4.010893e-07 4.530414e-08      329
features.8                         6    -0.168390 8.613789e-08 3.837162e-08      137
features.9                       104    -0.166638 5.784230e-08 5.212837e-09      137
features.5                        13    -0.166575 3.124164e-08 4.282612e-08       73
features.16                      439    -0.166102 3.930115e-07 1.269495e-08      329
features.6                       158    -0.165694 2.063194e-08 8.226964e-08       73
features.16                      931    -0.165452 3.934168e-07 4.093413e-08      329
features.6                       187    -0.165407 2.061631e-08 1.148020e-07       73
features.4                        10    -0.165391 5.117942e-07 1.595782e-07       65
features.5                        24    -0.165117 3.202986e-08 7.988577e-08       73
features.15                      674    -0.165035 1.937603e-07 9.690105e-08      329
features.5                       127    -0.164943 3.468636e-08 1.746519e-07       73
features.14                       99    -0.164563 2.801992e-06 1.685360e-07      265
features.15                      882    -0.164081 1.912325e-07 7.553349e-08      329
features.6                       123    -0.163646 2.068679e-08 5.831830e-07       73
features.17                      613    -0.163217 2.407116e-06 3.942191e-07      489
features.3                        49    -0.163042 1.766747e-08 3.974624e-08       57
features.15                      778    -0.162996 1.890802e-07 6.192158e-08      329
features.17                      373    -0.162672 1.956128e-06 4.746958e-08      489
features.16                      787    -0.162548 4.286751e-07 6.539775e-07      329
features.16                      596    -0.162448 3.893562e-07 8.504694e-08      329
features.10                      157    -0.161907 3.416883e-08 1.152905e-08      137
features.15                       99    -0.161693 1.902732e-07 1.014014e-07      329
features.11                       56    -0.161583 2.973533e-07 9.902425e-07      169
features.3                       131    -0.161552 1.751635e-08 4.504362e-08       57
features.15                       20    -0.161157 1.848892e-07 3.081050e-08      329
features.16                      192    -0.161015 3.807323e-07 8.768437e-09      329
features.5                        29    -0.160819 3.087766e-08 6.657977e-08       73
features.15                      713    -0.160680 1.894376e-07 1.060309e-07      329
features.9                       151    -0.160444 5.690439e-08 2.635583e-08      137
features.3                        63    -0.160316 1.784056e-08 2.964371e-07       57
features.5                        33    -0.160287 2.895313e-08 2.103422e-09       73
features.16                      246    -0.159926 3.796428e-07 3.034388e-08      329
features.11                      272    -0.159087 2.716834e-07 2.665603e-07      169
features.15                      229    -0.158503 1.839875e-07 6.197079e-08      329
features.14                      207    -0.158059 3.016448e-06 1.351536e-06      265
features.16                        3    -0.157955 3.732552e-07 5.107609e-09      329
features.8                       358    -0.157921 7.565215e-08 1.294560e-08      137
features.16                      843    -0.157708 4.753706e-07 1.500028e-06      329
features.5                        21    -0.157399 2.903519e-08 2.335230e-08       73
features.9                       197    -0.156825 6.312742e-08 1.579135e-07      137
features.11                      245    -0.156628 3.301203e-07 2.367582e-06      169
features.15                      902    -0.156425 1.839813e-07 9.673124e-08      329
features.12                      471    -0.156298 3.834359e-08 4.746571e-08      201
features.9                         8    -0.156292 5.578473e-08 3.188965e-08      137
features.5                       122    -0.155445 2.883445e-08 2.869604e-08       73
features.17                      185    -0.155391 2.068117e-06 2.009526e-07      489
features.15                      628    -0.155308 1.831598e-07 1.033033e-07      329
features.4                        89    -0.154618 4.746597e-07 1.310991e-07       65
features.5                       184    -0.154545 3.130298e-08 1.214504e-07       73
features.13                      480    -0.154376 8.395253e-08 5.112927e-08      201
features.15                      174    -0.154335 1.869835e-07 1.761502e-07      329
features.15                      124    -0.154021 1.837025e-07 1.329116e-07      329
features.15                      741    -0.154005 1.803280e-07 8.329727e-08      329
features.9                       209    -0.153881 5.419535e-08 1.856561e-08      137
features.16                      235    -0.153780 3.638309e-07 1.136731e-08      329
features.17                      883    -0.153467 1.855735e-06 5.281234e-08      489
features.5                        70    -0.152969 4.264741e-08 5.314454e-07       73
features.10                      154    -0.152820 3.598583e-08 5.590585e-08      137
features.5                        23    -0.152572 3.686464e-08 3.300808e-07       73
features.16                      157    -0.152546 3.604156e-07 4.064275e-09      329
features.15                      191    -0.152342 1.740495e-07 1.837090e-08      329
features.5                        93    -0.152335 2.834063e-08 3.104698e-08       73
features.3                        21    -0.152319 1.679329e-08 1.952339e-07       57
features.3                       132    -0.151618 1.673317e-08 2.037818e-07       57
features.11                      380    -0.151544 2.614508e-07 3.429865e-07      169
features.15                      282    -0.151456 1.742068e-07 3.555636e-08      329
features.16                      481    -0.151404 3.577874e-07 5.071639e-09      329
features.13                      317    -0.151241 8.361877e-08 1.043326e-07      201
features.13                      469    -0.150925 8.161739e-08 3.186565e-08      201
features.5                       103    -0.150885 3.188401e-08 1.651956e-07       73
features.13                      353    -0.150466 8.158543e-08 4.030979e-08      201
features.15                      361    -0.150418 1.748337e-07 6.223103e-08      329
features.8                       335    -0.150407 8.530105e-08 7.182656e-08      137
features.9                       184    -0.150373 5.283910e-08 1.601721e-08      137
features.12                       75    -0.150337 3.706870e-08 6.407370e-08      201
features.12                      225    -0.150238 4.124362e-08 4.765560e-07      201
features.17                      542    -0.150144 2.081286e-06 2.589017e-07      489
features.16                        5    -0.150063 3.578039e-07 5.139476e-08      329
