================================================================================
Channel Pruning Log
  iteration  : 3
  alpha      : 0.0000
  timestamp  : 2026-04-05 12:06:12
  remove_target  : 144103
  accum_removed  : 144341
  selected_channels : 597
  total_params   : 2289600
  active_after   : 1806989
  model_sparsity : 21.1%
================================================================================

[ 레이어별 채널 제거 비율 ]
  layer                total_ch  this_iter    cumul  cumul_%
  ----------------------------------------------------------
  features.1                 32          2       12    37.5%
  features.2                 96          8       42    43.8%
  features.3                144          6       18    12.5%
  features.4                144         25       64    44.4%
  features.5                192         29       52    27.1%
  features.6                192          6       55    28.6%
  features.7                192         59      132    68.8%
  features.8                384          1      101    26.3%
  features.9                384         39       99    25.8%
  features.10               384         35      144    37.5%
  features.11               384         53      240    62.5%
  features.12               576         19      171    29.7%
  features.13               576         37      153    26.6%
  features.14               576         87      396    68.8%
  features.15               960         13       93     9.7%
  features.16               960         73      139    14.5%
  features.17               960        105      244    25.4%

[ 블록별 제거 채널 수 ]
  features.1: 2채널 제거
  features.10: 35채널 제거
  features.11: 53채널 제거
  features.12: 19채널 제거
  features.13: 37채널 제거
  features.14: 87채널 제거
  features.15: 13채널 제거
  features.16: 73채널 제거
  features.17: 105채널 제거
  features.2: 8채널 제거
  features.3: 6채널 제거
  features.4: 25채널 제거
  features.5: 29채널 제거
  features.6: 6채널 제거
  features.7: 59채널 제거
  features.8: 1채널 제거
  features.9: 39채널 제거

[ 선택된 채널 상세 ]
block                             ch        score          phi         perf  weights
--------------------------------------------------------------------------------
features.14                      137    -0.999999 1.126281e-06 2.970663e-08      265
features.7                       144    -0.999999 9.256871e-07 5.020545e-08      105
features.15                      686    -0.999999 7.668697e-07 9.936185e-09      329
features.17                      625    -0.999999 7.737775e-07 3.521448e-09      489
features.16                       48    -0.999998 6.551316e-07 2.495700e-09      329
features.4                       126    -0.999998 5.206728e-07 5.028295e-08       65
features.11                      123    -0.999997 2.920765e-07 2.540526e-07      169
features.2                        71    -0.999996 2.376396e-07 1.214249e-07       49
features.8                       158    -0.999995 1.902760e-07 3.219750e-09      137
features.1                        25    -0.999995 1.848993e-07 5.172000e-05       25
features.9                       355    -0.999994 1.751464e-07 1.720078e-08      137
features.12                      223    -0.999992 1.297381e-07 1.078291e-08      201
features.13                      298    -0.999992 1.202352e-07 2.660222e-09      201
features.10                      145    -0.999991 1.073861e-07 1.929007e-09      137
features.5                        25    -0.999987 7.690225e-08 8.993072e-07       73
features.6                        92    -0.999985 6.559060e-08 1.778513e-08       73
features.3                        58    -0.999984 6.344110e-08 4.587117e-08       57
features.5                       174    -0.989169 7.607034e-08 2.836959e-09       73
features.9                       133    -0.980900 1.718020e-07 5.311780e-10      137
features.7                        79    -0.970613 8.984853e-07 1.027773e-07      105
features.11                      113    -0.968326 2.828263e-07 2.887798e-07      169
features.16                      186    -0.966452 6.331542e-07 1.962779e-09      329
features.5                         8    -0.961866 7.397063e-08 3.974752e-09       73
features.7                       185    -0.955830 8.848001e-07 3.061551e-08      105
features.7                       114    -0.954915 8.839539e-07 6.707891e-08      105
features.5                        21    -0.954457 7.340084e-08 1.497962e-08       73
features.4                        84    -0.945556 4.923260e-07 1.640272e-07       65
features.5                       101    -0.945444 7.270768e-08 7.415214e-08       73
features.16                       91    -0.944803 6.189712e-07 5.177114e-09      329
features.6                       154    -0.943529 6.188755e-08 2.776749e-07       73
features.4                         2    -0.941953 4.904501e-07 1.934737e-08       65
features.2                         6    -0.936946 2.226564e-07 1.092215e-06       49
features.2                        84    -0.935272 2.222586e-07 1.496061e-07       49
features.5                        72    -0.934220 7.184457e-08 8.437209e-10       73
features.12                      447    -0.933242 1.210780e-07 5.299246e-10      201
features.5                        73    -0.932161 7.168624e-08 3.466651e-09       73
features.9                       338    -0.930040 1.628941e-07 5.479268e-08      137
features.16                      193    -0.923360 6.049234e-07 1.954039e-09      329
features.17                      638    -0.920234 7.120570e-07 1.079217e-09      489
features.9                       371    -0.919021 1.609642e-07 1.205618e-09      137
features.15                      507    -0.913362 7.004307e-07 2.740103e-09      329
features.16                      410    -0.911314 5.970315e-07 1.735087e-09      329
features.7                        33    -0.907719 8.402642e-07 5.890881e-08      105
features.17                       63    -0.904744 7.000713e-07 3.347863e-09      489
features.17                      950    -0.904740 7.000683e-07 4.961726e-10      489
features.17                      451    -0.899423 6.959539e-07 7.634331e-10      489
features.14                      499    -0.898710 1.012201e-06 1.938066e-08      265
features.14                       96    -0.895720 1.008834e-06 1.473967e-08      265
features.9                       173    -0.894034 1.565878e-07 7.297066e-10      137
features.7                        80    -0.893311 8.269275e-07 1.182253e-07      105
features.5                        84    -0.890721 6.849931e-08 9.243345e-08       73
features.4                         3    -0.890219 4.635136e-07 1.820480e-07       65
features.16                      358    -0.887754 5.815963e-07 6.558761e-10      329
features.13                      330    -0.885803 1.065056e-07 1.360602e-08      201
features.17                      365    -0.885478 6.851637e-07 1.769593e-09      489
features.13                      546    -0.884491 1.063479e-07 4.098867e-09      201
features.17                      107    -0.883406 6.835608e-07 1.006505e-09      489
features.14                      290    -0.881129 9.923999e-07 2.826211e-08      265
features.17                      160    -0.879986 6.809142e-07 1.956610e-09      489
features.16                      675    -0.879703 5.763223e-07 1.058157e-08      329
features.14                      510    -0.871706 9.817870e-07 3.551453e-08      265
features.17                      522    -0.871146 6.740742e-07 9.245005e-10      489
features.16                      940    -0.863291 5.655701e-07 3.405144e-09      329
features.16                      949    -0.862275 5.649047e-07 1.878674e-09      329
features.11                      100    -0.861740 2.516948e-07 1.294918e-07      169
features.2                        60    -0.860879 2.045799e-07 9.631406e-07       49
features.5                        35    -0.860050 6.614064e-08 1.428180e-07       73
features.16                      282    -0.857632 5.618625e-07 9.992138e-09      329
features.7                       163    -0.856120 7.925001e-07 6.670267e-08      105
features.13                      283    -0.855087 1.028125e-07 2.463468e-09      201
features.4                       129    -0.851387 4.432948e-07 5.088934e-08       65
features.14                      311    -0.849975 9.573114e-07 5.547506e-08      265
features.14                      127    -0.848080 9.551776e-07 3.487994e-08      265
features.2                         1    -0.847008 2.012834e-07 7.511366e-08       49
features.9                       346    -0.846960 1.483429e-07 1.932382e-09      137
features.17                      253    -0.844409 6.533859e-07 5.424937e-10      489
features.7                       137    -0.843446 7.807677e-07 2.273400e-08      105
features.14                      139    -0.842608 9.490145e-07 5.010427e-08      265
features.7                        73    -0.842466 7.798607e-07 1.307970e-07      105
features.9                       137    -0.842461 1.475549e-07 1.012320e-09      137
features.7                        64    -0.838818 7.764839e-07 6.954646e-08      105
features.9                       349    -0.832751 1.458543e-07 1.306520e-09      137
features.13                      316    -0.832243 1.000658e-07 1.545453e-09      201
features.14                      269    -0.831857 9.369057e-07 1.097060e-08      265
features.11                      149    -0.831472 2.428542e-07 3.971001e-07      169
features.7                        66    -0.828875 7.672795e-07 6.721806e-08      105
features.16                      555    -0.826471 5.414483e-07 2.773581e-09      329
features.7                       109    -0.826288 7.648849e-07 1.931021e-08      105
features.7                        47    -0.825279 7.639506e-07 1.258516e-07      105
features.7                        27    -0.824349 7.630896e-07 2.021653e-07      105
features.7                       118    -0.821086 7.600697e-07 4.704876e-08      105
features.10                       80    -0.820309 8.809052e-08 7.165938e-09      137
features.17                      424    -0.819780 6.343285e-07 1.381834e-09      489
features.7                         2    -0.819145 7.582728e-07 1.149466e-07      105
features.7                       135    -0.817185 7.564587e-07 9.750989e-08      105
features.4                        88    -0.813208 4.234161e-07 1.146355e-07       65
features.7                        36    -0.812682 7.522904e-07 1.269825e-07      105
features.14                      162    -0.810937 9.133439e-07 2.078456e-08      265
features.14                      315    -0.809771 9.120311e-07 2.437288e-08      265
features.14                      356    -0.809186 9.113714e-07 3.597397e-08      265
features.5                       157    -0.807622 6.210873e-08 3.032448e-08       73
features.15                      669    -0.807568 6.193000e-07 2.141071e-08      329
features.16                      185    -0.806880 5.286135e-07 1.385532e-09      329
features.17                      643    -0.806567 6.241041e-07 2.851603e-09      489
features.16                      893    -0.805655 5.278109e-07 3.502544e-09      329
features.9                       239    -0.805112 1.410133e-07 7.418878e-09      137
features.16                      158    -0.803968 5.267055e-07 2.657530e-08      329
features.17                      502    -0.803131 6.214452e-07 5.478490e-10      489
features.2                        10    -0.799238 1.899315e-07 5.772606e-07       49
features.9                       187    -0.798174 1.397982e-07 8.709359e-09      137
features.10                      325    -0.797501 8.564123e-08 4.337634e-09      137
features.16                      693    -0.797200 5.222715e-07 1.094119e-09      329
features.17                       90    -0.793964 6.143522e-07 7.141790e-10      489
features.13                      400    -0.792768 9.531939e-08 2.187840e-09      201
features.17                      490    -0.791801 6.126783e-07 3.109878e-09      489
features.17                      347    -0.791200 6.122135e-07 8.103072e-10      489
features.1                         8    -0.790874 1.462329e-07 3.068068e-05       25
features.17                      757    -0.789470 6.108747e-07 1.597038e-09      489
features.13                      265    -0.788729 9.483374e-08 2.010087e-09      201
features.13                      291    -0.788691 9.482919e-08 4.864351e-09      201
features.11                      252    -0.786991 2.298623e-07 3.613737e-07      169
features.14                      517    -0.785843 8.850814e-07 1.252732e-08      265
features.13                      177    -0.785384 9.443155e-08 3.802822e-09      201
features.9                       228    -0.784687 1.374358e-07 2.121712e-08      137
features.14                      477    -0.784450 8.835120e-07 1.988503e-08      265
features.16                      557    -0.783992 5.136188e-07 2.290112e-09      329
features.13                      425    -0.782548 9.409057e-08 1.687535e-08      201
features.7                       147    -0.780322 7.223350e-07 1.162195e-07      105
features.9                       276    -0.778335 1.363233e-07 4.923161e-09      137
features.7                       167    -0.778195 7.203654e-07 2.543226e-08      105
features.16                      762    -0.775380 5.079767e-07 1.373081e-09      329
features.11                       57    -0.775125 2.263966e-07 2.706289e-07      169
features.9                       273    -0.775114 1.357592e-07 1.524874e-07      137
features.11                      148    -0.772383 2.255956e-07 2.063916e-07      169
features.7                        46    -0.772177 7.147954e-07 3.302162e-08      105
features.7                        21    -0.772049 7.146770e-07 3.759829e-08      105
features.7                        13    -0.771510 7.141776e-07 3.988901e-08      105
features.7                        10    -0.770980 7.136874e-07 4.765941e-08      105
features.17                      246    -0.770859 5.964743e-07 8.762827e-10      489
features.10                       57    -0.770686 8.276171e-08 3.434065e-10      137
features.13                      165    -0.769052 9.246794e-08 1.782618e-09      201
features.13                      411    -0.767942 9.233440e-08 2.826479e-09      201
features.5                        65    -0.767920 5.905551e-08 5.176801e-08       73
features.16                      568    -0.767723 5.029606e-07 3.473928e-09      329
features.2                        70    -0.767557 1.824028e-07 6.558182e-07       49
features.14                      293    -0.767043 8.639067e-07 3.867496e-08      265
features.7                       165    -0.764429 7.076225e-07 1.291201e-07      105
features.17                      323    -0.763895 5.910858e-07 5.391674e-10      489
features.7                        15    -0.761648 7.050483e-07 1.122467e-07      105
features.17                       25    -0.760676 5.885946e-07 4.149580e-10      489
features.5                        64    -0.760302 5.846969e-08 1.489779e-09       73
features.17                      777    -0.758357 5.868002e-07 6.301407e-10      489
features.14                      497    -0.756158 8.516478e-07 4.318542e-08      265
features.10                      204    -0.755555 8.113678e-08 2.579196e-09      137
features.13                      202    -0.755255 9.080898e-08 1.784776e-09      201
features.15                      482    -0.754947 5.789469e-07 3.832262e-09      329
features.14                      239    -0.754883 8.502113e-07 3.312966e-08      265
features.13                      396    -0.754878 9.076366e-08 4.207144e-09      201
features.7                        81    -0.754320 6.982654e-07 6.419134e-08      105
features.17                      458    -0.753822 5.832916e-07 2.508737e-09      489
features.17                      482    -0.752690 5.824152e-07 4.057984e-10      489
features.5                       170    -0.752539 5.787273e-08 1.089583e-07       73
features.4                        96    -0.752190 3.916456e-07 6.855705e-08       65
features.11                      289    -0.751560 2.195139e-07 3.125007e-07      169
features.10                      373    -0.751267 8.067639e-08 5.599203e-09      137
features.17                      309    -0.750609 5.808048e-07 7.700742e-10      489
features.7                         9    -0.750287 6.945320e-07 4.320903e-08      105
features.11                      202    -0.749944 2.190419e-07 2.707447e-08      169
features.11                       64    -0.748159 2.185206e-07 1.774997e-07      169
features.11                      139    -0.748140 2.185150e-07 1.878297e-07      169
features.13                       60    -0.747942 8.992975e-08 2.982337e-09      201
features.11                      241    -0.747028 2.181900e-07 2.285861e-07      169
features.10                       76    -0.746555 8.017034e-08 5.972082e-09      137
features.11                      352    -0.746252 2.179635e-07 3.316831e-08      169
features.16                      700    -0.745842 4.886253e-07 8.304431e-10      329
features.17                      417    -0.744251 5.758852e-07 7.963073e-10      489
features.17                      766    -0.743551 5.753440e-07 2.234621e-09      489
features.7                         1    -0.742021 6.868800e-07 8.522459e-08      105
features.17                      615    -0.741794 5.739843e-07 1.470222e-09      489
features.14                       10    -0.740606 8.341312e-07 1.622741e-07      265
features.9                       224    -0.740512 1.296988e-07 1.079540e-08      137
features.17                      135    -0.739726 5.723840e-07 3.170108e-09      489
features.17                      774    -0.738547 5.714718e-07 9.653965e-10      489
features.3                       100    -0.738539 4.685449e-08 7.586175e-07       57
features.13                      286    -0.737522 8.867683e-08 5.649812e-09      201
features.5                        83    -0.737514 5.671719e-08 5.956325e-09       73
features.17                      756    -0.736858 5.701648e-07 4.322787e-10      489
features.12                      412    -0.736534 9.555723e-08 2.937437e-08      201
features.4                        93    -0.736281 3.833620e-07 1.799595e-07       65
features.13                      176    -0.734143 8.827060e-08 1.128834e-09      201
features.9                        74    -0.734042 1.285656e-07 2.507286e-08      137
features.14                      466    -0.733482 8.261084e-07 4.049438e-08      265
features.4                        34    -0.733380 3.818519e-07 3.230579e-07       65
features.17                      282    -0.733257 5.673782e-07 1.599589e-09      489
features.4                        30    -0.733193 3.817545e-07 8.566433e-08       65
features.16                      270    -0.732479 4.798708e-07 5.343842e-10      329
features.14                        5    -0.730267 8.224864e-07 1.219290e-08      265
features.5                        29    -0.730166 5.615211e-08 8.450808e-08       73
features.10                       43    -0.729405 7.832866e-08 5.280810e-09      137
features.14                      242    -0.729071 8.211398e-07 8.230474e-08      265
features.17                      238    -0.728985 5.640733e-07 2.781372e-09      489
features.14                      133    -0.728644 8.206594e-07 1.278568e-08      265
features.16                       53    -0.728601 4.773302e-07 3.411251e-09      329
features.13                       47    -0.728587 8.760257e-08 7.104443e-09      201
features.10                      172    -0.727558 7.813034e-08 2.107217e-09      137
features.17                      172    -0.727115 5.626262e-07 4.742223e-10      489
features.16                      552    -0.725645 4.753939e-07 6.201465e-08      329
features.17                      256    -0.725559 5.614221e-07 5.688279e-10      489
features.7                        88    -0.725405 6.714990e-07 1.435546e-07      105
features.14                      335    -0.725146 8.167193e-07 9.566300e-09      265
features.14                      553    -0.725096 8.166631e-07 4.503810e-08      265
features.17                      181    -0.724753 5.607986e-07 2.000245e-09      489
features.17                      413    -0.723243 5.596297e-07 5.296790e-10      489
features.14                      525    -0.723193 8.145199e-07 1.121271e-08      265
features.16                      376    -0.723064 4.737030e-07 4.153420e-09      329
features.11                      260    -0.722592 2.110529e-07 3.585560e-08      169
features.14                      341    -0.720123 8.110617e-07 8.593736e-09      265
features.4                        31    -0.718980 3.743542e-07 4.037282e-08       65
features.14                       70    -0.718062 8.087406e-07 4.844738e-08      265
features.12                      465    -0.716250 9.292565e-08 1.480744e-09      201
features.14                      135    -0.714667 8.049163e-07 5.143097e-08      265
features.16                      258    -0.712580 4.668345e-07 3.125065e-08      329
features.14                      151    -0.711444 8.012868e-07 1.577035e-08      265
features.11                      324    -0.711325 2.077619e-07 8.989105e-09      169
features.9                       362    -0.710539 1.244491e-07 3.208545e-09      137
features.5                        36    -0.710326 5.462640e-08 1.367344e-07       73
features.11                      118    -0.709990 2.073722e-07 8.828198e-08      169
features.17                      251    -0.709698 5.491491e-07 7.651297e-09      489
features.10                       61    -0.709338 7.617368e-08 4.350370e-09      137
features.9                       265    -0.709279 1.242283e-07 1.901730e-08      137
features.7                        78    -0.708382 6.557411e-07 6.377288e-07      105
features.10                       34    -0.707795 7.600804e-08 1.056687e-08      137
features.14                      187    -0.706620 7.958535e-07 1.341672e-09      265
features.14                      450    -0.706311 7.955051e-07 4.094860e-08      265
features.9                       329    -0.705753 1.236109e-07 2.042518e-09      137
features.17                      884    -0.705666 5.460290e-07 9.038369e-10      489
features.16                      267    -0.704214 4.613537e-07 2.927140e-09      329
features.10                      171    -0.704210 7.562303e-08 4.304990e-09      137
features.17                      239    -0.703203 5.441238e-07 4.914831e-10      489
features.7                        91    -0.703163 6.509096e-07 4.826333e-08      105
features.10                       93    -0.703149 7.550905e-08 1.122248e-07      137
features.11                      126    -0.703104 2.053608e-07 9.496767e-08      169
features.16                      344    -0.702842 4.604544e-07 1.906324e-08      329
features.4                        76    -0.702654 3.658535e-07 3.872015e-08       65
features.17                      394    -0.702427 5.435228e-07 3.118001e-09      489
features.10                      305    -0.701479 7.532982e-08 9.737533e-09      137
features.17                      358    -0.700860 5.423103e-07 5.422969e-10      489
features.11                      363    -0.699497 2.043075e-07 4.908051e-08      169
features.5                        32    -0.699238 5.377364e-08 7.554591e-08       73
features.5                       114    -0.698176 5.369204e-08 7.016961e-08       73
features.10                       15    -0.697848 7.493980e-08 5.291923e-09      137
features.14                      178    -0.697460 7.855370e-07 6.009404e-08      265
features.9                       221    -0.697130 1.221005e-07 1.163727e-09      137
features.17                      695    -0.696924 5.392649e-07 1.701155e-08      489
features.7                       129    -0.696408 6.446570e-07 7.568430e-08      105
features.14                      249    -0.695962 7.838491e-07 2.491058e-08      265
features.17                      659    -0.695538 5.381920e-07 3.591238e-09      489
features.14                      176    -0.695446 7.832681e-07 1.082184e-08      265
features.9                        64    -0.694985 1.217249e-07 6.939239e-10      137
features.14                      165    -0.694490 7.821915e-07 1.148607e-08      265
features.17                      183    -0.694002 5.370040e-07 1.194221e-09      489
features.10                      224    -0.693892 7.451500e-08 5.922260e-09      137
features.16                      171    -0.692933 4.539629e-07 1.323452e-09      329
features.11                       92    -0.691856 2.020757e-07 9.133596e-08      169
features.16                      627    -0.691487 4.530157e-07 1.986179e-09      329
features.16                      362    -0.691411 4.529658e-07 8.361614e-10      329
features.10                       50    -0.690817 7.418483e-08 2.010722e-09      137
features.15                      957    -0.690013 5.291511e-07 5.891329e-09      329
features.14                      473    -0.689958 7.770878e-07 1.496362e-08      265
features.11                        6    -0.689880 2.014984e-07 4.096224e-07      169
features.14                      511    -0.689620 7.767074e-07 7.227377e-08      265
features.13                       85    -0.688619 8.279692e-08 1.492344e-09      201
features.17                       24    -0.688142 5.324691e-07 6.211883e-10      489
features.17                      772    -0.687483 5.319599e-07 1.556413e-09      489
features.17                      773    -0.687199 5.317398e-07 7.541737e-10      489
features.16                      470    -0.687125 4.501582e-07 1.788041e-09      329
features.7                         6    -0.686699 6.356695e-07 8.346693e-08      105
features.14                       48    -0.686423 7.731063e-07 9.329666e-09      265
features.7                        65    -0.686312 6.353106e-07 4.307637e-08      105
features.11                        9    -0.686257 2.004403e-07 6.925906e-07      169
features.14                      222    -0.685908 7.725259e-07 4.553382e-08      265
features.4                        12    -0.684933 3.566268e-07 9.165331e-08       65
features.13                       88    -0.684895 8.234917e-08 1.421216e-09      201
features.17                      286    -0.684635 5.297557e-07 2.562641e-09      489
features.12                       42    -0.684464 8.880174e-08 3.684115e-08      201
features.11                      185    -0.684382 1.998925e-07 4.357047e-07      169
features.10                      335    -0.684363 7.349177e-08 3.209050e-09      137
features.11                       84    -0.683675 1.996861e-07 2.709228e-07      169
features.17                      721    -0.683293 5.287171e-07 4.590710e-10      489
features.16                      699    -0.682644 4.472224e-07 1.562735e-09      329
features.7                       143    -0.682211 6.315146e-07 6.192973e-08      105
features.10                      215    -0.682190 7.325836e-08 5.652372e-09      137
features.5                        56    -0.681950 5.244416e-08 3.615437e-07       73
features.17                        4    -0.680310 5.264091e-07 8.685658e-10      489
features.13                      423    -0.679757 8.173141e-08 1.223537e-09      201
features.10                      339    -0.678950 7.291044e-08 3.667877e-09      137
features.12                       91    -0.678726 8.805726e-08 1.781047e-08      201
features.3                       108    -0.677538 4.298441e-08 3.160423e-08       57
features.17                      493    -0.677405 5.241616e-07 5.456294e-10      489
features.9                       183    -0.677206 1.186108e-07 2.767346e-09      137
features.11                      162    -0.676897 1.977065e-07 8.475003e-08      169
features.9                        27    -0.676257 1.184447e-07 5.979284e-10      137
features.17                      959    -0.676233 5.232547e-07 4.930013e-10      489
features.14                      145    -0.676075 7.614518e-07 1.467298e-08      265
features.14                      350    -0.676062 7.614363e-07 1.259687e-08      265
features.9                       381    -0.675822 1.183685e-07 6.373569e-09      137
features.16                       88    -0.675810 4.427452e-07 2.501138e-09      329
features.17                      563    -0.674747 5.221048e-07 7.874636e-10      489
features.16                      818    -0.674722 4.420324e-07 1.466610e-09      329
features.16                      325    -0.674189 4.416830e-07 2.880421e-09      329
features.4                        64    -0.673970 3.509186e-07 1.952079e-07       65
features.11                      131    -0.673949 1.968455e-07 7.743200e-08      169
features.16                      214    -0.673601 4.412978e-07 1.499849e-08      329
features.16                      746    -0.673312 4.411084e-07 1.090142e-09      329
features.13                      307    -0.673183 8.094101e-08 3.193535e-10      201
features.10                      290    -0.672894 7.226011e-08 2.822857e-09      137
features.7                       161    -0.672004 6.220662e-07 8.837891e-08      105
features.14                      513    -0.671538 7.563414e-07 2.289446e-08      265
features.4                        28    -0.670663 3.491965e-07 8.225578e-07       65
features.16                      578    -0.670454 4.392361e-07 1.489858e-09      329
features.17                      275    -0.670216 5.185989e-07 1.026680e-09      489
features.14                      395    -0.670127 7.547521e-07 6.326794e-08      265
features.16                      430    -0.669668 4.387213e-07 4.782575e-08      329
features.17                      438    -0.669027 5.176790e-07 7.002711e-10      489
features.9                        97    -0.668879 1.171524e-07 1.780519e-08      137
features.11                      210    -0.668844 1.953542e-07 2.387483e-07      169
features.16                      304    -0.668536 4.379797e-07 1.684190e-09      329
features.14                      370    -0.668411 7.528196e-07 1.140065e-07      265
features.7                       113    -0.667946 6.183093e-07 1.155742e-07      105
features.5                       126    -0.667150 5.130598e-08 1.893740e-08       73
features.16                      934    -0.666967 4.369521e-07 1.319564e-09      329
features.4                        15    -0.666877 3.472256e-07 2.666820e-07       65
features.7                       133    -0.666797 6.172464e-07 2.407253e-08      105
features.9                       267    -0.666226 1.166877e-07 3.402188e-08      137
features.3                        23    -0.665975 4.225085e-08 2.804411e-07       57
features.14                       76    -0.665928 7.500225e-07 1.915068e-08      265
features.11                      182    -0.665423 1.943552e-07 7.239676e-09      169
features.14                      115    -0.665234 7.492416e-07 2.408291e-09      265
features.14                       18    -0.664998 7.489752e-07 4.098709e-08      265
features.17                        5    -0.664697 5.143283e-07 7.554722e-10      489
features.11                      227    -0.664686 1.941399e-07 1.297056e-08      169
features.11                       43    -0.663841 1.938931e-07 5.791521e-08      169
features.16                      360    -0.663556 4.347170e-07 1.803820e-09      329
features.14                      229    -0.662693 7.463799e-07 4.399123e-09      265
features.14                      324    -0.661945 7.455371e-07 5.203034e-08      265
features.16                      499    -0.660471 4.326963e-07 1.751338e-09      329
features.14                      237    -0.660241 7.436178e-07 4.863034e-09      265
features.17                      794    -0.660148 5.108084e-07 4.323206e-09      489
features.14                      257    -0.659877 7.432083e-07 8.824187e-09      265
features.11                       44    -0.659459 1.926132e-07 5.411903e-07      169
features.17                      673    -0.659263 5.101238e-07 1.065936e-09      489
features.13                       56    -0.659092 7.924672e-08 2.213858e-08      201
features.4                        67    -0.658162 3.426875e-07 1.737671e-07       65
features.14                       74    -0.657389 7.404058e-07 1.784710e-08      265
features.7                       123    -0.657360 6.085100e-07 4.519458e-08      105
features.11                      256    -0.657287 1.919787e-07 1.850024e-07      169
features.9                       291    -0.657277 1.151203e-07 3.571000e-09      137
features.17                       84    -0.657154 5.084920e-07 5.385433e-10      489
features.17                      604    -0.657086 5.084389e-07 2.952479e-09      489
features.17                      893    -0.657059 5.084182e-07 4.530930e-10      489
features.7                       121    -0.656874 6.080606e-07 5.161807e-08      105
features.17                      776    -0.656722 5.081573e-07 5.483909e-10      489
features.10                      247    -0.656521 7.050183e-08 1.529388e-07      137
features.17                      325    -0.656456 5.079515e-07 4.199739e-10      489
features.15                      532    -0.656100 5.031440e-07 1.232180e-09      329
features.14                      280    -0.655969 7.388064e-07 9.114132e-09      265
features.13                      302    -0.655637 7.883133e-08 3.257827e-09      201
features.16                      411    -0.655442 4.294014e-07 7.666790e-09      329
features.16                      247    -0.654968 4.290908e-07 4.467429e-09      329
features.14                      352    -0.654896 7.375974e-07 8.006007e-09      265
features.3                        25    -0.654864 4.154593e-08 1.476808e-05       57
features.17                      226    -0.654406 5.063654e-07 5.383961e-10      489
features.17                      818    -0.654089 5.061202e-07 1.698395e-09      489
features.6                       117    -0.653919 4.289160e-08 9.826068e-08       73
features.17                      840    -0.653918 5.059879e-07 7.061668e-10      489
features.4                       139    -0.653785 3.404086e-07 8.251149e-08       65
features.16                      807    -0.653103 4.278694e-07 2.338022e-09      329
features.7                       132    -0.652837 6.043237e-07 1.004330e-07      105
features.17                      758    -0.652646 5.050032e-07 4.208126e-10      489
features.10                      343    -0.652359 7.005489e-08 1.676211e-08      137
features.14                      379    -0.652248 7.346154e-07 1.063451e-08      265
features.14                      161    -0.651734 7.340360e-07 7.174117e-09      265
features.17                      771    -0.651563 5.041653e-07 5.941077e-10      489
features.16                      544    -0.651102 4.265581e-07 1.318861e-08      329
features.4                        44    -0.650829 3.388695e-07 1.675339e-07       65
features.17                      913    -0.649998 5.029545e-07 1.297131e-09      489
features.17                      247    -0.649976 5.029373e-07 1.393669e-09      489
features.14                       14    -0.649961 7.320399e-07 1.817856e-08      265
features.17                       51    -0.649140 5.022904e-07 2.513998e-09      489
features.5                       187    -0.648717 4.988842e-08 6.472787e-07       73
features.14                      173    -0.647475 7.292392e-07 9.451163e-09      265
features.11                       91    -0.646701 1.888869e-07 8.477270e-08      169
features.11                       80    -0.646397 1.887980e-07 6.535118e-08      169
features.7                        75    -0.646325 5.982953e-07 4.353848e-08      105
features.14                      415    -0.646239 7.278472e-07 3.054565e-09      265
features.5                       108    -0.645746 4.966000e-08 1.092195e-08       73
features.10                      189    -0.644877 6.925145e-08 2.950481e-09      137
features.11                      278    -0.644288 1.881820e-07 1.830258e-09      169
features.14                       69    -0.643726 7.250169e-07 7.147325e-08      265
features.13                       43    -0.643327 7.735114e-08 2.520568e-08      201
features.7                       152    -0.642816 5.950467e-07 3.714204e-08      105
features.16                      111    -0.642812 4.211273e-07 1.652076e-09      329
features.9                       227    -0.642586 1.125473e-07 6.993135e-10      137
features.10                      125    -0.642314 6.897621e-08 5.231862e-08      137
features.13                       86    -0.642047 7.719731e-08 3.133557e-09      201
features.16                      497    -0.641795 4.204607e-07 1.548085e-09      329
features.11                      151    -0.641505 1.873693e-07 6.549318e-08      169
features.4                        43    -0.639988 3.332251e-07 4.398853e-07       65
features.13                      366    -0.639843 7.693227e-08 5.598078e-10      201
features.16                      334    -0.639677 4.190735e-07 3.843803e-09      329
features.14                      458    -0.639150 7.198633e-07 1.263286e-08      265
features.15                      499    -0.639135 4.901341e-07 1.694549e-09      329
features.17                      645    -0.638625 4.941543e-07 3.410074e-09      489
features.17                      471    -0.638515 4.940695e-07 1.337159e-09      489
features.9                       176    -0.638480 1.118281e-07 1.618955e-09      137
features.17                      717    -0.637892 4.935874e-07 5.585219e-09      489
features.16                      167    -0.636891 4.172478e-07 1.746047e-08      329
features.17                      509    -0.636693 4.926598e-07 1.048197e-09      489
features.14                       81    -0.636388 7.167521e-07 2.656003e-08      265
features.16                       69    -0.636272 4.168427e-07 1.045793e-09      329
features.14                       72    -0.636140 7.164727e-07 4.058150e-09      265
features.16                      732    -0.635870 4.165792e-07 1.385810e-09      329
features.15                      378    -0.635639 4.874532e-07 1.438636e-09      329
features.9                         6    -0.634866 1.111952e-07 2.702397e-08      137
features.6                        63    -0.634308 4.160530e-08 3.811681e-08       73
features.17                      224    -0.633952 4.905382e-07 4.646034e-10      489
features.4                        20    -0.633696 3.299488e-07 5.086665e-08       65
features.16                      954    -0.633553 4.150614e-07 5.233275e-09      329
features.12                      236    -0.633236 8.215547e-08 2.215228e-09      201
features.16                      915    -0.632723 4.145175e-07 5.711403e-09      329
features.12                      227    -0.632545 8.206577e-08 1.153115e-08      201
features.11                      317    -0.631221 1.843654e-07 6.749128e-07      169
features.17                      697    -0.630919 4.881916e-07 7.312477e-10      489
features.5                       136    -0.630691 4.850221e-08 3.829569e-08       73
features.7                       127    -0.630579 5.837196e-07 5.384082e-08      105
features.9                       103    -0.630199 1.103777e-07 6.441211e-10      137
features.14                      177    -0.630152 7.097293e-07 4.948777e-08      265
features.7                        38    -0.629801 5.829990e-07 9.247382e-08      105
features.9                       140    -0.629287 1.102180e-07 2.885144e-10      137
features.14                      126    -0.629150 7.086008e-07 1.632244e-08      265
features.14                      492    -0.629114 7.085596e-07 1.362531e-08      265
features.14                      549    -0.628892 7.083096e-07 5.019389e-08      265
features.16                      649    -0.628708 4.118870e-07 7.386211e-10      329
features.5                        14    -0.628672 4.834689e-08 2.157214e-08       73
features.6                       171    -0.628199 4.120459e-08 2.892539e-07       73
features.7                        24    -0.628081 5.814073e-07 1.419776e-08      105
features.13                      416    -0.627949 7.550220e-08 8.651844e-08      201
features.16                       78    -0.627849 4.113242e-07 3.099768e-09      329
features.17                      267    -0.627744 4.857345e-07 5.612452e-10      489
features.14                      361    -0.627538 7.067850e-07 8.481663e-09      265
features.15                      225    -0.627331 4.810814e-07 1.651271e-09      329
features.17                      801    -0.627113 4.852468e-07 4.774507e-10      489
features.10                      206    -0.627076 6.733982e-08 4.338516e-09      137
features.14                      197    -0.626905 7.060717e-07 1.132463e-08      265
features.17                      943    -0.626761 4.849741e-07 7.481994e-10      489
features.4                         8    -0.626547 3.262267e-07 1.346432e-07       65
features.10                      314    -0.626352 6.726215e-08 3.209659e-09      137
features.17                      405    -0.625875 4.842885e-07 1.999755e-09      489
features.12                      445    -0.625500 8.115176e-08 2.820396e-09      201
features.16                      859    -0.625115 4.095330e-07 1.725825e-09      329
features.14                      539    -0.624887 7.037986e-07 1.065865e-08      265
features.12                      276    -0.624481 8.101965e-08 1.139087e-09      201
features.16                      783    -0.623957 4.087743e-07 1.208844e-08      329
features.14                      258    -0.623805 7.025810e-07 1.639211e-08      265
features.17                      478    -0.623637 4.825568e-07 6.252142e-10      489
features.11                      274    -0.623109 1.819962e-07 4.880535e-09      169
features.11                      117    -0.623036 1.819748e-07 2.765762e-08      169
features.9                       163    -0.622703 1.090648e-07 8.068012e-09      137
features.11                        1    -0.622633 1.818570e-07 5.473511e-07      169
features.17                      830    -0.622030 4.813137e-07 9.962406e-10      489
features.11                      175    -0.621778 1.816072e-07 9.726102e-08      169
features.6                        28    -0.621519 4.076643e-08 7.401604e-08       73
features.16                      333    -0.621511 4.071724e-07 1.508324e-09      329
features.9                       171    -0.620958 1.087592e-07 3.738389e-09      137
features.16                      210    -0.620601 4.065763e-07 9.919643e-09      329
features.14                      481    -0.620167 6.984826e-07 4.239726e-09      265
features.9                        62    -0.619048 1.084246e-07 3.094949e-08      137
features.17                      468    -0.618721 4.787530e-07 2.345628e-09      489
features.14                      389    -0.618276 6.963536e-07 6.708357e-09      265
features.5                       161    -0.618266 4.754670e-08 3.947471e-08       73
features.17                      698    -0.618029 4.782175e-07 1.681791e-09      489
features.12                      189    -0.617983 8.017653e-08 2.565578e-08      201
features.15                      585    -0.617959 4.738949e-07 2.107751e-09      329
features.12                      487    -0.617794 8.015198e-08 7.484674e-10      201
features.7                         7    -0.617737 5.718321e-07 2.553934e-08      105
features.11                       48    -0.617302 1.803000e-07 6.634060e-09      169
features.7                       140    -0.617013 5.711615e-07 2.801741e-08      105
features.16                      101    -0.616924 4.041667e-07 6.801609e-09      329
features.13                      221    -0.615769 7.403779e-08 1.171182e-07      201
features.4                       104    -0.615616 3.205353e-07 2.042711e-07       65
features.5                        66    -0.615357 4.732296e-08 7.337260e-08       73
features.4                        50    -0.614977 3.202025e-07 1.900131e-07       65
features.10                      112    -0.614932 6.603575e-08 1.941166e-08      137
features.17                      380    -0.614628 4.755858e-07 9.356024e-10      489
features.7                        63    -0.614531 5.688642e-07 4.226473e-08      105
features.13                      523    -0.614282 7.385893e-08 2.092267e-09      201
features.16                      505    -0.614259 4.024213e-07 3.424582e-09      329
features.9                       365    -0.614255 1.075851e-07 2.758583e-08      137
features.14                      490    -0.613253 6.906965e-07 9.417819e-09      265
features.9                       172    -0.613077 1.073788e-07 1.448000e-08      137
features.7                        14    -0.611672 5.662174e-07 8.846536e-08      105
features.15                      182    -0.611247 4.687471e-07 4.025465e-09      329
features.17                      243    -0.610474 4.723717e-07 8.672764e-10      489
features.14                      189    -0.610445 6.875337e-07 4.800322e-08      265
features.17                      741    -0.610441 4.723464e-07 6.746546e-10      489
features.16                      933    -0.610335 3.998504e-07 1.864611e-08      329
features.14                      160    -0.609711 6.867062e-07 2.260235e-08      265
features.14                      175    -0.609041 6.859521e-07 2.127937e-08      265
features.13                      240    -0.608982 7.322168e-08 1.225587e-08      201
features.7                        23    -0.607116 5.620001e-07 1.174977e-07      105
features.12                      159    -0.606966 7.874722e-08 1.752718e-08      201
features.17                      661    -0.606931 4.696302e-07 2.189877e-09      489
features.11                       16    -0.606635 1.771845e-07 2.638109e-08      169
features.12                      186    -0.606005 7.862251e-08 2.628592e-10      201
features.16                      532    -0.605915 3.969549e-07 2.123033e-09      329
features.7                        55    -0.605647 5.606403e-07 9.320839e-09      105
features.13                      106    -0.604693 7.270599e-08 5.536485e-09      201
features.10                      254    -0.604216 6.488494e-08 1.001521e-09      137
features.17                      184    -0.603038 4.666176e-07 2.011669e-10      489
features.5                       143    -0.602669 4.634724e-08 5.829098e-09       73
features.16                      722    -0.602597 3.947813e-07 1.084022e-09      329
features.11                      265    -0.602332 1.759277e-07 7.193939e-08      169
features.7                       145    -0.602279 5.575225e-07 7.318379e-08      105
features.7                        52    -0.601389 5.566985e-07 5.830648e-08      105
features.11                      236    -0.601347 1.756399e-07 3.029663e-08      169
features.14                      464    -0.600814 6.766861e-07 8.298574e-08      265
features.16                      165    -0.600807 3.936084e-07 1.174751e-09      329
features.17                       22    -0.600625 4.647507e-07 3.464360e-09      489
features.13                      561    -0.600469 7.219816e-08 3.205417e-09      201
features.17                       75    -0.600340 4.645304e-07 4.299619e-09      489
features.11                      371    -0.599722 1.751653e-07 1.650309e-07      169
features.11                      193    -0.599659 1.751468e-07 6.386665e-08      169
features.11                       85    -0.599497 1.750996e-07 1.354704e-07      169
features.17                      581    -0.599085 4.635590e-07 2.159536e-09      489
features.7                       190    -0.598917 5.544099e-07 1.403990e-07      105
features.16                       22    -0.598855 3.923292e-07 8.692655e-09      329
features.10                       23    -0.598212 6.424018e-08 3.488591e-09      137
features.13                      246    -0.598140 7.191809e-08 1.213991e-08      201
features.9                       146    -0.597987 1.047360e-07 7.503926e-09      137
features.5                         3    -0.597776 4.597090e-08 5.612251e-08       73
features.14                      205    -0.597658 6.731316e-07 2.376341e-08      265
features.10                      180    -0.597532 6.416719e-08 7.130375e-09      137
features.11                      105    -0.597344 1.744708e-07 1.591940e-08      169
features.14                      418    -0.596895 6.722719e-07 1.430117e-09      265
features.10                      358    -0.596690 6.407674e-08 6.484759e-10      137
features.14                      211    -0.596587 6.719259e-07 6.034057e-08      265
features.17                      463    -0.596343 4.614371e-07 5.612595e-10      489
features.14                       92    -0.596311 6.716149e-07 4.268779e-08      265
features.17                      634    -0.595903 4.610966e-07 6.460446e-10      489
features.5                       142    -0.595793 4.581841e-08 5.624891e-09       73
features.13                       41    -0.595257 7.157139e-08 4.058160e-09      201
features.17                      177    -0.595256 4.605963e-07 7.409907e-10      489
features.12                      259    -0.595166 7.721626e-08 4.649727e-09      201
features.4                        11    -0.594423 3.095005e-07 9.332242e-08       65
features.17                      469    -0.594231 4.598028e-07 1.352534e-09      489
features.12                       50    -0.593778 7.703617e-08 2.823453e-08      201
features.9                       313    -0.593667 1.039792e-07 6.271959e-09      137
features.16                      899    -0.593504 3.888239e-07 1.673206e-09      329
features.17                      543    -0.592432 4.584108e-07 3.731676e-09      489
features.14                       58    -0.592236 6.670247e-07 4.538734e-08      265
features.13                      141    -0.591570 7.112809e-08 2.574942e-08      201
features.3                         0    -0.591248 3.751002e-08 2.505923e-07       57
features.9                       326    -0.590845 1.034850e-07 2.301323e-08      137
features.16                       47    -0.590338 3.867496e-07 1.630545e-09      329
features.17                      911    -0.590106 4.566110e-07 3.533968e-10      489
features.14                      235    -0.589935 6.644339e-07 2.054361e-08      265
features.10                       44    -0.589499 6.330451e-08 3.208269e-10      137
features.17                      101    -0.589336 4.560159e-07 1.493342e-09      489
features.16                      237    -0.589205 3.860072e-07 9.083701e-09      329
features.10                       86    -0.589188 6.327115e-08 6.687261e-09      137
features.14                      158    -0.588955 6.633296e-07 8.830957e-09      265
features.11                       38    -0.588922 1.720110e-07 1.165075e-07      169
features.17                      448    -0.588734 4.555498e-07 1.953198e-09      489
features.11                       75    -0.588392 1.718562e-07 1.301953e-07      169
features.10                       27    -0.588287 6.317444e-08 1.315433e-08      137
features.14                      376    -0.588273 6.625618e-07 2.809731e-08      265
features.16                      759    -0.588223 3.853641e-07 5.769021e-09      329
features.16                      942    -0.587933 3.851740e-07 1.688580e-09      329
features.12                      161    -0.587922 7.627639e-08 4.231950e-09      201
features.7                       154    -0.587389 5.437394e-07 4.798408e-08      105
features.11                       77    -0.587335 1.715472e-07 4.875099e-08      169
features.17                      528    -0.587280 4.544245e-07 1.734132e-09      489
features.15                      714    -0.586738 4.499522e-07 1.001038e-09      329
features.12                      492    -0.586563 7.610009e-08 6.158583e-10      201
features.12                      336    -0.586528 7.609563e-08 1.890155e-08      201
features.11                       34    -0.586455 1.712903e-07 4.790488e-08      169
features.17                      829    -0.586318 4.536805e-07 2.436462e-09      489
features.17                      789    -0.585826 4.532996e-07 8.611076e-10      489
features.7                        96    -0.585546 5.420331e-07 5.962843e-08      105
features.16                      254    -0.585375 3.834986e-07 3.003340e-09      329
features.2                        18    -0.585136 1.390521e-07 8.185543e-08       49
features.15                      940    -0.583794 4.476943e-07 2.426836e-09      329
features.13                      563    -0.583557 7.016469e-08 5.128395e-09      201
features.14                      503    -0.583505 6.571919e-07 3.813108e-08      265
features.7                       178    -0.583457 5.400988e-07 6.651014e-08      105
features.11                        2    -0.583285 1.703643e-07 3.003611e-08      169
features.17                      350    -0.583258 4.513122e-07 9.568756e-10      489
