================================================================================
Channel Pruning Log
  iteration  : 9
  alpha      : 0.9000
  timestamp  : 2026-06-21 19:32:14
  remove_target  : 76519
  accum_removed  : 76780
  selected_channels : 244
  gamma             : 0.0050
  remove_target_met : yes
  total_params   : 2289600
  active_after   : 1198716
  model_sparsity : 47.6%
================================================================================

[ 레이어별 채널 제거 비율 ]
  layer                total_ch  this_iter    cumul  cumul_%
  ----------------------------------------------------------
  features.1                 32          0        9    28.1%
  features.2                 96          3       45    46.9%
  features.3                144          0       10     6.9%
  features.4                144          0        0     0.0%
  features.5                192          0       19     9.9%
  features.6                192          0       56    29.2%
  features.7                192          2        5     2.6%
  features.8                384          0       90    23.4%
  features.9                384          5      134    34.9%
  features.10               384          5      151    39.3%
  features.11               384          1      163    42.4%
  features.12               576          0      175    30.4%
  features.13               576          1      222    38.5%
  features.14               576          0      184    31.9%
  features.15               960        164      629    65.5%
  features.16               960         63      645    67.2%
  features.17               960          0      931    97.0%

[ 레이어별 보호 영역 (γ=0.01) ]
  layer                  active  protected  protect_%
  --------------------------------------------------
  features.1                 23          1       4.3%
  features.2                 54          1       1.9%
  features.3                134          1       0.7%
  features.4                144          1       0.7%
  features.5                173          1       0.6%
  features.6                136          1       0.7%
  features.7                189          1       0.5%
  features.8                294          2       0.7%
  features.9                255          2       0.8%
  features.10               238          2       0.8%
  features.11               222          2       0.9%
  features.12               401          3       0.7%
  features.13               355          2       0.6%
  features.14               392          2       0.5%
  features.15               495          3       0.6%
  features.16               378          2       0.5%
  features.17                29          1       3.4%

[ 블록별 제거 채널 수 ]
  features.10: 5채널 제거
  features.11: 1채널 제거
  features.13: 1채널 제거
  features.15: 164채널 제거
  features.16: 63채널 제거
  features.2: 3채널 제거
  features.7: 2채널 제거
  features.9: 5채널 제거

[ 선택된 채널 상세 ]
block                             ch        score          phi         perf  weights
--------------------------------------------------------------------------------
features.15                      169    -0.056445 4.720479e-07 8.109429e-08      329
features.15                      245    -0.048242 5.385124e-07 1.344744e-07      329
features.15                      807    -0.046735 4.424930e-07 9.206484e-08      329
features.15                      705    -0.046230 2.508450e-07 9.110210e-10      329
features.15                      665    -0.046041 2.550770e-07 3.444464e-09      329
features.15                      896    -0.045957 4.306350e-07 8.836496e-08      329
features.15                      549    -0.039534 2.859897e-07 3.526585e-08      329
features.15                      447    -0.039275 2.870540e-07 3.645135e-08      329
features.15                      881    -0.038255 2.794837e-07 3.544906e-08      329
features.15                      523    -0.037336 3.748483e-07 8.384647e-08      329
features.15                       24    -0.035890 2.396768e-07 2.238878e-08      329
features.15                      126    -0.034102 2.360328e-07 2.527717e-08      329
features.15                      168    -0.033785 1.854028e-07 1.671051e-09      329
features.15                      374    -0.033577 3.053848e-07 6.009927e-08      329
features.15                      425    -0.032860 1.938484e-07 8.150725e-09      329
features.15                      328    -0.031000 2.460912e-07 3.818742e-08      329
features.15                      508    -0.030408 2.803218e-07 5.624176e-08      329
features.15                      337    -0.029738 4.050065e-07 1.181382e-07      329
features.15                      717    -0.029472 1.895873e-07 1.489675e-08      329
features.15                      692    -0.029471 1.905272e-07 1.535334e-08      329
features.16                      755    -0.029377 4.210926e-07 1.041622e-08      329
features.15                      279    -0.029307 1.948070e-07 1.784433e-08      329
features.15                      914    -0.028951 2.523938e-07 4.655345e-08      329
features.15                      195    -0.028524 2.267340e-07 3.528204e-08      329
features.16                      843    -0.028405 1.280758e-06 7.775436e-07      329
features.15                      587    -0.028037 1.707071e-07 9.517219e-09      329
features.15                      446    -0.028033 1.564310e-07 2.638984e-09      329
features.15                      937    -0.028024 1.879667e-07 1.787730e-08      329
features.15                      888    -0.027981 1.639753e-07 6.412725e-09      329
features.15                      310    -0.027722 2.054644e-07 2.710509e-08      329
features.16                      728    -0.027379 4.218533e-07 3.553549e-08      329
features.15                      599    -0.027336 1.783009e-07 1.500065e-08      329
features.15                      361    -0.027272 1.777025e-07 1.487856e-08      329
features.15                      108    -0.027170 1.679234e-07 1.042594e-08      329
features.16                      134    -0.026725 4.531092e-07 7.099745e-08      329
features.15                      342    -0.026371 1.972314e-07 2.664268e-08      329
features.15                      100    -0.026293 2.409932e-07 4.795833e-08      329
features.15                       14    -0.026234 1.622006e-07 1.009536e-08      329
features.15                      280    -0.026035 1.843065e-07 2.127862e-08      329
features.15                       69    -0.025678 1.443798e-07 2.943373e-09      329
features.16                      666    -0.025089 4.124754e-07 5.532858e-08      329
features.16                      925    -0.025074 4.793616e-07 1.142628e-07      329
features.15                      232    -0.024907 1.707320e-07 1.766143e-08      329
features.16                      489    -0.024805 3.479449e-07 2.104746e-09      329
features.15                      132    -0.024497 1.565354e-07 1.187747e-08      329
features.15                      211    -0.024493 3.250381e-07 9.318477e-08      329
features.15                      600    -0.024191 1.601674e-07 1.442235e-08      329
features.15                      918    -0.023908 2.755785e-07 7.084055e-08      329
features.15                      569    -0.023604 1.439457e-07 8.122026e-09      329
features.15                      667    -0.023600 1.796486e-07 2.535759e-08      329
features.16                      343    -0.023502 3.379570e-07 9.279330e-09      329
features.15                      347    -0.023397 2.319712e-07 5.112901e-08      329
features.16                      559    -0.023271 5.672849e-07 2.135749e-07      329
features.15                      568    -0.023250 1.433011e-07 8.730149e-09      329
features.15                      566    -0.023070 1.423662e-07 8.748503e-09      329
features.15                      850    -0.022785 1.302008e-07 3.617901e-09      329
features.15                      325    -0.022754 1.405377e-07 8.687545e-09      329
features.15                       52    -0.022536 1.364019e-07 7.258259e-09      329
features.15                      656    -0.022397 1.321845e-07 5.583374e-09      329
features.15                      496    -0.022248 1.226055e-07 1.349686e-09      329
features.15                      938    -0.022240 1.655989e-07 2.211306e-08      329
features.15                      400    -0.022098 1.461551e-07 1.310078e-08      329
features.15                      835    -0.022049 1.310311e-07 5.932431e-09      329
features.15                      341    -0.022044 1.405628e-07 1.054439e-08      329
features.15                      750    -0.022018 1.751525e-07 2.729820e-08      329
features.15                      257    -0.022009 1.346498e-07 7.781929e-09      329
features.15                      177    -0.021861 1.458364e-07 1.356279e-08      329
features.15                      879    -0.021803 1.330471e-07 7.543449e-09      329
features.15                      322    -0.021595 1.209591e-07 2.251548e-09      329
features.15                      689    -0.021549 1.234004e-07 3.548059e-09      329
features.16                      668    -0.021455 3.134431e-07 1.279607e-08      329
features.15                      175    -0.021410 1.185887e-07 1.588598e-09      329
features.15                      756    -0.021407 1.773687e-07 2.995714e-08      329
features.15                      432    -0.021369 1.532760e-07 1.843036e-08      329
features.15                      703    -0.021322 1.199889e-07 2.492158e-09      329
features.15                      128    -0.021318 1.209233e-07 2.953614e-09      329
features.16                       62    -0.021258 3.596163e-07 5.577532e-08      329
features.16                      240    -0.021196 3.123310e-07 1.499229e-08      329
features.15                       58    -0.021063 1.569823e-07 2.101452e-08      329
features.13                      438    -0.020984 5.009243e-08 6.996625e-10      201
features.15                      639    -0.020920 1.550150e-07 2.043694e-08      329
features.16                      393    -0.020851 3.042692e-07 1.213085e-08      329
features.15                      674    -0.020754 1.324054e-07 9.959178e-09      329
features.15                       62    -0.020747 2.397517e-07 6.176943e-08      329
features.16                      330    -0.020730 3.027442e-07 1.226744e-08      329
features.16                      612    -0.020725 3.871309e-07 8.646601e-08      329
features.16                      246    -0.020556 2.990707e-07 1.116981e-08      329
features.9                       224    -0.020327 2.128498e-07 1.994757e-08      137
features.11                       17    -0.020210 4.882340e-07 1.728420e-07      169
features.15                      369    -0.020184 1.220807e-07 6.458098e-09      329
features.15                      922    -0.020178 1.306384e-07 1.060321e-08      329
features.15                       57    -0.020108 1.378506e-07 1.426362e-08      329
features.15                      405    -0.020102 1.265160e-07 8.811456e-09      329
features.16                       40    -0.019971 2.859595e-07 6.816073e-09      329
features.15                      735    -0.019969 1.563271e-07 2.353902e-08      329
features.15                      925    -0.019915 1.363190e-07 1.402738e-08      329
features.16                      596    -0.019849 3.059411e-07 2.585605e-08      329
features.16                      513    -0.019801 3.600366e-07 7.397088e-08      329
features.15                       31    -0.019743 1.440146e-07 1.818592e-08      329
features.15                      314    -0.019735 1.347772e-07 1.375127e-08      329
features.15                      565    -0.019708 1.254199e-07 9.306198e-09      329
features.15                      457    -0.019632 1.369282e-07 1.505610e-08      329
features.15                      917    -0.019430 1.559995e-07 2.478383e-08      329
features.15                       78    -0.019393 1.234931e-07 9.196633e-09      329
features.15                      197    -0.019355 1.066101e-07 1.147396e-09      329
features.16                       18    -0.019338 3.132874e-07 3.857054e-08      329
features.16                      438    -0.019288 2.829706e-07 1.254744e-08      329
features.15                      579    -0.018952 1.635677e-07 2.967466e-08      329
features.15                      454    -0.018866 1.516284e-07 2.414002e-08      329
features.15                       15    -0.018783 1.289542e-07 1.341567e-08      329
features.15                      782    -0.018730 1.315438e-07 1.480295e-08      329
features.15                      959    -0.018696 1.271986e-07 1.279395e-08      329
features.15                       39    -0.018608 1.053765e-07 2.493313e-09      329
features.15                      234    -0.018484 1.025391e-07 1.447191e-09      329
features.15                      266    -0.018436 1.046099e-07 2.570751e-09      329
features.15                      187    -0.018416 2.074437e-07 5.223830e-08      329
features.15                      906    -0.018411 1.319628e-07 1.583332e-08      329
features.16                      753    -0.018345 2.612639e-07 5.020289e-09      329
features.16                      238    -0.018253 2.814773e-07 2.390438e-08      329
features.15                      586    -0.018229 9.955141e-08 6.675602e-10      329
features.15                      872    -0.018227 1.084771e-07 4.980898e-09      329
features.16                       79    -0.018138 2.560482e-07 2.967589e-09      329
features.15                      201    -0.018094 1.169522e-07 9.414212e-09      329
features.16                      129    -0.018008 5.319415e-07 2.469341e-07      329
features.15                      151    -0.017993 1.215791e-07 1.190923e-08      329
features.15                      504    -0.017961 1.253611e-07 1.381726e-08      329
features.15                      774    -0.017806 2.429296e-07 7.094266e-08      329
features.16                      503    -0.017741 2.690496e-07 1.924573e-08      329
features.15                      243    -0.017696 1.538139e-07 2.823248e-08      329
features.15                      184    -0.017646 1.073010e-07 5.922712e-09      329
features.15                      709    -0.017636 9.818977e-08 1.553625e-09      329
features.15                      382    -0.017616 2.139611e-07 5.746130e-08      329
features.16                      662    -0.017468 3.344280e-07 8.002466e-08      329
features.15                      509    -0.017378 2.229088e-07 6.239447e-08      329
features.15                      233    -0.017206 1.069975e-07 6.919676e-09      329
features.7                       172    -0.017200 5.144402e-07 3.314394e-09      105
features.9                        54    -0.017094 2.574466e-07 2.671814e-08      137
features.16                       56    -0.017027 3.756870e-07 1.216738e-07      329
features.15                      764    -0.017010 1.121038e-07 9.892627e-09      329
features.16                      547    -0.016885 2.535449e-07 1.610195e-08      329
features.16                      657    -0.016836 2.499858e-07 1.357524e-08      329
features.16                      200    -0.016746 2.466069e-07 1.171324e-08      329
features.16                      329    -0.016669 2.505967e-07 1.615149e-08      329
features.15                      646    -0.016640 1.995591e-07 5.304749e-08      329
features.16                      923    -0.016398 2.506635e-07 1.953363e-08      329
features.15                      390    -0.016337 9.180386e-08 1.846399e-09      329
features.16                      761    -0.016270 2.315058e-07 4.272544e-09      329
features.16                      389    -0.016267 2.803623e-07 4.722742e-08      329
features.15                      348    -0.016230 1.249194e-07 1.810153e-08      329
features.15                      684    -0.016116 1.476443e-07 2.936069e-08      329
features.16                      327    -0.016099 2.382176e-07 1.225106e-08      329
features.15                      247    -0.016090 1.986052e-07 5.401643e-08      329
features.15                      498    -0.016087 1.153863e-07 1.387414e-08      329
features.15                       41    -0.016077 1.001868e-07 6.567294e-09      329
features.16                      217    -0.016058 2.416219e-07 1.574764e-08      329
features.16                      422    -0.016053 2.622417e-07 3.392359e-08      329
features.15                      828    -0.016049 1.138082e-07 1.321038e-08      329
features.15                      391    -0.016028 1.152352e-07 1.395471e-08      329
features.2                        31    -0.015900 2.096667e-07 8.311937e-07       49
features.15                      527    -0.015829 8.620925e-08 4.657680e-10      329
features.15                      398    -0.015813 1.192701e-07 1.645983e-08      329
features.15                       79    -0.015811 9.294925e-08 3.765732e-09      329
features.15                      814    -0.015772 9.962458e-08 7.087825e-09      329
features.16                      131    -0.015757 2.454110e-07 2.276577e-08      329
features.16                      663    -0.015745 2.393112e-07 1.754552e-08      329
features.15                      239    -0.015649 8.943609e-08 2.490790e-09      329
features.15                      174    -0.015556 1.673966e-07 4.034671e-08      329
features.15                      240    -0.015521 1.263135e-07 2.061639e-08      329
features.15                       99    -0.015474 1.107976e-07 1.325165e-08      329
features.16                      625    -0.015416 2.450662e-07 2.662863e-08      329
features.15                      792    -0.015287 8.689746e-08 2.206902e-09      329
features.15                      661    -0.015242 1.130516e-07 1.494150e-08      329
features.16                      357    -0.015234 2.835500e-07 6.267281e-08      329
features.15                      752    -0.015228 8.620901e-08 2.027316e-09      329
features.15                      227    -0.015136 1.036287e-07 1.067094e-08      329
features.16                      598    -0.015085 2.210426e-07 9.579404e-09      329
features.15                      539    -0.015074 1.117534e-07 1.475221e-08      329
features.15                      162    -0.015040 1.874568e-07 5.136451e-08      329
features.15                      106    -0.015025 1.032514e-07 1.077944e-08      329
features.15                      597    -0.014991 8.210169e-08 6.623602e-10      329
features.16                      931    -0.014961 2.152932e-07 6.042621e-09      329
features.15                      713    -0.014934 1.033842e-07 1.107773e-08      329
features.15                      152    -0.014913 8.058622e-08 1.330561e-10      329
features.15                      439    -0.014879 1.163430e-07 1.747435e-08      329
features.15                      846    -0.014835 8.801721e-08 3.920615e-09      329
features.15                       75    -0.014787 1.328889e-07 2.569525e-08      329
features.10                      298    -0.014754 1.001532e-07 8.367458e-09      137
features.2                        20    -0.014737 5.888169e-07 4.542473e-06       49
features.16                      867    -0.014695 2.179761e-07 1.165292e-08      329
features.2                        63    -0.014692 1.864154e-07 6.980446e-07       49
features.16                      473    -0.014682 2.505132e-07 4.039736e-08      329
features.16                      879    -0.014670 3.353330e-07 1.150648e-07      329
features.15                      554    -0.014665 9.779676e-08 9.081664e-09      329
features.15                      495    -0.014619 8.570665e-08 3.367593e-09      329
features.10                      264    -0.014579 7.571974e-08 5.351753e-09      137
features.15                      867    -0.014578 7.939357e-08 4.277607e-10      329
features.16                      169    -0.014559 2.052283e-07 2.118463e-09      329
features.16                      483    -0.014549 2.463976e-07 3.840803e-08      329
features.16                      279    -0.014549 2.214761e-07 1.652263e-08      329
features.15                       55    -0.014515 9.345648e-08 7.378089e-09      329
features.16                      875    -0.014495 2.447971e-07 3.767174e-08      329
features.10                      224    -0.014463 7.105953e-08 4.799955e-09      137
features.15                      236    -0.014450 8.319022e-08 2.593412e-09      329
features.15                       21    -0.014247 1.258697e-07 2.371332e-08      329
features.15                      885    -0.014194 9.781622e-08 1.031488e-08      329
features.15                      827    -0.014174 9.511523e-08 9.063311e-09      329
features.9                       294    -0.014123 9.394937e-08 7.023326e-09      137
features.16                      819    -0.014100 2.020414e-07 4.940224e-09      329
features.16                       74    -0.014080 2.144114e-07 1.605079e-08      329
features.16                      757    -0.014072 2.146881e-07 1.639171e-08      329
features.15                      677    -0.014065 1.278693e-07 2.514988e-08      329
features.15                      619    -0.014038 1.738524e-07 4.740443e-08      329
features.16                       45    -0.013945 2.178849e-07 2.075452e-08      329
features.15                      934    -0.013839 8.830169e-08 6.645662e-09      329
features.16                      694    -0.013769 2.054895e-07 1.202139e-08      329
features.15                      215    -0.013687 7.624151e-08 1.222020e-09      329
features.15                      462    -0.013677 7.725848e-08 1.740315e-09      329
features.15                      124    -0.013641 1.660827e-07 4.468723e-08      329
features.15                      809    -0.013568 2.054400e-07 6.386514e-08      329
features.15                      518    -0.013564 1.575062e-07 4.075006e-08      329
features.15                      613    -0.013454 7.575914e-08 1.597071e-09      329
features.16                      467    -0.013431 2.303123e-07 3.796583e-08      329
features.16                       87    -0.013321 1.910035e-07 4.776735e-09      329
features.9                       253    -0.013294 1.047197e-07 8.675061e-09      137
features.15                      638    -0.013210 1.219646e-07 2.452256e-08      329
features.16                       13    -0.013201 2.736309e-07 7.883121e-08      329
features.15                      753    -0.013159 7.239936e-08 7.423194e-10      329
features.16                      563    -0.013146 1.901894e-07 6.198745e-09      329
features.15                      795    -0.013130 1.372642e-07 3.211269e-08      329
features.15                      641    -0.013127 1.168647e-07 2.227695e-08      329
features.16                      125    -0.013097 2.122670e-07 2.619709e-08      329
features.10                      114    -0.013083 5.635729e-08 3.347957e-09      137
features.15                      430    -0.013061 1.025019e-07 1.552058e-08      329
features.15                       92    -0.013007 9.178281e-08 1.048905e-08      329
features.16                      685    -0.013003 2.319404e-07 4.462973e-08      329
features.15                      134    -0.012979 1.019424e-07 1.546124e-08      329
features.15                      278    -0.012943 7.906893e-08 4.520893e-09      329
features.15                      357    -0.012918 9.116921e-08 1.042400e-08      329
features.10                      285    -0.012856 3.989084e-08 1.346488e-09      137
features.9                       325    -0.012840 7.595285e-08 5.186350e-09      137
features.15                      608    -0.012830 1.284541e-07 2.864166e-08      329
features.15                      442    -0.012824 7.607268e-08 3.383506e-09      329
features.7                        50    -0.012823 8.809303e-07 1.212931e-08      105
features.16                      765    -0.012763 1.850423e-07 6.370812e-09      329
