================================================================================
Channel Pruning Log
  iteration  : 3
  alpha      : 0.7000
  timestamp  : 2026-07-06 18:26:50
  remove_target  : 144084
  accum_removed  : 144341
  selected_channels : 445
  gamma             : 0.0050
  remove_target_met : yes
  total_params   : 2289600
  active_after   : 1806801
  model_sparsity : 21.1%
================================================================================

[ 레이어별 채널 제거 비율 ]
  layer                total_ch  this_iter    cumul  cumul_%
  ----------------------------------------------------------
  features.1                 32          1        9    28.1%
  features.2                 96          8       43    44.8%
  features.3                144          0        5     3.5%
  features.4                144          0        0     0.0%
  features.5                192          0        4     2.1%
  features.6                192          4       32    16.7%
  features.7                192          1        3     1.6%
  features.8                384          0       64    16.7%
  features.9                384         24       93    24.2%
  features.10               384         76      194    50.5%
  features.11               384          9       99    25.8%
  features.12               576          8      144    25.0%
  features.13               576         43      155    26.9%
  features.14               576         11       99    17.2%
  features.15               960         72      171    17.8%
  features.16               960          3      184    19.2%
  features.17               960        185      428    44.6%

[ 레이어별 보호 영역 (γ=0.01) ]
  layer                  active  protected  protect_%
  --------------------------------------------------
  features.1                 24          1       4.2%
  features.2                 61          1       1.6%
  features.3                139          1       0.7%
  features.4                144          1       0.7%
  features.5                188          1       0.5%
  features.6                164          1       0.6%
  features.7                190          1       0.5%
  features.8                320          2       0.6%
  features.9                315          2       0.6%
  features.10               266          2       0.8%
  features.11               294          2       0.7%
  features.12               440          3       0.7%
  features.13               464          3       0.6%
  features.14               488          3       0.6%
  features.15               861          5       0.6%
  features.16               779          4       0.5%
  features.17               717          4       0.6%

[ 블록별 제거 채널 수 ]
  features.1: 1채널 제거
  features.10: 76채널 제거
  features.11: 9채널 제거
  features.12: 8채널 제거
  features.13: 43채널 제거
  features.14: 11채널 제거
  features.15: 72채널 제거
  features.16: 3채널 제거
  features.17: 185채널 제거
  features.2: 8채널 제거
  features.6: 4채널 제거
  features.7: 1채널 제거
  features.9: 24채널 제거

[ 선택된 채널 상세 ]
block                             ch        score          phi         perf  weights
--------------------------------------------------------------------------------
features.10                       96    -0.279769 9.090042e-08 2.833224e-09      137
features.17                       85    -0.264496 8.795382e-07 3.416726e-09      489
features.17                      959    -0.247501 8.025305e-07 9.982989e-10      489
features.17                      220    -0.243042 7.906381e-07 1.255680e-09      489
features.17                      309    -0.240115 7.836633e-07 1.513699e-09      489
features.2                        73    -0.236562 2.807600e-07 4.211719e-07       49
features.2                        41    -0.232559 3.443263e-07 3.526502e-06       49
features.17                      413    -0.230756 7.478403e-07 8.884171e-10      489
features.17                      806    -0.226556 7.346119e-07 9.133598e-10      489
features.17                      137    -0.223906 7.229984e-07 5.785312e-10      489
features.17                      912    -0.219189 7.305918e-07 3.015300e-09      489
features.10                      215    -0.215691 7.468762e-08 5.629565e-09      137
features.17                      777    -0.212259 6.875964e-07 7.853823e-10      489
features.10                      253    -0.209955 7.987279e-08 1.084315e-08      137
features.10                      325    -0.206273 7.029630e-08 4.538660e-09      137
features.10                      298    -0.204313 7.315254e-08 7.131061e-09      137
features.2                        67    -0.201397 2.351497e-07 1.819972e-07       49
features.17                      913    -0.199879 6.492060e-07 9.232671e-10      489
features.17                      907    -0.198897 6.577097e-07 2.173401e-09      489
features.17                      708    -0.194836 6.536400e-07 3.133342e-09      489
features.10                       88    -0.193992 7.297059e-08 9.398403e-09      137
features.17                      842    -0.193331 6.317067e-07 1.297421e-09      489
features.10                      281    -0.192304 6.271542e-08 2.122060e-09      137
features.10                      101    -0.191746 7.350637e-08 1.032227e-08      137
features.17                      353    -0.191005 6.184698e-07 6.770906e-10      489
features.17                      794    -0.189922 6.518742e-07 4.633733e-09      489
features.17                      719    -0.188855 6.124897e-07 7.747139e-10      489
features.10                       58    -0.188302 6.378044e-08 3.850551e-09      137
features.10                      373    -0.186357 6.289703e-08 3.642824e-09      137
features.10                      273    -0.186162 9.341036e-08 2.650798e-08      137
features.17                       90    -0.185119 6.083920e-07 1.619622e-09      489
features.17                      405    -0.184732 6.147884e-07 2.439154e-09      489
features.17                      766    -0.184709 6.145242e-07 2.418787e-09      489
features.17                      639    -0.184629 6.052209e-07 1.447925e-09      489
features.17                      406    -0.183907 5.947202e-07 5.696893e-10      489
features.17                      603    -0.183794 5.964264e-07 7.916856e-10      489
features.17                      101    -0.182937 6.056639e-07 2.077252e-09      489
features.17                      476    -0.182890 6.082992e-07 2.376351e-09      489
features.10                       83    -0.182602 9.249592e-08 2.665315e-08      137
features.17                      634    -0.182576 5.925679e-07 7.965034e-10      489
features.17                      135    -0.180946 6.129764e-07 3.546668e-09      489
features.10                       22    -0.180861 5.811305e-08 1.344804e-09      137
features.17                      938    -0.180153 5.904233e-07 1.399366e-09      489
features.10                      230    -0.179868 6.094801e-08 3.696134e-09      137
features.17                      247    -0.178231 5.912225e-07 2.146317e-09      489
features.17                      444    -0.178005 5.754690e-07 5.336702e-10      489
features.10                       86    -0.177722 6.237646e-08 5.264113e-09      137
features.17                      686    -0.177209 5.761132e-07 8.765562e-10      489
features.10                       15    -0.176688 6.126111e-08 4.670825e-09      137
features.17                      754    -0.176653 5.747662e-07 9.232131e-10      489
features.10                      203    -0.175862 6.134058e-08 4.922694e-09      137
features.10                       69    -0.175842 6.170997e-08 5.203475e-09      137
features.17                      657    -0.175833 5.698774e-07 6.805085e-10      489
features.10                      189    -0.175385 5.719804e-08 1.935728e-09      137
features.17                      655    -0.175369 5.865351e-07 2.627467e-09      489
features.17                      793    -0.174882 5.896659e-07 3.130809e-09      489
features.10                      111    -0.174694 6.090578e-08 4.869325e-09      137
features.2                        54    -0.173933 2.599849e-07 2.749614e-06       49
features.10                      118    -0.173826 5.590565e-08 1.332164e-09      137
features.17                      498    -0.173014 5.786400e-07 2.590142e-09      489
features.10                      163    -0.172747 5.762337e-08 2.867909e-09      137
features.17                      846    -0.172411 5.762257e-07 2.538452e-09      489
features.2                         6    -0.171900 2.300202e-07 1.490741e-06       49
features.17                      832    -0.170712 5.547291e-07 8.161648e-10      489
features.10                      382    -0.169251 6.027049e-08 5.661764e-09      137
features.17                      584    -0.168999 5.458492e-07 4.524663e-10      489
features.17                      919    -0.168969 5.643344e-07 2.446053e-09      489
features.10                      276    -0.168812 5.564879e-08 2.307534e-09      137
features.10                      206    -0.168799 5.861450e-08 4.528476e-09      137
features.15                      110    -0.168733 4.937016e-07 7.043804e-10      329
features.17                      184    -0.168622 5.430636e-07 2.833094e-10      489
features.17                      798    -0.168098 5.435796e-07 5.186278e-10      489
features.15                      231    -0.166195 4.880056e-07 1.029464e-09      329
features.10                      378    -0.166130 6.065003e-08 6.672283e-09      137
features.17                      735    -0.165988 5.403385e-07 8.965702e-10      489
features.10                      356    -0.165964 6.404829e-08 9.252494e-09      137
features.10                       68    -0.165752 7.090036e-08 1.442618e-08      137
features.10                      224    -0.165714 5.759123e-08 4.481594e-09      137
features.13                      411    -0.164992 8.893664e-08 2.366514e-09      201
features.13                      153    -0.164448 8.628968e-08 7.192877e-10      201
features.17                      688    -0.164211 5.342646e-07 8.559751e-10      489
features.17                      711    -0.163746 5.402434e-07 1.657459e-09      489
features.9                       274    -0.163472 1.289537e-07 2.557547e-09      137
features.17                      132    -0.162744 5.299648e-07 8.989939e-10      489
features.13                      283    -0.161963 8.683418e-08 1.995882e-09      201
features.17                      342    -0.160772 5.211537e-07 6.319841e-10      489
features.17                      330    -0.160563 5.176711e-07 3.298869e-10      489
features.17                      238    -0.159684 5.343513e-07 2.422148e-09      489
features.15                      550    -0.159561 4.664116e-07 5.778995e-10      329
features.17                      671    -0.158547 5.127476e-07 4.951000e-10      489
features.15                      702    -0.158547 4.678197e-07 1.422978e-09      329
features.10                       26    -0.158140 5.263283e-08 2.537209e-09      137
features.17                      469    -0.157670 5.216506e-07 1.752007e-09      489
features.9                       217    -0.157561 1.171902e-07 6.363316e-10      137
features.17                      380    -0.157056 5.097399e-07 6.848673e-10      489
features.10                      204    -0.156995 5.222749e-08 2.500675e-09      137
features.10                       61    -0.156739 5.222196e-08 2.556086e-09      137
features.15                      747    -0.156589 4.597230e-07 9.552864e-10      329
features.13                      356    -0.156554 9.124712e-08 7.023442e-09      201
features.15                      897    -0.156351 4.588795e-07 9.256822e-10      329
features.17                      772    -0.155629 5.138165e-07 1.613068e-09      489
features.17                      391    -0.154996 5.035278e-07 7.268838e-10      489
features.15                      602    -0.154934 4.558817e-07 1.142511e-09      329
features.17                      650    -0.154877 5.080564e-07 1.253664e-09      489
features.17                      552    -0.154743 5.007386e-07 5.147156e-10      489
features.17                      394    -0.154448 5.178894e-07 2.456158e-09      489
features.17                      393    -0.154341 5.025603e-07 8.483714e-10      489
features.15                      120    -0.154255 4.528725e-07 9.408889e-10      329
features.10                      305    -0.154040 5.465229e-08 5.002221e-09      137
features.13                      184    -0.153945 8.174844e-08 1.349144e-09      201
features.15                       81    -0.153434 4.521663e-07 1.266577e-09      329
features.10                       98    -0.153331 5.349755e-08 4.303801e-09      137
features.17                      776    -0.152926 4.955257e-07 5.799881e-10      489
features.10                      146    -0.152756 5.110021e-08 2.644691e-09      137
features.10                      351    -0.152688 6.032574e-08 9.559969e-09      137
features.17                      170    -0.152425 4.996926e-07 1.199469e-09      489
features.15                      147    -0.152176 4.482584e-07 1.217809e-09      329
features.10                       63    -0.151985 5.290775e-08 4.175972e-09      137
features.17                      755    -0.151685 5.012738e-07 1.623716e-09      489
features.13                       41    -0.151637 8.364674e-08 3.504711e-09      201
features.17                      633    -0.151572 5.009406e-07 1.626811e-09      489
features.13                      240    -0.151431 8.589618e-08 5.146017e-09      201
features.15                      585    -0.150575 4.456447e-07 1.612592e-09      329
features.10                      245    -0.149746 5.138596e-08 3.559282e-09      137
features.13                      156    -0.149715 7.856482e-08 6.590946e-10      201
features.10                       34    -0.149649 5.965653e-08 9.767172e-09      137
features.17                      758    -0.149261 4.825709e-07 4.505456e-10      489
features.17                      804    -0.149193 4.857428e-07 8.139819e-10      489
features.17                      866    -0.149144 4.882603e-07 1.101143e-09      489
features.10                      320    -0.148902 5.111902e-08 3.556219e-09      137
features.13                       76    -0.148875 7.942186e-08 1.559469e-09      201
features.17                      387    -0.148748 4.903158e-07 1.457971e-09      489
features.13                      501    -0.148503 7.877966e-08 1.246293e-09      201
features.17                      461    -0.148047 4.767797e-07 2.463999e-10      489
features.17                      475    -0.148007 4.804853e-07 6.579862e-10      489
features.13                       88    -0.147330 7.866868e-08 1.592751e-09      201
features.15                       12    -0.147267 4.427237e-07 2.910526e-09      329
features.15                      643    -0.147241 4.348619e-07 1.399312e-09      329
features.10                      180    -0.146831 5.122255e-08 4.115911e-09      137
features.17                      243    -0.146795 4.815134e-07 1.185132e-09      489
features.17                      856    -0.146669 4.937712e-07 2.543358e-09      489
features.13                      498    -0.146588 7.640444e-08 2.833656e-10      201
features.17                      646    -0.146395 4.725347e-07 3.590854e-10      489
features.17                      279    -0.146328 4.826165e-07 1.463919e-09      489
features.17                      273    -0.145891 5.006551e-07 3.549527e-09      489
features.9                       227    -0.145728 1.095367e-07 8.841159e-10      137
features.9                       176    -0.145681 1.111348e-07 1.304625e-09      137
features.15                      521    -0.145673 4.336382e-07 2.045831e-09      329
features.1                         8    -0.145642 1.357657e-07 5.463872e-05       25
features.9                       381    -0.145486 1.245523e-07 4.796884e-09      137
features.17                      543    -0.145136 5.045293e-07 4.224973e-09      489
features.17                      717    -0.144647 5.076045e-07 4.723016e-09      489
features.17                      495    -0.144643 4.863090e-07 2.439395e-09      489
features.15                      878    -0.144537 4.273921e-07 1.473639e-09      329
features.13                      161    -0.144342 7.692871e-08 1.459585e-09      201
features.17                      411    -0.144273 4.726238e-07 1.098396e-09      489
features.17                      920    -0.144256 4.655754e-07 3.479371e-10      489
features.13                      176    -0.144219 7.576992e-08 6.968260e-10      201
features.15                      225    -0.143942 4.250254e-07 1.349895e-09      329
features.17                      838    -0.143888 4.669035e-07 6.171081e-10      489
features.17                      878    -0.143590 4.696712e-07 1.016581e-09      489
features.10                       20    -0.142925 5.420080e-08 7.252863e-09      137
features.10                      210    -0.142831 5.377676e-08 6.957573e-09      137
features.17                      341    -0.142769 4.724899e-07 1.601209e-09      489
features.17                      350    -0.142571 4.698857e-07 1.389847e-09      489
features.13                      400    -0.142384 7.587668e-08 1.434102e-09      201
features.17                      128    -0.141856 4.627558e-07 8.708017e-10      489
features.17                       11    -0.141789 4.653207e-07 1.169099e-09      489
features.10                      214    -0.141726 4.595626e-08 1.366145e-09      137
features.15                      489    -0.141458 4.744004e-07 1.233297e-08      329
features.17                       62    -0.141458 4.641655e-07 1.159000e-09      489
features.15                      388    -0.141365 4.187058e-07 1.576310e-09      329
features.9                       382    -0.141312 1.376844e-07 8.961698e-09      137
features.17                      780    -0.141293 4.592806e-07 6.914048e-10      489
features.17                      698    -0.141166 4.722466e-07 2.126322e-09      489
features.15                      669    -0.141156 4.604416e-07 9.794297e-09      329
features.17                       69    -0.141151 4.703555e-07 1.928471e-09      489
features.10                      340    -0.140942 4.643286e-08 1.905253e-09      137
features.17                      604    -0.140723 4.894762e-07 4.127413e-09      489
features.17                      175    -0.140711 4.841934e-07 3.564617e-09      489
features.17                      761    -0.140667 4.692007e-07 1.971162e-09      489
features.17                      664    -0.140644 4.560990e-07 5.732615e-10      489
features.17                      229    -0.140639 4.798496e-07 3.123247e-09      489
features.17                      246    -0.140482 4.573360e-07 7.617047e-10      489
features.10                       48    -0.140442 4.700370e-08 2.448479e-09      137
features.2                        84    -0.140281 1.646594e-07 1.663167e-07       49
features.17                      825    -0.140232 4.553272e-07 6.320920e-10      489
features.17                      448    -0.140070 4.729671e-07 2.580668e-09      489
features.10                       45    -0.139694 4.547638e-08 1.480598e-09      137
features.2                        60    -0.139307 1.776856e-07 8.107291e-07       49
features.17                      753    -0.139211 4.531402e-07 7.485474e-10      489
features.17                      363    -0.138957 4.667729e-07 2.298678e-09      489
features.17                      201    -0.138849 4.502342e-07 5.613389e-10      489
features.9                       239    -0.138602 1.296339e-07 7.396421e-09      137
features.17                      272    -0.138484 4.472394e-07 3.655455e-10      489
features.17                      161    -0.138398 4.502149e-07 7.143005e-10      489
features.10                       97    -0.138121 4.625877e-08 2.431924e-09      137
features.17                      149    -0.137891 4.557382e-07 1.481098e-09      489
features.15                      202    -0.137890 4.031063e-07 5.071034e-10      329
features.13                      165    -0.137833 7.367517e-08 1.544056e-09      201
features.15                      532    -0.137797 4.052207e-07 9.701553e-10      329
features.9                       163    -0.137216 1.299001e-07 7.725016e-09      137
features.17                      533    -0.137214 4.517194e-07 1.282755e-09      489
features.17                      743    -0.137022 4.436877e-07 4.870819e-10      489
features.15                      288    -0.137009 4.021274e-07 8.140442e-10      329
features.10                      213    -0.136889 4.813414e-08 4.121259e-09      137
features.9                       204    -0.136826 1.616173e-07 1.596684e-08      137
features.15                       51    -0.136793 4.069775e-07 1.876955e-09      329
features.15                      923    -0.136658 4.037733e-07 1.331340e-09      329
features.17                      788    -0.136620 4.462731e-07 9.028863e-10      489
features.17                       37    -0.136560 4.594669e-07 2.339212e-09      489
features.13                      316    -0.136502 7.180437e-08 7.215739e-10      201
features.17                      731    -0.136304 4.402297e-07 3.631716e-10      489
features.17                      478    -0.136271 4.426285e-07 6.316480e-10      489
features.10                        1    -0.136233 4.828840e-08 4.389597e-09      137
features.9                       222    -0.136217 1.217446e-07 5.811886e-09      137
features.15                      222    -0.135944 3.974784e-07 5.122399e-10      329
features.17                      508    -0.135557 4.426323e-07 8.776848e-10      489
features.9                       354    -0.135475 1.209006e-07 5.733554e-09      137
features.15                      410    -0.135474 4.029068e-07 1.830651e-09      329
features.15                      797    -0.135419 4.174289e-07 4.679819e-09      329
features.17                       38    -0.135265 4.398033e-07 6.746314e-10      489
features.9                       171    -0.135021 1.079196e-07 2.475393e-09      137
features.13                      546    -0.135001 7.444317e-08 3.101479e-09      201
features.9                       346    -0.134963 1.066389e-07 2.156551e-09      137
features.15                      815    -0.134696 3.934181e-07 4.272737e-10      329
features.17                      910    -0.134440 4.423601e-07 1.232551e-09      489
features.10                      187    -0.134213 4.799169e-08 4.637882e-09      137
features.17                      443    -0.134086 4.719149e-07 4.525520e-09      489
features.9                       330    -0.133954 1.185697e-07 5.418538e-09      137
features.17                      248    -0.133915 4.465795e-07 1.865680e-09      489
features.17                      785    -0.133855 4.366102e-07 8.168636e-10      489
features.10                       92    -0.133763 4.572662e-08 3.048835e-09      137
features.17                      800    -0.133615 4.322477e-07 4.312306e-10      489
features.10                      208    -0.133604 4.544737e-08 2.877052e-09      137
features.10                      238    -0.133343 4.283149e-08 9.813955e-10      137
features.15                       91    -0.133315 3.922991e-07 9.886273e-10      329
features.13                      266    -0.133231 8.895766e-08 1.385118e-08      201
features.15                      758    -0.133208 3.890648e-07 4.212784e-10      329
features.15                      606    -0.133038 3.930326e-07 1.287225e-09      329
features.17                       12    -0.133000 4.317646e-07 5.910580e-10      489
features.17                      740    -0.132970 4.288999e-07 2.937488e-10      489
features.10                       78    -0.132842 4.583996e-08 3.347982e-09      137
features.17                      888    -0.132757 4.439937e-07 1.986496e-09      489
features.11                      108    -0.132708 2.587021e-07 9.199623e-08      169
features.17                      669    -0.132688 4.313402e-07 6.525542e-10      489
features.17                      767    -0.132628 4.345723e-07 1.019975e-09      489
features.17                      927    -0.132423 4.398383e-07 1.655714e-09      489
features.9                       278    -0.132403 1.535281e-07 1.471299e-08      137
features.17                       99    -0.132319 4.313732e-07 7.831346e-10      489
features.17                      580    -0.132123 4.424015e-07 2.033897e-09      489
features.13                      575    -0.132118 7.146762e-08 2.070297e-09      201
features.13                      396    -0.131661 7.306357e-08 3.346820e-09      201
features.13                      298    -0.131633 7.097345e-08 1.901167e-09      201
features.15                      464    -0.131535 4.207646e-07 7.516608e-09      329
features.15                      838    -0.131331 3.857409e-07 8.340847e-10      329
features.10                       27    -0.131281 5.462418e-08 1.028092e-08      137
features.15                      706    -0.131125 3.861620e-07 1.032417e-09      329
features.13                      177    -0.131069 7.074659e-08 1.946597e-09      201
features.17                       32    -0.131028 4.404125e-07 2.196970e-09      489
features.14                      399    -0.130929 8.121698e-07 5.095018e-09      265
features.11                      138    -0.130861 2.288386e-07 4.498935e-08      169
features.13                      423    -0.130356 6.856755e-08 6.863092e-10      201
features.11                       14    -0.130109 2.049464e-07 5.420163e-09      169
features.15                       84    -0.130070 3.812874e-07 6.808385e-10      329
features.17                      884    -0.129784 4.221399e-07 6.640139e-10      489
features.17                      347    -0.129703 4.213770e-07 6.099507e-10      489
features.10                      169    -0.129675 5.133988e-08 8.198677e-09      137
features.17                      114    -0.129656 4.471256e-07 3.388958e-09      489
features.17                      937    -0.129512 4.167487e-07 1.791334e-10      489
features.10                       51    -0.129288 4.686233e-08 4.940166e-09      137
features.14                      564    -0.129193 9.281037e-07 8.611604e-09      265
features.10                      141    -0.128870 4.410898e-08 2.978419e-09      137
features.17                      472    -0.128779 4.276644e-07 1.602385e-09      489
features.13                      286    -0.128710 7.247642e-08 4.003558e-09      201
features.17                      757    -0.128500 4.270164e-07 1.628961e-09      489
features.17                      826    -0.128481 4.305932e-07 2.019176e-09      489
features.15                      315    -0.128479 3.784692e-07 1.030439e-09      329
features.17                      587    -0.128459 4.478781e-07 3.881524e-09      489
features.17                      602    -0.128276 4.400121e-07 3.100307e-09      489
features.15                      290    -0.128248 3.746658e-07 4.225538e-10      329
features.15                      262    -0.128136 3.736961e-07 2.978680e-10      329
features.17                      308    -0.128123 4.765756e-07 7.076167e-09      489
features.17                      813    -0.128012 4.169785e-07 7.196707e-10      489
features.15                      714    -0.127923 3.754213e-07 7.525418e-10      329
features.17                      150    -0.127895 4.417598e-07 3.418911e-09      489
features.17                      944    -0.127866 4.194322e-07 1.033324e-09      489
features.17                      935    -0.127698 4.250814e-07 1.697010e-09      489
features.10                      119    -0.127670 4.214197e-08 1.786776e-09      137
features.15                      940    -0.127619 3.831761e-07 2.428750e-09      329
features.12                      109    -0.127572 8.246504e-08 7.930684e-10      201
features.14                      275    -0.127542 6.520910e-07 1.029349e-09      265
features.17                      382    -0.127354 4.158634e-07 8.261961e-10      489
features.13                      449    -0.127296 6.750082e-08 1.048240e-09      201
features.9                        97    -0.127136 1.915892e-07 2.550338e-08      137
features.10                       95    -0.126762 4.109369e-08 1.214196e-09      137
features.10                      308    -0.126646 4.374057e-08 3.220825e-09      137
features.15                      155    -0.126568 3.696890e-07 4.037883e-10      329
features.17                      110    -0.126563 4.211095e-07 1.661139e-09      489
features.13                      106    -0.126546 7.130977e-08 3.972498e-09      201
features.10                      313    -0.126536 4.587957e-08 4.846112e-09      137
features.17                      661    -0.126515 4.316153e-07 2.804818e-09      489
features.17                      674    -0.126293 4.331735e-07 3.048517e-09      489
features.17                      140    -0.126225 4.094744e-07 5.289004e-10      489
features.13                       59    -0.126185 6.758957e-08 1.511437e-09      201
features.17                        8    -0.126051 4.154774e-07 1.232900e-09      489
features.17                      880    -0.126039 4.219262e-07 1.928951e-09      489
features.10                       75    -0.125810 5.120645e-08 8.998822e-09      137
features.15                      104    -0.125786 3.839739e-07 3.617037e-09      329
features.15                      127    -0.125749 3.698821e-07 9.030095e-10      329
features.13                       68    -0.125732 6.975049e-08 3.180161e-09      201
features.17                      385    -0.125293 4.464308e-07 4.814884e-09      489
features.9                       215    -0.125281 9.246120e-08 3.206250e-10      137
features.13                      444    -0.125268 1.071262e-07 2.938249e-08      201
features.6                        61    -0.124897 5.420461e-08 1.153689e-07       73
features.13                      202    -0.124853 6.640178e-08 1.164874e-09      201
features.15                      860    -0.124823 3.653548e-07 5.464457e-10      329
features.17                      582    -0.124780 4.020246e-07 2.265717e-10      489
features.17                      742    -0.124729 4.057154e-07 6.400057e-10      489
features.15                      852    -0.124592 3.677831e-07 1.147724e-09      329
features.17                      722    -0.124565 4.050796e-07 6.283126e-10      489
features.17                      922    -0.124230 4.078065e-07 1.035941e-09      489
features.15                      251    -0.123979 3.705588e-07 2.031868e-09      329
features.17                      900    -0.123794 4.182205e-07 2.303272e-09      489
features.15                      577    -0.123778 3.629123e-07 6.611241e-10      329
features.17                      222    -0.123627 4.050496e-07 9.476924e-10      489
features.15                      559    -0.123606 3.683843e-07 1.820210e-09      329
features.17                      726    -0.123518 4.186930e-07 2.448854e-09      489
features.13                       34    -0.123476 6.590540e-08 1.316573e-09      201
features.10                       84    -0.123471 4.754205e-08 6.803144e-09      137
features.15                      429    -0.123370 3.881610e-07 5.791808e-09      329
features.17                      237    -0.123245 3.998901e-07 5.253574e-10      489
features.6                        92    -0.123053 4.443320e-08 1.636931e-08       73
features.10                      343    -0.123040 5.945550e-08 1.581304e-08      137
features.9                       329    -0.122941 9.437918e-08 1.253309e-09      137
features.10                      105    -0.122789 3.969486e-08 1.093271e-09      137
features.15                      642    -0.122769 3.600194e-07 6.685668e-10      329
features.15                      652    -0.122504 3.602049e-07 8.540348e-10      329
features.17                      822    -0.122503 4.064123e-07 1.480499e-09      489
features.17                      692    -0.122203 3.950148e-07 3.607193e-10      489
features.17                      378    -0.122073 4.013665e-07 1.086815e-09      489
features.14                      489    -0.121964 6.078718e-07 5.401807e-10      265
features.17                       77    -0.121885 4.128950e-07 2.388606e-09      489
features.13                        8    -0.121776 6.890586e-08 4.020625e-09      201
features.12                      236    -0.121703 7.977913e-08 1.436472e-09      201
features.17                      295    -0.121689 3.970398e-07 7.545294e-10      489
features.17                      376    -0.121631 3.953118e-07 5.891282e-10      489
features.10                      264    -0.121549 4.197198e-08 3.085008e-09      137
features.16                      893    -0.121453 5.429313e-07 2.029393e-09      329
features.15                      223    -0.121380 3.565802e-07 7.841182e-10      329
features.15                      138    -0.121365 3.580758e-07 1.082841e-09      329
features.9                       183    -0.121226 9.583986e-08 1.951207e-09      137
features.14                      216    -0.121086 6.991327e-07 3.241545e-09      265
features.15                      935    -0.121085 3.540778e-07 4.645987e-10      329
features.13                      424    -0.120926 6.951036e-08 4.748403e-09      201
features.9                       313    -0.120825 1.139681e-07 6.695274e-09      137
features.15                      839    -0.120695 3.517949e-07 2.413365e-10      329
features.17                      578    -0.120649 4.100209e-07 2.504966e-09      489
features.15                       37    -0.120607 3.655443e-07 2.959777e-09      329
features.10                      197    -0.120603 4.181385e-08 3.187029e-09      137
features.15                       16    -0.120562 3.604121e-07 1.988776e-09      329
features.15                      945    -0.120509 3.533240e-07 6.432525e-10      329
features.11                      253    -0.120497 1.907828e-07 6.721982e-09      169
features.10                      296    -0.120397 4.241274e-08 3.682816e-09      137
features.10                      332    -0.120359 4.179897e-08 3.232835e-09      137
features.14                      520    -0.120314 7.864567e-07 5.817228e-09      265
features.17                      450    -0.120279 4.012647e-07 1.692912e-09      489
features.17                      293    -0.120209 4.184332e-07 3.559180e-09      489
features.17                      895    -0.120109 4.065764e-07 2.321184e-09      489
features.9                        52    -0.120005 9.173680e-08 1.123427e-09      137
features.13                      307    -0.119877 6.237365e-08 1.562473e-10      201
features.15                      788    -0.119861 3.570700e-07 1.735582e-09      329
features.12                      223    -0.119458 8.595359e-08 6.102018e-09      201
features.17                      102    -0.119445 3.924371e-07 1.032492e-09      489
features.15                      736    -0.119369 3.502698e-07 6.928296e-10      329
features.17                       48    -0.119327 3.892307e-07 7.291198e-10      489
features.11                      196    -0.119219 1.912335e-07 1.095940e-08      169
features.17                      581    -0.119204 3.992923e-07 1.850905e-09      489
features.15                      345    -0.119153 3.489980e-07 5.679864e-10      329
features.2                        53    -0.118938 1.392357e-07 1.240922e-07       49
features.13                       86    -0.118868 6.435783e-08 1.902490e-09      201
features.14                      426    -0.118860 5.983683e-07 6.952109e-10      265
features.16                      268    -0.118804 5.290225e-07 1.520910e-09      329
features.15                      139    -0.118756 3.763270e-07 6.095886e-09      329
features.11                      117    -0.118494 1.897073e-07 1.026060e-08      169
features.15                      166    -0.118485 3.520141e-07 1.529915e-09      329
features.13                        0    -0.118292 6.468700e-08 2.339891e-09      201
features.14                      567    -0.118280 6.305532e-07 1.684892e-09      265
features.17                      352    -0.118276 3.832302e-07 4.467728e-10      489
features.15                      491    -0.118197 3.566108e-07 2.584280e-09      329
features.15                      783    -0.118171 3.482179e-07 9.701575e-10      329
features.10                      173    -0.118142 3.937350e-08 1.935186e-09      137
features.10                      339    -0.118115 3.842380e-08 1.231128e-09      137
features.13                      330    -0.118108 7.484392e-08 9.481201e-09      201
features.17                      513    -0.117803 4.144849e-07 3.962883e-09      489
features.17                      207    -0.117628 3.841880e-07 7.721472e-10      489
features.11                      279    -0.117356 2.004060e-07 3.196140e-08      169
features.13                      464    -0.117336 6.579702e-08 3.458579e-09      201
features.15                      182    -0.117309 3.473710e-07 1.291772e-09      329
features.17                      383    -0.117129 3.785131e-07 3.350351e-10      489
features.17                      917    -0.116905 3.851184e-07 1.120828e-09      489
features.14                      132    -0.116893 8.057352e-07 6.829789e-09      265
features.6                        26    -0.116608 4.075592e-08 8.711090e-10       73
features.12                      255    -0.116587 7.649908e-08 1.421300e-09      201
features.17                      487    -0.116577 4.161539e-07 4.563523e-09      489
features.15                      483    -0.116423 3.427245e-07 8.890607e-10      329
features.12                      477    -0.116413 7.856305e-08 2.755754e-09      201
features.17                      125    -0.116324 3.793882e-07 7.055954e-10      489
features.15                       27    -0.116131 3.454164e-07 1.576285e-09      329
features.12                        4    -0.116125 8.267352e-08 5.390405e-09      201
features.13                      512    -0.116109 6.401349e-08 2.659201e-09      201
features.11                      341    -0.115988 1.845765e-07 8.093565e-09      169
features.9                        27    -0.115829 8.611681e-08 4.590812e-10      137
features.17                      908    -0.115670 3.788396e-07 8.714900e-10      489
features.17                      362    -0.115636 3.911140e-07 2.200462e-09      489
features.14                      258    -0.115600 6.747974e-07 3.302434e-09      265
features.17                       54    -0.115508 3.734033e-07 3.441608e-10      489
features.13                      246    -0.115490 7.561421e-08 1.096320e-08      201
features.11                      285    -0.115399 2.104170e-07 5.467653e-08      169
features.10                      317    -0.115242 3.803104e-08 1.606371e-09      137
features.13                       14    -0.115241 6.013931e-08 2.738794e-10      201
features.10                      160    -0.115151 4.301774e-08 5.356942e-09      137
features.6                       186    -0.114929 4.477175e-08 5.077638e-08       73
features.7                       179    -0.114571 1.670139e-06 5.174430e-08      105
features.15                      623    -0.114439 3.356463e-07 6.335580e-10      329
features.15                      834    -0.114433 3.551003e-07 4.413148e-09      329
features.17                      679    -0.114381 3.803316e-07 1.474914e-09      489
features.17                      162    -0.114321 3.707452e-07 4.669171e-10      489
features.13                      100    -0.114256 7.073959e-08 8.013548e-09      201
features.9                       224    -0.114244 1.267901e-07 1.123175e-08      137
features.17                      441    -0.113948 4.788677e-07 1.219650e-08      489
features.15                      384    -0.113636 3.472975e-07 3.347763e-09      329
features.10                      114    -0.113636 3.736689e-08 1.483746e-09      137
features.12                      426    -0.113600 7.802416e-08 3.523356e-09      201
features.16                      344    -0.113478 5.872960e-07 1.985422e-08      329
features.17                      529    -0.113438 3.753667e-07 1.266429e-09      489
features.17                      859    -0.113188 3.781055e-07 1.646484e-09      489
features.9                       140    -0.113109 8.331030e-08 2.463192e-10      137
features.17                      244    -0.113056 3.676281e-07 5.675918e-10      489
features.12                      135    -0.113030 7.339606e-08 9.061182e-10      201
features.15                      423    -0.112687 3.640519e-07 7.134544e-09      329
features.17                       83    -0.112672 3.843172e-07 2.490320e-09      489
features.14                      413    -0.112386 5.620561e-07 5.520898e-10      265
features.17                      612    -0.112276 3.687379e-07 9.547826e-10      489
features.17                      563    -0.112221 3.632221e-07 3.820086e-10      489
