================================================================================
Channel Pruning Log
  iteration  : 7
  alpha      : 0.3000
  timestamp  : 2026-06-28 09:40:58
  remove_target  : 94466
  accum_removed  : 94789
  selected_channels : 453
  gamma             : 0.0050
  remove_target_met : yes
  total_params   : 2289600
  active_after   : 1360180
  model_sparsity : 40.6%
================================================================================

[ 레이어별 채널 제거 비율 ]
  layer                total_ch  this_iter    cumul  cumul_%
  ----------------------------------------------------------
  features.1                 32          4       22    68.8%
  features.2                 96          6       69    71.9%
  features.3                144         22       65    45.1%
  features.4                144         39       90    62.5%
  features.5                192         37      118    61.5%
  features.6                192         23      105    54.7%
  features.7                192         14      174    90.6%
  features.8                384          7       73    19.0%
  features.9                384          4      253    65.9%
  features.10               384          5      304    79.2%
  features.11               384          2      217    56.5%
  features.12               576         84      366    63.5%
  features.13               576         61      372    64.6%
  features.14               576         16      524    91.0%
  features.15               960         30      313    32.6%
  features.16               960         59      275    28.6%
  features.17               960         40      568    59.2%

[ 레이어별 보호 영역 (γ=0.01) ]
  layer                  active  protected  protect_%
  --------------------------------------------------
  features.1                 14          1       7.1%
  features.2                 33          1       3.0%
  features.3                101          1       1.0%
  features.4                 93          1       1.1%
  features.5                111          1       0.9%
  features.6                110          1       0.9%
  features.7                 32          1       3.1%
  features.8                318          2       0.6%
  features.9                135          1       0.7%
  features.10                85          1       1.2%
  features.11               169          1       0.6%
  features.12               294          2       0.7%
  features.13               265          2       0.8%
  features.14                68          1       1.5%
  features.15               677          4       0.6%
  features.16               744          4       0.5%
  features.17               432          3       0.7%

[ 블록별 제거 채널 수 ]
  features.1: 4채널 제거
  features.10: 5채널 제거
  features.11: 2채널 제거
  features.12: 84채널 제거
  features.13: 61채널 제거
  features.14: 16채널 제거
  features.15: 30채널 제거
  features.16: 59채널 제거
  features.17: 40채널 제거
  features.2: 6채널 제거
  features.3: 22채널 제거
  features.4: 39채널 제거
  features.5: 37채널 제거
  features.6: 23채널 제거
  features.7: 14채널 제거
  features.8: 7채널 제거
  features.9: 4채널 제거

[ 선택된 채널 상세 ]
block                             ch        score          phi         perf  weights
--------------------------------------------------------------------------------
features.1                         3    -0.698818 3.283361e-07 5.196599e-06       25
features.8                        21    -0.697700 4.464615e-07 5.729393e-09      137
features.2                        95    -0.694038 2.801470e-07 3.584014e-06       49
features.12                      545    -0.691343 9.490080e-08 7.501446e-08      201
features.5                       116    -0.681317 6.051737e-08 2.076920e-07       73
features.7                        70    -0.676329 2.008930e-06 1.382643e-07      105
features.13                      540    -0.640936 9.424553e-08 2.858288e-08      201
features.7                       161    -0.640252 2.037151e-06 5.912008e-07      105
features.5                        89    -0.594717 5.213257e-08 9.217163e-08       73
features.15                      472    -0.593769 7.830760e-07 5.426770e-07      329
features.13                      370    -0.592512 9.341188e-08 4.897868e-07      201
features.3                       141    -0.587350 6.386185e-08 3.073782e-07       57
features.13                      533    -0.579016 8.487709e-08 6.406746e-09      201
features.5                       147    -0.578210 5.216510e-08 2.799730e-07       73
features.4                        68    -0.550036 5.326339e-07 4.121713e-07       65
features.13                      458    -0.549330 8.133568e-08 6.579288e-08      201
features.12                      261    -0.532149 7.466590e-08 1.612198e-07      201
features.5                         5    -0.531268 5.032084e-08 5.648398e-07       73
features.17                      533    -0.527343 1.478061e-06 4.072703e-09      489
features.6                       145    -0.524765 5.946031e-08 3.930004e-08       73
features.5                       182    -0.521231 4.582722e-08 9.833018e-08       73
features.4                       143    -0.520630 5.597569e-07 7.088262e-07       65
features.4                        14    -0.520369 4.525480e-07 9.556151e-08       65
features.4                        12    -0.518453 4.616815e-07 1.571123e-07       65
features.6                         8    -0.516488 5.869846e-08 8.882044e-08       73
features.3                        47    -0.508502 5.955236e-08 3.670884e-06       57
features.9                       118    -0.507831 1.739657e-07 7.675258e-07      137
features.13                      340    -0.506180 7.814769e-08 2.965448e-07      201
features.7                        68    -0.505832 1.721719e-06 8.487877e-07      105
features.5                       153    -0.504685 4.450751e-08 1.125885e-07       73
features.6                        14    -0.504449 5.725429e-08 6.511294e-08       73
features.5                        71    -0.504220 4.401067e-08 5.382850e-08       73
features.4                       109    -0.501499 5.863400e-07 9.530560e-07       65
features.5                        28    -0.492158 4.419399e-08 2.115923e-07       73
features.1                         1    -0.491516 2.430719e-07 1.176223e-04       25
features.7                        83    -0.488516 1.699166e-06 9.434461e-07      105
features.4                       111    -0.484751 4.315825e-07 1.464000e-07       65
features.6                       116    -0.480541 5.689446e-08 7.324700e-07       73
features.12                      248    -0.475928 6.482616e-08 1.935842e-08      201
features.12                        5    -0.469123 6.420848e-08 3.886786e-08      201
features.12                       70    -0.461554 6.280069e-08 1.445356e-08      201
features.12                      356    -0.459462 6.309200e-08 5.123526e-08      201
features.14                      234    -0.458093 2.941584e-06 2.297774e-07      265
features.12                      194    -0.456749 6.342412e-08 9.599904e-08      201
features.1                         6    -0.456480 2.331220e-07 1.785130e-04       25
features.5                        76    -0.454333 4.199292e-08 3.491348e-07       73
features.14                      305    -0.453881 2.881578e-06 2.929482e-08      265
features.12                      535    -0.452421 6.175412e-08 2.670913e-08      201
features.13                       61    -0.452029 6.655713e-08 2.673498e-08      201
features.5                        46    -0.450684 3.923417e-08 3.478691e-08       73
features.2                         2    -0.450161 1.864443e-07 9.444185e-06       49
features.5                        57    -0.441155 4.057939e-08 3.138569e-07       73
features.7                       131    -0.440389 1.326665e-06 1.531369e-07      105
features.15                      916    -0.439959 4.924544e-07 1.280791e-09      329
features.16                      835    -0.437574 6.608413e-07 1.366891e-08      329
features.15                      794    -0.435255 4.880897e-07 5.380166e-09      329
features.6                        54    -0.435199 5.033074e-08 3.228741e-07       73
features.8                        97    -0.434472 2.856559e-07 3.341063e-08      137
features.5                        60    -0.432655 4.005042e-08 3.403475e-07       73
features.12                      405    -0.432248 5.903292e-08 2.758682e-08      201
features.4                        40    -0.432158 3.697947e-07 4.474317e-08       65
features.13                      250    -0.427044 6.307098e-08 3.945526e-08      201
features.5                       120    -0.424491 3.743453e-08 9.459130e-08       73
features.7                       162    -0.423486 1.334494e-06 3.470060e-07      105
features.12                      467    -0.423030 5.752368e-08 1.099028e-08      201
features.12                       36    -0.417544 5.819460e-08 1.014858e-07      201
features.4                        53    -0.417166 3.665944e-07 9.837933e-08       65
features.7                       191    -0.415854 1.317665e-06 3.653037e-07      105
features.12                      449    -0.410775 5.788580e-08 1.404279e-07      201
features.7                       166    -0.410398 1.310754e-06 3.957909e-07      105
features.7                       104    -0.410259 1.308305e-06 3.888443e-07      105
features.13                      538    -0.409110 6.017940e-08 1.990084e-08      201
features.5                       178    -0.407535 3.554477e-08 4.006220e-08       73
features.12                      502    -0.404942 5.680898e-08 1.221395e-07      201
features.12                      448    -0.404676 5.681433e-08 1.247847e-07      201
features.4                        89    -0.402575 3.913173e-07 3.101502e-07       65
features.11                      208    -0.402464 8.002751e-07 3.913959e-06      169
features.4                         9    -0.399903 3.459747e-07 6.307619e-08       65
features.13                      502    -0.399680 5.902465e-08 3.656974e-08      201
features.5                        53    -0.397969 3.463341e-08 2.921157e-08       73
features.12                       52    -0.395900 5.371133e-08 2.401713e-09      201
features.13                       57    -0.395338 5.840667e-08 3.788462e-08      201
features.12                      136    -0.394385 5.375291e-08 1.819916e-08      201
features.13                      306    -0.394260 5.878764e-08 7.759155e-08      201
features.7                       171    -0.392729 1.398820e-06 8.700566e-07      105
features.4                        79    -0.388281 3.537687e-07 1.635490e-07       65
features.6                       163    -0.388181 4.396788e-08 2.441950e-08       73
features.13                      101    -0.388106 5.763662e-08 5.918519e-08      201
features.6                        49    -0.386959 4.411811e-08 1.065738e-07       73
features.3                        79    -0.386327 5.266965e-08 8.718707e-06       57
features.17                      722    -0.384481 1.077169e-06 2.492351e-09      489
features.2                         4    -0.383636 1.712281e-07 2.658628e-05       49
features.13                      569    -0.383156 5.644673e-08 2.491403e-08      201
features.15                      642    -0.382965 4.294008e-07 4.497986e-09      329
features.16                      143    -0.382807 5.760821e-07 3.309595e-09      329
features.5                       140    -0.378629 3.385898e-08 1.447071e-07       73
features.17                      354    -0.377097 1.055969e-06 1.925921e-09      489
features.6                        42    -0.374324 4.293903e-08 1.775611e-07       73
features.13                      480    -0.374267 5.579378e-08 7.272937e-08      201
features.12                      205    -0.373785 5.090510e-08 1.468549e-08      201
features.12                       87    -0.373745 5.119955e-08 3.386850e-08      201
features.17                      700    -0.373139 1.044772e-06 1.790355e-09      489
features.4                         8    -0.372905 3.329602e-07 1.180984e-07       65
features.4                       103    -0.372738 3.623474e-07 2.873480e-07       65
features.16                      155    -0.372657 5.615341e-07 6.291814e-09      329
features.8                       159    -0.372336 2.404163e-07 1.148793e-08      137
features.10                        9    -0.371462 8.207746e-08 1.836286e-07      137
features.6                       102    -0.370865 4.210816e-08 5.226304e-08       73
features.3                       139    -0.369084 4.030851e-08 3.356791e-07       57
features.4                        50    -0.368819 3.393367e-07 1.742683e-07       65
features.12                      435    -0.368804 5.017805e-08 1.137828e-08      201
features.17                      143    -0.368529 1.034318e-06 4.246138e-09      489
features.12                      320    -0.367515 5.064799e-08 5.261407e-08      201
features.12                      575    -0.367368 4.984652e-08 2.624325e-09      201
features.16                      907    -0.366985 5.544059e-07 1.218970e-08      329
features.5                         4    -0.366783 3.179572e-08 1.100662e-08       73
features.16                      526    -0.366536 5.516481e-07 3.387791e-09      329
features.12                       56    -0.366496 5.011779e-08 2.753131e-08      201
features.16                      130    -0.366250 5.513886e-07 4.106098e-09      329
features.6                        10    -0.365694 4.143581e-08 2.728098e-08       73
features.7                        18    -0.365257 1.354369e-06 9.907565e-07      105
features.12                       77    -0.364187 4.998920e-08 3.933630e-08      201
features.6                        96    -0.362868 4.164741e-08 1.785487e-07       73
features.16                      565    -0.362550 5.455088e-07 2.755536e-09      329
features.5                        45    -0.362398 3.148058e-08 1.923572e-08       73
features.5                        93    -0.362171 3.150625e-08 2.506086e-08       73
features.15                      755    -0.361747 4.101494e-07 2.497826e-08      329
features.12                       45    -0.361723 4.929120e-08 1.605103e-08      201
features.13                      394    -0.361663 5.352380e-08 4.144896e-08      201
features.5                       103    -0.360694 3.289004e-08 2.195322e-07       73
features.12                       22    -0.360567 4.930689e-08 2.708311e-08      201
features.13                      345    -0.358748 5.313876e-08 4.453818e-08      201
features.4                       128    -0.358577 3.053365e-07 2.855420e-08       65
features.12                      385    -0.358558 5.144123e-08 1.810338e-07      201
features.16                      405    -0.358488 5.394764e-07 3.063778e-09      329
features.8                       112    -0.357627 2.286146e-07 2.027774e-09      137
features.5                       104    -0.357265 3.109864e-08 2.719302e-08       73
features.12                       24    -0.357230 4.883397e-08 2.577053e-08      201
features.12                       21    -0.356533 4.952147e-08 7.579276e-08      201
features.16                      491    -0.355742 5.365359e-07 8.071702e-09      329
features.12                      177    -0.353717 4.926599e-08 8.387455e-08      201
features.13                      403    -0.352757 5.209138e-08 3.199884e-08      201
features.17                      319    -0.352442 9.910791e-07 5.992053e-09      489
features.12                      488    -0.352362 4.809102e-08 2.045967e-08      201
features.13                       79    -0.351758 5.162144e-08 8.149321e-09      201
features.13                      313    -0.351484 5.159558e-08 9.202973e-09      201
features.5                        31    -0.350855 3.043485e-08 1.308769e-08       73
features.12                      145    -0.350593 4.775685e-08 1.442440e-08      201
features.12                      573    -0.349851 4.759454e-08 1.047594e-08      201
features.4                        69    -0.349374 3.327092e-07 2.296402e-07       65
features.16                      591    -0.349364 5.277299e-07 1.136491e-08      329
features.5                        18    -0.348895 3.038621e-08 2.863291e-08       73
features.16                       47    -0.348653 5.244258e-07 1.923288e-09      329
features.7                        32    -0.348629 1.374198e-06 1.222705e-06      105
features.12                      239    -0.347863 4.741742e-08 1.638980e-08      201
features.12                      230    -0.347786 4.750248e-08 2.249651e-08      201
features.16                      151    -0.347280 5.224741e-07 2.395654e-09      329
features.12                      570    -0.346519 4.717100e-08 1.228607e-08      201
features.13                      309    -0.346497 5.105149e-08 2.292017e-08      201
features.17                      571    -0.345906 9.688819e-07 2.023662e-09      489
features.12                      226    -0.345813 4.850585e-08 1.037888e-07      201
features.17                      196    -0.345562 9.790324e-07 1.324940e-08      489
features.16                      512    -0.345392 5.217651e-07 1.138697e-08      329
features.14                      318    -0.345092 2.213322e-06 1.571836e-07      265
features.12                      154    -0.343757 4.672244e-08 7.545252e-09      201
features.12                      286    -0.343109 4.722759e-08 4.547447e-08      201
features.16                      212    -0.342743 5.158334e-07 3.142908e-09      329
features.2                        79    -0.342283 1.390903e-07 3.162798e-06       49
features.3                        43    -0.342014 4.004708e-08 2.463153e-06       57
features.12                      393    -0.340575 4.631720e-08 9.217956e-09      201
features.12                      425    -0.340447 4.625799e-08 6.536052e-09      201
features.4                        28    -0.339470 3.542162e-07 4.004705e-07       65
features.5                         0    -0.339206 2.968324e-08 4.596209e-08       73
features.13                      402    -0.338845 5.165787e-08 1.501996e-07      201
features.14                      113    -0.338329 2.159174e-06 8.930668e-08      265
features.12                      322    -0.338030 4.604441e-08 1.383471e-08      201
features.12                      493    -0.337942 4.722189e-08 8.991815e-08      201
features.13                      439    -0.337590 4.978617e-08 2.580108e-08      201
features.4                        21    -0.337174 2.902419e-07 4.479455e-08       65
features.12                      115    -0.337160 4.594611e-08 1.509202e-08      201
features.16                      345    -0.336603 5.067691e-07 3.832719e-09      329
features.6                       176    -0.336221 3.824241e-08 6.669757e-08       73
features.12                      311    -0.335453 4.560730e-08 8.229700e-09      201
features.3                        85    -0.335343 4.061171e-08 3.489762e-06       57
features.4                        99    -0.334520 3.065239e-07 1.508674e-07       65
features.13                      277    -0.334452 4.902035e-08 3.219218e-09      201
features.13                      553    -0.334173 4.937817e-08 3.261082e-08      201
features.5                        19    -0.333815 3.050474e-08 2.116288e-07       73
features.5                        27    -0.333672 2.956502e-08 9.230576e-08       73
features.16                      337    -0.332317 5.004050e-07 4.158765e-09      329
features.6                       166    -0.332300 3.785075e-08 8.138675e-08       73
features.3                       121    -0.331024 3.756078e-08 1.426191e-06       57
features.4                        41    -0.330902 2.820676e-07 2.805326e-08       65
features.13                      315    -0.330626 4.881827e-08 2.962564e-08      201
features.13                       42    -0.330353 5.047583e-08 1.547423e-07      201
features.12                       80    -0.329963 4.639718e-08 1.063637e-07      201
features.15                      687    -0.329790 3.703946e-07 6.686564e-09      329
features.13                      406    -0.329569 4.858945e-08 2.417036e-08      201
features.12                      111    -0.328867 4.514526e-08 3.578409e-08      201
features.5                         1    -0.328642 2.856574e-08 1.969369e-08       73
features.13                      319    -0.328110 4.818288e-08 9.948736e-09      201
features.4                        96    -0.328036 2.895414e-07 8.465168e-08       65
features.3                       111    -0.327654 3.580470e-08 3.146264e-07       57
features.4                        65    -0.326895 3.003816e-07 1.522652e-07       65
features.15                      797    -0.326634 3.709266e-07 2.524098e-08      329
features.4                         6    -0.325899 3.593605e-07 4.951177e-07       65
features.12                      365    -0.325561 4.458992e-08 2.893384e-08      201
features.5                        34    -0.325020 2.815370e-08 6.968335e-09       73
features.17                      455    -0.324321 9.076803e-07 1.147929e-09      489
features.4                       117    -0.324295 3.036619e-07 1.835519e-07       65
features.12                      113    -0.324084 4.460718e-08 4.284473e-08      201
features.14                      207    -0.323600 2.096966e-06 2.767263e-07      265
features.3                       105    -0.323068 3.544125e-08 4.202308e-07       57
features.3                       117    -0.323005 3.588818e-08 7.825862e-07       57
features.16                      579    -0.322559 4.895496e-07 2.025526e-08      329
features.17                        3    -0.322316 9.168584e-07 1.608086e-08      489
features.13                      357    -0.321536 6.301468e-08 1.174060e-06      201
features.1                         7    -0.320725 1.651503e-07 1.381776e-04       25
features.12                      381    -0.320704 4.383046e-08 2.247750e-08      201
features.15                      626    -0.320467 3.596448e-07 5.224684e-09      329
features.12                       16    -0.319358 4.425231e-08 6.113363e-08      201
features.4                        22    -0.319136 3.898791e-07 7.025174e-07       65
features.15                      926    -0.318500 3.566478e-07 1.588027e-09      329
features.16                      768    -0.318473 4.839563e-07 2.256878e-08      329
features.17                      399    -0.317428 8.891324e-07 1.876383e-09      489
features.17                       64    -0.317044 8.874675e-07 1.279277e-09      489
features.10                      256    -0.316843 7.129706e-08 1.829265e-07      137
features.6                       121    -0.316677 3.595021e-08 4.308984e-08       73
features.16                      780    -0.316675 4.800422e-07 1.744417e-08      329
features.17                      857    -0.315958 8.860753e-07 2.938246e-09      489
features.13                      410    -0.315699 4.700515e-08 5.709159e-08      201
features.15                      591    -0.315594 3.560648e-07 1.377200e-08      329
features.17                       66    -0.315450 8.928127e-07 1.117817e-08      489
features.16                      569    -0.313494 4.723933e-07 5.324818e-09      329
features.13                      352    -0.313248 4.712875e-08 9.266105e-08      201
features.5                        43    -0.313144 2.749212e-08 5.395057e-08       73
features.4                        87    -0.312662 2.799339e-07 1.033956e-07       65
features.3                        97    -0.312604 3.479899e-08 8.104203e-07       57
features.16                      381    -0.312207 4.753509e-07 2.599400e-08      329
features.16                      653    -0.312059 4.722565e-07 1.385898e-08      329
features.6                       159    -0.311638 3.575265e-08 1.490771e-07       73
features.17                      810    -0.311545 8.793678e-07 8.623632e-09      489
features.9                       158    -0.310207 7.951507e-08 3.891212e-08      137
features.17                      307    -0.309816 8.752801e-07 9.373974e-09      489
features.9                       366    -0.309579 7.782553e-08 1.426941e-08      137
features.12                      172    -0.309275 4.252954e-08 3.837599e-08      201
features.12                       73    -0.309105 4.665161e-08 3.035187e-07      201
features.6                        27    -0.308885 3.543563e-08 1.474339e-07       73
features.12                      529    -0.308685 4.268131e-08 5.319362e-08      201
features.14                      217    -0.308197 1.974307e-06 1.260518e-07      265
features.6                       190    -0.307963 3.485915e-08 1.292082e-08       73
features.13                      140    -0.307263 4.595020e-08 7.038958e-08      201
features.17                      302    -0.307014 8.594715e-07 1.317415e-09      489
features.10                       90    -0.306492 6.078413e-08 9.869267e-09      137
features.14                      455    -0.305999 2.086883e-06 8.873195e-07      265
features.12                      374    -0.305816 4.167277e-08 1.356849e-08      201
features.8                        85    -0.305160 1.956994e-07 4.171988e-09      137
features.6                       173    -0.305042 3.459595e-08 3.197606e-08       73
features.12                      463    -0.304638 4.155915e-08 1.651751e-08      201
features.16                      426    -0.303771 4.570058e-07 2.052122e-09      329
features.12                      308    -0.303203 4.255499e-08 9.265830e-08      201
features.14                      301    -0.302976 1.930853e-06 6.369194e-08      265
features.15                      697    -0.302941 3.562706e-07 7.934922e-08      329
features.13                      317    -0.302237 4.459570e-08 2.480710e-08      201
features.8                       114    -0.301364 2.138547e-07 8.459514e-08      137
features.15                      631    -0.301197 3.420882e-07 2.349119e-08      329
features.15                      516    -0.300763 3.364778e-07 9.055624e-11      329
features.4                        39    -0.299659 2.852929e-07 1.965459e-07       65
features.13                      278    -0.299267 4.435744e-08 3.930539e-08      201
features.13                      333    -0.299030 4.472997e-08 6.931600e-08      201
features.12                      123    -0.298915 4.098665e-08 2.952214e-08      201
features.3                       133    -0.298678 3.450515e-08 1.777571e-06       57
features.15                      489    -0.297971 3.391663e-07 2.662864e-08      329
features.17                      553    -0.297970 8.374918e-07 4.651052e-09      489
features.16                      938    -0.297851 4.480371e-07 1.744374e-09      329
features.12                      164    -0.297401 4.053433e-08 1.372202e-08      201
features.12                      359    -0.297132 4.226771e-08 1.269352e-07      201
features.4                       104    -0.296310 2.967626e-07 2.783692e-07       65
features.16                      392    -0.296136 4.464683e-07 6.010139e-09      329
features.15                      627    -0.295976 3.325629e-07 6.668324e-09      329
features.13                      147    -0.294774 4.323428e-08 5.018499e-09      201
features.15                      670    -0.294744 3.329704e-07 1.482290e-08      329
features.15                       73    -0.294725 3.334072e-07 1.691420e-08      329
features.3                         7    -0.294593 3.205687e-08 1.750381e-07       57
features.13                      435    -0.293059 4.320964e-08 2.170669e-08      201
features.17                      349    -0.293037 8.215717e-07 2.499365e-09      489
features.5                       184    -0.293005 2.641226e-08 1.390304e-07       73
features.15                      250    -0.292550 3.303184e-07 1.392079e-08      329
features.12                       81    -0.292115 3.973161e-08 8.212428e-09      201
features.4                        94    -0.291774 2.629416e-07 1.062865e-07       65
features.12                      209    -0.291709 3.992184e-08 2.390021e-08      201
features.6                        70    -0.290884 3.293914e-08 1.593992e-08       73
features.13                      110    -0.289975 4.268157e-08 1.607237e-08      201
features.17                      711    -0.289956 8.234849e-07 1.313069e-08      489
features.12                      252    -0.289703 4.025678e-08 6.272573e-08      201
features.16                      721    -0.289638 4.358336e-07 2.338362e-09      329
features.3                        94    -0.289542 3.155167e-08 2.075477e-07       57
features.3                       106    -0.288960 4.000482e-08 7.008103e-06       57
features.17                      662    -0.288901 8.108853e-07 3.382553e-09      489
features.16                      917    -0.288703 4.390233e-07 2.175324e-08      329
features.15                      895    -0.288695 3.234661e-07 2.321050e-09      329
features.16                      504    -0.288495 4.338997e-07 1.420811e-09      329
features.4                        35    -0.288312 2.915659e-07 2.869820e-07       65
features.17                      511    -0.287985 8.082393e-07 3.295740e-09      489
features.12                       32    -0.287892 3.997294e-08 6.027729e-08      201
features.17                      814    -0.287578 8.133856e-07 9.641567e-09      489
features.17                      560    -0.287523 8.106372e-07 7.022634e-09      489
features.12                       61    -0.287458 3.907301e-08 6.474614e-09      201
features.12                      532    -0.287453 3.918227e-08 1.350212e-08      201
features.16                      575    -0.287400 4.402252e-07 3.510325e-08      329
features.17                      351    -0.286826 8.044619e-07 2.752531e-09      489
features.14                      479    -0.286796 1.849093e-06 1.888074e-07      265
features.6                        84    -0.286700 3.249752e-08 2.489809e-08       73
features.16                      820    -0.285002 4.314766e-07 1.336237e-08      329
features.8                       259    -0.284873 1.820954e-07 1.572258e-09      137
features.12                      283    -0.284702 3.910363e-08 3.233500e-08      201
features.17                      165    -0.284093 7.968012e-07 2.731117e-09      489
features.16                      223    -0.284040 4.275648e-07 2.946744e-09      329
features.15                       21    -0.283748 3.263453e-07 4.074304e-08      329
features.13                      422    -0.283550 4.177442e-08 1.855741e-08      201
features.17                      594    -0.283457 7.946202e-07 2.323688e-09      489
features.14                      109    -0.282605 1.858958e-06 4.079909e-07      265
features.17                      102    -0.282406 7.923733e-07 3.021682e-09      489
features.12                      219    -0.282382 3.839856e-08 7.349515e-09      201
features.12                      522    -0.282201 3.880868e-08 3.515306e-08      201
features.12                      432    -0.282176 3.853346e-08 1.776476e-08      201
features.5                        11    -0.281828 2.458149e-08 2.779928e-08       73
features.13                      392    -0.280674 4.243804e-08 9.851097e-08      201
features.13                      192    -0.280473 4.143540e-08 2.677768e-08      201
features.12                      536    -0.279654 3.839569e-08 3.082651e-08      201
features.17                      690    -0.279513 7.826289e-07 1.345833e-09      489
features.16                       96    -0.279475 4.218184e-07 7.653938e-09      329
features.4                       137    -0.279045 2.565196e-07 1.305909e-07       65
features.11                        1    -0.278204 3.561504e-07 4.383092e-07      169
features.3                       109    -0.277825 3.030044e-08 2.195461e-07       57
features.4                        80    -0.277754 2.466216e-07 8.005373e-08       65
features.12                       62    -0.277343 3.779807e-08 1.263962e-08      201
features.16                      687    -0.277261 4.186595e-07 8.361098e-09      329
features.9                       180    -0.276620 7.144027e-08 4.329121e-08      137
features.16                      719    -0.276606 4.182814e-07 1.092784e-08      329
features.15                      690    -0.276604 3.105876e-07 5.279325e-09      329
features.16                      280    -0.276245 4.159022e-07 3.163783e-09      329
features.16                      770    -0.276141 4.160970e-07 4.647325e-09      329
features.16                      558    -0.276048 4.161523e-07 5.472504e-09      329
features.16                      947    -0.275989 4.156286e-07 3.636991e-09      329
features.2                        16    -0.275978 1.107110e-07 3.928573e-07       49
features.5                       191    -0.275775 2.400436e-08 2.087965e-08       73
features.13                      126    -0.275389 4.056971e-08 1.784363e-08      201
features.16                      885    -0.275370 4.143193e-07 2.033018e-09      329
features.6                        88    -0.275299 3.205031e-08 2.646260e-07       73
features.17                      536    -0.275032 7.705783e-07 1.826837e-09      489
features.3                        77    -0.274964 2.998865e-08 2.175362e-07       57
features.13                      497    -0.274619 4.048919e-08 2.022999e-08      201
features.13                       73    -0.274587 4.058909e-08 2.793010e-08      201
features.4                       125    -0.274066 2.809661e-07 2.946232e-07       65
features.14                      445    -0.273842 1.777015e-06 2.491101e-07      265
features.15                       62    -0.273788 3.175490e-07 5.145296e-08      329
features.16                      265    -0.273746 4.143353e-07 1.241486e-08      329
features.12                      505    -0.273580 3.815985e-08 6.841621e-08      201
features.16                      301    -0.273549 4.116985e-07 2.524746e-09      329
features.6                        89    -0.273504 3.129166e-08 1.063134e-07       73
features.12                      523    -0.273439 3.738313e-08 1.995203e-08      201
features.16                       67    -0.273323 4.144713e-07 1.567059e-08      329
features.5                       158    -0.273156 2.439107e-08 9.976939e-08       73
features.4                        52    -0.273003 2.335271e-07 2.781087e-08       65
features.14                      285    -0.272749 1.856290e-06 7.678561e-07      265
features.15                      918    -0.272566 3.178716e-07 5.917120e-08      329
features.16                      536    -0.272431 4.100210e-07 2.531316e-09      329
features.15                      358    -0.272213 3.367038e-07 1.469696e-07      329
features.13                      137    -0.272096 4.016447e-08 2.352756e-08      201
features.5                       139    -0.271972 2.368848e-08 2.254552e-08       73
features.13                       65    -0.271714 3.994485e-08 1.145717e-08      201
features.13                      405    -0.271616 4.219802e-08 1.785795e-07      201
features.12                      176    -0.271583 3.689431e-08 4.776278e-09      201
features.14                      526    -0.271032 1.757896e-06 2.412605e-07      265
features.17                      728    -0.270886 7.632382e-07 6.116754e-09      489
features.13                      486    -0.270242 4.020387e-08 4.644086e-08      201
features.17                      566    -0.269835 7.595650e-07 5.376056e-09      489
features.13                      558    -0.269693 3.954937e-08 4.123736e-09      201
features.17                       50    -0.269643 7.561547e-07 2.471663e-09      489
features.13                       20    -0.269615 3.983718e-08 2.617973e-08      201
features.12                      410    -0.269499 3.694262e-08 2.594419e-08      201
features.13                      181    -0.269174 3.982590e-08 3.010452e-08      201
features.16                      342    -0.268770 4.113097e-07 3.122679e-08      329
features.17                      211    -0.268173 7.598997e-07 1.040654e-08      489
features.13                       84    -0.267514 3.960112e-08 3.145827e-08      201
features.4                       134    -0.267423 2.287083e-07 2.698021e-08       65
features.5                       124    -0.266961 2.352902e-08 5.776264e-08       73
features.3                         0    -0.266468 2.957464e-08 6.201168e-07       57
features.7                       102    -0.266143 7.947717e-07 6.881503e-08      105
features.17                      891    -0.265998 7.491755e-07 5.715300e-09      489
features.16                      851    -0.265987 4.035718e-07 1.620237e-08      329
features.17                       36    -0.265969 7.442891e-07 8.618276e-10      489
features.13                      420    -0.265932 3.987648e-08 6.882037e-08      201
features.16                      492    -0.265504 3.999823e-07 4.102084e-09      329
features.15                      252    -0.265128 3.030030e-07 2.926999e-08      329
features.12                      206    -0.264797 3.602232e-08 7.850627e-09      201
features.4                       136    -0.264753 2.725166e-07 2.909092e-07       65
features.12                       93    -0.264552 3.757763e-08 1.094620e-07      201
features.16                      111    -0.263456 3.972885e-07 5.727080e-09      329
features.13                      473    -0.263368 3.864713e-08 5.886541e-09      201
features.2                        13    -0.263236 1.082916e-07 4.420041e-06       49
features.15                       19    -0.262871 2.942660e-07 8.978962e-10      329
features.12                       29    -0.262779 3.567008e-08 2.823320e-09      201
features.16                      120    -0.262706 3.952617e-07 1.926866e-09      329
features.16                      866    -0.262476 3.956788e-07 5.146576e-09      329
features.16                      771    -0.261952 3.976342e-07 1.673546e-08      329
features.16                      847    -0.261909 3.987234e-07 2.161225e-08      329
features.16                      742    -0.261354 3.968641e-07 1.727907e-08      329
features.13                      431    -0.261111 3.889100e-08 4.822700e-08      201
features.5                        37    -0.260711 2.368633e-08 1.475239e-07       73
features.13                      201    -0.260544 3.834454e-08 1.406443e-08      201
features.13                      104    -0.260068 3.833155e-08 1.825310e-08      201
features.16                      493    -0.260031 3.971881e-07 2.705145e-08      329
features.15                       29    -0.259801 2.935064e-07 1.311350e-08      329
features.16                      114    -0.259597 4.143096e-07 1.021507e-07      329
features.16                      506    -0.259549 3.913624e-07 5.493371e-09      329
features.4                        92    -0.259391 2.661512e-07 2.801634e-07       65
features.14                      195    -0.259370 1.657118e-06 7.959105e-08      265
features.12                      430    -0.259031 3.528779e-08 1.086834e-08      201
features.7                        42    -0.259006 9.322738e-07 6.069516e-07      105
features.17                      748    -0.258115 7.262431e-07 4.807692e-09      489
features.3                        39    -0.257967 2.795688e-08 6.193757e-08       57
features.5                        96    -0.257373 2.241985e-08 2.171000e-08       73
features.12                      370    -0.257154 3.522367e-08 2.304265e-08      201
features.12                        8    -0.257032 3.695060e-08 1.345652e-07      201
features.15                       45    -0.256987 2.881057e-07 2.825951e-09      329
features.13                      252    -0.256604 3.761884e-08 3.103742e-09      201
features.16                      172    -0.256349 3.932405e-07 3.375177e-08      329
features.13                       55    -0.256187 3.899923e-08 1.093470e-07      201
features.17                      415    -0.255858 7.173084e-07 2.156169e-09      489
features.12                      471    -0.255725 3.486317e-08 1.237898e-08      201
features.4                        18    -0.255637 2.232315e-07 5.217306e-08       65
features.3                       128    -0.255298 2.827071e-08 5.428459e-07       57
features.15                      563    -0.255089 2.872515e-07 8.620727e-09      329
features.17                      886    -0.254704 7.191719e-07 7.294371e-09      489
features.16                      576    -0.254591 3.860102e-07 1.436401e-08      329
features.3                        41    -0.253655 2.768407e-08 2.162182e-07       57
features.3                        26    -0.253655 2.761588e-08 1.617816e-07       57
features.14                      456    -0.253449 1.654986e-06 2.925838e-07      265
features.4                         7    -0.252640 2.352522e-07 1.354672e-07       65
features.16                      305    -0.252611 3.797959e-07 6.799402e-10      329
features.17                       26    -0.252575 7.093352e-07 3.371127e-09      489
features.10                      282    -0.252321 5.111598e-08 3.007512e-08      137
features.10                      317    -0.252150 4.998815e-08 7.733355e-09      137
features.14                      103    -0.251865 1.745775e-06 8.993442e-07      265
features.13                       78    -0.251779 3.703830e-08 1.239846e-08      201
features.13                      382    -0.251778 3.707685e-08 1.525204e-08      201
features.15                       24    -0.251332 2.858887e-07 2.159310e-08      329
features.12                       55    -0.251123 3.415481e-08 6.972971e-09      201
features.12                      377    -0.251060 3.831153e-08 2.734140e-07      201
features.6                       113    -0.250891 2.866557e-08 8.644474e-08       73
features.16                      863    -0.250860 3.775635e-07 2.366398e-09      329
