================================================================================
Channel Pruning Log
  iteration  : 6
  alpha      : 0.3000
  timestamp  : 2026-07-04 02:13:58
  remove_target  : 104980
  accum_removed  : 105066
  selected_channels : 490
  gamma             : 0.0050
  remove_target_met : yes
  total_params   : 2289600
  active_after   : 1455041
  model_sparsity : 36.4%
================================================================================

[ 레이어별 채널 제거 비율 ]
  layer                total_ch  this_iter    cumul  cumul_%
  ----------------------------------------------------------
  features.1                 32          1       18    56.2%
  features.2                 96          2       61    63.5%
  features.3                144         14       48    33.3%
  features.4                144         46       69    47.9%
  features.5                192         28       73    38.0%
  features.6                192         20       95    49.5%
  features.7                192         14      176    91.7%
  features.8                384          4       70    18.2%
  features.9                384         54      247    64.3%
  features.10               384         47      289    75.3%
  features.11               384         34      239    62.2%
  features.12               576         12      171    29.7%
  features.13               576         14      332    57.6%
  features.14               576         24      529    91.8%
  features.15               960         65      274    28.5%
  features.16               960         70      245    25.5%
  features.17               960         41      527    54.9%

[ 레이어별 보호 영역 (γ=0.01) ]
  layer                  active  protected  protect_%
  --------------------------------------------------
  features.1                 15          1       6.7%
  features.2                 37          1       2.7%
  features.3                110          1       0.9%
  features.4                121          1       0.8%
  features.5                147          1       0.7%
  features.6                117          1       0.9%
  features.7                 30          1       3.3%
  features.8                318          2       0.6%
  features.9                191          1       0.5%
  features.10               142          1       0.7%
  features.11               179          1       0.6%
  features.12               417          3       0.7%
  features.13               258          2       0.8%
  features.14                71          1       1.4%
  features.15               751          4       0.5%
  features.16               785          4       0.5%
  features.17               474          3       0.6%

[ 블록별 제거 채널 수 ]
  features.1: 1채널 제거
  features.10: 47채널 제거
  features.11: 34채널 제거
  features.12: 12채널 제거
  features.13: 14채널 제거
  features.14: 24채널 제거
  features.15: 65채널 제거
  features.16: 70채널 제거
  features.17: 41채널 제거
  features.2: 2채널 제거
  features.3: 14채널 제거
  features.4: 46채널 제거
  features.5: 28채널 제거
  features.6: 20채널 제거
  features.7: 14채널 제거
  features.8: 4채널 제거
  features.9: 54채널 제거

[ 선택된 채널 상세 ]
block                             ch        score          phi         perf  weights
--------------------------------------------------------------------------------
features.1                        12    -0.695185 3.414145e-07 4.419046e-05       25
features.14                      545    -0.694643 3.754690e-06 2.082199e-07      265
features.7                       119    -0.679628 1.976901e-06 4.504928e-07      105
features.4                        38    -0.626050 5.869221e-07 1.745701e-07       65
features.2                         5    -0.624559 3.011299e-07 2.357045e-05       49
features.15                      202    -0.624555 7.781858e-07 2.826818e-09      329
features.12                      476    -0.581020 2.566578e-07 4.554997e-07      201
features.4                         3    -0.576617 5.759811e-07 2.604619e-07       65
features.10                      339    -0.576363 7.675774e-08 5.985264e-09      137
features.7                       175    -0.575907 1.663017e-06 2.863674e-07      105
features.5                       137    -0.567503 8.927844e-08 1.147028e-07       73
features.14                      234    -0.562562 3.061607e-06 3.196639e-07      265
features.10                      355    -0.547327 7.305527e-08 7.665210e-09      137
features.7                       108    -0.536270 1.540246e-06 2.015638e-07      105
features.15                      849    -0.533737 6.672923e-07 1.543724e-08      329
features.7                       104    -0.524652 1.537283e-06 4.352590e-07      105
features.4                        30    -0.524229 4.665705e-07 7.608848e-08       65
features.5                       143    -0.521925 8.024497e-08 1.752350e-08       73
features.7                        18    -0.519409 1.573724e-06 8.365495e-07      105
features.17                      761    -0.515055 1.412846e-06 1.055156e-08      489
features.17                      863    -0.512487 1.396498e-06 2.934079e-09      489
features.4                        31    -0.512252 4.441652e-07 4.128086e-08       65
features.10                        9    -0.508689 8.045591e-08 1.584678e-07      137
features.4                        77    -0.501663 4.253595e-07 1.332975e-08       65
features.9                       347    -0.497563 9.526485e-08 1.331704e-08      137
features.6                       113    -0.494647 6.188127e-08 2.506970e-07       73
features.17                      500    -0.486147 1.328687e-06 6.005108e-09      489
features.4                       129    -0.480733 4.149286e-07 3.337049e-08       65
features.16                       19    -0.478853 8.172958e-07 1.848841e-08      329
features.10                       12    -0.472892 6.354937e-08 1.179841e-08      137
features.4                         0    -0.471212 5.484523e-07 4.317849e-07       65
features.6                       105    -0.468473 5.809628e-08 5.812067e-08       73
features.4                        76    -0.468320 4.036869e-07 3.102232e-08       65
features.7                       183    -0.466674 1.352584e-06 2.711442e-07      105
features.7                        32    -0.460426 1.505436e-06 1.606173e-06      105
features.6                         8    -0.458783 5.697543e-08 8.530871e-08       73
features.10                      175    -0.458584 6.165222e-08 1.175086e-08      137
features.6                       137    -0.458273 5.730390e-08 2.227955e-07       73
features.14                        6    -0.457256 2.480979e-06 2.052916e-07      265
features.4                       121    -0.456684 4.467102e-07 1.796253e-07       65
features.5                        25    -0.456139 1.071248e-07 1.761849e-06       73
features.4                        70    -0.454095 4.045081e-07 6.691482e-08       65
features.9                       223    -0.451857 8.611671e-08 6.748522e-09      137
features.17                      588    -0.446152 1.214958e-06 1.918585e-09      489
features.10                      201    -0.445745 6.023775e-08 1.517709e-08      137
features.15                       42    -0.443648 5.524362e-07 3.906140e-11      329
features.11                      208    -0.443220 4.938537e-07 3.383555e-06      169
features.10                      103    -0.439079 5.920425e-08 1.335176e-08      137
features.10                       41    -0.438565 6.029026e-08 2.725845e-08      137
features.15                      447    -0.437916 5.857367e-07 2.326153e-07      329
features.6                       163    -0.436971 5.410833e-08 2.564439e-08       73
features.11                      231    -0.435776 3.472115e-07 7.427633e-07      169
features.5                        22    -0.435130 7.125687e-08 2.202791e-07       73
features.15                      869    -0.431843 5.384569e-07 4.184217e-09      329
features.10                       32    -0.431271 5.759735e-08 6.435088e-09      137
features.16                      271    -0.430524 7.317120e-07 4.225898e-09      329
features.9                       235    -0.430407 8.245667e-08 1.218822e-08      137
features.15                       70    -0.427231 5.577621e-07 1.482398e-07      329
features.15                      793    -0.424356 5.289158e-07 2.927512e-09      329
features.6                        54    -0.423127 5.291995e-08 2.095181e-07       73
features.15                      155    -0.421066 5.247957e-07 2.787972e-09      329
features.9                       218    -0.420670 1.326312e-07 7.123691e-07      137
features.9                        85    -0.419933 7.995460e-08 5.222016e-09      137
features.9                       238    -0.419289 8.100729e-08 2.103349e-08      137
features.6                        48    -0.418985 5.196895e-08 5.542717e-08       73
features.5                        95    -0.418481 6.731648e-08 1.545403e-07       73
features.15                      687    -0.416665 5.232046e-07 2.515924e-08      329
features.9                       154    -0.412039 8.184498e-08 5.079902e-08      137
features.4                        42    -0.411991 3.579298e-07 3.516836e-08       65
features.15                      334    -0.404898 5.054509e-07 7.319430e-09      329
features.3                        12    -0.404651 4.817496e-08 5.877255e-07       57
features.5                        88    -0.402967 6.402966e-08 1.114562e-07       73
features.11                       75    -0.401591 3.082988e-07 4.664394e-07      169
features.6                       116    -0.401394 5.073981e-08 3.876823e-07       73
features.10                       60    -0.399920 5.772062e-08 5.791413e-08      137
features.15                      926    -0.399736 4.982745e-07 3.016573e-09      329
features.7                        83    -0.397647 1.332980e-06 1.644075e-06      105
features.4                        51    -0.395911 3.356942e-07 1.052540e-08       65
features.14                      526    -0.395294 2.162202e-06 3.036702e-07      265
features.9                       319    -0.394771 7.551812e-08 9.679821e-09      137
features.9                       229    -0.394095 7.520757e-08 7.223077e-09      137
features.15                      290    -0.393433 4.903133e-07 2.364335e-09      329
features.4                        20    -0.392739 3.529782e-07 6.667703e-08       65
features.16                      491    -0.391179 6.665992e-07 1.087396e-08      329
features.9                        15    -0.390357 7.943190e-08 7.361434e-08      137
features.4                        88    -0.390150 3.538633e-07 7.527876e-08       65
features.9                        60    -0.389789 7.484306e-08 1.329813e-08      137
features.5                       147    -0.389119 6.366496e-08 1.942937e-07       73
features.3                        37    -0.387772 4.629025e-08 6.464548e-07       57
features.5                       187    -0.387428 7.639223e-08 8.073700e-07       73
features.15                      394    -0.386507 4.813146e-07 2.141310e-10      329
features.4                         2    -0.386325 3.271479e-07 9.092049e-09       65
features.15                      456    -0.385413 4.808808e-07 5.549654e-09      329
features.7                       166    -0.383990 1.166127e-06 6.395990e-07      105
features.15                      625    -0.383404 4.780126e-07 3.441540e-09      329
features.13                      495    -0.382737 7.969001e-08 1.746060e-07      201
features.9                         8    -0.382304 7.322090e-08 1.055395e-08      137
features.16                      268    -0.378356 6.428230e-07 2.807362e-09      329
features.5                       142    -0.378191 5.803756e-08 7.570815e-09       73
features.14                      240    -0.377909 2.046824e-06 1.433187e-07      265
features.17                      938    -0.376654 1.030244e-06 5.313962e-09      489
features.3                       122    -0.374703 4.509307e-08 8.667022e-07       57
features.9                       241    -0.373946 7.322238e-08 3.188840e-08      137
features.17                      393    -0.373233 1.017767e-06 2.728372e-09      489
features.7                        45    -0.373172 1.501540e-06 3.505138e-06      105
features.5                        29    -0.372963 5.913493e-08 9.714820e-08       73
features.16                      768    -0.371346 6.365984e-07 2.552676e-08      329
features.16                      852    -0.370234 6.347018e-07 2.548633e-08      329
features.17                      882    -0.369308 1.015469e-06 9.534563e-09      489
features.7                       102    -0.368661 1.057118e-06 1.250095e-07      105
features.7                       153    -0.368020 1.100661e-06 4.801396e-07      105
features.8                        97    -0.367969 2.973022e-07 3.615803e-08      137
features.4                       139    -0.367934 3.324192e-07 6.734959e-08       65
features.5                       161    -0.367409 5.774955e-08 7.187190e-08       73
features.3                       123    -0.366681 4.364620e-08 5.270435e-07       57
features.9                       158    -0.366069 7.136055e-08 2.691687e-08      137
features.17                      116    -0.364122 1.005444e-06 1.284338e-08      489
features.16                      944    -0.363993 6.180744e-07 1.313764e-09      329
features.11                        1    -0.363455 2.772740e-07 3.894917e-07      169
features.9                       180    -0.361174 7.002533e-08 2.142924e-08      137
features.15                      242    -0.360920 4.498987e-07 2.773098e-09      329
features.10                      340    -0.360095 4.787974e-08 2.820922e-09      137
features.4                        41    -0.359536 3.086660e-07 2.029691e-08       65
features.17                      399    -0.358187 9.760460e-07 2.055901e-09      489
features.10                      164    -0.357826 4.797369e-08 7.570471e-09      137
features.17                      200    -0.357285 9.722464e-07 9.593560e-10      489
features.15                      111    -0.357150 4.469963e-07 1.307996e-08      329
features.15                      666    -0.355938 4.435912e-07 2.170706e-09      329
features.9                       202    -0.355398 7.111032e-08 5.076309e-08      137
features.17                      633    -0.355304 9.735750e-07 6.418485e-09      489
features.4                       128    -0.354992 3.085727e-07 3.076139e-08       65
features.4                        93    -0.354800 3.607688e-07 1.781739e-07       65
features.15                      916    -0.354408 4.415075e-07 1.147188e-09      329
features.6                       102    -0.354140 4.390885e-08 4.087046e-08       73
features.17                      602    -0.354081 9.754324e-07 1.063164e-08      489
features.17                      837    -0.354065 9.659669e-07 2.970677e-09      489
features.9                       111    -0.354010 9.665985e-08 3.981999e-07      137
features.4                        75    -0.353698 4.055359e-07 3.068168e-07       65
features.10                      329    -0.353588 4.800027e-08 1.464977e-08      137
features.4                        66    -0.352932 3.146563e-07 5.275335e-08       65
features.14                      182    -0.351668 1.979829e-06 6.777990e-07      265
features.10                      359    -0.351209 4.713365e-08 7.998374e-09      137
features.15                        3    -0.350331 4.369770e-07 4.286755e-09      329
features.13                      560    -0.349622 7.001999e-08 5.452604e-08      201
features.4                        47    -0.349520 3.563962e-07 1.783262e-07       65
features.15                      775    -0.348914 4.348489e-07 2.195734e-09      329
features.5                        14    -0.348192 5.408221e-08 3.758148e-08       73
features.13                      206    -0.347593 6.836365e-08 6.919585e-09      201
features.15                      810    -0.346323 4.385692e-07 4.214976e-08      329
features.10                      353    -0.346294 5.519575e-08 1.129984e-07      137
features.9                       268    -0.345865 6.615677e-08 8.401337e-09      137
features.15                      189    -0.345567 4.309370e-07 3.664491e-09      329
features.16                      862    -0.345446 5.878226e-07 6.221560e-09      329
features.11                       94    -0.343949 2.525867e-07 1.854408e-07      169
features.16                      502    -0.343865 5.845250e-07 3.764868e-09      329
features.13                      120    -0.343725 6.895751e-08 5.808992e-08      201
features.10                      293    -0.343162 5.238113e-08 8.407130e-08      137
features.4                        14    -0.341635 3.030214e-07 4.666336e-08       65
features.4                       143    -0.341377 4.326945e-07 4.123686e-07       65
features.8                        21    -0.340301 2.674545e-07 3.034180e-09      137
features.10                      303    -0.340034 4.556675e-08 6.933943e-09      137
features.5                       129    -0.339576 5.355545e-08 7.495788e-08       73
features.9                        48    -0.338846 6.797279e-08 5.074640e-08      137
features.9                       280    -0.338137 6.499712e-08 1.250151e-08      137
features.16                      605    -0.337250 5.724482e-07 3.602235e-10      329
features.16                      385    -0.337089 5.743568e-07 9.097534e-09      329
features.10                        6    -0.335868 4.547017e-08 1.241391e-08      137
features.6                        70    -0.335756 4.156758e-08 1.699487e-08       73
features.15                       27    -0.335123 4.201599e-07 1.648306e-08      329
features.17                      932    -0.334696 9.185150e-07 7.191820e-09      489
features.16                       75    -0.333994 5.678585e-07 4.103810e-09      329
features.11                       32    -0.330433 2.390648e-07 1.109779e-07      169
features.14                      468    -0.329820 1.782528e-06 9.730145e-08      265
features.4                        84    -0.329126 3.073584e-07 8.840284e-08       65
features.10                      324    -0.328152 4.502645e-08 1.936954e-08      137
features.17                      755    -0.328072 9.050514e-07 1.088145e-08      489
features.6                        36    -0.328025 4.103054e-08 1.641624e-07       73
features.15                      247    -0.327937 4.440292e-07 2.052233e-07      329
features.16                      284    -0.327513 5.564660e-07 2.528985e-09      329
features.11                      319    -0.327511 2.355019e-07 8.294597e-08      169
features.6                        99    -0.327332 4.199100e-08 5.315545e-07       73
features.10                      318    -0.326025 4.362506e-08 5.872096e-09      137
features.10                       11    -0.325741 4.376793e-08 8.047617e-09      137
features.16                      461    -0.324461 5.545505e-07 1.560460e-08      329
features.14                      428    -0.324178 1.755358e-06 1.197085e-07      265
features.11                       21    -0.324101 2.472388e-07 3.470919e-07      169
features.10                      269    -0.323956 4.348432e-08 7.475112e-09      137
features.13                      406    -0.323721 6.415101e-08 2.469676e-08      201
features.17                      307    -0.323344 8.945158e-07 1.276340e-08      489
features.11                      345    -0.323203 2.325203e-07 8.401453e-08      169
features.15                      623    -0.323075 4.025707e-07 1.599606e-09      329
features.15                      839    -0.322916 4.027930e-07 4.019606e-09      329
features.3                       111    -0.322654 3.827414e-08 3.760338e-07       57
features.9                       101    -0.322384 9.272706e-08 4.259219e-07      137
features.6                        14    -0.321985 3.994294e-08 4.450475e-08       73
features.15                      143    -0.321817 4.048497e-07 2.372028e-08      329
features.13                      345    -0.320733 6.429352e-08 5.226195e-08      201
features.10                       94    -0.320672 4.252119e-08 1.105016e-09      137
features.16                      855    -0.320477 5.444616e-07 2.277128e-09      329
features.4                         8    -0.320409 2.900497e-07 6.024912e-08       65
features.9                       210    -0.320361 6.329852e-08 3.497166e-08      137
features.5                       146    -0.320230 5.034417e-08 6.313081e-08       73
features.11                      219    -0.319920 2.359317e-07 1.909887e-07      169
features.4                       109    -0.319539 3.507361e-07 2.331669e-07       65
features.9                        19    -0.319355 6.106882e-08 7.525753e-09      137
features.11                      221    -0.319230 2.364757e-07 2.102387e-07      169
features.13                      569    -0.318813 6.310847e-08 2.167812e-08      201
features.3                       139    -0.318770 3.758839e-08 2.214010e-07       57
features.17                      308    -0.318556 8.855491e-07 1.605377e-08      489
features.15                      321    -0.318234 3.970303e-07 4.404146e-09      329
features.16                      401    -0.317940 5.401920e-07 2.422256e-09      329
features.12                      158    -0.317880 1.174593e-07 9.467366e-09      201
features.10                      364    -0.317471 4.210045e-08 1.138449e-09      137
features.11                      198    -0.317120 2.327068e-07 1.676513e-07      169
features.15                      559    -0.316835 3.981695e-07 2.097460e-08      329
features.11                      236    -0.316686 2.251934e-07 3.304726e-08      169
features.16                       97    -0.316675 5.413818e-07 1.578329e-08      329
features.10                      168    -0.316549 4.271261e-08 9.987454e-09      137
features.16                      168    -0.316142 5.379238e-07 5.558757e-09      329
features.16                      345    -0.316034 5.381796e-07 7.318441e-09      329
features.17                      862    -0.315836 8.651911e-07 5.511800e-09      489
features.13                      250    -0.315618 6.264135e-08 2.771255e-08      201
features.10                      177    -0.315310 5.265671e-08 1.318050e-07      137
features.16                       96    -0.314199 5.352011e-07 7.859343e-09      329
features.16                      585    -0.314153 5.361485e-07 1.196868e-08      329
features.15                      797    -0.314126 3.965438e-07 3.103126e-08      329
features.5                        90    -0.313749 4.945283e-08 6.786907e-08       73
features.9                       131    -0.312971 6.099687e-08 2.283975e-08      137
features.17                      616    -0.312238 8.527921e-07 3.382481e-09      489
features.9                       219    -0.311852 6.422288e-08 6.911421e-08      137
features.10                      307    -0.311357 4.239190e-08 1.440040e-08      137
features.15                      912    -0.311335 3.909100e-07 1.861486e-08      329
features.14                      445    -0.311178 1.705310e-06 2.623194e-07      265
features.8                       159    -0.310345 2.451542e-07 7.810907e-09      137
features.3                       124    -0.310314 3.784655e-08 1.052867e-06       57
features.15                       82    -0.310311 3.872332e-07 4.796735e-09      329
features.5                       145    -0.309568 4.940196e-08 9.568146e-08       73
features.10                      119    -0.309392 4.155767e-08 7.479961e-09      137
features.16                      103    -0.309384 5.280383e-07 1.190170e-08      329
features.10                      157    -0.308909 4.133990e-08 5.625596e-09      137
features.16                      739    -0.308120 5.247033e-07 7.133529e-09      329
features.11                      153    -0.307366 2.274880e-07 1.987092e-07      169
features.11                      256    -0.307071 2.255051e-07 1.655575e-07      169
features.11                       91    -0.307046 2.222121e-07 1.043907e-07      169
features.16                      416    -0.306234 5.206302e-07 3.641929e-09      329
features.9                       119    -0.306116 7.874489e-08 2.792106e-07      137
features.6                        43    -0.306092 4.138436e-08 1.240921e-06       73
features.9                        71    -0.306079 5.907244e-08 1.451332e-08      137
features.15                       25    -0.305729 3.880332e-07 4.221793e-08      329
features.12                      270    -0.305588 1.122760e-07 2.405903e-09      201
features.14                      113    -0.305304 1.649025e-06 8.276370e-08      265
features.11                      278    -0.303934 2.147576e-07 6.167818e-09      169
features.11                      265    -0.303867 2.182593e-07 7.245306e-08      169
features.4                        67    -0.302533 2.968044e-07 1.214668e-07       65
features.15                      626    -0.302320 3.780507e-07 9.214014e-09      329
features.16                      566    -0.302088 5.137730e-07 4.361373e-09      329
features.15                       67    -0.301905 3.761754e-07 1.406243e-09      329
features.10                      297    -0.301218 4.016444e-08 3.723425e-09      137
features.11                      381    -0.301204 2.162723e-07 7.043340e-08      169
features.15                      590    -0.301142 3.756985e-07 4.120811e-09      329
features.5                        61    -0.300734 4.857900e-08 1.206498e-07       73
features.4                        87    -0.300155 2.769559e-07 7.119716e-08       65
features.16                      223    -0.299835 5.099931e-07 4.531904e-09      329
features.3                        55    -0.299789 3.612770e-08 7.268687e-07       57
features.6                       146    -0.299641 3.729515e-08 8.496490e-08       73
features.16                      320    -0.299374 5.157809e-07 3.084731e-08      329
features.4                        64    -0.298757 2.876977e-07 1.047409e-07       65
features.16                      510    -0.298140 5.065867e-07 2.410067e-09      329
features.5                        86    -0.298130 4.896415e-08 1.576469e-07       73
features.9                       335    -0.298110 5.877074e-08 3.077632e-08      137
features.14                      236    -0.298090 1.632358e-06 2.423853e-07      265
features.16                      280    -0.297290 5.056145e-07 4.294855e-09      329
features.16                      667    -0.297233 5.058838e-07 5.761183e-09      329
features.3                        85    -0.297227 3.822039e-08 2.322477e-06       57
features.9                        14    -0.296699 7.591213e-08 2.650976e-07      137
features.15                      354    -0.296483 3.691983e-07 1.028898e-10      329
features.16                      402    -0.296345 5.039678e-07 4.126749e-09      329
features.17                      553    -0.296187 8.092420e-07 3.442707e-09      489
features.5                        97    -0.296177 5.276027e-08 3.509740e-07       73
features.5                       116    -0.295980 4.891762e-08 1.709885e-07       73
features.14                      103    -0.295816 1.692898e-06 7.694608e-07      265
features.16                       54    -0.295704 5.023086e-07 1.837918e-09      329
features.16                      884    -0.295665 5.031883e-07 5.624655e-09      329
features.6                        20    -0.294952 3.768767e-08 4.264711e-07       73
features.16                      409    -0.294877 5.052891e-07 1.939414e-08      329
features.16                      485    -0.294527 5.007014e-07 3.402808e-09      329
features.15                      956    -0.294391 3.668469e-07 1.560787e-09      329
features.16                      531    -0.292594 4.982576e-07 6.750829e-09      329
features.5                        99    -0.292281 5.130439e-08 3.103931e-07       73
features.15                      612    -0.292256 3.659032e-07 1.142484e-08      329
features.6                        15    -0.292241 3.657345e-08 1.528923e-07       73
features.16                      151    -0.291760 4.953815e-07 9.006229e-10      329
features.16                      601    -0.291303 4.955058e-07 4.508951e-09      329
features.15                       33    -0.290670 3.624754e-07 3.066382e-09      329
features.15                      420    -0.290347 3.639881e-07 1.408110e-08      329
features.4                       111    -0.290176 2.849241e-07 1.171880e-07       65
features.14                      309    -0.290028 1.592040e-06 2.635678e-07      265
features.15                      358    -0.289972 3.925404e-07 1.809819e-07      329
features.14                      305    -0.289919 1.559465e-06 3.175943e-08      265
features.16                       16    -0.289778 5.120162e-07 8.099263e-08      329
features.15                      165    -0.289768 3.612925e-07 2.724446e-09      329
features.15                      953    -0.289695 3.611027e-07 2.160567e-09      329
features.11                      151    -0.289483 2.101614e-07 1.107380e-07      169
features.7                        22    -0.289429 1.241433e-06 3.320317e-06      105
features.10                      231    -0.289163 3.871552e-08 5.484755e-09      137
features.17                      937    -0.288072 7.839626e-07 8.210779e-10      489
features.16                      377    -0.287998 4.887930e-07 8.735120e-11      329
features.16                      863    -0.287414 4.884371e-07 2.631855e-09      329
features.9                       323    -0.287347 5.565101e-08 1.623260e-08      137
features.17                      807    -0.287128 7.831306e-07 2.232724e-09      489
features.4                       126    -0.286489 2.468744e-07 1.876432e-08       65
features.4                         6    -0.285362 3.350695e-07 2.697380e-07       65
features.9                        22    -0.285280 5.622233e-08 2.919597e-08      137
features.4                        40    -0.284235 2.425496e-07 1.190729e-08       65
features.5                       126    -0.284072 4.366335e-08 8.959008e-09       73
features.14                       90    -0.283383 1.559147e-06 2.835131e-07      265
features.13                      313    -0.283073 5.593042e-08 1.533789e-08      201
features.14                      455    -0.282972 1.602215e-06 6.115790e-07      265
features.10                      289    -0.282968 3.946122e-08 2.435068e-08      137
features.15                      467    -0.282950 3.537873e-07 8.385308e-09      329
features.4                        12    -0.282783 2.573347e-07 5.696235e-08       65
features.16                      947    -0.282522 4.801447e-07 2.668155e-09      329
features.9                       296    -0.282131 6.660049e-08 1.769153e-07      137
features.9                       138    -0.282101 5.390249e-08 6.078198e-09      137
features.9                       380    -0.281770 5.364347e-08 3.434440e-09      137
features.15                      553    -0.281411 3.504271e-07 8.646619e-11      329
features.10                      377    -0.280901 3.761885e-08 5.443244e-09      137
features.9                       134    -0.280840 5.513643e-08 2.590157e-08      137
features.11                      189    -0.280648 2.011271e-07 5.841797e-08      169
features.14                      217    -0.280599 1.521765e-06 1.208558e-07      265
features.5                       112    -0.280595 4.410940e-08 5.513883e-08       73
features.16                      579    -0.280148 4.813788e-07 2.374616e-08      329
features.16                      426    -0.280094 4.757365e-07 1.518557e-09      329
features.9                       236    -0.280008 5.477153e-08 2.311212e-08      137
features.14                      207    -0.279999 1.542109e-06 2.915745e-07      265
features.3                        72    -0.279267 3.302065e-08 2.541944e-07       57
features.9                       248    -0.279177 5.403766e-08 1.535403e-08      137
features.4                        68    -0.278639 2.646174e-07 8.725055e-08       65
features.10                      166    -0.278638 3.779911e-08 1.122347e-08      137
features.9                       366    -0.278434 5.326812e-08 6.890513e-09      137
features.17                      211    -0.278283 7.662265e-07 8.034538e-09      489
features.6                       166    -0.278067 3.490975e-08 1.841428e-07       73
features.10                      233    -0.277802 4.153257e-08 5.755145e-08      137
features.15                      438    -0.277477 3.458555e-07 1.963727e-09      329
features.16                      938    -0.276790 4.702261e-07 1.905237e-09      329
features.15                      502    -0.276699 3.452434e-07 4.018766e-09      329
features.16                      269    -0.276420 4.705373e-07 5.670164e-09      329
features.10                      315    -0.276154 3.904979e-08 3.025816e-08      137
features.3                       125    -0.276133 3.302565e-08 5.018666e-07       57
features.15                       22    -0.276038 3.445233e-07 4.606990e-09      329
features.3                       136    -0.275691 3.336049e-08 7.596988e-07       57
features.10                      223    -0.275411 4.237241e-08 7.148638e-08      137
features.10                      234    -0.275380 4.709398e-08 1.284376e-07      137
features.11                      363    -0.275174 1.971982e-07 5.717438e-08      169
features.17                      257    -0.275167 7.500461e-07 1.762715e-09      489
features.15                      735    -0.275111 3.482286e-07 3.255876e-08      329
features.17                      855    -0.275011 7.508026e-07 2.723102e-09      489
features.9                       175    -0.274789 5.305061e-08 1.325806e-08      137
features.9                       375    -0.274386 5.342414e-08 1.931577e-08      137
features.7                        42    -0.274335 8.583166e-07 6.542344e-07      105
features.15                      200    -0.274283 3.432999e-07 1.014515e-08      329
features.9                        28    -0.273978 5.683988e-08 6.633169e-08      137
features.17                      782    -0.273803 7.456815e-07 1.228655e-09      489
features.13                      538    -0.273735 5.417399e-08 1.818182e-08      201
features.17                      354    -0.273696 7.462962e-07 1.965767e-09      489
features.9                       199    -0.273325 5.225314e-08 6.259369e-09      137
features.9                         0    -0.273157 5.432449e-08 3.456869e-08      137
features.15                      421    -0.272806 3.402477e-07 3.162041e-09      329
features.16                      653    -0.272581 4.677700e-07 2.067459e-08      329
features.4                        94    -0.272482 2.690395e-07 1.142371e-07       65
features.16                      228    -0.272292 4.786441e-07 6.619280e-08      329
features.16                      504    -0.272184 4.624283e-07 1.981716e-09      329
features.16                      721    -0.271838 4.624244e-07 4.321657e-09      329
features.11                       46    -0.271655 1.980739e-07 1.198981e-07      169
features.9                       352    -0.271552 5.257763e-08 1.514854e-08      137
features.14                      318    -0.271298 1.463660e-06 6.129302e-08      265
features.14                      238    -0.271153 1.501063e-06 3.379741e-07      265
features.14                      299    -0.271031 1.464396e-06 7.702671e-08      265
features.16                      170    -0.270986 4.603156e-07 1.667651e-09      329
features.9                       312    -0.270812 5.264446e-08 1.793425e-08      137
features.5                       179    -0.270259 4.258430e-08 5.782182e-08       73
features.4                        34    -0.269884 3.382819e-07 3.153216e-07       65
features.13                      553    -0.269695 5.389795e-08 3.771948e-08      201
features.16                      205    -0.269536 4.579514e-07 2.051528e-09      329
features.6                       183    -0.269393 3.342252e-08 3.851124e-08       73
features.5                         6    -0.269296 4.209379e-08 4.161727e-08       73
features.16                      275    -0.269287 4.576111e-07 2.382692e-09      329
features.5                       156    -0.269205 4.238850e-08 5.619114e-08       73
features.14                      109    -0.269000 1.486833e-06 3.185287e-07      265
features.9                        38    -0.268803 5.134569e-08 5.576745e-09      137
features.11                       64    -0.268077 2.119673e-07 4.265406e-07      169
features.17                       45    -0.267993 7.319363e-07 2.893320e-09      489
features.9                       363    -0.267775 5.214866e-08 1.900740e-08      137
features.14                       97    -0.267521 1.468928e-06 2.462806e-07      265
features.10                      330    -0.267481 3.693011e-08 1.854230e-08      137
features.16                      202    -0.267409 4.568759e-07 1.220205e-08      329
features.11                       93    -0.267385 1.974978e-07 1.653997e-07      169
features.15                      820    -0.267326 3.428822e-07 5.756568e-08      329
features.16                      731    -0.267075 4.575123e-07 1.701746e-08      329
features.4                       141    -0.266875 2.613531e-07 1.058305e-07       65
features.11                        9    -0.266301 2.233555e-07 6.626320e-07      169
features.15                        5    -0.265914 3.317025e-07 3.374519e-09      329
features.13                      277    -0.265874 5.225990e-08 4.102128e-09      201
features.17                      105    -0.265703 7.290759e-07 5.628479e-09      489
features.16                      301    -0.265664 4.515765e-07 2.838291e-09      329
features.10                      142    -0.265236 3.594923e-08 1.030020e-08      137
features.12                       59    -0.265183 1.007730e-07 3.698787e-08      201
features.16                      196    -0.264580 4.522109e-07 1.274439e-08      329
features.3                        52    -0.264580 3.124293e-08 2.134219e-07       57
features.9                       289    -0.264536 5.109183e-08 1.304301e-08      137
features.17                      464    -0.264409 7.304868e-07 9.634460e-09      489
features.15                      228    -0.264304 3.339825e-07 2.802116e-08      329
features.15                      670    -0.264141 3.312254e-07 1.333268e-08      329
features.12                      222    -0.263859 9.977104e-08 3.159242e-08      201
features.12                      304    -0.263837 9.721096e-08 4.944494e-09      201
features.17                      262    -0.263555 7.294313e-07 1.066302e-08      489
features.16                      495    -0.262982 4.487335e-07 9.684214e-09      329
features.15                      808    -0.262820 3.275795e-07 1.821622e-09      329
features.9                        40    -0.262787 5.898625e-08 1.237621e-07      137
features.11                      162    -0.262697 1.901548e-07 9.003431e-08      169
features.17                      227    -0.262590 7.166714e-07 2.421212e-09      489
features.5                       105    -0.262512 4.074975e-08 2.718068e-08       73
features.11                      154    -0.261980 1.862090e-07 2.578782e-08      169
features.3                         9    -0.261798 3.087738e-08 1.864860e-07       57
features.9                       159    -0.261627 5.049261e-08 1.239524e-08      137
features.9                       277    -0.260900 5.253998e-08 4.180768e-08      137
features.11                      210    -0.260609 1.937178e-07 1.840938e-07      169
features.10                      110    -0.260460 4.086602e-08 7.717249e-08      137
features.10                      181    -0.260351 3.483518e-08 4.664782e-09      137
features.4                       137    -0.259936 2.433947e-07 7.164979e-08       65
features.15                      497    -0.259726 3.250200e-07 9.261704e-09      329
features.10                      113    -0.259694 3.706413e-08 3.257425e-08      137
features.16                      638    -0.259563 4.445259e-07 1.606659e-08      329
features.15                      642    -0.259437 3.234319e-07 2.197148e-09      329
features.15                      660    -0.259398 3.269244e-07 2.255732e-08      329
features.11                       50    -0.258626 2.461572e-07 1.189642e-06      169
features.8                       112    -0.258346 2.029639e-07 1.980224e-09      137
features.12                      569    -0.257654 9.743072e-08 3.091280e-08      201
features.14                       64    -0.257638 1.397357e-06 1.117687e-07      265
features.17                      814    -0.256714 7.070634e-07 7.593100e-09      489
features.10                       38    -0.256335 3.415046e-08 2.815566e-09      137
features.17                      196    -0.256215 7.119634e-07 1.268204e-08      489
features.4                        11    -0.256146 2.382109e-07 6.600223e-08       65
features.17                      538    -0.255517 6.959571e-07 1.208460e-09      489
features.9                       284    -0.255222 4.868277e-08 4.370831e-09      137
features.10                      261    -0.254936 3.665061e-08 3.517829e-08      137
features.17                      622    -0.254680 7.015920e-07 7.641424e-09      489
features.13                      354    -0.254598 5.071979e-08 2.951001e-08      201
features.4                       136    -0.254394 2.650295e-07 1.456463e-07       65
features.17                      661    -0.253980 6.976813e-07 6.006950e-09      489
features.9                        36    -0.253600 4.873363e-08 9.192711e-09      137
features.5                        32    -0.253514 4.074677e-08 9.205053e-08       73
features.4                       117    -0.252930 2.452876e-07 9.351778e-08       65
features.16                      429    -0.252746 4.364384e-07 3.001574e-08      329
features.12                      237    -0.252577 9.473048e-08 2.215415e-08      201
features.4                         9    -0.252261 2.192228e-07 2.171267e-08       65
features.16                      321    -0.252076 4.336113e-07 2.324344e-08      329
features.10                      211    -0.252065 3.401520e-08 7.994579e-09      137
features.15                      949    -0.251767 3.198898e-07 3.675363e-08      329
features.10                      209    -0.251732 3.393275e-08 7.533085e-09      137
features.9                       117    -0.251393 4.926059e-08 2.191415e-08      137
features.2                        35    -0.251377 1.389159e-07 2.235335e-05       49
features.15                      627    -0.250993 3.137245e-07 6.836603e-09      329
features.17                      300    -0.250801 6.838598e-07 1.795714e-09      489
features.16                       14    -0.250682 4.258220e-07 1.525887e-09      329
features.16                      882    -0.250650 4.258989e-07 2.050142e-09      329
features.17                      728    -0.250569 6.927273e-07 9.516574e-09      489
features.11                      252    -0.249978 1.994170e-07 4.306153e-07      169
features.15                      148    -0.249881 3.116401e-07 2.808295e-09      329
features.12                       66    -0.249847 9.806789e-08 6.745298e-08      201
features.12                      236    -0.249612 9.179604e-08 2.863644e-09      201
features.13                      193    -0.249183 5.122872e-08 8.894292e-08      201
features.16                      255    -0.249016 4.238686e-07 5.027483e-09      329
features.15                      545    -0.248893 3.104295e-07 2.924899e-09      329
features.11                      276    -0.248711 1.808582e-07 1.006811e-07      169
features.16                      742    -0.248293 4.240101e-07 1.050739e-08      329
features.16                      771    -0.247518 4.245076e-07 1.776502e-08      329
features.12                      185    -0.247474 9.139031e-08 6.814354e-09      201
features.16                      494    -0.247305 4.202288e-07 2.077676e-09      329
features.16                      218    -0.246978 4.200372e-07 3.532427e-09      329
features.11                      230    -0.246825 1.824753e-07 1.557403e-07      169
features.4                        79    -0.246580 2.390956e-07 9.107544e-08       65
features.6                         1    -0.246430 3.100437e-08 1.865202e-07       73
features.12                      409    -0.245998 9.394493e-08 3.913990e-08      201
features.17                       26    -0.245403 6.689601e-07 1.608597e-09      489
features.16                      104    -0.245295 4.170332e-07 2.939087e-09      329
features.11                       39    -0.245216 1.771954e-07 7.832919e-08      169
features.4                        65    -0.245084 2.404626e-07 9.845480e-08       65
features.17                      711    -0.244896 6.786888e-07 1.063961e-08      489
features.16                       46    -0.244873 4.215924e-07 2.406573e-08      329
