================================================================================
Channel Pruning Log
  iteration  : 14
  alpha      : 0.9000
  timestamp  : 2026-04-23 10:52:19
  remove_target  : 45094
  accum_removed  : 45358
  selected_channels : 318
  total_params   : 2289600
  active_after   : 915890
  model_sparsity : 60.0%
================================================================================

[ 레이어별 채널 제거 비율 ]
  layer                total_ch  this_iter    cumul  cumul_%
  ----------------------------------------------------------
  features.1                 32          0       23    71.9%
  features.2                 96          5       68    70.8%
  features.3                144         33       79    54.9%
  features.4                144          3       24    16.7%
  features.5                192         34      112    58.3%
  features.6                192         35      141    73.4%
  features.7                192         15       27    14.1%
  features.8                384         34      190    49.5%
  features.9                384         14      228    59.4%
  features.10               384         24      288    75.0%
  features.11               384         22      273    71.1%
  features.12               576         49      332    57.6%
  features.13               576         19      322    55.9%
  features.14               576         16      291    50.5%
  features.15               960         15      864    90.0%
  features.16               960          0      864    90.0%
  features.17               960          0      864    90.0%

[ 블록별 제거 채널 수 ]
  features.10: 24채널 제거
  features.11: 22채널 제거
  features.12: 49채널 제거
  features.13: 19채널 제거
  features.14: 16채널 제거
  features.15: 15채널 제거
  features.2: 5채널 제거
  features.3: 33채널 제거
  features.4: 3채널 제거
  features.5: 34채널 제거
  features.6: 35채널 제거
  features.7: 15채널 제거
  features.8: 34채널 제거
  features.9: 14채널 제거

[ 선택된 채널 상세 ]
block                             ch        score          phi         perf  weights
--------------------------------------------------------------------------------
features.6                        49    -0.006134 4.860977e-08 2.030695e-07       73
features.6                       169    -0.005381 2.826028e-08 1.065935e-07       73
features.6                        28    -0.004934 4.302787e-08 1.828781e-07       73
features.6                       167    -0.004842 1.920266e-08 6.494051e-08       73
features.6                        25    -0.003238 5.287322e-08 2.425646e-07       73
features.6                       142    -0.002254 1.441405e-08 5.746954e-08       73
features.11                      170    -0.002232 2.247093e-07 1.210674e-07      169
features.14                      372    -0.002141 4.731327e-07 4.200829e-09      265
features.7                        34    -0.002135 4.949239e-07 8.698269e-09      105
features.15                      461    -0.001967 9.386032e-08 4.781961e-08      329
features.15                      845    -0.001861 4.504124e-07 2.959613e-07      329
features.7                       184    -0.001549 4.589403e-07 8.225109e-09      105
features.15                      947    -0.001397 1.828654e-07 1.145330e-07      329
features.15                       89    -0.001150 4.996384e-07 3.363323e-07      329
features.6                        94    -0.000617 4.274205e-08 2.087227e-07       73
features.7                        40    -0.000524 6.632440e-07 1.251992e-08      105
features.6                        83    -0.000430 7.414433e-09 3.416488e-08       73
features.6                        90    -0.000276 1.219126e-08 5.890023e-08       73
features.11                      222    -0.000213 7.148250e-07 4.203523e-07      169
features.3                        50     0.000173 1.972455e-08 1.518711e-07       57
features.3                        74     0.000220 1.998816e-08 1.546268e-07       57
features.15                      452     0.000252 1.388944e-07 9.851488e-08      329
features.15                      779     0.000386 1.413880e-07 1.014162e-07      329
features.5                       114     0.000507 5.673581e-08 7.784092e-08       73
features.8                       270     0.000602 7.118192e-08 1.068217e-08      137
features.5                       129     0.000615 2.488269e-08 3.664312e-08       73
features.7                       124     0.000792 3.309626e-07 6.637005e-09      105
features.15                      272     0.000806 1.719951e-07 1.263218e-07      329
features.3                        28     0.000845 1.739934e-08 1.452413e-07       57
features.5                        14     0.001004 2.533456e-08 3.971628e-08       73
features.3                        30     0.001037 1.960286e-08 1.650115e-07       57
features.15                      684     0.001103 1.891262e-07 1.408118e-07      329
features.6                        41     0.001109 1.269386e-08 7.014881e-08       73
features.12                      532     0.001113 2.587364e-08 5.179415e-09      201
features.3                        52     0.001114 1.557002e-08 1.357816e-07       57
features.15                      685     0.001175 6.774491e-08 5.727849e-08      329
features.9                       129     0.001188 2.532977e-08 4.248328e-09      137
features.15                       44     0.001242 8.486144e-08 6.973489e-08      329
features.7                        56     0.001328 6.488233e-07 1.292821e-08      105
features.12                      229     0.001337 3.076071e-08 6.167664e-09      201
features.6                         2     0.001409 4.450555e-08 2.302932e-07       73
features.10                      368     0.001459 1.258711e-08 2.985548e-09      137
features.12                       87     0.001523 7.772550e-08 1.418769e-08      201
features.15                      344     0.001624 1.501429e-07 1.183515e-07      329
features.14                      337     0.001665 6.275966e-07 6.544169e-09      265
features.12                      248     0.001786 2.850511e-08 6.127674e-09      201
features.15                      382     0.001809 3.391456e-07 2.510223e-07      329
features.3                       142     0.001912 9.628312e-09 1.038822e-07       57
features.10                       11     0.001931 3.668795e-08 7.453738e-09      137
features.6                        23     0.001954 2.864203e-08 1.548177e-07       73
features.15                      349     0.001955 1.065410e-07 9.102472e-08      329
features.5                         0     0.002060 4.818370e-09 1.947827e-08       73
features.6                       191     0.002124 2.624624e-09 2.646807e-08       73
features.15                      610     0.002205 9.093735e-08 8.240223e-08      329
features.15                      798     0.002214 5.546269e-08 5.788505e-08      329
features.13                      152     0.002246 2.419301e-08 5.424105e-09      201
features.7                       133     0.002271 6.140021e-07 1.260898e-08      105
features.3                        93     0.002368 7.983994e-09 9.886670e-08       57
features.6                       124     0.002369 4.399610e-09 3.684845e-08       73
features.10                      330     0.002474 6.998938e-08 1.356937e-08      137
features.5                       172     0.002489 2.544193e-08 4.933105e-08       73
features.6                        87     0.002544 7.614052e-09 5.394058e-08       73
features.6                       157     0.002673 8.177122e-09 5.755592e-08       73
features.9                        36     0.002688 4.263608e-08 7.462827e-09      137
features.9                       279     0.002690 4.846961e-08 8.317985e-09      137
features.12                      381     0.002699 4.870146e-08 1.020348e-08      201
features.5                        46     0.002747 2.347661e-08 4.839802e-08       73
features.14                      535     0.002748 1.260900e-07 1.835527e-09      265
features.7                       128     0.002819 6.136904e-07 1.280587e-08      105
features.6                       166     0.002831 6.735020e-09 5.138395e-08       73
features.8                        26     0.002838 1.358515e-08 4.360750e-09      137
features.12                       76     0.002981 2.471927e-08 6.391547e-09      201
features.5                        12     0.002983 1.112292e-08 3.365860e-08       73
features.11                      127     0.002991 6.638397e-08 5.443646e-08      169
features.6                       106     0.002992 4.263695e-09 4.010822e-08       73
features.12                      219     0.003001 6.053148e-08 1.241578e-08      201
features.3                       135     0.003009 9.817289e-09 1.231590e-07       57
features.10                       81     0.003045 2.840909e-08 6.604539e-09      137
features.14                      204     0.003058 1.263275e-07 1.904790e-09      265
features.7                        59     0.003095 3.546895e-07 7.942920e-09      105
features.5                        86     0.003194 2.902233e-08 5.854252e-08       73
features.14                      185     0.003210 5.946778e-07 6.553271e-09      265
features.14                      179     0.003260 6.559027e-07 7.167396e-09      265
features.3                        37     0.003283 9.294183e-09 1.236598e-07       57
features.5                       131     0.003286 4.333318e-09 2.665821e-08       73
features.8                        82     0.003303 5.079682e-08 1.007366e-08      137
features.11                       93     0.003338 2.415499e-07 1.594852e-07      169
features.8                       186     0.003384 9.187394e-09 4.198083e-09      137
features.10                      248     0.003418 1.443111e-08 4.361113e-09      137
features.7                       181     0.003516 5.671967e-07 1.217212e-08      105
features.2                        86     0.003542 1.269332e-08 1.066139e-06       49
features.10                      246     0.003589 7.951280e-08 1.583414e-08      137
features.7                       109     0.003608 3.894605e-07 8.799207e-09      105
features.3                        76     0.003673 1.717770e-09 7.275906e-08       57
features.3                        54     0.003682 4.568705e-09 9.444772e-08       57
features.5                       159     0.003735 1.837208e-08 4.798916e-08       73
features.14                       91     0.003742 3.106423e-07 3.868855e-09      265
features.8                       356     0.003747 1.803749e-08 5.772338e-09      137
features.8                        13     0.003762 2.730356e-08 7.108555e-09      137
features.6                        27     0.003823 1.626455e-08 1.050536e-07       73
features.5                       141     0.003827 1.136044e-08 3.935286e-08       73
features.9                       214     0.003827 4.532592e-09 2.398401e-09      137
features.6                        17     0.003833 8.294194e-09 6.546747e-08       73
features.8                       242     0.003853 5.409743e-08 1.101410e-08      137
features.10                      222     0.003874 1.681707e-08 5.023191e-09      137
features.13                      250     0.003880 3.844438e-08 8.788477e-09      201
features.11                      223     0.003937 1.718053e-07 1.214309e-07      169
features.3                        41     0.003966 3.328246e-08 3.160544e-07       57
features.10                      255     0.003973 2.526109e-07 4.631073e-08      137
features.11                      148     0.004003 2.828681e-07 1.872441e-07      169
features.10                       56     0.004053 3.562396e-08 8.408059e-09      137
features.5                        88     0.004089 4.019340e-08 7.893860e-08       73
features.6                       150     0.004090 4.195992e-09 4.670177e-08       73
features.13                      369     0.004127 3.961393e-08 9.126193e-09      201
features.13                      228     0.004142 7.383299e-09 3.539267e-09      201
features.12                      432     0.004143 5.289333e-08 1.199422e-08      201
features.5                       169     0.004153 9.387983e-09 3.883812e-08       73
features.6                        71     0.004176 6.075508e-09 5.659574e-08       73
features.13                      217     0.004179 2.668818e-08 6.910814e-09      201
features.3                        32     0.004219 4.590768e-09 1.033481e-07       57
features.12                      566     0.004235 7.821557e-09 4.501031e-09      201
features.8                       163     0.004261 7.805389e-08 1.478409e-08      137
features.12                      283     0.004267 3.614576e-08 9.277411e-09      201
features.12                       48     0.004269 9.458376e-09 4.801409e-09      201
features.12                      290     0.004296 1.075748e-07 2.128394e-08      201
features.8                       332     0.004338 3.093345e-08 8.118334e-09      137
features.3                        38     0.004361 3.185289e-09 9.503520e-08       57
features.9                       121     0.004396 1.628046e-08 4.376528e-09      137
features.5                       111     0.004438 1.037386e-08 4.195412e-08       73
features.12                      570     0.004451 2.465718e-08 7.488556e-09      201
features.11                      336     0.004462 1.161268e-07 9.128760e-08      169
features.14                      374     0.004490 5.118980e-07 6.013557e-09      265
features.3                       109     0.004506 1.011449e-08 1.497708e-07       57
features.8                        10     0.004590 2.044010e-08 6.834525e-09      137
features.12                      383     0.004621 7.696469e-09 4.770558e-09      201
features.10                      269     0.004642 5.113660e-08 1.143757e-08      137
features.12                       68     0.004655 4.389490e-08 1.086963e-08      201
features.5                       182     0.004722 1.629189e-08 5.154984e-08       73
features.2                        24     0.004735 2.048062e-08 1.518295e-06       49
features.12                      530     0.004741 1.866104e-08 6.700801e-09      201
features.12                      238     0.004784 2.067677e-08 7.071017e-09      201
features.5                       181     0.004799 6.501977e-09 3.916608e-08       73
features.12                      193     0.004815 1.596651e-08 6.304201e-09      201
features.5                        13     0.004818 6.018270e-09 3.865249e-08       73
features.3                       127     0.004821 3.727892e-08 3.601702e-07       57
features.6                       151     0.004834 3.410764e-08 2.002005e-07       73
features.8                       323     0.004928 2.248373e-08 7.414434e-09      137
features.9                       297     0.004933 1.666700e-08 4.676592e-09      137
features.9                       237     0.004975 1.374630e-08 4.268068e-09      137
features.11                      296     0.004982 2.067308e-07 1.473654e-07      169
features.6                        79     0.004993 2.691693e-08 1.654328e-07       73
features.12                      523     0.005033 3.264804e-08 9.267476e-09      201
features.12                      437     0.005068 2.210202e-08 7.524457e-09      201
features.8                       245     0.005114 2.482075e-08 7.907007e-09      137
features.12                      535     0.005165 3.823595e-08 1.030437e-08      201
features.3                         5     0.005185 1.009939e-08 1.606929e-07       57
features.14                      420     0.005199 8.215832e-07 9.218549e-09      265
features.14                       39     0.005204 7.076725e-07 8.097039e-09      265
features.5                       168     0.005210 4.975154e-09 3.977786e-08       73
features.11                      301     0.005332 9.128159e-08 8.108765e-08      169
features.5                        24     0.005340 6.238396e-09 4.227259e-08       73
features.5                       179     0.005360 9.128994e-09 4.619989e-08       73
features.5                        98     0.005369 1.478925e-08 5.369946e-08       73
features.8                       276     0.005429 2.437103e-08 8.110868e-09      137
features.5                       171     0.005490 3.095500e-08 7.572892e-08       73
features.10                      202     0.005493 3.077842e-08 8.335045e-09      137
features.8                       355     0.005494 2.215590e-08 7.850166e-09      137
features.12                      420     0.005496 5.376235e-09 5.040304e-09      201
features.11                      312     0.005506 1.464428e-07 1.145006e-07      169
features.10                       84     0.005508 6.005987e-08 1.346344e-08      137
features.5                        43     0.005538 5.683022e-09 4.280147e-08       73
features.12                       43     0.005558 3.770619e-08 1.051128e-08      201
features.14                      225     0.005560 4.531788e-07 5.665735e-09      265
features.6                        13     0.005562 3.275790e-09 5.142243e-08       73
features.3                       113     0.005581 8.811492e-09 1.574071e-07       57
features.13                      497     0.005721 2.331379e-08 7.165040e-09      201
features.6                       101     0.005728 5.913909e-09 6.559772e-08       73
features.7                       122     0.005731 5.076093e-07 1.184846e-08      105
features.6                       137     0.005736 1.327754e-08 1.022731e-07       73
features.12                      466     0.005769 1.668033e-08 7.141889e-09      201
features.9                       184     0.005784 1.801575e-08 5.259698e-09      137
features.11                      125     0.005812 8.659295e-08 8.078009e-08      169
features.8                       258     0.005818 3.719708e-08 1.027556e-08      137
features.11                      379     0.005857 4.236167e-08 5.493500e-08      169
features.10                       18     0.005894 3.197210e-08 8.759290e-09      137
features.11                      261     0.005922 2.992772e-07 2.067374e-07      169
features.7                       180     0.005941 2.829720e-07 7.619914e-09      105
features.3                        56     0.005944 2.243715e-08 2.662914e-07       57
features.8                       329     0.006004 1.858685e-08 7.774910e-09      137
features.5                       103     0.006055 2.175082e-08 6.722804e-08       73
features.3                        17     0.006088 3.264071e-09 1.237496e-07       57
features.10                      164     0.006109 4.958262e-08 1.195469e-08      137
features.14                      425     0.006147 3.165349e-07 4.445823e-09      265
features.11                      375     0.006159 7.463157e-08 7.550516e-08      169
features.3                        20     0.006195 2.131044e-08 2.618613e-07       57
features.8                       107     0.006226 7.930250e-08 1.663820e-08      137
features.6                        60     0.006260 5.009048e-09 6.445642e-08       73
features.12                      394     0.006263 1.017326e-07 2.178442e-08      201
features.13                       73     0.006295 3.388471e-08 9.313194e-09      201
features.6                       125     0.006296 2.841620e-09 5.389855e-08       73
features.6                       113     0.006300 1.268751e-08 1.029019e-07       73
features.8                       142     0.006345 4.939692e-08 1.246708e-08      137
features.2                         5     0.006376 2.926656e-08 2.089457e-06       49
features.5                        95     0.006397 4.303197e-08 9.739844e-08       73
features.8                       241     0.006432 3.560691e-08 1.057140e-08      137
features.9                       149     0.006454 3.809062e-08 8.503693e-09      137
features.5                        47     0.006463 1.140072e-08 5.622339e-08       73
features.3                        77     0.006504 3.981145e-09 1.359347e-07       57
features.3                        98     0.006516 1.738388e-08 2.374076e-07       57
features.6                       165     0.006529 6.866388e-09 7.539067e-08       73
features.13                      241     0.006601 1.417565e-08 6.058439e-09      201
features.12                      291     0.006610 8.660685e-09 6.430026e-09      201
features.10                      115     0.006625 5.984703e-08 1.402695e-08      137
features.10                        4     0.006639 4.667795e-08 1.173165e-08      137
features.6                        31     0.006646 1.082572e-08 9.582567e-08       73
features.5                         7     0.006686 3.750437e-09 4.758264e-08       73
features.3                       116     0.006732 1.200944e-08 2.003086e-07       57
features.12                      249     0.006740 3.720131e-09 5.698853e-09      201
features.12                       19     0.006764 2.241163e-08 8.853117e-09      201
features.13                      383     0.006770 2.561335e-08 8.136017e-09      201
features.4                        97     0.006820 8.218938e-09 9.398791e-09       65
features.12                       81     0.006857 9.071070e-08 2.038247e-08      201
features.5                        50     0.006860 5.869919e-09 5.147877e-08       73
features.11                       64     0.006860 2.102831e-07 1.590647e-07      169
features.11                      305     0.006871 7.012608e-08 7.648791e-08      169
features.13                      514     0.006932 8.342374e-08 1.826028e-08      201
features.8                        32     0.006973 2.470586e-08 9.475221e-09      137
features.3                        73     0.007035 1.255446e-08 2.093531e-07       57
features.11                      318     0.007096 1.338681e-07 1.152187e-07      169
features.3                        24     0.007098 9.111131e-09 1.843575e-07       57
features.4                        10     0.007115 9.625958e-08 1.938376e-08       65
features.11                      119     0.007121 5.360461e-08 6.802761e-08      169
features.12                      565     0.007128 2.702114e-08 9.900120e-09      201
features.13                       36     0.007140 1.184541e-08 5.947808e-09      201
features.3                        23     0.007155 6.984178e-08 6.442232e-07       57
features.8                       155     0.007169 4.073317e-08 1.193244e-08      137
features.3                        26     0.007208 3.881253e-08 4.106104e-07       57
features.12                      422     0.007229 6.301380e-08 1.601571e-08      201
features.12                      305     0.007319 1.756652e-08 8.457844e-09      201
features.14                      319     0.007324 2.665240e-07 4.206909e-09      265
features.12                      196     0.007343 4.092494e-08 1.239538e-08      201
features.13                       64     0.007354 3.670230e-08 1.037930e-08      201
features.5                        49     0.007368 2.229363e-08 7.631761e-08       73
features.8                        19     0.007381 4.019302e-08 1.203574e-08      137
features.12                       10     0.007465 2.058327e-08 9.074350e-09      201
features.10                       42     0.007474 5.969824e-08 1.445709e-08      137
features.9                       235     0.007538 5.896076e-08 1.205158e-08      137
features.12                      319     0.007562 8.048276e-08 1.919686e-08      201
features.10                      151     0.007588 5.476182e-08 1.365525e-08      137
features.9                        20     0.007631 3.317491e-08 8.317294e-09      137
features.5                        66     0.007632 6.807699e-08 1.382084e-07       73
features.10                      378     0.007661 1.127386e-07 2.383331e-08      137
features.5                       137     0.007711 3.568568e-08 9.611597e-08       73
features.13                      146     0.007736 4.097986e-08 1.133022e-08      201
features.12                        7     0.007775 1.714400e-08 8.730404e-09      201
features.7                       115     0.007806 5.287512e-07 1.302068e-08      105
features.12                      160     0.007816 4.783723e-08 1.391065e-08      201
features.12                      244     0.007833 2.450323e-08 1.000848e-08      201
features.6                        39     0.007841 9.452020e-09 9.654185e-08       73
features.11                       96     0.007875 8.210066e-08 8.868268e-08      169
features.11                      293     0.007955 6.166391e-08 7.704622e-08      169
features.7                       137     0.007957 3.538135e-07 9.723235e-09      105
features.12                      154     0.007971 2.920686e-08 1.090173e-08      201
features.8                       294     0.007992 7.615500e-09 7.902875e-09      137
features.13                      236     0.008003 1.834436e-08 7.546372e-09      201
features.8                       154     0.008017 8.507519e-08 1.899051e-08      137
features.11                      123     0.008084 2.532248e-07 1.906449e-07      169
features.3                        92     0.008085 5.065080e-09 1.698570e-07       57
features.8                        58     0.008103 2.558999e-08 1.056584e-08      137
features.3                        59     0.008164 4.233117e-08 4.527458e-07       57
features.12                      459     0.008206 2.731222e-08 1.076116e-08      201
features.5                        27     0.008214 1.230893e-08 6.858954e-08       73
features.2                        44     0.008220 1.346048e-08 2.050341e-06       49
features.10                      138     0.008235 2.030016e-08 7.976547e-09      137
features.12                      327     0.008242 3.812726e-08 1.260240e-08      201
features.3                        19     0.008242 4.986120e-09 1.718113e-07       57
features.3                        29     0.008249 2.349876e-09 1.520069e-07       57
features.12                      558     0.008252 6.799598e-08 1.762132e-08      201
features.6                        47     0.008252 4.406352e-09 7.403570e-08       73
features.10                       65     0.008316 2.871117e-08 9.490695e-09      137
features.10                      350     0.008360 2.687690e-08 9.193661e-09      137
features.10                      169     0.008365 9.571501e-08 2.123459e-08      137
features.8                       188     0.008368 4.239907e-08 1.319300e-08      137
features.11                      329     0.008375 8.675490e-07 5.543226e-07      169
features.8                       168     0.008390 6.373453e-09 8.064686e-09      137
features.8                       261     0.008404 1.947651e-08 9.949208e-09      137
features.5                       112     0.008414 1.027769e-08 6.718901e-08       73
features.9                       189     0.008421 4.958981e-08 1.107925e-08      137
features.7                       140     0.008453 2.926481e-07 8.733953e-09      105
features.2                        21     0.008453 1.965733e-08 2.262742e-06       49
features.12                      136     0.008512 3.303026e-08 1.195099e-08      201
features.12                       46     0.008548 1.122983e-08 8.319777e-09      201
features.13                      387     0.008574 8.487368e-09 6.146357e-09      201
features.14                      236     0.008577 2.091498e-07 3.911995e-09      265
features.14                      554     0.008659 4.634450e-07 6.435692e-09      265
features.8                       221     0.008666 2.812293e-08 1.140778e-08      137
features.12                       59     0.008668 9.007378e-08 2.163934e-08      201
features.8                       313     0.008688 2.446417e-08 1.090339e-08      137
features.4                        74     0.008710 6.112099e-08 1.753419e-08       65
features.5                       128     0.008838 8.447411e-09 6.748791e-08       73
features.13                      524     0.008896 5.582612e-09 5.817395e-09      201
features.12                       65     0.008906 5.817236e-08 1.646594e-08      201
features.13                      201     0.008972 2.335555e-08 8.944416e-09      201
features.12                      540     0.009009 1.061298e-07 2.458937e-08      201
features.12                       70     0.009015 4.086473e-08 1.364362e-08      201
features.9                       188     0.009017 1.428948e-08 6.179302e-09      137
features.9                        16     0.009019 2.669240e-08 7.996623e-09      137
features.8                        90     0.009022 9.345064e-08 2.104367e-08      137
features.8                         0     0.009044 2.532501e-09 8.073695e-09      137
features.3                        67     0.009052 3.972934e-09 1.773400e-07       57
features.13                       89     0.009108 6.548615e-08 1.633214e-08      201
features.10                      351     0.009157 1.025785e-07 2.286022e-08      137
features.8                       349     0.009171 3.823615e-08 1.328272e-08      137
features.8                        15     0.009224 4.081762e-08 1.369709e-08      137
features.6                        89     0.009251 1.068960e-08 1.116000e-07       73
features.13                      478     0.009251 6.548130e-09 6.178684e-09      201
features.12                       37     0.009357 2.001684e-08 1.040384e-08      201
features.14                      527     0.009413 6.261738e-07 8.202189e-09      265
