================================================================================
Channel Pruning Log
  iteration  : 4
  alpha      : 0.1000
  timestamp  : 2026-06-30 11:20:05
  remove_target  : 129675
  accum_removed  : 129863
  selected_channels : 575
  gamma             : 0.0050
  remove_target_met : yes
  total_params   : 2289600
  active_after   : 1677194
  model_sparsity : 26.7%
================================================================================

[ 레이어별 채널 제거 비율 ]
  layer                total_ch  this_iter    cumul  cumul_%
  ----------------------------------------------------------
  features.1                 32          3       14    43.8%
  features.2                 96         10       54    56.2%
  features.3                144          5       13     9.0%
  features.4                144          0       22    15.3%
  features.5                192         33       58    30.2%
  features.6                192         21       95    49.5%
  features.7                192         39      165    85.9%
  features.8                384          1       67    17.4%
  features.9                384         64      179    46.6%
  features.10               384         46      184    47.9%
  features.11               384         85      225    58.6%
  features.12               576         11      124    21.5%
  features.13               576         51      263    45.7%
  features.14               576         83      509    88.4%
  features.15               960         15      184    19.2%
  features.16               960          5       96    10.0%
  features.17               960        103      362    37.7%

[ 레이어별 보호 영역 (γ=0.01) ]
  layer                  active  protected  protect_%
  --------------------------------------------------
  features.1                 21          1       4.8%
  features.2                 52          1       1.9%
  features.3                136          1       0.7%
  features.4                122          1       0.8%
  features.5                167          1       0.6%
  features.6                118          1       0.8%
  features.7                 66          1       1.5%
  features.8                318          2       0.6%
  features.9                269          2       0.7%
  features.10               246          2       0.8%
  features.11               244          2       0.8%
  features.12               463          3       0.6%
  features.13               364          2       0.5%
  features.14               150          1       0.7%
  features.15               791          4       0.5%
  features.16               869          5       0.6%
  features.17               701          4       0.6%

[ 블록별 제거 채널 수 ]
  features.1: 3채널 제거
  features.10: 46채널 제거
  features.11: 85채널 제거
  features.12: 11채널 제거
  features.13: 51채널 제거
  features.14: 83채널 제거
  features.15: 15채널 제거
  features.16: 5채널 제거
  features.17: 103채널 제거
  features.2: 10채널 제거
  features.3: 5채널 제거
  features.5: 33채널 제거
  features.6: 21채널 제거
  features.7: 39채널 제거
  features.8: 1채널 제거
  features.9: 64채널 제거

[ 선택된 채널 상세 ]
block                             ch        score          phi         perf  weights
--------------------------------------------------------------------------------
features.6                       182    -0.899849 5.369612e-08 1.028006e-08       73
features.1                        28    -0.899554 1.637622e-07 7.968445e-06       25
features.17                      935    -0.899504 1.051814e-06 1.380492e-09      489
features.10                       44    -0.899455 1.030254e-07 1.081681e-09      137
features.2                        52    -0.899257 2.225217e-07 1.890833e-07       49
features.11                      105    -0.897038 3.239028e-07 3.745694e-08      169
features.9                       192    -0.865364 1.216917e-07 1.859514e-08      137
features.7                         1    -0.862262 1.418158e-06 5.118794e-07      105
features.14                        1    -0.861856 1.500903e-06 7.517318e-08      265
features.9                       336    -0.853608 1.255987e-07 1.300435e-07      137
features.7                        65    -0.832749 1.332340e-06 1.734531e-07      105
features.14                      556    -0.826968 1.458954e-06 1.302726e-07      265
features.13                      239    -0.823381 1.018392e-07 5.647752e-07      201
features.5                        35    -0.814945 9.130220e-08 6.238315e-07       73
features.2                        18    -0.814250 2.015653e-07 2.526702e-07       49
features.14                      316    -0.811631 1.541935e-06 4.680349e-07      265
features.1                        12    -0.809056 1.474238e-07 2.074251e-05       25
features.17                      775    -0.786459 9.205866e-07 3.497412e-09      489
features.5                       109    -0.786457 8.493092e-08 1.614924e-07       73
features.5                        73    -0.785825 8.372469e-08 3.695325e-09       73
features.9                       215    -0.781300 1.090769e-07 8.543688e-10      137
features.14                      160    -0.778322 1.356804e-06 7.213514e-08      265
features.9                       206    -0.773429 1.082985e-07 7.280264e-09      137
features.9                       247    -0.772549 1.091735e-07 2.732819e-08      137
features.14                        0    -0.770116 1.328690e-06 2.868494e-08      265
features.9                        51    -0.763824 1.076396e-07 2.097299e-08      137
features.11                       53    -0.761703 2.784621e-07 1.522933e-07      169
features.9                       186    -0.761577 1.063671e-07 1.708834e-09      137
features.14                       26    -0.760461 1.372129e-06 2.141064e-07      265
features.13                      516    -0.757946 8.594713e-08 1.180147e-08      201
features.11                      263    -0.753432 2.746108e-07 1.215400e-07      169
features.2                        11    -0.751719 1.861128e-07 2.610021e-07       49
features.9                        50    -0.747665 1.058291e-07 2.990558e-08      137
features.10                      238    -0.746576 8.565754e-08 3.424628e-09      137
features.11                      356    -0.742797 2.702430e-07 1.025346e-07      169
features.11                      220    -0.739786 2.987202e-07 1.142140e-06      169
features.17                      149    -0.736480 8.617722e-07 2.531720e-09      489
features.7                       180    -0.731280 1.159713e-06 6.380360e-08      105
features.14                      440    -0.728334 1.270664e-06 7.059674e-08      265
features.6                       140    -0.725120 4.334486e-08 1.047919e-07       73
features.5                        84    -0.724163 7.753228e-08 5.567550e-08       73
features.2                        67    -0.720311 1.783456e-07 2.593727e-07       49
features.14                      364    -0.705814 1.224777e-06 4.801672e-08      265
features.11                      123    -0.701484 2.580388e-07 1.962231e-07      169
features.7                        93    -0.699439 1.112932e-06 9.300308e-08      105
features.10                      216    -0.697199 8.225284e-08 4.306717e-08      137
features.17                      656    -0.696268 8.143680e-07 1.555177e-09      489
features.11                      372    -0.693323 2.581421e-07 3.031485e-07      169
features.17                      646    -0.689203 8.058817e-07 1.006395e-09      489
features.11                      282    -0.688909 2.549374e-07 2.463058e-07      169
features.11                      327    -0.681225 2.566481e-07 4.037244e-07      169
features.17                      137    -0.679500 7.944852e-07 8.721383e-10      489
features.14                      223    -0.678467 1.196295e-06 1.048056e-07      265
features.9                       147    -0.678438 9.484939e-08 3.413332e-09      137
features.7                       124    -0.678008 1.073617e-06 4.525793e-08      105
features.7                        24    -0.677159 1.071655e-06 3.988810e-08      105
features.3                       126    -0.676954 9.066169e-08 3.879163e-07       57
features.7                        96    -0.675400 1.084707e-06 1.760957e-07      105
features.11                       97    -0.674363 2.448101e-07 7.425862e-08      169
features.14                      394    -0.673926 1.183820e-06 9.029731e-08      265
features.11                       61    -0.673920 2.429312e-07 1.378497e-08      169
features.9                       332    -0.673512 9.406099e-08 1.385480e-09      137
features.14                      461    -0.672123 1.161573e-06 3.106767e-08      265
features.11                      192    -0.668104 2.406563e-07 7.398193e-09      169
features.5                       174    -0.667036 7.107082e-08 3.468030e-09       73
features.5                       101    -0.666353 7.206349e-08 1.510799e-07       73
features.14                      166    -0.666275 1.185883e-06 1.371970e-07      265
features.10                       46    -0.665335 7.913470e-08 5.240643e-08      137
features.10                      239    -0.661944 7.584369e-08 1.207346e-09      137
features.5                       114    -0.661600 7.174958e-08 1.777188e-07       73
features.9                       108    -0.660586 9.224012e-08 1.043914e-09      137
features.10                       48    -0.660546 7.592038e-08 5.382063e-09      137
features.7                         3    -0.659014 1.061233e-06 1.962944e-07      105
features.13                      167    -0.658485 7.475100e-08 1.561500e-08      201
features.17                      420    -0.656903 7.697681e-07 4.910832e-09      489
features.17                      771    -0.656750 7.680634e-07 1.267271e-09      489
features.17                      438    -0.656226 7.675757e-07 1.566019e-09      489
features.9                        72    -0.655834 9.224242e-08 1.441268e-08      137
features.9                       193    -0.653993 9.223345e-08 1.939206e-08      137
features.9                       187    -0.653476 9.209830e-08 1.812612e-08      137
features.9                       383    -0.652856 9.146018e-08 7.047262e-09      137
features.10                       75    -0.650306 7.514446e-08 1.237241e-08      137
features.17                      694    -0.648968 7.587180e-07 6.687944e-10      489
features.11                       89    -0.647488 2.391131e-07 2.140499e-07      169
features.10                      375    -0.645256 7.417435e-08 5.456908e-09      137
features.7                       140    -0.645009 1.028482e-06 1.043308e-07      105
features.10                       27    -0.638828 7.446382e-08 2.354109e-08      137
features.9                        24    -0.637335 9.001897e-08 2.160633e-08      137
features.5                        64    -0.637107 6.787108e-08 1.805673e-09       73
features.9                       307    -0.636633 8.919042e-08 6.929672e-09      137
features.5                       108    -0.636539 6.786389e-08 9.185208e-09       73
features.14                      395    -0.636368 1.140870e-06 1.564394e-07      265
features.11                      202    -0.636076 2.294634e-07 1.913796e-08      169
features.9                        32    -0.634841 9.236179e-08 7.566496e-08      137
features.7                        14    -0.634103 1.036267e-06 3.192819e-07      105
features.11                      330    -0.632859 2.282011e-07 1.545171e-08      169
features.7                       154    -0.632721 1.016393e-06 1.669416e-07      105
features.7                       134    -0.632241 1.007219e-06 9.449425e-08      105
features.9                       211    -0.630266 8.822641e-08 5.413652e-09      137
features.6                       113    -0.629207 3.771382e-08 2.221078e-07       73
features.11                      339    -0.627084 2.399565e-07 5.019629e-07      169
features.7                       190    -0.626974 1.050392e-06 5.375730e-07      105
features.5                       157    -0.625919 6.688202e-08 2.987105e-08       73
features.10                      206    -0.625593 7.199691e-08 6.754298e-09      137
features.6                        48    -0.621546 3.712142e-08 4.853093e-08       73
features.7                       162    -0.620887 9.914399e-07 1.126708e-07      105
features.10                      146    -0.619425 7.123706e-08 5.804158e-09      137
features.11                      223    -0.619385 2.263460e-07 1.207490e-07      169
features.17                      132    -0.617862 7.226968e-07 1.461718e-09      489
features.14                      110    -0.612836 1.099741e-06 1.539281e-07      265
features.9                       118    -0.612046 9.793814e-08 2.515957e-07      137
features.17                      911    -0.610581 7.138922e-07 7.556624e-10      489
features.17                      825    -0.609550 7.128161e-07 1.062988e-09      489
features.10                      189    -0.608926 6.993886e-08 4.106393e-09      137
features.5                         3    -0.607986 6.517788e-08 5.839060e-08       73
features.7                        28    -0.607324 1.030259e-06 6.307995e-07      105
features.14                       62    -0.607256 1.046092e-06 1.763024e-08      265
features.14                      114    -0.606880 1.064676e-06 7.707339e-08      265
features.5                        56    -0.605418 7.030972e-08 8.072936e-07       73
features.9                       378    -0.604368 9.160406e-08 1.458759e-07      137
features.13                      261    -0.602201 6.849158e-08 2.274192e-08      201
features.9                       261    -0.601983 8.516589e-08 2.322450e-08      137
features.17                      277    -0.601117 7.034349e-07 2.196497e-09      489
features.5                        25    -0.600657 7.388955e-08 1.373511e-06       73
features.9                       178    -0.599900 8.421516e-08 9.964270e-09      137
features.14                      367    -0.599126 1.049456e-06 7.109269e-08      265
features.6                         8    -0.597986 3.578421e-08 1.363598e-07       73
features.2                        19    -0.595986 1.495328e-07 2.253307e-06       49
features.13                      355    -0.595590 6.759365e-08 1.297757e-08      201
features.10                       63    -0.595583 6.861866e-08 7.761061e-09      137
features.14                      475    -0.593631 1.040392e-06 7.217398e-08      265
features.14                       68    -0.593519 1.032740e-06 4.911065e-08      265
features.17                      832    -0.593053 6.935238e-07 1.033594e-09      489
features.9                       359    -0.591716 8.302532e-08 9.006691e-09      137
features.14                      345    -0.590686 1.013766e-06 5.459597e-09      265
features.13                       46    -0.590044 6.708275e-08 2.058060e-08      201
features.17                      804    -0.589684 6.897426e-07 1.405483e-09      489
features.14                       92    -0.589454 1.049295e-06 1.218182e-07      265
features.13                       89    -0.589322 6.692034e-08 1.532042e-08      201
features.9                       364    -0.587861 8.230820e-08 5.405770e-09      137
features.17                      866    -0.587425 6.875936e-07 2.578411e-09      489
features.14                      125    -0.586277 1.034709e-06 9.355767e-08      265
features.9                        55    -0.584960 8.179910e-08 3.311762e-09      137
features.9                        45    -0.584807 8.172123e-08 2.178412e-09      137
features.7                       160    -0.584326 9.395957e-07 1.622976e-07      105
features.11                      118    -0.583787 2.140759e-07 1.397930e-07      169
features.17                      584    -0.583185 6.818034e-07 5.833082e-10      489
features.9                       344    -0.582832 8.718619e-08 1.175015e-07      137
features.9                       317    -0.582377 8.506364e-08 7.613684e-08      137
features.9                       112    -0.582360 8.191630e-08 1.295527e-08      137
features.13                      174    -0.582176 6.589382e-08 1.121796e-09      201
features.9                       325    -0.582141 8.154002e-08 6.010727e-09      137
features.5                        66    -0.581618 6.253030e-08 8.067545e-08       73
features.11                        6    -0.580213 2.197404e-07 3.842415e-07      169
features.13                       62    -0.579702 6.574213e-08 9.476758e-09      201
features.11                      149    -0.579655 2.152845e-07 2.345995e-07      169
features.14                       11    -0.579312 1.005247e-06 3.936436e-08      265
features.5                        14    -0.579164 6.184563e-08 2.203239e-08       73
features.13                      199    -0.578082 6.778537e-08 1.545402e-07      201
features.7                       178    -0.577962 9.325419e-07 1.879017e-07      105
features.11                       58    -0.577439 2.191396e-07 3.982211e-07      169
features.14                      150    -0.576376 9.963818e-07 2.750743e-08      265
features.9                         9    -0.575726 8.060238e-08 5.159758e-09      137
features.2                        14    -0.575498 1.475103e-07 5.403410e-06       49
features.11                      257    -0.574202 2.069878e-07 1.183317e-08      169
features.17                      140    -0.574073 6.712326e-07 7.708043e-10      489
features.11                      233    -0.574043 2.081643e-07 5.521816e-08      169
features.14                      130    -0.572625 9.905332e-07 2.929377e-08      265
features.10                      343    -0.572302 6.696506e-08 2.559977e-08      137
features.14                      435    -0.572044 9.899890e-07 3.068787e-08      265
features.11                      289    -0.571446 2.114365e-07 2.031723e-07      169
features.14                      303    -0.571435 1.009947e-06 9.561072e-08      265
features.14                      401    -0.571331 9.984336e-07 6.057251e-08      265
features.7                        63    -0.570424 9.138789e-07 1.294907e-07      105
features.14                      439    -0.569403 1.020640e-06 1.394311e-07      265
features.7                        37    -0.569259 9.067970e-07 8.434138e-08      105
features.7                       155    -0.568957 9.070280e-07 9.041617e-08      105
features.17                      184    -0.567627 6.635374e-07 3.844389e-10      489
features.11                        5    -0.567558 2.044184e-07 5.563379e-09      169
features.7                        59    -0.567413 9.009862e-07 5.935944e-08      105
features.11                      328    -0.565538 2.038398e-07 1.078503e-08      169
features.7                       191    -0.565512 9.058091e-07 1.266577e-07      105
features.6                        36    -0.565495 3.385063e-08 1.426966e-07       73
features.5                       170    -0.565237 6.081286e-08 8.446482e-08       73
features.10                      291    -0.563743 6.624927e-08 3.025742e-08      137
features.11                      241    -0.563142 2.059933e-07 1.168429e-07      169
features.7                        17    -0.562211 9.308789e-07 3.872370e-07      105
features.14                      123    -0.561063 9.657233e-07 1.383337e-08      265
features.11                      361    -0.560760 2.031217e-07 4.599972e-08      169
features.7                        68    -0.560494 9.038293e-07 1.776756e-07      105
features.7                       145    -0.560244 9.134130e-07 2.635732e-07      105
features.6                       105    -0.560065 3.345365e-08 4.905325e-08       73
features.13                      179    -0.556584 6.344407e-08 3.019208e-08      201
features.14                        7    -0.556270 9.611834e-07 2.518431e-08      265
features.11                      378    -0.555779 2.001333e-07 3.952178e-09      169
features.11                      100    -0.555389 2.030904e-07 1.128828e-07      169
features.9                        25    -0.555244 7.758552e-08 1.974416e-09      137
features.13                      284    -0.554114 6.272506e-08 1.556407e-09      201
features.11                      113    -0.552408 2.033775e-07 1.607017e-07      169
features.9                       339    -0.551410 7.755548e-08 1.212194e-08      137
features.11                      177    -0.550746 2.008066e-07 9.132092e-08      169
features.17                      884    -0.550465 6.437777e-07 1.095519e-09      489
features.10                      101    -0.550373 6.424154e-08 2.183975e-08      137
features.11                      204    -0.550175 1.989298e-07 3.254783e-08      169
features.7                       106    -0.550165 8.737111e-07 5.852203e-08      105
features.14                      215    -0.550063 9.833923e-07 1.267149e-07      265
features.17                      583    -0.549215 6.425927e-07 1.753280e-09      489
features.11                       14    -0.548975 1.978119e-07 8.430156e-09      169
features.17                      704    -0.547935 6.424377e-07 4.955214e-09      489
features.14                      347    -0.546273 9.687245e-07 1.014474e-07      265
features.17                      429    -0.546242 6.385350e-07 3.611389e-10      489
features.7                        91    -0.546034 8.789787e-07 1.599010e-07      105
features.6                        59    -0.545094 3.261545e-08 1.196289e-07       73
features.14                      406    -0.544611 9.526044e-07 6.041719e-08      265
features.10                      230    -0.544351 6.257134e-08 4.539869e-09      137
features.5                       126    -0.543222 5.794837e-08 1.246976e-08       73
features.17                      645    -0.543082 6.361134e-07 3.396453e-09      489
features.11                      227    -0.541865 1.953232e-07 1.088459e-08      169
features.7                        52    -0.540892 8.732503e-07 1.803347e-07      105
features.14                      498    -0.540661 9.307585e-07 1.379940e-08      265
features.17                      273    -0.539847 6.330469e-07 5.102010e-09      489
features.13                      419    -0.539475 6.109946e-08 3.570385e-09      201
features.14                      429    -0.538449 9.336106e-07 3.433524e-08      265
features.14                      500    -0.536225 9.315182e-07 3.964603e-08      265
features.11                       12    -0.534965 1.926665e-07 4.794682e-09      169
features.7                        98    -0.534845 8.640742e-07 1.833734e-07      105
features.10                       86    -0.534283 6.176598e-08 1.066333e-08      137
features.7                       139    -0.533791 8.870511e-07 3.954589e-07      105
features.17                      743    -0.532530 6.226783e-07 7.611247e-10      489
features.9                       302    -0.532095 7.468074e-08 8.519725e-09      137
features.3                        13    -0.531460 7.134983e-08 6.760886e-07       57
features.10                       78    -0.530529 6.108013e-08 6.146351e-09      137
features.10                       58    -0.529649 6.108213e-08 7.957193e-09      137
features.6                       121    -0.529613 3.162050e-08 2.813037e-08       73
features.9                       101    -0.529340 8.238521e-08 1.710221e-07      137
features.17                      604    -0.528772 6.194524e-07 3.547415e-09      489
features.17                      927    -0.528062 6.181871e-07 2.507488e-09      489
features.17                      846    -0.528012 6.186362e-07 3.718072e-09      489
features.11                      117    -0.526586 1.901996e-07 2.409020e-08      169
features.9                       161    -0.526456 7.403050e-08 1.126726e-08      137
features.11                      371    -0.526452 1.930358e-07 1.255331e-07      169
features.14                      313    -0.525278 9.258475e-07 8.009326e-08      265
features.14                      563    -0.524872 9.132510e-07 4.330436e-08      265
features.17                      543    -0.523574 6.145145e-07 6.260611e-09      489
features.14                       53    -0.522713 9.077233e-07 3.765017e-08      265
features.9                        98    -0.521797 7.478567e-08 3.949964e-08      137
features.7                         7    -0.521570 8.271977e-07 4.599786e-08      105
features.6                        99    -0.520997 3.144505e-08 4.625362e-07       73
features.11                      370    -0.520901 1.900843e-07 9.198895e-08      169
features.7                        90    -0.520764 8.359766e-07 1.325004e-07      105
features.2                        59    -0.520541 1.288265e-07 1.284643e-07       49
features.13                       12    -0.520064 5.908306e-08 1.530137e-08      201
features.11                       83    -0.519686 1.871291e-07 3.431646e-09      169
features.11                      231    -0.519679 1.912754e-07 1.493372e-07      169
features.14                      357    -0.519646 9.119998e-07 6.711390e-08      265
features.17                      212    -0.517751 6.053014e-07 5.110434e-10      489
features.11                      252    -0.517446 2.025861e-07 5.753816e-07      169
features.14                       56    -0.517316 8.905548e-07 1.315801e-08      265
features.14                      312    -0.516784 9.119245e-07 8.204044e-08      265
features.14                       64    -0.515886 8.873237e-07 1.074506e-08      265
features.11                       92    -0.515735 1.881671e-07 8.994396e-08      169
features.14                      193    -0.515464 8.904400e-07 2.261208e-08      265
features.14                       97    -0.515426 9.075478e-07 7.569960e-08      265
features.11                      126    -0.515152 1.873784e-07 6.958861e-08      169
features.7                        32    -0.515114 8.395790e-07 2.401447e-07      105
features.17                      686    -0.515064 6.023944e-07 1.069593e-09      489
features.11                       64    -0.514690 1.876766e-07 8.592490e-08      169
features.10                      204    -0.514421 5.952633e-08 1.126248e-08      137
features.13                      258    -0.514293 5.823527e-08 2.611096e-09      201
features.10                       22    -0.514203 5.909621e-08 4.117577e-09      137
features.11                       85    -0.513581 1.869747e-07 7.527093e-08      169
features.14                      211    -0.513221 9.135652e-07 1.059804e-07      265
features.14                      294    -0.512553 8.817436e-07 1.114641e-08      265
features.11                      178    -0.511096 1.877502e-07 1.340005e-07      169
features.17                      139    -0.510767 5.972369e-07 7.458226e-10      489
features.9                       251    -0.509775 7.132834e-08 3.748942e-09      137
features.5                        44    -0.509314 5.465992e-08 5.722402e-08       73
features.13                      385    -0.508315 5.762418e-08 6.868885e-09      201
features.9                       119    -0.508128 8.347777e-08 2.524372e-07      137
features.5                       137    -0.508038 5.453703e-08 5.902436e-08       73
features.10                      308    -0.507946 5.843794e-08 5.139631e-09      137
features.17                      698    -0.507596 5.944473e-07 2.934326e-09      489
features.16                      934    -0.507446 7.711891e-07 1.970631e-09      329
features.14                      220    -0.506789 8.830788e-07 4.580393e-08      265
features.10                      112    -0.506677 5.947142e-08 2.593032e-08      137
features.14                      276    -0.505608 8.779338e-07 3.615479e-08      265
features.14                        8    -0.505354 9.094042e-07 1.347855e-07      265
features.11                        1    -0.505192 1.913589e-07 3.356359e-07      169
features.14                      419    -0.505070 8.709208e-07 1.732405e-08      265
features.15                      281    -0.504980 4.882286e-07 4.888392e-09      329
features.15                      477    -0.504874 4.886286e-07 8.918773e-09      329
features.2                        50    -0.504732 1.251856e-07 4.055422e-07       49
features.11                      269    -0.503478 1.815132e-07 1.107680e-08      169
features.15                       84    -0.502851 4.857930e-07 1.845929e-09      329
features.14                      410    -0.502846 8.755943e-07 4.354930e-08      265
features.17                       77    -0.502460 5.886885e-07 3.515692e-09      489
features.9                        34    -0.501824 7.040597e-08 7.509843e-09      137
features.6                       169    -0.500988 3.003239e-08 1.818156e-07       73
features.17                      783    -0.500849 5.858441e-07 1.219670e-09      489
features.15                      540    -0.499699 4.829378e-07 3.354131e-09      329
features.11                      256    -0.499670 1.837840e-07 1.391363e-07      169
features.10                      249    -0.499256 5.870239e-08 2.734895e-08      137
features.11                      182    -0.499020 1.798510e-07 9.042994e-09      169
features.11                       43    -0.498957 1.808142e-07 4.371340e-08      169
features.11                      221    -0.498719 1.812794e-07 6.309113e-08      169
features.17                      226    -0.498622 5.830577e-07 7.789663e-10      489
features.11                      187    -0.498470 1.819948e-07 9.139023e-08      169
features.8                        65    -0.495332 2.549313e-07 2.899501e-09      137
features.5                       136    -0.495130 5.284056e-08 1.446348e-08       73
features.17                      767    -0.493412 5.774546e-07 1.938663e-09      489
features.15                      758    -0.492288 4.754816e-07 9.523091e-10      329
features.14                      433    -0.492132 8.456794e-07 7.813999e-09      265
features.9                        30    -0.491932 6.910390e-08 9.086382e-09      137
features.3                        23    -0.491829 6.594144e-08 4.376283e-07       57
features.17                      487    -0.491330 5.762652e-07 4.910017e-09      489
features.7                       120    -0.490790 7.838377e-07 9.024612e-08      105
features.13                      525    -0.490784 5.583509e-08 1.954872e-08      201
features.14                       23    -0.490708 8.439238e-07 9.931255e-09      265
features.2                        86    -0.490532 1.248083e-07 3.649398e-06       49
features.17                      192    -0.489271 5.734524e-07 3.939927e-09      489
features.17                      402    -0.487337 5.698054e-07 6.284911e-10      489
features.17                      893    -0.487128 5.696139e-07 7.535115e-10      489
features.7                        70    -0.487065 7.743061e-07 5.871984e-08      105
features.11                      381    -0.486849 1.764944e-07 4.504662e-08      169
features.9                        94    -0.486775 6.808813e-08 3.137654e-09      137
features.5                        83    -0.486502 5.184416e-08 3.732635e-09       73
features.14                      575    -0.485488 8.409402e-07 2.835259e-08      265
features.14                      262    -0.485091 8.925123e-07 1.898845e-07      265
features.10                      114    -0.484828 5.592499e-08 7.493214e-09      137
features.17                      396    -0.484568 5.666811e-07 8.949813e-10      489
features.13                       92    -0.484468 5.508137e-08 1.700397e-08      201
features.11                      170    -0.484264 1.785300e-07 1.493450e-07      169
features.16                      940    -0.483909 7.361657e-07 7.247482e-09      329
features.13                       90    -0.483750 5.504760e-08 2.010050e-08      201
features.11                      185    -0.483541 1.867763e-07 4.485058e-07      169
features.11                       34    -0.483068 1.753944e-07 5.421511e-08      169
features.10                       98    -0.482259 5.542344e-08 3.833857e-09      137
features.12                      568    -0.481750 1.447495e-07 1.207733e-09      201
features.11                      148    -0.481688 1.778499e-07 1.580314e-07      169
features.17                      427    -0.481101 5.627656e-07 1.220370e-09      489
features.14                      285    -0.480527 8.777500e-07 1.684232e-07      265
features.10                      320    -0.480101 5.530385e-08 6.082962e-09      137
features.5                        86    -0.480040 5.173721e-08 8.427845e-08       73
features.17                      654    -0.479951 5.618159e-07 2.161432e-09      489
features.17                      650    -0.478919 5.604773e-07 1.845706e-09      489
features.5                       187    -0.477853 5.387284e-08 4.124315e-07       73
features.11                      193    -0.477472 1.733081e-07 5.166477e-08      169
features.1                        24    -0.477420 8.692005e-08 4.889490e-06       25
features.10                      246    -0.477344 5.565711e-08 1.787921e-08      137
features.14                      202    -0.477174 8.507940e-07 1.028519e-07      265
features.14                      238    -0.477151 8.432635e-07 7.969273e-08      265
features.17                      753    -0.476870 5.576322e-07 7.695501e-10      489
features.17                      363    -0.476371 5.580962e-07 3.270110e-09      489
features.9                       324    -0.475965 6.713420e-08 1.427835e-08      137
features.17                      826    -0.475736 5.571282e-07 2.730535e-09      489
features.17                      229    -0.475702 5.583287e-07 5.690985e-09      489
features.11                      324    -0.475369 1.714113e-07 1.157327e-08      169
features.13                      303    -0.474938 5.524931e-08 9.820069e-08      201
features.11                      236    -0.474836 1.715581e-07 2.349031e-08      169
features.13                      436    -0.474513 5.420565e-08 3.334178e-08      201
features.13                      109    -0.474247 5.383825e-08 1.136824e-08      201
features.6                        84    -0.474176 2.830190e-08 1.401049e-08       73
features.17                      776    -0.473884 5.542186e-07 9.498976e-10      489
features.14                      425    -0.473297 8.188428e-07 2.460894e-08      265
features.14                      491    -0.473280 8.625562e-07 1.598387e-07      265
features.11                      274    -0.472893 1.702962e-07 3.698881e-09      169
features.9                       286    -0.471929 6.859731e-08 5.498654e-08      137
features.13                      112    -0.471482 5.375228e-08 2.614892e-08      201
features.5                       161    -0.471135 5.043880e-08 3.579595e-08       73
features.13                       98    -0.470721 5.340025e-08 8.823883e-09      201
features.9                       105    -0.469977 6.629326e-08 1.417417e-08      137
features.9                       303    -0.469649 6.763589e-08 4.206524e-08      137
features.13                      467    -0.468569 5.312835e-08 6.973338e-09      201
features.13                      158    -0.468521 5.415763e-08 7.438653e-08      201
features.17                      674    -0.468183 5.486776e-07 3.629458e-09      489
features.6                        89    -0.468165 2.799838e-08 8.470329e-08       73
features.5                        36    -0.467926 5.088055e-08 1.443436e-07       73
features.7                       171    -0.467318 7.633282e-07 2.320866e-07      105
features.13                      515    -0.467317 5.298600e-08 6.932797e-09      201
features.17                      207    -0.467090 5.464305e-07 1.314329e-09      489
features.14                       81    -0.466662 8.166264e-07 5.289979e-08      265
features.11                       93    -0.466647 1.723207e-07 1.539487e-07      169
features.7                       183    -0.466002 7.444683e-07 8.758066e-08      105
features.17                      341    -0.465429 5.451867e-07 2.978360e-09      489
features.15                      223    -0.464661 4.488962e-07 1.685275e-09      329
features.14                      236    -0.464588 8.095251e-07 4.193325e-08      265
features.17                      712    -0.464558 5.436623e-07 1.770421e-09      489
features.11                       80    -0.464434 1.686044e-07 5.127025e-08      169
features.14                       86    -0.463551 8.422136e-07 1.484752e-07      265
features.13                      574    -0.462870 5.281817e-08 2.878371e-08      201
features.6                       183    -0.462834 2.763574e-08 2.751800e-08       73
features.12                      415    -0.462807 1.390986e-07 2.305505e-09      201
features.3                        58    -0.462746 6.186904e-08 4.125611e-08       57
features.14                       51    -0.462498 8.239658e-07 9.764582e-08      265
features.10                      232    -0.461224 5.596035e-08 5.577530e-08      137
features.11                      139    -0.460198 1.690310e-07 1.198886e-07      169
features.14                      378    -0.460068 7.925122e-07 1.327550e-08      265
features.17                      582    -0.459836 5.375447e-07 3.386187e-10      489
features.14                       90    -0.459446 8.073121e-07 6.232185e-08      265
features.9                       128    -0.459219 6.475648e-08 1.346031e-08      137
features.17                      498    -0.459071 5.378275e-07 3.149545e-09      489
features.17                      331    -0.458385 5.370570e-07 3.225091e-09      489
features.11                      151    -0.457929 1.659264e-07 3.942272e-08      169
features.17                      114    -0.457501 5.365399e-07 4.457137e-09      489
features.17                      293    -0.457397 5.364618e-07 4.559398e-09      489
features.9                       182    -0.456953 6.392256e-08 3.062229e-09      137
features.9                        75    -0.456871 6.410038e-08 6.863534e-09      137
features.11                       84    -0.456153 1.701802e-07 2.114992e-07      169
features.9                        89    -0.455571 6.486444e-08 2.585851e-08      137
features.17                      162    -0.455536 5.326646e-07 6.870182e-10      489
features.17                      110    -0.455493 5.332477e-07 2.197117e-09      489
features.13                      376    -0.454914 5.173685e-08 1.698150e-08      201
features.17                      687    -0.454904 5.318503e-07 5.045243e-10      489
features.15                      834    -0.454885 4.412830e-07 1.634087e-08      329
features.11                        0    -0.454722 1.691873e-07 1.946933e-07      169
features.17                      661    -0.454675 5.326567e-07 3.070370e-09      489
features.5                       143    -0.454333 4.842526e-08 4.767675e-09       73
features.10                      346    -0.454261 5.295592e-08 1.684339e-08      137
features.17                      847    -0.454029 5.309330e-07 7.577555e-10      489
features.14                      458    -0.453214 7.859678e-07 2.934836e-08      265
features.11                        9    -0.452784 1.762121e-07 4.662715e-07      169
features.10                        1    -0.452768 5.221668e-08 6.819548e-09      137
features.13                      401    -0.452364 5.287326e-08 1.098235e-07      201
features.14                      532    -0.452265 7.781788e-07 1.029469e-08      265
features.16                      158    -0.452011 6.927820e-07 4.373635e-08      329
features.7                       131    -0.451003 7.139515e-07 2.832792e-08      105
features.9                       166    -0.450981 6.455175e-08 3.244528e-08      137
features.10                      276    -0.450826 5.200883e-08 7.073132e-09      137
features.10                      332    -0.450328 5.185938e-08 5.443356e-09      137
features.11                      278    -0.450204 1.620847e-07 2.083199e-09      169
features.17                      152    -0.450156 5.266495e-07 1.335954e-09      489
features.13                      146    -0.450104 5.104659e-08 7.470870e-09      201
features.10                      213    -0.450029 5.178911e-08 4.807196e-09      137
features.11                       70    -0.449616 1.622322e-07 1.471080e-08      169
features.11                       20    -0.449412 1.641909e-07 8.617874e-08      169
features.17                      266    -0.448160 5.240629e-07 7.288372e-10      489
features.13                      341    -0.447078 5.102918e-08 2.864916e-08      201
features.14                      113    -0.446842 7.736649e-07 2.506064e-08      265
features.13                      381    -0.446733 5.063139e-08 5.273515e-09      201
features.15                      860    -0.446233 4.310946e-07 1.630720e-09      329
features.11                      162    -0.445545 1.616581e-07 4.605845e-08      169
features.9                        90    -0.444938 6.255384e-08 9.250748e-09      137
features.10                       92    -0.444404 5.118114e-08 5.440577e-09      137
features.12                      242    -0.444322 1.337610e-07 8.297541e-09      201
features.10                      163    -0.444258 5.116947e-08 5.530580e-09      137
features.17                      919    -0.443894 5.201442e-07 3.277144e-09      489
features.13                      227    -0.443762 5.021878e-08 2.984850e-10      201
features.14                      438    -0.443601 7.734923e-07 4.169711e-08      265
features.2                        76    -0.442956 1.096032e-07 8.642153e-08       49
features.17                      639    -0.442955 5.187941e-07 2.675048e-09      489
features.12                      255    -0.441985 1.329153e-07 4.283301e-09      201
features.5                        88    -0.441648 4.751596e-08 6.597541e-08       73
features.5                        72    -0.441501 4.703338e-08 1.280273e-09       73
features.11                      138    -0.441072 1.618429e-07 1.091726e-07      169
features.10                      264    -0.440391 5.096256e-08 9.688624e-09      137
features.6                       149    -0.439536 2.630978e-08 1.097336e-07       73
features.17                      630    -0.439491 5.138570e-07 5.531162e-10      489
features.12                      141    -0.439345 1.320325e-07 1.777818e-09      201
features.17                      693    -0.439303 5.138352e-07 1.023990e-09      489
features.14                      210    -0.438860 7.556542e-07 1.166071e-08      265
features.17                      793    -0.438735 5.146455e-07 4.545709e-09      489
features.7                       175    -0.438597 7.025311e-07 9.830188e-08      105
features.11                       48    -0.438099 1.578226e-07 5.408166e-09      169
features.17                      800    -0.437995 5.120928e-07 5.134759e-10      489
features.10                      356    -0.437855 5.086233e-08 1.304095e-08      137
features.17                      247    -0.437579 5.123404e-07 2.266624e-09      489
features.12                      151    -0.436888 1.336421e-07 6.731444e-08      201
features.11                      310    -0.436843 1.577942e-07 2.030663e-08      169
features.10                       45    -0.436443 5.015977e-08 3.500284e-09      137
features.17                      528    -0.436324 5.111150e-07 2.841239e-09      489
features.14                      195    -0.436237 7.502640e-07 8.889962e-09      265
features.15                      497    -0.436097 4.221500e-07 8.393375e-09      329
features.9                        12    -0.435952 6.117875e-08 6.819057e-09      137
features.14                      182    -0.435903 7.773710e-07 9.445571e-08      265
features.17                      448    -0.435618 5.102846e-07 2.829863e-09      489
features.9                       343    -0.435600 6.130526e-08 1.034755e-08      137
features.17                      342    -0.435303 5.091053e-07 8.925214e-10      489
features.11                      376    -0.435249 1.657887e-07 3.216394e-07      169
features.17                      134    -0.435063 5.091907e-07 1.767472e-09      489
features.14                      225    -0.435061 7.517739e-07 1.978434e-08      265
features.13                      405    -0.434891 5.131324e-08 1.370010e-07      201
features.9                        87    -0.434881 6.250713e-08 3.650582e-08      137
features.14                      545    -0.434417 7.501861e-07 1.828535e-08      265
features.17                      220    -0.433753 5.074571e-07 1.283640e-09      489
features.17                      443    -0.433713 5.096134e-07 6.541938e-09      489
features.15                      230    -0.431940 4.175201e-07 3.447001e-09      329
features.11                      152    -0.431516 1.554622e-07 5.717061e-09      169
features.17                      730    -0.431252 5.049457e-07 2.266244e-09      489
features.17                       83    -0.430687 5.048855e-07 3.698467e-09      489
features.11                      219    -0.430312 1.575501e-07 9.438374e-08      169
features.17                      912    -0.430005 5.047085e-07 5.178247e-09      489
features.17                      754    -0.429381 5.026833e-07 2.083675e-09      489
features.9                       142    -0.428895 6.076634e-08 1.831889e-08      137
features.14                      297    -0.428166 7.431277e-07 2.957361e-08      265
features.13                      369    -0.428031 4.858081e-08 9.551282e-09      201
features.17                      580    -0.427906 5.012568e-07 2.792814e-09      489
features.15                      627    -0.427883 4.136853e-07 4.112233e-09      329
features.13                      512    -0.427773 4.845552e-08 3.291497e-09      201
features.13                      217    -0.427535 4.851625e-08 9.002415e-09      201
features.10                       51    -0.427500 4.933689e-08 7.044066e-09      137
features.17                      631    -0.427420 5.000351e-07 1.232748e-09      489
features.9                       294    -0.427067 5.997784e-08 7.603166e-09      137
features.17                      268    -0.427056 5.000856e-07 2.368934e-09      489
features.13                      157    -0.426720 4.834573e-08 3.902694e-09      201
features.5                        97    -0.426499 4.673131e-08 1.808086e-07       73
features.9                        99    -0.426451 6.019461e-08 1.368350e-08      137
features.5                        68    -0.426210 4.605399e-08 9.122620e-08       73
features.12                      562    -0.425962 1.280365e-07 2.451526e-09      201
features.17                      444    -0.425938 4.981422e-07 8.503672e-10      489
features.14                      360    -0.425791 7.354930e-07 1.855427e-08      265
features.17                      708    -0.425674 4.995488e-07 4.944915e-09      489
features.12                      204    -0.424944 1.277307e-07 2.451395e-09      201
features.10                      105    -0.424901 4.893445e-08 5.192251e-09      137
features.14                      261    -0.424614 7.319484e-07 1.382831e-08      265
features.6                        10    -0.424140 2.531658e-08 1.396519e-08       73
features.17                      121    -0.423567 4.952679e-07 6.008253e-10      489
features.14                      217    -0.423414 7.306758e-07 1.625241e-08      265
features.15                      437    -0.423302 4.093272e-07 4.641597e-09      329
features.11                      285    -0.423014 1.539475e-07 6.006202e-08      169
features.13                      548    -0.422487 4.782262e-08 1.029894e-09      201
features.6                       134    -0.422069 2.518731e-08 6.660735e-09       73
features.10                      360    -0.421792 4.975379e-08 2.592039e-08      137
features.14                      248    -0.421370 7.474339e-07 7.888171e-08      265
features.17                      237    -0.421171 4.925083e-07 6.998684e-10      489
features.11                       32    -0.420640 1.530775e-07 5.950252e-08      169
features.9                       200    -0.420305 5.888845e-08 4.674153e-09      137
features.11                       94    -0.420255 1.535253e-07 8.013467e-08      169
features.12                      214    -0.419538 1.261121e-07 2.594345e-09      201
features.13                      253    -0.419453 4.767087e-08 1.350991e-08      201
features.6                        70    -0.419047 2.501172e-08 1.271713e-08       73
features.13                      545    -0.418937 4.797950e-08 3.741736e-08      201
features.9                       168    -0.418726 5.857613e-08 2.826597e-09      137
features.17                      291    -0.418584 4.896184e-07 1.018377e-09      489
features.6                        80    -0.418225 2.503561e-08 1.062704e-07       73
features.15                      358    -0.417973 4.082569e-07 3.733786e-08      329
features.13                        2    -0.417815 4.804060e-08 4.967345e-08      201
features.17                      692    -0.417696 4.883512e-07 4.685640e-10      489
features.5                       146    -0.417636 4.482196e-08 4.705555e-08       73
features.5                       142    -0.417411 4.451064e-08 7.252996e-09       73
features.6                       102    -0.417299 2.493299e-08 4.554698e-08       73
features.13                      489    -0.416745 4.796981e-08 5.294767e-08      201
features.12                      431    -0.416563 1.251697e-07 1.234386e-09      201
features.12                      119    -0.416213 1.253339e-07 8.750924e-09      201
features.10                      299    -0.416032 4.795158e-08 5.763586e-09      137
features.16                      552    -0.415679 6.474560e-07 1.146717e-07      329
features.10                      169    -0.414815 4.846472e-08 1.727108e-08      137
features.9                       374    -0.414583 5.798405e-08 2.547964e-09      137
features.16                       88    -0.414311 6.305330e-07 7.976896e-09      329
features.15                      559    -0.413859 4.010070e-07 1.104452e-08      329
features.5                       162    -0.413774 4.415091e-08 1.108341e-08       73
features.17                      201    -0.413686 4.837570e-07 6.895560e-10      489
features.13                       96    -0.411749 4.678397e-08 1.252393e-08      201
features.17                      857    -0.411341 4.810724e-07 8.246114e-10      489
features.6                       127    -0.411248 2.472401e-08 2.405476e-07       73
features.17                      928    -0.411029 4.827162e-07 5.620147e-09      489
features.9                       296    -0.410414 6.126458e-08 8.013982e-08      137
features.11                      260    -0.409118 1.480811e-07 2.962685e-08      169
features.17                      230    -0.409097 4.796331e-07 3.648788e-09      489
features.13                      469    -0.409005 4.635519e-08 4.816745e-09      201
features.13                      185    -0.408594 4.635584e-08 7.888818e-09      201
features.3                       100    -0.408205 5.488253e-08 6.905560e-07       57
features.11                      299    -0.408056 1.504276e-07 1.255838e-07      169
features.17                      204    -0.407935 4.769851e-07 5.701013e-10      489
features.13                      509    -0.407923 4.624387e-08 5.537769e-09      201
features.13                       38    -0.407822 4.633097e-08 1.195773e-08      201
features.17                      511    -0.407755 4.769483e-07 9.832872e-10      489
features.10                      214    -0.407424 4.676730e-08 2.255766e-09      137
features.15                      650    -0.407256 3.962664e-07 2.416391e-08      329
features.9                       110    -0.407140 5.699907e-08 3.626560e-09      137
features.17                      221    -0.406567 4.765634e-07 3.378819e-09      489
features.13                      296    -0.406304 4.830805e-08 1.519540e-07      201
features.17                      571    -0.406210 4.751053e-07 8.927950e-10      489
features.17                      669    -0.406190 4.751132e-07 9.688759e-10      489
features.14                      129    -0.405888 7.123328e-07 5.236897e-08      265
features.13                      196    -0.405358 4.595991e-08 5.945563e-09      201
