================================================================================
Channel Pruning Log
  iteration  : 18
  alpha      : 0.5000
  timestamp  : 2026-07-13 17:53:32
  remove_target  : 28870
  accum_removed  : 29178
  selected_channels : 130
  gamma             : 0.0050
  remove_target_met : yes
  total_params   : 2192320
  active_after   : 1538634
  model_sparsity : 29.8%
================================================================================

[ 레이어별 채널 제거 비율 ]
  layer                total_ch  this_iter    cumul  cumul_%
  ----------------------------------------------------------
  features.1                 32          0       23    71.9%
  features.2                 96          0       80    83.3%
  features.3                144          0       27    18.8%
  features.4                144          7       94    65.3%
  features.5                192          6       50    26.0%
  features.6                192          5       89    46.4%
  features.7                192         16       92    47.9%
  features.8                384          0       51    13.3%
  features.9                384          3      245    63.8%
  features.10               384         16      277    72.1%
  features.11               384          1      135    35.2%
  features.12               576          5      349    60.6%
  features.13               576         19      279    48.4%
  features.14               576         16      483    83.9%
  features.15               960         19      378    39.4%
  features.16               960          1      171    17.8%
  features.17               960         16      175    18.2%

[ 레이어별 보호 영역 (γ=0.01) ]
  layer                  active  protected  protect_%
  --------------------------------------------------
  features.1                  9          1      11.1%
  features.2                 16          1       6.2%
  features.3                117          1       0.9%
  features.4                 57          1       1.8%
  features.5                148          1       0.7%
  features.6                108          1       0.9%
  features.7                116          1       0.9%
  features.8                333          2       0.6%
  features.9                142          1       0.7%
  features.10               123          1       0.8%
  features.11               250          2       0.8%
  features.12               232          2       0.9%
  features.13               316          2       0.6%
  features.14               109          1       0.9%
  features.15               601          4       0.7%
  features.16               790          4       0.5%
  features.17               801          5       0.6%

[ 블록별 제거 채널 수 ]
  features.10: 16채널 제거
  features.11: 1채널 제거
  features.12: 5채널 제거
  features.13: 19채널 제거
  features.14: 16채널 제거
  features.15: 19채널 제거
  features.16: 1채널 제거
  features.17: 16채널 제거
  features.4: 7채널 제거
  features.5: 6채널 제거
  features.6: 5채널 제거
  features.7: 16채널 제거
  features.9: 3채널 제거

[ 선택된 채널 상세 ]
block                             ch        score          phi         perf  weights
--------------------------------------------------------------------------------
features.15                      942    -0.499654 2.583847e-06 1.220150e-07      329
features.9                       175    -0.499525 1.318045e-06 2.952032e-06      137
features.10                      231    -0.497926 7.262414e-07 1.970117e-06      137
features.4                        87    -0.491735 8.888401e-06 2.873216e-04       65
features.12                      291    -0.489632 7.635992e-07 3.367695e-06      201
features.5                       146    -0.488531 8.777473e-07 2.425709e-05       73
features.17                      825    -0.481985 6.250273e-06 2.912408e-07      489
features.10                      327    -0.465936 6.835960e-07 4.468860e-06      137
features.10                       64    -0.463671 6.752056e-07 1.132016e-06      137
features.12                      485    -0.455156 7.376684e-07 9.050937e-06      201
features.10                       75    -0.447421 6.534116e-07 2.315730e-06      137
features.15                      429    -0.446510 2.317716e-06 7.018514e-07      329
features.14                      447    -0.442917 1.484192e-05 1.948622e-05      265
features.17                       18    -0.442613 5.735243e-06 2.616801e-07      489
features.13                       78    -0.438456 6.531404e-07 3.809562e-07      201
features.5                        25    -0.432718 8.871338e-07 2.641477e-04       73
features.13                       49    -0.427536 6.739709e-07 6.556988e-06      201
features.13                      258    -0.427509 6.424150e-07 1.301927e-06      201
features.17                      613    -0.420076 5.405262e-06 1.992701e-07      489
features.5                       105    -0.419291 7.581602e-07 3.147530e-05       73
features.7                       189    -0.412851 1.473541e-05 1.501401e-05      105
features.17                      206    -0.410147 5.456860e-06 4.265268e-07      489
features.7                        57    -0.407347 1.440723e-05 1.121890e-05      105
features.13                       71    -0.405036 6.043819e-07 5.228053e-07      201
features.4                        21    -0.404104 7.300347e-06 2.281383e-04       65
features.13                      200    -0.403284 6.098530e-07 1.868713e-06      201
features.6                       154    -0.400647 6.113715e-07 1.799669e-04       73
features.15                      370    -0.399562 2.084657e-06 1.353721e-06      329
features.4                       104    -0.399001 7.186223e-06 1.823594e-04       65
features.4                       136    -0.398971 7.300794e-06 4.074588e-04       65
features.9                        40    -0.392713 1.045665e-06 2.463875e-05      137
features.7                        37    -0.388820 1.371564e-05 9.717668e-06      105
features.13                      312    -0.388534 5.822132e-07 9.107340e-07      201
features.15                      170    -0.385707 2.008765e-06 1.060614e-06      329
features.14                      419    -0.380901 1.148991e-05 2.107812e-06      265
features.14                      441    -0.379366 1.211645e-05 9.837203e-06      265
features.16                      299    -0.379293 9.215270e-06 1.837708e-05      329
features.10                        8    -0.375178 5.548922e-07 6.510615e-06      137
features.15                      452    -0.374970 1.949797e-06 8.232559e-07      329
features.17                      899    -0.370640 4.822633e-06 2.449829e-07      489
features.4                        19    -0.367890 6.592188e-06 1.022267e-04       65
features.13                      408    -0.367483 5.511489e-07 9.415503e-07      201
features.10                      202    -0.367409 5.378272e-07 2.728844e-06      137
features.13                      497    -0.366325 5.469562e-07 5.292340e-07      201
features.7                       181    -0.365150 1.329281e-05 2.037375e-05      105
features.15                      492    -0.364200 1.901592e-06 1.331371e-06      329
features.15                       29    -0.362982 1.882417e-06 4.527002e-07      329
features.17                      863    -0.361289 5.267550e-06 9.715619e-07      489
features.4                       105    -0.360493 6.499014e-06 1.771773e-04       65
features.13                      518    -0.360037 5.776762e-07 7.207777e-06      201
features.7                       174    -0.357848 1.323744e-05 2.570977e-05      105
features.5                        56    -0.357710 7.964356e-07 3.579390e-04       73
features.14                      168    -0.357003 1.391313e-05 3.813334e-05      265
features.7                       135    -0.356924 1.309425e-05 2.266786e-05      105
features.9                       187    -0.354456 9.353788e-07 2.360505e-06      137
features.10                       24    -0.354183 5.239190e-07 6.197283e-06      137
features.14                       39    -0.352061 1.127761e-05 9.511456e-06      265
features.15                      912    -0.350823 1.854760e-06 2.852428e-06      329
features.13                      369    -0.345109 5.147894e-07 4.167746e-07      201
features.7                        13    -0.342852 1.212891e-05 9.518237e-06      105
features.6                         8    -0.340296 4.898171e-07 2.869082e-05       73
features.10                        2    -0.340069 4.954311e-07 9.718954e-07      137
features.7                       190    -0.339817 1.337624e-05 4.640591e-05      105
features.15                      316    -0.337444 1.803527e-06 4.074086e-06      329
features.13                       66    -0.336863 5.051198e-07 8.456448e-07      201
features.14                      525    -0.335557 1.039437e-05 4.987998e-06      265
features.13                       39    -0.335335 5.058729e-07 1.349394e-06      201
features.15                       89    -0.333399 1.830459e-06 7.337395e-06      329
features.17                      880    -0.332858 4.540540e-06 4.909705e-07      489
features.17                      771    -0.332683 4.246268e-06 1.132320e-07      489
features.7                        30    -0.332601 1.180762e-05 1.036204e-05      105
features.15                      520    -0.332212 1.771949e-06 3.764225e-06      329
features.10                      110    -0.332168 4.886131e-07 4.019121e-06      137
features.10                      193    -0.330975 4.843902e-07 2.390216e-06      137
features.14                      305    -0.329699 1.297132e-05 3.662334e-05      265
features.10                      297    -0.327855 4.775264e-07 8.652853e-07      137
features.14                      386    -0.326827 9.926080e-06 2.582943e-06      265
features.17                      384    -0.324195 4.488624e-06 5.638797e-07      489
features.13                      318    -0.323351 4.913357e-07 1.891658e-06      201
features.7                       109    -0.323307 1.233283e-05 3.341149e-05      105
features.15                      661    -0.322219 1.681017e-06 1.083690e-06      329
features.15                      716    -0.321818 1.739428e-06 5.210136e-06      329
features.7                        63    -0.321783 1.175821e-05 1.915795e-05      105
features.17                      415    -0.321251 4.400415e-06 4.973937e-07      489
features.13                      144    -0.318219 4.773390e-07 8.279114e-07      201
features.14                       50    -0.318211 1.008823e-05 7.388765e-06      265
features.7                        79    -0.317502 1.166019e-05 2.049731e-05      105
features.4                        69    -0.316550 5.836942e-06 4.100662e-04       65
features.12                       40    -0.316099 4.903549e-07 1.618244e-06      201
features.10                      303    -0.311924 4.606656e-07 4.972393e-06      137
features.15                      292    -0.311516 1.611985e-06 1.477935e-07      329
features.6                       130    -0.310703 4.830642e-07 1.772558e-04       73
features.7                        27    -0.309505 1.237932e-05 4.762319e-05      105
features.6                        58    -0.308871 4.398143e-07 5.932823e-06       73
features.17                      136    -0.308662 4.024354e-06 2.145699e-07      489
features.14                      317    -0.308341 9.404733e-06 2.897909e-06      265
features.14                       90    -0.307697 9.291502e-06 1.815553e-06      265
features.15                      470    -0.307539 1.706219e-06 7.978421e-06      329
features.14                      195    -0.307246 9.289214e-06 1.943338e-06      265
features.15                      504    -0.305103 1.600857e-06 1.649392e-06      329
features.17                       57    -0.304395 4.517910e-06 9.218679e-07      489
features.14                       69    -0.302219 1.073222e-05 2.025408e-05      265
features.13                      468    -0.301965 4.526500e-07 7.343783e-07      201
features.11                      178    -0.301832 3.123498e-06 5.468483e-06      169
features.7                         2    -0.299939 1.231966e-05 5.496468e-05      105
features.6                       189    -0.297404 4.242492e-07 8.929204e-06       73
features.14                      506    -0.297332 9.489880e-06 7.635097e-06      265
features.17                      423    -0.296632 3.929698e-06 2.866342e-07      489
features.7                       180    -0.296403 1.033908e-05 4.227031e-06      105
features.15                      282    -0.295561 1.620108e-06 6.326783e-06      329
features.5                        34    -0.295401 5.270081e-07 6.390225e-06       73
features.10                      249    -0.295229 4.453048e-07 1.078696e-05      137
features.13                       43    -0.294482 4.440010e-07 1.144406e-06      201
features.17                      840    -0.294004 3.840619e-06 2.139185e-07      489
features.12                      365    -0.293996 4.833402e-07 7.306067e-06      201
features.5                        49    -0.293919 5.249753e-07 7.709939e-06       73
features.7                        38    -0.293511 1.068390e-05 1.635001e-05      105
features.14                      115    -0.293223 8.831982e-06 1.471900e-06      265
features.14                      222    -0.291462 9.079215e-06 4.916319e-06      265
features.12                      262    -0.290669 4.527080e-07 1.871216e-06      201
features.10                      127    -0.289559 4.242678e-07 2.412605e-06      137
features.13                      206    -0.288432 4.327641e-07 7.683867e-07      201
features.10                      336    -0.287769 4.216495e-07 2.400149e-06      137
features.10                      275    -0.287709 4.276317e-07 6.371335e-06      137
features.13                      137    -0.286855 4.305934e-07 7.965767e-07      201
features.15                      291    -0.286386 1.603331e-06 8.416619e-06      329
features.17                      483    -0.285877 3.685753e-06 1.450163e-07      489
features.15                      382    -0.285857 1.508453e-06 2.130575e-06      329
features.13                      434    -0.284476 4.258281e-07 5.908415e-07      201
features.17                      514    -0.284245 3.901008e-06 4.497957e-07      489
