================================================================================
Channel Pruning Log
  iteration  : 2
  alpha      : 0.0000
  timestamp  : 2026-04-05 11:06:24
  remove_target  : 160116
  accum_removed  : 160133
  selected_channels : 757
  total_params   : 2289600
  active_after   : 1951330
  model_sparsity : 14.8%
================================================================================

[ 레이어별 채널 제거 비율 ]
  layer                total_ch  this_iter    cumul  cumul_%
  ----------------------------------------------------------
  features.1                 32          4       10    31.2%
  features.2                 96         12       34    35.4%
  features.3                144          6       12     8.3%
  features.4                144         19       39    27.1%
  features.5                192         18       23    12.0%
  features.6                192         23       49    25.5%
  features.7                192         44       73    38.0%
  features.8                384         33      100    26.0%
  features.9                384         45       60    15.6%
  features.10               384         46      109    28.4%
  features.11               384        104      187    48.7%
  features.12               576         61      152    26.4%
  features.13               576         46      116    20.1%
  features.14               576        160      309    53.6%
  features.15               960         64       80     8.3%
  features.16               960         28       66     6.9%
  features.17               960         44      139    14.5%

[ 블록별 제거 채널 수 ]
  features.1: 4채널 제거
  features.10: 46채널 제거
  features.11: 104채널 제거
  features.12: 61채널 제거
  features.13: 46채널 제거
  features.14: 160채널 제거
  features.15: 64채널 제거
  features.16: 28채널 제거
  features.17: 44채널 제거
  features.2: 12채널 제거
  features.3: 6채널 제거
  features.4: 19채널 제거
  features.5: 18채널 제거
  features.6: 23채널 제거
  features.7: 44채널 제거
  features.8: 33채널 제거
  features.9: 45채널 제거

[ 선택된 채널 상세 ]
block                             ch        score          phi         perf  weights
--------------------------------------------------------------------------------
features.7                       151    -0.999999 1.069480e-06 3.848839e-08      105
features.17                      739    -0.999999 1.051656e-06 1.577566e-09      489
features.14                      485    -0.999999 1.029560e-06 3.033613e-08      265
features.16                      406    -0.999999 9.957482e-07 5.611680e-07      329
features.15                      575    -0.999999 8.316291e-07 2.369074e-09      329
features.4                        56    -0.999998 6.246859e-07 2.870854e-07       65
features.2                        37    -0.999997 3.460340e-07 1.002148e-07       49
features.9                       115    -0.999996 2.652556e-07 1.573723e-09      137
features.11                      213    -0.999996 2.552652e-07 1.137420e-07      169
features.13                       18    -0.999994 1.653928e-07 2.545179e-09      201
features.8                        65    -0.999994 1.626818e-07 1.879724e-09      137
features.12                       14    -0.999994 1.527677e-07 9.182605e-10      201
features.1                         5    -0.999993 1.452341e-07 9.477598e-04       25
features.5                        74    -0.999993 1.357257e-07 8.966481e-09       73
features.10                       36    -0.999993 1.336735e-07 1.784335e-09      137
features.3                       110    -0.999991 1.111113e-07 1.286815e-05       57
features.6                       184    -0.999984 6.284490e-08 6.074715e-09       73
features.6                        61    -0.996409 6.262024e-08 1.914531e-07       73
features.4                        57    -0.959854 5.996083e-07 5.993107e-07       65
features.11                      333    -0.958780 2.447440e-07 5.896382e-09      169
features.7                        50    -0.958252 1.024832e-06 1.319938e-08      105
features.4                       119    -0.956266 5.973666e-07 3.461570e-07       65
features.7                       184    -0.951756 1.017885e-06 2.369231e-08      105
features.6                         7    -0.948370 5.960119e-08 2.206346e-08       73
features.15                      339    -0.946055 7.867674e-07 1.717569e-09      329
features.5                        78    -0.940534 1.276556e-07 3.164695e-08       73
features.5                       190    -0.940005 1.275838e-07 5.372941e-08       73
features.7                        87    -0.938629 1.003846e-06 7.285965e-08      105
features.14                      381    -0.938341 9.660796e-07 2.228910e-08      265
features.7                        74    -0.934286 9.992010e-07 4.939585e-08      105
features.12                      541    -0.928887 1.419049e-07 1.212830e-08      201
features.15                      817    -0.924730 7.690331e-07 6.602626e-09      329
features.5                        81    -0.923959 1.254060e-07 2.533558e-08       73
features.7                        40    -0.920436 9.843880e-07 7.178449e-08      105
features.12                      497    -0.915806 1.399066e-07 1.392305e-09      201
features.15                      145    -0.907369 7.545957e-07 7.599615e-09      329
features.7                       138    -0.902856 9.655868e-07 1.165955e-07      105
features.15                      680    -0.902366 7.504348e-07 4.824825e-09      329
features.6                        26    -0.900052 5.656456e-08 1.287069e-09       73
features.11                      249    -0.898877 2.294530e-07 3.546363e-09      169
features.11                      291    -0.896367 2.288122e-07 7.200088e-08      169
features.11                      254    -0.880997 2.248887e-07 7.978343e-09      169
features.11                      173    -0.879693 2.245558e-07 2.567705e-08      169
features.11                      174    -0.879122 2.244103e-07 1.840382e-09      169
features.11                      197    -0.875388 2.234571e-07 7.408164e-09      169
features.5                        94    -0.872719 1.184513e-07 2.237696e-08       73
features.15                      596    -0.869063 7.227389e-07 1.989377e-09      329
features.6                       185    -0.868230 5.456470e-08 2.182550e-08       73
features.12                      275    -0.867100 1.324658e-07 8.139258e-10      201
features.11                      106    -0.862966 2.202861e-07 1.400282e-08      169
features.9                       143    -0.859993 2.281189e-07 2.598147e-09      137
features.10                      322    -0.858884 1.148108e-07 5.310653e-10      137
features.15                      853    -0.857121 7.128079e-07 1.042359e-09      329
features.12                      203    -0.855446 1.306854e-07 9.139061e-10      201
features.8                       377    -0.854796 1.390606e-07 7.275780e-09      137
features.14                      231    -0.854604 8.798671e-07 3.951195e-09      265
features.11                       35    -0.853955 2.179858e-07 4.002936e-08      169
features.15                      573    -0.853349 7.096711e-07 1.855641e-09      329
features.8                       301    -0.850920 1.384299e-07 2.370145e-09      137
features.11                      296    -0.850916 2.172100e-07 6.732188e-08      169
features.11                      288    -0.850910 2.172085e-07 3.986130e-08      169
features.11                      191    -0.848223 2.165226e-07 3.293387e-07      169
features.14                      478    -0.841020 8.658818e-07 2.791521e-08      265
features.15                      824    -0.837195 6.962362e-07 1.341834e-09      329
features.11                       51    -0.836932 2.136404e-07 1.476264e-07      169
features.11                      266    -0.836865 2.136233e-07 9.625637e-09      169
features.12                      507    -0.836316 1.277629e-07 1.013037e-09      201
features.11                      246    -0.830369 2.119652e-07 2.107584e-08      169
features.11                      226    -0.830273 2.119407e-07 2.681486e-08      169
features.9                       337    -0.825607 2.189978e-07 3.348696e-09      137
features.11                       62    -0.823006 2.100857e-07 1.376481e-07      169
features.11                      240    -0.822713 2.100108e-07 3.876276e-08      169
features.6                       186    -0.819348 5.149267e-08 5.277397e-08       73
features.7                       122    -0.818592 8.754685e-07 1.631016e-08      105
features.9                        66    -0.816062 2.164658e-07 1.499687e-09      137
features.16                      848    -0.813146 8.096895e-07 1.379036e-09      329
features.10                      134    -0.812556 1.086180e-07 1.555126e-08      137
features.13                      344    -0.809389 1.338678e-07 7.004426e-09      201
features.11                      280    -0.808165 2.062973e-07 4.415007e-08      169
features.9                        29    -0.806673 2.139753e-07 2.375421e-09      137
features.1                        29    -0.806606 1.171475e-07 1.125182e-07       25
features.14                      194    -0.806224 8.300563e-07 9.855254e-09      265
features.15                      302    -0.804383 6.689494e-07 4.491437e-09      329
features.11                      102    -0.803590 2.051294e-07 8.414555e-09      169
features.5                        85    -0.800716 1.086785e-07 6.427660e-09       73
features.10                      140    -0.797929 1.066627e-07 1.317952e-08      137
features.3                       126    -0.797006 8.855726e-08 2.365195e-07       57
features.11                      222    -0.795176 2.029816e-07 8.613809e-08      169
features.11                      261    -0.793484 2.025496e-07 1.762133e-07      169
features.8                        35    -0.792804 1.289755e-07 1.698266e-08      137
features.10                      167    -0.792543 1.059428e-07 1.337325e-09      137
features.11                      108    -0.790232 2.017195e-07 7.157107e-08      169
features.11                      196    -0.781477 1.994848e-07 1.259374e-08      169
features.9                        81    -0.780985 2.071615e-07 1.415003e-09      137
features.6                        25    -0.780220 4.903365e-08 1.740347e-07       73
features.4                         6    -0.780177 4.873665e-07 2.258559e-07       65
features.14                      320    -0.775377 7.982981e-07 1.817466e-08      265
features.8                       125    -0.774450 1.259897e-07 1.007603e-09      137
features.14                       49    -0.774136 7.970199e-07 3.036912e-08      265
features.8                        21    -0.771579 1.255226e-07 9.769170e-10      137
features.9                       263    -0.771064 2.045299e-07 2.766909e-09      137
features.14                      442    -0.769932 7.926920e-07 5.735524e-09      265
features.4                        16    -0.768029 4.797778e-07 1.755020e-07       65
features.15                      119    -0.767083 6.379291e-07 7.304549e-10      329
features.11                       87    -0.763739 1.949568e-07 1.940952e-09      169
features.12                       28    -0.761165 1.162822e-07 2.032549e-09      201
features.5                       167    -0.760738 1.032525e-07 3.667847e-07       73
features.11                       98    -0.760205 1.940546e-07 9.028501e-08      169
features.7                       128    -0.759629 8.124085e-07 3.761896e-08      105
features.14                      399    -0.759164 7.816055e-07 9.463671e-09      265
features.13                      310    -0.759143 1.255575e-07 1.546816e-09      201
features.13                      358    -0.758139 1.253915e-07 3.612198e-09      201
features.15                      193    -0.757133 6.296548e-07 4.649564e-09      329
features.10                      185    -0.752184 1.005478e-07 4.102401e-09      137
features.12                       17    -0.749487 1.144981e-07 3.595519e-09      201
features.5                        41    -0.749049 1.016660e-07 2.617001e-06       73
features.10                        7    -0.748807 1.000964e-07 1.370923e-08      137
features.11                      299    -0.748024 1.909453e-07 1.272743e-07      169
features.7                       158    -0.747766 7.997209e-07 6.088145e-08      105
features.11                      141    -0.746553 1.905699e-07 3.635199e-09      169
features.7                       182    -0.744932 7.966899e-07 1.112454e-08      105
features.15                      543    -0.743895 6.186458e-07 1.348416e-09      329
features.7                       170    -0.742711 7.943148e-07 4.319189e-08      105
features.4                        37    -0.740506 4.625844e-07 2.930353e-07       65
features.17                      841    -0.739555 7.777574e-07 8.238110e-10      489
features.11                      341    -0.738135 1.884210e-07 8.959224e-09      169
features.11                       28    -0.737015 1.881350e-07 1.482102e-09      169
features.15                      194    -0.736943 6.128641e-07 1.180971e-09      329
features.15                      451    -0.736023 6.120986e-07 8.291216e-10      329
features.15                      729    -0.735800 6.119133e-07 2.157575e-09      329
features.10                      188    -0.735771 9.835376e-08 1.661077e-09      137
features.14                      372    -0.732086 7.537269e-07 5.731713e-09      265
features.4                        38    -0.730843 4.565478e-07 2.188296e-07       65
features.15                       64    -0.730496 6.075024e-07 1.053721e-09      329
features.17                      562    -0.730184 7.679029e-07 6.599145e-10      489
features.11                      286    -0.729898 1.863183e-07 8.823767e-09      169
features.10                      126    -0.729307 9.748966e-08 7.628867e-09      137
features.14                       21    -0.727147 7.486423e-07 1.393229e-09      265
features.17                      685    -0.726975 7.645280e-07 4.217394e-10      489
features.11                      116    -0.725889 1.852951e-07 2.396562e-07      169
features.15                      506    -0.721470 5.999959e-07 6.166668e-09      329
features.14                      566    -0.720807 7.421150e-07 3.064269e-09      265
features.11                       45    -0.720379 1.838885e-07 4.526788e-08      169
features.16                      514    -0.719391 7.163329e-07 1.348318e-09      329
features.8                        97    -0.718566 1.168982e-07 3.415753e-09      137
features.2                        33    -0.718445 2.486071e-07 7.119513e-07       49
features.2                        41    -0.718321 2.485641e-07 1.566774e-06       49
features.14                      148    -0.717753 7.389707e-07 1.751389e-08      265
features.11                      334    -0.717607 1.831807e-07 3.970234e-09      169
features.14                      454    -0.716920 7.381130e-07 7.015862e-09      265
features.9                       275    -0.716076 1.899438e-07 3.399243e-09      137
features.11                      253    -0.715533 1.826515e-07 7.898025e-09      169
features.14                      118    -0.714321 7.354369e-07 8.465885e-09      265
features.3                        62    -0.713683 7.929894e-08 4.131956e-08       57
features.14                      326    -0.713271 7.343556e-07 8.491201e-09      265
features.8                       124    -0.712077 1.158426e-07 4.812928e-09      137
features.4                        61    -0.711845 4.446804e-07 3.867154e-07       65
features.11                       59    -0.711588 1.816444e-07 6.496762e-08      169
features.11                      248    -0.710536 1.813758e-07 1.352433e-08      169
features.8                       259    -0.710033 1.155101e-07 1.650180e-10      137
features.2                        85    -0.709741 2.455953e-07 6.827520e-07       49
features.10                      278    -0.708482 9.470590e-08 5.213731e-09      137
features.14                      565    -0.706679 7.275690e-07 3.820986e-09      265
features.2                        80    -0.704646 2.438321e-07 5.735424e-08       49
features.12                      378    -0.704145 1.075713e-07 1.095084e-09      201
features.7                        31    -0.703327 7.521946e-07 1.667029e-07      105
features.14                      408    -0.702987 7.237675e-07 1.984475e-08      265
features.12                      306    -0.701154 1.071143e-07 2.002625e-08      201
features.12                      221    -0.700727 1.070492e-07 8.488588e-10      201
features.10                       10    -0.699322 9.348148e-08 6.563149e-10      137
features.12                      478    -0.698741 1.067458e-07 1.645940e-09      201
features.11                      180    -0.697383 1.780183e-07 8.101721e-08      169
features.15                      300    -0.696818 5.794951e-07 1.733947e-09      329
features.12                      101    -0.695992 1.063259e-07 8.498822e-10      201
features.9                       135    -0.695369 1.844512e-07 1.179429e-09      137
features.6                        11    -0.695229 4.369228e-08 1.639562e-08       73
features.14                      216    -0.694607 7.151403e-07 4.927680e-09      265
features.11                      111    -0.693826 1.771103e-07 2.555785e-08      169
features.14                      489    -0.693228 7.137210e-07 6.047310e-10      265
features.13                      492    -0.691049 1.142952e-07 2.629817e-09      201
features.11                        8    -0.690837 1.763473e-07 1.038643e-07      169
features.14                       82    -0.690032 7.104305e-07 1.832451e-08      265
features.4                        75    -0.687776 4.296446e-07 1.915744e-07       65
features.11                       83    -0.687626 1.755278e-07 1.865317e-09      169
features.12                        3    -0.685640 1.047444e-07 1.856476e-09      201
features.14                      200    -0.684203 7.044285e-07 4.264547e-08      265
features.12                       20    -0.684139 1.045150e-07 7.096492e-09      201
features.17                      733    -0.683885 7.192120e-07 9.352661e-10      489
features.11                       24    -0.683825 1.745575e-07 5.149625e-08      169
features.15                      822    -0.682224 5.673583e-07 1.206060e-09      329
features.14                      266    -0.682042 7.022043e-07 6.406096e-10      265
features.14                       71    -0.681312 7.014519e-07 9.214422e-09      265
features.8                       304    -0.681247 1.108271e-07 1.643269e-09      137
features.7                       186    -0.678167 7.252867e-07 4.237214e-08      105
features.10                      379    -0.678033 9.063574e-08 2.731851e-09      137
features.13                      348    -0.677461 1.120479e-07 1.445776e-09      201
features.14                      426    -0.676916 6.969265e-07 1.108414e-09      265
features.12                      510    -0.676133 1.032919e-07 1.441931e-09      201
features.13                        3    -0.676053 1.118150e-07 1.562140e-09      201
features.11                      187    -0.675816 1.725129e-07 5.452923e-08      169
features.14                      273    -0.674775 6.947219e-07 1.095026e-08      265
features.7                       150    -0.671145 7.177769e-07 4.597894e-08      105
features.14                      386    -0.670704 6.905312e-07 1.670700e-08      265
features.14                      502    -0.669888 6.896902e-07 1.842152e-09      265
features.15                      464    -0.669743 5.569789e-07 7.632041e-09      329
features.10                      148    -0.668343 8.934038e-08 1.295470e-08      137
features.14                      251    -0.668110 6.878595e-07 4.667435e-09      265
features.11                      300    -0.667519 1.703950e-07 1.789362e-07      169
features.12                      571    -0.667412 1.019596e-07 3.150290e-09      201
features.10                      331    -0.667042 8.916654e-08 1.894333e-09      137
features.14                      209    -0.667025 6.867431e-07 2.727371e-09      265
features.11                      304    -0.666915 1.702408e-07 1.149177e-09      169
features.6                       111    -0.665758 4.184016e-08 1.811613e-09       73
features.14                      409    -0.665553 6.852273e-07 1.015050e-08      265
features.12                      267    -0.665150 1.016141e-07 1.910353e-09      201
features.13                      532    -0.664997 1.099863e-07 1.288444e-09      201
features.9                        96    -0.664147 1.761694e-07 1.000486e-09      137
features.9                        37    -0.663927 1.761111e-07 1.185160e-09      137
features.14                       30    -0.663328 6.829371e-07 3.203733e-08      265
features.10                      144    -0.663052 8.863307e-08 2.118389e-09      137
features.14                       59    -0.662797 6.823898e-07 3.379189e-09      265
features.14                      422    -0.661801 6.813644e-07 2.590414e-09      265
features.11                      282    -0.661360 1.688229e-07 1.122322e-07      169
features.5                       165    -0.660353 8.962752e-08 3.708674e-08       73
features.8                       112    -0.659440 1.072795e-07 6.168038e-10      137
features.4                        47    -0.658721 4.114942e-07 1.836814e-07       65
features.15                      819    -0.657976 5.471925e-07 1.362022e-09      329
features.14                      527    -0.657575 6.770140e-07 1.441077e-08      265
features.15                      702    -0.657238 5.465793e-07 1.241052e-09      329
features.12                      543    -0.657062 1.003785e-07 5.269562e-09      201
features.14                      138    -0.656727 6.761406e-07 6.280388e-10      265
features.10                      174    -0.656550 8.776391e-08 6.311461e-10      137
features.16                       72    -0.656225 6.534353e-07 1.333671e-09      329
features.14                      537    -0.655023 6.743863e-07 9.675124e-09      265
features.10                       83    -0.654740 8.752200e-08 3.912684e-08      137
features.11                      157    -0.654110 1.669721e-07 1.573763e-08      169
features.13                      430    -0.654099 1.081839e-07 1.033579e-09      201
features.5                       102    -0.653252 8.866376e-08 1.767676e-08       73
features.7                        54    -0.652311 6.976344e-07 1.603595e-08      105
features.6                       128    -0.652048 4.097858e-08 4.351802e-09       73
features.15                      672    -0.651951 5.421820e-07 2.152266e-08      329
features.3                       114    -0.651693 7.241119e-08 5.128626e-07       57
features.9                       372    -0.650665 1.725933e-07 3.073732e-09      137
features.11                      166    -0.650488 1.660476e-07 7.659443e-08      169
features.11                      176    -0.650461 1.660406e-07 2.702401e-07      169
features.7                       157    -0.649104 6.942039e-07 5.426086e-08      105
features.11                      244    -0.648777 1.656108e-07 1.507195e-08      169
features.7                        20    -0.648227 6.932659e-07 2.043123e-08      105
features.12                      204    -0.648104 9.901007e-08 2.068695e-09      201
features.14                      275    -0.646554 6.656667e-07 1.911478e-09      265
features.11                      220    -0.646407 1.650060e-07 8.707327e-07      169
features.4                        70    -0.646341 4.037608e-07 1.314300e-07       65
features.11                      275    -0.646309 1.649809e-07 9.690309e-08      169
features.11                      279    -0.645899 1.648763e-07 2.836011e-08      169
features.10                        3    -0.645446 8.627971e-08 7.159425e-10      137
features.16                      695    -0.645382 6.426387e-07 1.810530e-09      329
features.14                      476    -0.644601 6.636565e-07 1.826803e-10      265
features.9                       170    -0.644558 1.709733e-07 1.278834e-09      137
features.6                        94    -0.644125 4.048065e-08 1.030719e-07       73
features.9                       106    -0.642670 1.704725e-07 1.788053e-09      137
features.15                      352    -0.642473 5.343003e-07 9.260971e-09      329
features.14                      190    -0.642117 6.610986e-07 3.257212e-09      265
features.14                      117    -0.641810 6.607825e-07 1.797094e-08      265
features.7                         5    -0.641752 6.863410e-07 3.678231e-08      105
features.17                      556    -0.641574 6.747150e-07 3.067139e-09      489
features.7                       116    -0.639093 6.834977e-07 1.665873e-08      105
features.11                      233    -0.637888 1.628314e-07 1.685203e-08      169
features.2                        17    -0.637811 2.207050e-07 3.496411e-07       49
features.11                      144    -0.637604 1.627588e-07 4.684273e-09      169
features.13                      178    -0.636987 1.053538e-07 2.515204e-09      201
features.15                      572    -0.636661 5.294662e-07 1.278828e-09      329
features.13                      503    -0.636194 1.052226e-07 7.979681e-11      201
features.11                      188    -0.635647 1.622591e-07 6.712538e-08      169
features.13                      481    -0.635532 1.051130e-07 2.563195e-09      201
features.12                      472    -0.635291 9.705263e-08 1.505973e-09      201
features.11                      271    -0.635243 1.621561e-07 5.770205e-09      169
features.16                      184    -0.633962 6.312674e-07 7.683596e-10      329
features.6                       168    -0.633429 3.980844e-08 1.414093e-08       73
features.9                       208    -0.633260 1.679763e-07 4.468000e-10      137
features.10                      341    -0.633137 8.463430e-08 5.210526e-09      137
features.9                       203    -0.633012 1.679105e-07 1.619140e-09      137
features.11                      263    -0.632897 1.615571e-07 6.002181e-08      169
features.17                      289    -0.632870 6.655616e-07 9.834004e-10      489
features.17                      368    -0.632211 6.648685e-07 8.956883e-10      489
features.7                        60    -0.632170 6.760934e-07 1.214483e-07      105
features.14                      353    -0.632142 6.508283e-07 1.766312e-08      265
features.8                       317    -0.632006 1.028164e-07 5.689351e-09      137
features.12                      151    -0.631190 9.642603e-08 4.698166e-08      201
features.17                      666    -0.630784 6.633679e-07 1.027111e-09      489
features.6                       146    -0.630540 3.962687e-08 7.396122e-08       73
features.9                       141    -0.630491 1.672418e-07 4.550200e-10      137
features.15                      711    -0.629979 5.239099e-07 2.436919e-09      329
features.12                      242    -0.628932 9.608109e-08 8.180373e-09      201
features.15                        9    -0.628735 5.228749e-07 1.301443e-09      329
features.11                       11    -0.628243 1.603693e-07 5.358521e-09      169
features.5                        40    -0.628133 8.525441e-08 2.026568e-08       73
features.14                      542    -0.628103 6.466701e-07 2.124617e-08      265
features.7                        57    -0.627173 6.707489e-07 1.436457e-07      105
features.11                      285    -0.625623 1.597005e-07 5.755331e-08      169
features.11                      356    -0.625519 1.596738e-07 5.072385e-08      169
features.14                      278    -0.625346 6.438314e-07 6.234661e-09      265
features.17                      851    -0.624664 6.569322e-07 3.567417e-09      489
features.14                      120    -0.624364 6.428212e-07 1.461168e-09      265
features.14                        4    -0.623961 6.424058e-07 7.219773e-09      265
features.15                      929    -0.623892 5.188473e-07 4.619185e-10      329
features.5                       151    -0.623527 8.462929e-08 2.153195e-06       73
features.16                      629    -0.621308 6.186671e-07 1.293671e-09      329
features.12                      184    -0.621280 9.491217e-08 4.463640e-09      201
features.14                      181    -0.621207 6.395707e-07 3.122527e-08      265
features.13                      471    -0.620701 1.026601e-07 7.839787e-09      201
features.15                      164    -0.619355 5.150741e-07 2.029461e-09      329
features.12                      568    -0.618068 9.442151e-08 1.145432e-09      201
features.4                       142    -0.616590 3.851755e-07 1.824737e-07       65
features.12                      183    -0.616068 9.411598e-08 5.572820e-08      201
features.5                         9    -0.616043 8.361345e-08 1.903835e-08       73
features.10                      253    -0.615753 8.231043e-08 1.018208e-08      137
features.9                       232    -0.615731 1.633268e-07 8.405404e-10      137
features.14                      184    -0.613877 6.320241e-07 2.230574e-09      265
features.14                      349    -0.613710 6.318514e-07 2.037651e-08      265
features.14                      255    -0.612812 6.309271e-07 1.310365e-08      265
features.7                       115    -0.612352 6.548988e-07 1.569164e-08      105
features.12                      119    -0.612191 9.352357e-08 6.621058e-09      201
features.13                      220    -0.611161 1.010822e-07 1.600402e-09      201
features.17                      949    -0.610559 6.420981e-07 2.654015e-09      489
features.10                      369    -0.609904 8.152862e-08 2.082273e-09      137
features.10                      345    -0.609406 8.146197e-08 8.094466e-10      137
features.14                      523    -0.609275 6.272858e-07 2.008873e-08      265
features.7                       181    -0.609128 6.514502e-07 8.879591e-08      105
features.11                      287    -0.609046 1.554688e-07 2.232458e-08      169
features.12                      464    -0.608329 9.293358e-08 2.506085e-08      201
features.10                      361    -0.608217 8.130311e-08 6.078866e-08      137
features.14                      144    -0.607955 6.259268e-07 1.301766e-08      265
features.12                      454    -0.607864 9.286266e-08 8.600942e-09      201
features.17                      271    -0.607061 6.384192e-07 3.236529e-10      489
features.2                        77    -0.606262 2.097878e-07 2.726962e-07       49
features.17                       49    -0.606112 6.374212e-07 1.115822e-09      489
features.11                      374    -0.605973 1.546845e-07 2.000462e-07      169
features.11                        5    -0.605891 1.546635e-07 3.523157e-09      169
features.16                      226    -0.604743 6.021728e-07 1.193294e-09      329
features.12                      360    -0.604576 9.236035e-08 9.772635e-10      201
features.14                      431    -0.604496 6.223657e-07 1.155467e-08      265
features.17                      398    -0.603926 6.351229e-07 1.814852e-09      489
features.14                      457    -0.603830 6.216802e-07 1.090537e-08      265
features.12                      562    -0.603418 9.218344e-08 1.191276e-09      201
features.8                       297    -0.603315 9.814892e-08 2.567420e-08      137
features.16                      383    -0.603134 6.005703e-07 6.058021e-10      329
features.16                      138    -0.602933 6.003704e-07 1.215870e-09      329
features.14                      562    -0.602583 6.203961e-07 1.207637e-08      265
features.15                      179    -0.602104 5.007275e-07 1.585151e-09      329
features.14                       87    -0.601051 6.188185e-07 8.918834e-09      265
features.11                      381    -0.600621 1.533182e-07 1.649709e-08      169
features.14                      159    -0.600594 6.183477e-07 8.307325e-09      265
features.14                      518    -0.600039 6.177764e-07 9.058039e-09      265
features.13                      150    -0.599817 9.920595e-08 1.018981e-09      201
features.14                      253    -0.599399 6.171173e-07 1.283481e-08      265
features.9                        73    -0.599336 1.589779e-07 8.585286e-10      137
features.14                       19    -0.598439 6.161297e-07 5.092797e-09      265
features.5                       134    -0.598280 8.120266e-08 4.365783e-07       73
features.17                      879    -0.598175 6.290742e-07 8.439011e-09      489
features.8                        60    -0.597842 9.725854e-08 6.345377e-09      137
features.11                      192    -0.597388 1.524929e-07 5.086877e-09      169
features.14                      143    -0.597125 6.147764e-07 2.598653e-08      265
features.11                      195    -0.597060 1.524094e-07 1.624049e-07      169
features.16                      299    -0.596931 5.943932e-07 1.463243e-07      329
features.7                        89    -0.596438 6.378794e-07 3.620852e-08      105
features.16                      454    -0.596362 5.938275e-07 1.381017e-09      329
features.12                      212    -0.595539 9.097970e-08 4.502642e-09      201
features.15                      458    -0.595210 4.949945e-07 2.051324e-09      329
features.9                       194    -0.594383 1.576641e-07 6.510143e-09      137
features.14                      472    -0.594212 6.117778e-07 8.104646e-09      265
features.14                      344    -0.594115 6.116778e-07 9.716407e-09      265
features.14                      403    -0.593367 6.109077e-07 1.903729e-09      265
features.7                       103    -0.593175 6.343893e-07 2.556084e-08      105
features.11                      372    -0.593062 1.513887e-07 2.309344e-07      169
features.16                      372    -0.592868 5.903482e-07 1.181616e-09      329
features.14                       57    -0.592770 6.102928e-07 3.340812e-08      265
features.9                       242    -0.592223 1.570911e-07 2.717418e-09      137
features.14                      260    -0.592084 6.095862e-07 1.027007e-08      265
features.7                       159    -0.591575 6.326775e-07 7.661687e-08      105
features.14                      185    -0.591300 6.087792e-07 8.412494e-09      265
features.9                       305    -0.590404 1.566085e-07 2.026967e-09      137
features.12                      292    -0.589988 9.013166e-08 2.037427e-09      201
features.11                      318    -0.589955 1.505957e-07 5.490487e-08      169
features.17                      303    -0.589941 6.204157e-07 7.354433e-10      489
features.15                      886    -0.589917 4.905925e-07 5.638477e-10      329
features.14                      421    -0.589771 6.072052e-07 1.264062e-08      265
features.1                        10    -0.589587 8.562873e-08 9.408626e-07       25
features.13                      393    -0.589079 9.743002e-08 1.511427e-09      201
features.16                      838    -0.588720 5.862177e-07 9.275308e-10      329
features.11                      204    -0.588712 1.502784e-07 1.088022e-08      169
features.17                      297    -0.587293 6.176301e-07 8.807437e-10      489
features.12                       26    -0.586958 8.966880e-08 8.921535e-10      201
features.11                       68    -0.585837 1.495444e-07 2.549488e-08      169
features.16                      802    -0.585827 5.833366e-07 1.216797e-09      329
features.9                       345    -0.585360 1.552705e-07 9.126130e-10      137
features.11                      330    -0.585313 1.494106e-07 1.006886e-08      169
features.15                      383    -0.584430 4.860298e-07 1.733351e-09      329
features.14                      168    -0.583898 6.011590e-07 3.432910e-08      265
features.12                      426    -0.583883 8.919910e-08 4.090323e-09      201
features.13                      444    -0.583651 9.653223e-08 2.488330e-08      201
features.14                      437    -0.583059 6.002948e-07 7.147732e-09      265
features.12                      141    -0.583035 8.906952e-08 1.165148e-09      201
features.11                       58    -0.582513 1.486959e-07 1.318435e-07      169
features.11                       12    -0.582226 1.486227e-07 2.385286e-09      169
features.12                      255    -0.581603 8.885069e-08 1.823696e-09      201
features.14                      568    -0.580984 5.981582e-07 7.025140e-09      265
features.16                      318    -0.580255 5.777887e-07 5.707450e-10      329
features.11                      310    -0.580029 1.480618e-07 9.896939e-09      169
features.9                       321    -0.579908 1.538243e-07 1.031505e-09      137
features.12                      150    -0.579904 8.859125e-08 1.331354e-09      201
features.14                      206    -0.579785 5.969239e-07 7.164897e-09      265
features.10                       33    -0.579456 7.745847e-08 5.402238e-09      137
features.16                      460    -0.578799 5.763388e-07 7.645258e-10      329
features.14                      460    -0.578748 5.958560e-07 7.125694e-09      265
features.15                      542    -0.578674 4.812430e-07 1.286634e-09      329
features.15                       91    -0.578488 4.810881e-07 9.661416e-10      329
features.11                      378    -0.578025 1.475503e-07 1.649538e-09      169
features.8                       217    -0.577961 9.402424e-08 1.949312e-09      137
features.14                      282    -0.577921 5.950048e-07 6.409206e-09      265
features.10                       89    -0.575640 7.694833e-08 5.012100e-09      137
features.8                        39    -0.575279 9.358805e-08 3.481959e-09      137
features.10                       96    -0.574715 7.682477e-08 2.021124e-09      137
features.16                      476    -0.574100 5.716598e-07 1.478856e-09      329
features.14                      413    -0.573998 5.909656e-07 7.623719e-10      265
features.6                         2    -0.573550 3.604528e-08 9.485455e-08       73
features.14                      170    -0.573203 5.901473e-07 8.254003e-09      265
features.11                      177    -0.573181 1.463138e-07 5.253411e-08      169
features.14                       65    -0.572813 5.897462e-07 2.335804e-08      265
features.14                       75    -0.572218 5.891329e-07 1.614795e-08      265
features.14                       61    -0.572206 5.891213e-07 2.258560e-09      265
features.16                      609    -0.572196 5.697640e-07 1.640334e-09      329
features.14                      284    -0.572173 5.890874e-07 9.892687e-09      265
features.14                       63    -0.571921 5.888273e-07 1.155116e-08      265
features.15                      270    -0.571618 4.753743e-07 1.056116e-09      329
features.14                      365    -0.571469 5.883618e-07 4.027846e-09      265
features.17                      668    -0.570995 6.004904e-07 1.183354e-09      489
features.13                      363    -0.570986 9.443758e-08 7.842029e-09      201
features.2                        39    -0.570225 1.973179e-07 1.962695e-07       49
features.15                      618    -0.569905 4.739499e-07 1.214397e-09      329
features.15                      582    -0.569796 4.738592e-07 1.003641e-09      329
features.14                      136    -0.569298 5.861273e-07 7.288791e-09      265
features.14                      531    -0.569257 5.860844e-07 4.132542e-09      265
features.10                      272    -0.568796 7.603351e-08 7.218495e-08      137
features.11                      247    -0.568767 1.451870e-07 1.580316e-07      169
features.17                      214    -0.568584 5.979552e-07 1.303477e-09      489
features.8                       288    -0.568366 9.246342e-08 3.222829e-09      137
features.9                       330    -0.568337 1.507552e-07 7.892751e-09      137
features.16                      194    -0.568241 5.658253e-07 4.237746e-10      329
features.11                       53    -0.567954 1.449794e-07 5.371142e-08      169
features.15                      622    -0.567192 4.716936e-07 1.066068e-09      329
features.14                      519    -0.566890 5.836478e-07 3.483984e-08      265
features.12                      567    -0.566836 8.659479e-08 8.360044e-09      201
features.9                       254    -0.566795 1.503460e-07 8.582222e-09      137
features.13                      124    -0.566792 9.374384e-08 6.804599e-09      201
features.6                       114    -0.566400 3.559591e-08 7.598732e-08       73
features.15                      706    -0.565725 4.704740e-07 9.749420e-10      329
features.17                      173    -0.565368 5.945727e-07 5.945554e-10      489
features.10                      273    -0.565216 7.555489e-08 2.242899e-08      137
features.11                      158    -0.565117 1.442554e-07 6.435336e-09      169
features.14                      156    -0.564716 5.814098e-07 1.468494e-08      265
features.17                      187    -0.564375 5.935284e-07 1.197426e-09      489
features.17                      449    -0.564360 5.935126e-07 3.943602e-10      489
features.12                      297    -0.563941 8.615251e-08 7.895745e-09      201
features.3                        47    -0.563876 6.265356e-08 4.040357e-07       57
features.15                      335    -0.563577 4.686874e-07 9.941830e-10      329
features.14                      404    -0.563032 5.796754e-07 4.104146e-10      265
features.14                      446    -0.563013 5.796564e-07 3.778405e-09      265
features.8                       273    -0.562793 9.155676e-08 4.588784e-09      137
features.14                      351    -0.562769 5.794048e-07 3.281027e-09      265
features.17                      540    -0.562753 5.918224e-07 5.030856e-10      489
features.17                      306    -0.562435 5.914887e-07 8.191976e-10      489
features.16                      437    -0.561923 5.595340e-07 1.083398e-09      329
features.9                       124    -0.561511 1.489444e-07 7.124598e-09      137
features.7                        86    -0.561235 6.002304e-07 1.893816e-08      105
features.13                      552    -0.560859 9.276254e-08 1.359270e-09      201
features.15                       68    -0.559845 4.655839e-07 8.583781e-10      329
features.11                       36    -0.559580 1.428420e-07 2.128607e-08      169
features.6                       129    -0.559425 3.515757e-08 1.370001e-07       73
features.10                      220    -0.559346 7.477034e-08 6.108320e-09      137
features.14                       45    -0.559305 5.758382e-07 8.133724e-09      265
features.9                        86    -0.557897 1.479857e-07 1.518391e-09      137
features.15                      773    -0.557195 4.633799e-07 2.884516e-09      329
features.13                      211    -0.556936 9.211382e-08 3.489661e-09      201
features.8                       192    -0.556751 9.057379e-08 7.218563e-07      137
features.10                      260    -0.556489 7.438835e-08 2.628384e-09      137
features.14                      274    -0.554856 5.712586e-07 1.872278e-08      265
features.14                      493    -0.554770 5.711697e-07 9.663295e-10      265
features.15                      211    -0.554554 4.611840e-07 1.168981e-07      329
features.9                       185    -0.554543 1.470963e-07 3.241528e-09      137
features.10                       55    -0.554460 7.411720e-08 1.092465e-09      137
features.13                      356    -0.554387 9.169220e-08 7.398931e-09      201
features.9                       150    -0.554045 1.469640e-07 2.308952e-09      137
features.8                       114    -0.553638 9.006728e-08 1.556240e-08      137
features.12                      188    -0.553569 8.456801e-08 1.934235e-09      201
features.12                      354    -0.553492 8.455630e-08 1.839778e-09      201
features.14                      397    -0.553488 5.698500e-07 1.483705e-08      265
features.14                       98    -0.553060 5.694088e-07 2.211483e-08      265
features.5                       186    -0.552665 7.501145e-08 3.243585e-08       73
features.17                      404    -0.552556 5.810992e-07 1.057963e-09      489
features.10                      354    -0.552549 7.386171e-08 1.842375e-09      137
features.7                       173    -0.552496 5.908840e-07 4.159968e-08      105
features.9                        54    -0.552429 1.465353e-07 2.293796e-08      137
features.6                        56    -0.552321 3.471114e-08 4.511758e-09       73
features.15                      544    -0.551924 4.589965e-07 8.206852e-09      329
features.17                      515    -0.551828 5.803338e-07 6.147085e-10      489
features.14                      307    -0.551645 5.679520e-07 1.318663e-08      265
features.6                       122    -0.551288 3.464620e-08 2.131952e-08       73
features.13                      440    -0.551132 9.115377e-08 2.655144e-09      201
features.14                       35    -0.551120 5.674114e-07 1.178478e-08      265
features.14                      132    -0.550730 5.670103e-07 1.263018e-08      265
features.13                      386    -0.550237 9.100581e-08 6.927932e-10      201
features.17                       74    -0.550214 5.786360e-07 8.089822e-10      489
features.15                      783    -0.549914 4.573249e-07 1.010404e-09      329
features.14                      482    -0.549873 5.661276e-07 2.919073e-08      265
features.13                       10    -0.549750 9.092520e-08 3.179239e-09      201
features.12                      333    -0.549501 8.394661e-08 3.891014e-08      201
features.12                      515    -0.549185 8.389831e-08 1.459066e-08      201
features.13                       30    -0.549118 9.082071e-08 1.180642e-09      201
features.14                       43    -0.548983 5.652116e-07 1.773179e-08      265
features.14                      153    -0.548942 5.651693e-07 2.332913e-09      265
features.12                      214    -0.548719 8.382717e-08 1.281419e-09      201
features.14                       20    -0.548498 5.647122e-07 3.871007e-08      265
features.5                        15    -0.547572 7.432016e-08 3.078693e-08       73
features.7                        51    -0.547503 5.855433e-07 2.381016e-08      105
features.8                       315    -0.547481 8.906578e-08 3.039863e-08      137
features.14                      501    -0.547130 5.633041e-07 1.387948e-08      265
features.14                       15    -0.547116 5.632893e-07 2.570043e-09      265
features.15                      426    -0.546458 4.544507e-07 1.365152e-09      329
features.10                      129    -0.546365 7.303502e-08 1.662577e-08      137
features.7                        67    -0.545766 5.836858e-07 4.028236e-09      105
features.14                      540    -0.545411 5.615343e-07 1.195473e-08      265
features.7                        26    -0.544807 5.826606e-07 4.180527e-08      105
features.7                        56    -0.544673 5.825167e-07 1.770688e-08      105
features.9                       240    -0.544581 1.444537e-07 1.791711e-09      137
features.13                      389    -0.544092 8.998938e-08 2.232445e-08      201
features.11                      170    -0.543945 1.388507e-07 3.813070e-08      169
features.11                      223    -0.543294 1.386847e-07 1.028849e-07      169
features.17                      784    -0.542181 5.701886e-07 1.253202e-09      489
features.14                       17    -0.541350 5.573532e-07 2.033807e-08      265
features.10                       68    -0.541107 7.233225e-08 1.766280e-08      137
features.14                      232    -0.540931 5.569217e-07 2.485264e-08      265
features.14                       67    -0.540445 5.564214e-07 4.125134e-09      265
features.10                      378    -0.540410 7.223900e-08 6.218698e-09      137
features.17                      460    -0.540289 5.681986e-07 1.623801e-09      489
features.17                      421    -0.539887 5.677752e-07 4.576827e-10      489
features.17                      213    -0.539804 5.676884e-07 3.452026e-10      489
features.15                      298    -0.538913 4.481759e-07 7.741452e-10      329
features.15                       40    -0.538706 4.480043e-07 1.144591e-09      329
features.14                      462    -0.538683 5.546071e-07 1.513368e-08      265
features.12                      362    -0.537602 8.212875e-08 1.388946e-09      201
features.13                      365    -0.537524 8.890319e-08 4.572309e-09      201
features.14                      106    -0.537393 5.532788e-07 3.720719e-08      265
features.14                       41    -0.537364 5.532490e-07 2.411082e-08      265
features.4                        94    -0.537256 3.356170e-07 5.166674e-08       65
features.12                      182    -0.536893 8.202047e-08 7.377244e-10      201
features.10                       17    -0.536802 7.175672e-08 6.722291e-09      137
features.14                      550    -0.536565 5.524264e-07 8.169724e-09      265
features.12                      197    -0.536471 8.195594e-08 1.710051e-07      201
features.15                      256    -0.536393 4.460808e-07 2.651932e-09      329
features.14                       46    -0.536016 5.518615e-07 3.885315e-10      265
features.6                       132    -0.535517 3.365507e-08 3.959329e-08       73
features.10                      380    -0.534743 7.148150e-08 5.732049e-09      137
features.10                       54    -0.534620 7.146500e-08 4.500934e-09      137
features.14                      152    -0.534583 5.503857e-07 4.751656e-08      265
features.8                        14    -0.534581 8.696719e-08 4.194986e-09      137
features.6                        55    -0.534518 3.359228e-08 2.255084e-08       73
features.14                      366    -0.534497 5.502973e-07 4.922860e-09      265
features.14                      112    -0.534149 5.499393e-07 6.395181e-09      265
features.8                       362    -0.533995 8.687176e-08 3.963995e-09      137
features.14                      487    -0.533719 5.494964e-07 1.463508e-09      265
features.14                      105    -0.533546 5.493181e-07 1.312948e-08      265
features.15                      513    -0.533436 4.436214e-07 9.369724e-11      329
features.14                      391    -0.532276 5.480110e-07 1.062423e-08      265
features.7                        84    -0.532032 5.689981e-07 6.272177e-08      105
features.13                      456    -0.532016 8.799208e-08 1.871194e-09      201
features.14                      281    -0.531079 5.467780e-07 2.009407e-08      265
features.11                       14    -0.531048 1.355585e-07 5.406930e-09      169
features.16                       58    -0.531034 5.287767e-07 1.941152e-08      329
features.7                       112    -0.530808 5.676887e-07 1.013256e-07      105
features.11                      219    -0.530723 1.354758e-07 7.481101e-08      169
features.17                      759    -0.530601 5.580098e-07 7.617910e-10      489
features.9                       234    -0.529460 1.404429e-07 2.527525e-09      137
features.14                      383    -0.529320 5.449672e-07 1.737961e-09      265
features.14                      331    -0.528451 5.440727e-07 2.100450e-09      265
features.10                      229    -0.528418 7.063595e-08 3.619209e-09      137
features.14                      369    -0.528078 5.436887e-07 1.530573e-09      265
features.14                      108    -0.528067 5.436773e-07 8.036638e-09      265
features.14                      330    -0.528003 5.436114e-07 5.024497e-09      265
features.13                      184    -0.527592 8.726047e-08 1.317069e-09      201
features.10                      170    -0.527579 7.052385e-08 1.818734e-09      137
features.14                      374    -0.527502 5.430951e-07 9.669892e-09      265
features.15                      178    -0.527112 4.383620e-07 1.613916e-09      329
features.14                      226    -0.526358 5.419181e-07 3.553329e-09      265
features.11                      276    -0.526198 1.343205e-07 2.870995e-08      169
features.14                      544    -0.525636 5.411744e-07 2.203134e-08      265
features.17                      465    -0.525522 5.526682e-07 4.784707e-10      489
features.9                       278    -0.525413 1.393694e-07 1.804621e-08      137
features.14                      308    -0.525276 5.408040e-07 1.747857e-08      265
features.12                      185    -0.525224 8.023782e-08 2.525996e-09      201
features.10                      265    -0.525223 7.020887e-08 8.703002e-10      137
features.4                       121    -0.524962 3.279370e-07 1.035949e-07       65
features.15                      733    -0.524288 4.360134e-07 8.221344e-10      329
features.14                      342    -0.523924 5.394114e-07 3.640812e-09      265
features.12                      313    -0.523522 7.997780e-08 1.423556e-09      201
features.13                      472    -0.523388 8.656517e-08 1.076173e-09      201
features.17                      861    -0.523238 5.502667e-07 8.714150e-10      489
features.16                      724    -0.523054 5.208308e-07 7.677908e-10      329
features.14                      430    -0.522987 5.384466e-07 9.114337e-10      265
features.10                      124    -0.522788 6.988344e-08 7.745260e-09      137
features.9                       250    -0.522594 1.386215e-07 6.169167e-10      137
features.11                      168    -0.522269 1.333177e-07 4.719972e-08      169
features.13                      498    -0.522269 8.638006e-08 3.324375e-10      201
features.9                       373    -0.521525 1.383379e-07 5.224464e-10      137
features.9                       204    -0.521324 1.382845e-07 1.664969e-08      137
features.14                      107    -0.521200 5.366070e-07 1.463130e-08      265
features.7                        11    -0.521073 5.572772e-07 2.147736e-08      105
features.2                        54    -0.520938 1.802628e-07 5.235350e-07       49
features.9                       231    -0.520834 1.381546e-07 4.527001e-08      137
features.15                      231    -0.520674 4.330085e-07 8.591202e-10      329
features.8                       110    -0.520197 8.462710e-08 1.503753e-08      137
features.11                       61    -0.519707 1.326637e-07 6.970563e-09      169
features.14                      277    -0.519664 5.350261e-07 1.590136e-08      265
features.17                      836    -0.519443 5.462756e-07 1.881221e-09      489
features.7                        48    -0.519186 5.552590e-07 7.525169e-08      105
features.7                       164    -0.518889 5.549419e-07 1.807623e-08      105
features.8                        85    -0.518793 8.439872e-08 8.083355e-10      137
features.15                      244    -0.518688 4.313570e-07 2.270849e-09      329
features.15                      338    -0.518646 4.313216e-07 1.691904e-09      329
features.17                      569    -0.518624 5.454148e-07 1.730563e-09      489
features.14                      480    -0.518443 5.337688e-07 5.598812e-09      265
features.14                      336    -0.517556 5.328550e-07 9.909988e-09      265
features.8                       253    -0.516896 8.409007e-08 1.452131e-08      137
features.6                         4    -0.516596 3.246594e-08 4.350863e-08       73
features.13                      155    -0.515933 8.533217e-08 1.355017e-09      201
features.6                       151    -0.515888 3.242145e-08 5.136482e-08       73
features.14                      384    -0.515760 5.310068e-07 1.491071e-09      265
features.14                      172    -0.515606 5.308478e-07 6.441638e-09      265
features.11                      327    -0.514869 1.314287e-07 1.465968e-07      169
features.14                      163    -0.514185 5.293848e-07 5.935109e-09      265
features.12                      494    -0.514111 7.854004e-08 3.897985e-09      201
features.16                      471    -0.513937 5.117528e-07 3.480203e-10      329
features.15                      907    -0.513335 4.269050e-07 1.603742e-09      329
features.14                      368    -0.512998 5.281628e-07 5.019205e-09      265
features.15                      422    -0.512964 4.265962e-07 5.261438e-10      329
features.16                      313    -0.512644 5.104648e-07 1.451680e-08      329
features.13                      153    -0.512337 8.473742e-08 6.482515e-10      201
features.11                      237    -0.512101 1.307222e-07 6.577153e-08      169
features.14                      183    -0.511933 5.270665e-07 1.042947e-08      265
features.11                      152    -0.511882 1.306662e-07 3.046851e-09      169
features.15                        8    -0.511859 4.256775e-07 2.536112e-09      329
features.4                        42    -0.511840 3.197395e-07 3.932572e-08       65
features.9                       274    -0.511839 1.357687e-07 3.949306e-09      137
features.12                       47    -0.511747 7.817889e-08 2.351255e-08      201
features.13                      374    -0.511591 8.461394e-08 5.502188e-09      201
features.12                      431    -0.511422 7.812928e-08 7.089328e-10      201
features.8                       278    -0.511230 8.316832e-08 1.332971e-08      137
features.14                      321    -0.511077 5.261849e-07 1.352076e-08      265
features.12                      174    -0.511033 7.806987e-08 1.881086e-09      201
features.11                      178    -0.510864 1.304063e-07 8.547417e-08      169
features.2                        61    -0.510797 1.767535e-07 2.090361e-07       49
features.14                      567    -0.509939 5.250129e-07 2.039243e-09      265
features.13                      159    -0.509844 8.432495e-08 4.625170e-09      201
features.14                       39    -0.509594 5.246578e-07 7.506673e-09      265
features.13                       34    -0.509328 8.423961e-08 1.624661e-09      201
features.11                      328    -0.509166 1.299729e-07 1.013457e-08      169
features.7                       188    -0.508682 5.440257e-07 2.815527e-08      105
features.8                       109    -0.508637 8.274640e-08 1.229636e-08      137
features.17                      339    -0.508157 5.344066e-07 4.427457e-10      489
features.14                      358    -0.508058 5.230763e-07 7.303037e-09      265
features.7                        44    -0.508019 5.433167e-07 1.802760e-08      105
features.14                      434    -0.507631 5.226369e-07 6.732793e-09      265
features.13                      116    -0.507582 8.395095e-08 3.993167e-09      201
features.8                       171    -0.507036 8.248596e-08 1.121428e-08      137
features.9                       155    -0.506898 1.344579e-07 5.036243e-09      137
features.14                      546    -0.506757 5.217370e-07 6.049310e-09      265
features.9                       271    -0.506391 1.343235e-07 4.035796e-09      137
features.10                      178    -0.506122 6.765557e-08 5.674756e-09      137
features.12                       71    -0.505912 7.728752e-08 7.235900e-10      201
features.2                        93    -0.505710 1.749935e-07 3.210925e-07       49
features.10                      274    -0.505595 6.758518e-08 2.448504e-09      137
features.15                      602    -0.505506 4.203944e-07 1.339572e-09      329
features.17                      889    -0.505397 5.315044e-07 2.458797e-09      489
features.11                      221    -0.504831 1.288664e-07 6.715847e-08      169
features.14                      528    -0.504783 5.197049e-07 2.078131e-08      265
features.14                       95    -0.504602 5.195182e-07 8.112290e-09      265
features.2                        94    -0.504398 1.745394e-07 7.829686e-07       49
features.8                       159    -0.504373 8.205286e-08 7.892620e-10      137
features.14                      283    -0.503973 5.188705e-07 5.603885e-09      265
features.14                      444    -0.503801 5.186941e-07 1.608226e-08      265
features.15                      202    -0.503252 4.185192e-07 5.166918e-10      329
features.13                       76    -0.503231 8.323134e-08 1.624834e-09      201
features.17                      280    -0.503101 5.290898e-07 3.105091e-10      489
features.4                        77    -0.503050 3.142485e-07 1.924392e-08       65
features.13                      289    -0.502786 8.315773e-08 5.691528e-09      201
features.11                       20    -0.502785 1.283440e-07 3.335046e-08      169
features.14                      174    -0.502619 5.174770e-07 8.146062e-09      265
features.14                      155    -0.502097 5.169398e-07 3.182848e-10      265
features.4                        41    -0.501944 3.135579e-07 1.680186e-08       65
features.14                      300    -0.501590 5.164176e-07 8.296502e-10      265
features.13                      395    -0.501364 8.292251e-08 2.525443e-09      201
features.14                       80    -0.501249 5.160668e-07 7.618086e-09      265
features.7                       189    -0.501078 5.358934e-07 5.232126e-08      105
features.12                      528    -0.501047 7.654430e-08 9.558602e-10      201
features.16                      929    -0.500668 4.985400e-07 1.737895e-09      329
features.9                       125    -0.500513 1.327643e-07 2.191732e-09      137
features.11                       97    -0.500157 1.276733e-07 2.742838e-08      169
features.14                      317    -0.500087 5.148697e-07 1.282249e-09      265
features.14                      355    -0.499999 5.147789e-07 1.707592e-09      265
features.17                      193    -0.499927 5.257515e-07 2.621822e-09      489
features.4                         0    -0.499738 3.121800e-07 3.303224e-07       65
features.11                       93    -0.499654 1.275448e-07 1.152235e-07      169
features.15                      271    -0.499565 4.154536e-07 1.388357e-09      329
features.11                      138    -0.499481 1.275007e-07 4.621711e-08      169
features.9                       382    -0.499414 1.324730e-07 9.179601e-09      137
features.8                       376    -0.499371 8.123909e-08 2.403639e-09      137
features.13                      418    -0.498800 8.249844e-08 4.920723e-10      201
features.17                      422    -0.498381 5.241255e-07 2.407813e-09      489
features.14                       34    -0.498120 5.128447e-07 6.468992e-09      265
features.3                        13    -0.497910 5.532399e-08 5.110106e-07       57
features.10                      207    -0.497877 6.655340e-08 9.558904e-09      137
features.5                        58    -0.497382 6.750807e-08 2.368201e-07       73
features.12                      135    -0.497335 7.597717e-08 1.093104e-09      201
features.5                        23    -0.497012 6.745783e-08 1.674696e-07       73
features.17                      209    -0.496992 5.226648e-07 3.324159e-10      489
features.8                       283    -0.496711 8.080634e-08 1.534650e-07      137
features.7                        72    -0.495550 5.299808e-07 3.121529e-08      105
features.6                       100    -0.495476 3.113861e-08 4.013915e-08       73
features.9                       139    -0.495176 1.313487e-07 1.439488e-09      137
features.13                       19    -0.495097 8.188590e-08 1.912280e-08      201
features.12                      424    -0.495017 7.562316e-08 2.561265e-10      201
features.1                        28    -0.494931 7.188132e-08 1.868692e-06       25
features.11                       89    -0.494752 1.262934e-07 1.291229e-07      169
features.7                        69    -0.494730 5.291038e-07 1.656754e-08      105
features.17                      299    -0.494554 5.201008e-07 6.051759e-10      489
features.11                      257    -0.494248 1.261649e-07 6.844748e-09      169
features.14                      362    -0.493371 5.079557e-07 8.686709e-09      265
features.16                      952    -0.493135 4.910386e-07 1.706975e-09      329
features.14                      390    -0.493100 5.076762e-07 8.301440e-10      265
features.13                      501    -0.492877 8.151876e-08 1.026420e-09      201
features.11                      370    -0.492819 1.258002e-07 6.115929e-08      169
features.14                      271    -0.492815 5.073833e-07 4.083938e-09      265
features.16                      445    -0.492782 4.906874e-07 1.151624e-08      329
features.11                      361    -0.491627 1.254959e-07 1.833464e-08      169
features.17                      924    -0.491530 5.169209e-07 4.874292e-09      489
features.14                      448    -0.491334 5.058580e-07 1.201204e-08      265
features.12                      446    -0.491251 7.504785e-08 1.769314e-08      201
features.13                      235    -0.491121 8.122840e-08 9.904397e-10      201
features.15                      874    -0.490593 4.079918e-07 1.120400e-09      329
features.8                       227    -0.490478 7.979234e-08 1.207728e-08      137
features.12                      112    -0.490119 7.487483e-08 2.109819e-09      201
features.10                      186    -0.489881 6.548459e-08 4.381712e-09      137
features.9                        69    -0.489776 1.299164e-07 2.134160e-08      137
features.11                      376    -0.489234 1.248850e-07 2.009010e-07      169
features.7                       169    -0.489058 5.230378e-07 3.534249e-08      105
features.4                       112    -0.489051 3.055039e-07 1.822974e-07       65
features.13                      477    -0.488950 8.086931e-08 1.010343e-09      201
features.12                      213    -0.488887 7.468667e-08 7.553927e-10      201
