================================================================================
Channel Pruning Log
  iteration  : 12
  alpha      : 0.3000
  timestamp  : 2026-07-04 10:19:59
  remove_target  : 55704
  accum_removed  : 55950
  selected_channels : 158
  gamma             : 0.0050
  remove_target_met : yes
  total_params   : 2289600
  active_after   : 1011398
  model_sparsity : 55.8%
================================================================================

[ 레이어별 채널 제거 비율 ]
  layer                total_ch  this_iter    cumul  cumul_%
  ----------------------------------------------------------
  features.1                 32          0       24    75.0%
  features.2                 96          0       90    93.8%
  features.3                144          2      123    85.4%
  features.4                144         12      123    85.4%
  features.5                192          4      145    75.5%
  features.6                192          0      136    70.8%
  features.7                192          0      186    96.9%
  features.8                384          1      170    44.3%
  features.9                384          0      372    96.9%
  features.10               384          0      372    96.9%
  features.11               384          0      361    94.0%
  features.12               576          1      496    86.1%
  features.13               576          9      395    68.6%
  features.14               576          1      544    94.4%
  features.15               960         61      516    53.8%
  features.16               960          3      388    40.4%
  features.17               960         64      841    87.6%

[ 레이어별 보호 영역 (γ=0.01) ]
  layer                  active  protected  protect_%
  --------------------------------------------------
  features.1                  8          1      12.5%
  features.2                  6          1      16.7%
  features.3                 23          1       4.3%
  features.4                 33          1       3.0%
  features.5                 51          1       2.0%
  features.6                 56          1       1.8%
  features.7                  6          1      16.7%
  features.8                215          2       0.9%
  features.9                 12          1       8.3%
  features.10                12          1       8.3%
  features.11                23          1       4.3%
  features.12                81          1       1.2%
  features.13               190          1       0.5%
  features.14                33          1       3.0%
  features.15               505          3       0.6%
  features.16               575          3       0.5%
  features.17               183          1       0.5%

[ 블록별 제거 채널 수 ]
  features.12: 1채널 제거
  features.13: 9채널 제거
  features.14: 1채널 제거
  features.15: 61채널 제거
  features.16: 3채널 제거
  features.17: 64채널 제거
  features.3: 2채널 제거
  features.4: 12채널 제거
  features.5: 4채널 제거
  features.8: 1채널 제거

[ 선택된 채널 상세 ]
block                             ch        score          phi         perf  weights
--------------------------------------------------------------------------------
features.5                       181    -0.695768 1.113569e-07 2.589587e-07       73
features.17                      100    -0.692764 1.900345e-06 1.005497e-08      489
features.3                        60    -0.691836 1.268052e-07 9.639993e-06       57
features.17                      942    -0.691380 1.916378e-06 6.284011e-08      489
features.4                        13    -0.690219 4.600443e-07 2.268939e-06       65
features.17                      186    -0.629509 1.735553e-06 3.236786e-08      489
features.17                      235    -0.609085 1.707865e-06 1.075358e-07      489
features.15                      282    -0.604798 4.289904e-07 6.101106e-08      329
features.15                       80    -0.587021 4.170701e-07 1.369533e-07      329
features.15                      526    -0.569318 4.225443e-07 2.167452e-06      329
features.15                      265    -0.563127 4.062295e-07 8.229011e-07      329
features.17                       96    -0.554975 1.521450e-06 5.603557e-09      489
features.17                      182    -0.524112 1.451095e-06 4.325128e-08      489
features.17                      590    -0.523529 1.454994e-06 5.788168e-08      489
features.17                      351    -0.512575 1.415350e-06 3.217014e-08      489
features.15                      442    -0.507234 3.595087e-07 1.981477e-08      329
features.13                      239    -0.503920 2.677608e-07 3.951780e-05      201
features.17                      894    -0.501798 1.380403e-06 1.767838e-08      489
features.17                      408    -0.495208 1.369513e-06 3.672068e-08      489
features.17                      828    -0.494022 1.355570e-06 8.240963e-09      489
features.17                      537    -0.491621 1.377024e-06 8.287459e-08      489
features.15                      336    -0.487278 3.452620e-07 7.479644e-09      329
features.17                      336    -0.478155 1.336141e-06 7.217505e-08      489
features.13                      549    -0.476858 1.846259e-07 1.169490e-06      201
features.4                        97    -0.468326 3.120351e-07 1.499468e-06       65
features.4                       107    -0.462674 3.071280e-07 1.078502e-06       65
features.17                      611    -0.459879 1.264400e-06 1.437149e-08      489
features.17                      877    -0.446807 1.275596e-06 1.394863e-07      489
features.17                      614    -0.439567 1.213157e-06 2.599203e-08      489
features.15                      552    -0.433150 3.117492e-07 5.521293e-07      329
features.17                      745    -0.428717 1.191771e-06 4.814181e-08      489
features.17                      343    -0.427845 1.178365e-06 1.880122e-08      489
features.15                      121    -0.421053 3.018141e-07 3.982625e-07      329
features.17                       38    -0.414500 1.150696e-06 4.241219e-08      489
features.15                      361    -0.412550 2.926024e-07 3.893732e-08      329
features.17                      327    -0.408561 1.140598e-06 5.881904e-08      489
features.17                      157    -0.408024 1.142852e-06 6.873194e-08      489
features.15                      854    -0.407674 2.897879e-07 1.110361e-07      329
features.16                       99    -0.406357 9.062952e-07 9.430752e-08      329
features.15                      325    -0.401189 2.851259e-07 1.033967e-07      329
features.4                        74    -0.399493 2.632226e-07 2.375940e-07       65
features.17                       68    -0.397452 1.106886e-06 5.003253e-08      489
features.15                      283    -0.395535 2.805204e-07 3.573005e-08      329
features.15                      292    -0.393494 2.790336e-07 3.114212e-08      329
features.17                      526    -0.391625 1.084774e-06 3.362802e-08      489
features.15                      391    -0.390868 2.779497e-07 1.186145e-07      329
features.17                      636    -0.390170 1.092492e-06 6.478563e-08      489
features.4                       131    -0.389635 2.727785e-07 5.898018e-06       65
features.4                       127    -0.387128 2.938844e-07 1.393019e-05       65
features.4                         5    -0.386802 2.548377e-07 2.217885e-07       65
features.13                      412    -0.385170 1.506335e-07 1.738417e-06      201
features.15                      430    -0.385038 2.732695e-07 5.657776e-08      329
features.17                      691    -0.382218 1.056560e-06 2.707265e-08      489
features.17                      517    -0.381627 1.046664e-06 5.032503e-09      489
features.17                      947    -0.380950 1.048240e-06 1.416293e-08      489
features.15                      922    -0.379530 2.757999e-07 7.816415e-07      329
features.4                       140    -0.379360 2.655590e-07 5.733204e-06       65
features.17                       55    -0.378960 1.059684e-06 5.914656e-08      489
features.17                      145    -0.377863 1.037470e-06 7.988330e-09      489
features.15                      346    -0.377654 2.689451e-07 1.588147e-07      329
features.17                      295    -0.375875 1.043265e-06 3.791830e-08      489
features.15                      743    -0.375850 2.665504e-07 3.290309e-08      329
features.17                      153    -0.375737 1.050748e-06 5.884579e-08      489
features.17                      833    -0.371510 1.022773e-06 1.516414e-08      489
features.17                      854    -0.369469 1.040797e-06 7.804427e-08      489
features.17                      419    -0.364587 1.009405e-06 3.004143e-08      489
features.17                      304    -0.363448 1.000320e-06 1.415255e-08      489
features.15                      509    -0.362437 2.577744e-07 1.147432e-07      329
features.17                      169    -0.360453 1.018989e-06 8.569806e-08      489
features.17                      113    -0.360123 9.977043e-07 3.142884e-08      489
features.5                        10    -0.359543 7.334054e-08 6.218829e-06       73
features.17                      454    -0.357544 1.000987e-06 5.896575e-08      489
features.17                      541    -0.357291 9.965108e-07 4.889418e-08      489
features.15                      855    -0.355594 2.520087e-07 1.128320e-08      329
features.15                      911    -0.355292 2.554791e-07 4.265308e-07      329
features.5                       127    -0.354509 5.684537e-08 1.730258e-07       73
features.17                      607    -0.353696 1.017787e-06 1.317609e-07      489
features.17                      462    -0.350877 9.650822e-07 1.196302e-08      489
features.15                       35    -0.350509 2.504997e-07 2.472284e-07      329
features.13                      486    -0.348890 1.340405e-07 3.077755e-07      201
features.8                       292    -0.348501 1.612959e-07 1.286858e-07      137
features.17                      672    -0.347850 9.800942e-07 7.400415e-08      489
features.15                       96    -0.347079 2.461615e-07 3.212231e-08      329
features.12                      558    -0.344515 8.764463e-08 4.763467e-08      201
features.13                       84    -0.342943 1.314109e-07 1.209591e-07      201
features.15                      462    -0.341776 2.422546e-07 1.523632e-08      329
features.3                        95    -0.340994 6.280233e-08 6.722298e-06       57
features.17                      278    -0.339393 9.425673e-07 3.572677e-08      489
features.15                      291    -0.336668 2.574175e-07 2.132080e-06      329
features.17                       27    -0.335297 9.227297e-07 1.276481e-08      489
features.15                      830    -0.335149 2.375127e-07 9.864001e-09      329
features.15                      347    -0.334748 2.402343e-07 3.486913e-07      329
features.17                      799    -0.333769 9.198026e-07 1.610855e-08      489
features.15                      551    -0.332142 2.375597e-07 2.552980e-07      329
features.17                      568    -0.332017 9.146804e-07 1.523589e-08      489
features.4                        81    -0.328741 2.315405e-07 5.467871e-06       65
features.17                      485    -0.328567 9.357071e-07 9.638541e-08      489
features.17                      459    -0.328373 9.304836e-07 8.389045e-08      489
features.4                        95    -0.325819 2.228429e-07 3.075531e-06       65
features.17                      587    -0.324938 9.328990e-07 1.153588e-07      489
features.15                      417    -0.321097 2.359710e-07 9.580772e-07      329
features.17                      332    -0.320499 9.044836e-07 7.205536e-08      489
features.15                      332    -0.320333 2.290199e-07 2.356700e-07      329
features.17                      915    -0.320054 8.800346e-07 1.019294e-08      489
features.15                      726    -0.319717 2.274630e-07 1.093812e-07      329
features.15                      328    -0.319456 2.270683e-07 8.572376e-08      329
features.15                      314    -0.319440 2.263786e-07 9.286325e-09      329
features.13                      248    -0.317025 1.216928e-07 2.241486e-07      201
features.17                      610    -0.316637 8.754125e-07 2.279757e-08      489
features.13                      209    -0.316145 1.219725e-07 5.487970e-07      201
features.15                      382    -0.316132 2.282048e-07 4.792474e-07      329
features.15                      191    -0.316092 2.242172e-07 3.292252e-08      329
features.17                      786    -0.314850 8.811226e-07 5.102594e-08      489
features.15                      795    -0.313686 2.233532e-07 1.276940e-07      329
features.15                      251    -0.312161 2.212830e-07 1.611935e-08      329
features.15                      254    -0.311325 2.246957e-07 4.674936e-07      329
features.15                      557    -0.309236 2.199291e-07 9.710251e-08      329
features.16                      323    -0.308651 6.875608e-07 1.694236e-08      329
features.17                      778    -0.305811 8.752533e-07 1.012931e-07      489
features.4                       108    -0.301969 2.004368e-07 6.990902e-07       65
features.13                      218    -0.301757 1.161989e-07 4.065565e-07      201
features.15                        2    -0.300165 2.205767e-07 8.943559e-07      329
features.15                      845    -0.300117 2.160764e-07 3.909147e-07      329
features.13                       65    -0.300066 1.148954e-07 6.069544e-08      201
features.17                      762    -0.298440 8.255817e-07 2.275783e-08      489
features.17                      401    -0.298088 8.217680e-07 1.517214e-08      489
features.15                      906    -0.297880 2.125099e-07 1.675958e-07      329
features.17                      296    -0.297001 8.156781e-07 6.875211e-09      489
features.17                      250    -0.296811 8.179572e-07 1.433215e-08      489
features.17                      242    -0.295769 8.383137e-07 7.613866e-08      489
features.15                       30    -0.295637 2.101463e-07 8.029075e-08      329
features.15                      698    -0.293276 2.082434e-07 5.432444e-08      329
features.15                      501    -0.292186 2.078919e-07 1.017431e-07      329
features.5                        87    -0.292120 4.683534e-08 1.402712e-07       73
features.15                      689    -0.290785 2.060262e-07 3.327077e-09      329
features.15                      255    -0.290717 2.078148e-07 2.103119e-07      329
features.15                      278    -0.290621 2.062763e-07 4.457193e-08      329
features.14                      414    -0.290479 5.519375e-06 2.489848e-06      265
features.15                      263    -0.289685 2.073689e-07 2.425212e-07      329
features.17                      412    -0.289199 8.031316e-07 3.034866e-08      489
features.15                      816    -0.289156 2.052615e-07 4.720313e-08      329
features.17                      702    -0.286743 8.120252e-07 7.193200e-08      489
features.17                      843    -0.284186 7.847730e-07 1.800393e-08      489
features.15                      471    -0.283483 2.016037e-07 8.789868e-08      329
features.15                      579    -0.282143 2.006257e-07 8.461478e-08      329
features.15                      463    -0.281849 2.007698e-07 1.243884e-07      329
features.4                        26    -0.281490 2.229273e-07 1.338971e-05       65
features.15                      732    -0.281077 1.994143e-07 3.323336e-08      329
features.17                      189    -0.280902 7.766327e-07 2.026838e-08      489
features.15                      188    -0.280169 2.051337e-07 7.503741e-07      329
features.16                      931    -0.279100 6.234164e-07 1.275154e-07      329
features.17                      716    -0.277779 7.651769e-07 1.253298e-08      489
features.15                      928    -0.277436 1.965768e-07 4.138816e-09      329
features.15                      815    -0.276710 1.961416e-07 1.305217e-08      329
features.15                      884    -0.276433 1.975530e-07 1.942584e-07      329
features.15                      955    -0.276019 1.960905e-07 6.246497e-08      329
features.15                      198    -0.275016 1.949509e-07 1.411756e-08      329
features.15                       44    -0.274985 2.111477e-07 1.842167e-06      329
