================================================================================
Channel Pruning Log
  iteration  : 5
  alpha      : 0.1000
  timestamp  : 2026-07-02 13:48:22
  remove_target  : 116696
  accum_removed  : 116942
  selected_channels : 494
  gamma             : 0.0050
  remove_target_met : yes
  total_params   : 2289600
  active_after   : 1560318
  model_sparsity : 31.9%
================================================================================

[ 레이어별 채널 제거 비율 ]
  layer                total_ch  this_iter    cumul  cumul_%
  ----------------------------------------------------------
  features.1                 32          3       18    56.2%
  features.2                 96         12       67    69.8%
  features.3                144          2       16    11.1%
  features.4                144          0       26    18.1%
  features.5                192         15       78    40.6%
  features.6                192         11      124    64.6%
  features.7                192          7      184    95.8%
  features.8                384         38      131    34.1%
  features.9                384         52      256    66.7%
  features.10               384         26      215    56.0%
  features.11               384         28      254    66.1%
  features.12               576         71      221    38.4%
  features.13               576          6      288    50.0%
  features.14               576         29      524    91.0%
  features.15               960         63      256    26.7%
  features.16               960         94      199    20.7%
  features.17               960         37      353    36.8%

[ 레이어별 보호 영역 (γ=0.01) ]
  layer                  active  protected  protect_%
  --------------------------------------------------
  features.1                 17          1       5.9%
  features.2                 41          1       2.4%
  features.3                130          1       0.8%
  features.4                118          1       0.8%
  features.5                129          1       0.8%
  features.6                 79          1       1.3%
  features.7                 15          1       6.7%
  features.8                291          2       0.7%
  features.9                180          1       0.6%
  features.10               195          1       0.5%
  features.11               158          1       0.6%
  features.12               426          3       0.7%
  features.13               294          2       0.7%
  features.14                81          1       1.2%
  features.15               767          4       0.5%
  features.16               855          5       0.6%
  features.17               644          4       0.6%

[ 블록별 제거 채널 수 ]
  features.1: 3채널 제거
  features.10: 26채널 제거
  features.11: 28채널 제거
  features.12: 71채널 제거
  features.13: 6채널 제거
  features.14: 29채널 제거
  features.15: 63채널 제거
  features.16: 94채널 제거
  features.17: 37채널 제거
  features.2: 12채널 제거
  features.3: 2채널 제거
  features.5: 15채널 제거
  features.6: 11채널 제거
  features.7: 7채널 제거
  features.8: 38채널 제거
  features.9: 52채널 제거

[ 선택된 채널 상세 ]
block                             ch        score          phi         perf  weights
--------------------------------------------------------------------------------
features.2                        27    -0.899861 1.484279e-07 1.457494e-07       49
features.11                       13    -0.899376 4.337327e-07 1.623195e-08      169
features.17                      642    -0.899210 1.585484e-06 4.196567e-09      489
features.9                       289    -0.897689 1.195057e-07 3.729014e-08      137
features.12                      445    -0.897399 1.476679e-07 7.185391e-09      201
features.6                        90    -0.897348 8.031807e-08 2.322741e-07       73
features.10                       41    -0.896457 1.506018e-07 2.988796e-08      137
features.8                        87    -0.893500 1.244044e-07 3.431651e-08      137
features.12                      454    -0.893455 1.479495e-07 5.329733e-08      201
features.5                       116    -0.885473 1.096858e-07 9.375535e-08       73
features.17                      603    -0.880785 1.552681e-06 3.156171e-09      489
features.7                        83    -0.874368 2.543869e-06 4.245423e-06      105
features.12                      186    -0.866666 1.424929e-07 1.099325e-09      201
features.8                       109    -0.835992 1.161390e-07 2.222704e-08      137
features.9                       118    -0.804149 1.098709e-07 3.769565e-07      137
features.15                       76    -0.792766 7.568566e-07 4.286468e-09      329
features.8                       131    -0.782765 1.086461e-07 1.704750e-08      137
features.17                      322    -0.781405 1.377507e-06 2.853463e-09      489
features.8                       218    -0.781116 1.084183e-07 1.705270e-08      137
features.2                        26    -0.780653 1.288176e-07 4.762153e-07       49
features.6                       163    -0.777984 6.945799e-08 2.765609e-08       73
features.16                      587    -0.762565 8.670166e-07 7.285824e-09      329
features.2                        16    -0.761486 1.256402e-07 3.672126e-07       49
features.9                       202    -0.757517 1.019807e-07 1.699113e-07      137
features.12                      110    -0.740746 1.220248e-07 1.258860e-08      201
features.8                       191    -0.736514 1.021354e-07 1.255700e-08      137
features.12                      135    -0.735327 1.209341e-07 2.681645e-09      201
features.9                       226    -0.732009 9.734908e-08 1.817445e-08      137
features.15                      167    -0.730462 6.973135e-07 2.766494e-09      329
features.12                      270    -0.717759 1.180549e-07 3.120052e-09      201
features.7                        45    -0.717603 2.125836e-06 5.714371e-06      105
features.16                      321    -0.713879 8.129836e-07 3.307536e-08      329
features.2                        46    -0.712478 1.176117e-07 7.264782e-07       49
features.14                       81    -0.703258 2.842613e-06 3.086466e-07      265
features.12                       71    -0.702192 1.154854e-07 2.602469e-09      201
features.15                      293    -0.695262 6.637496e-07 3.386463e-09      329
features.16                      450    -0.681535 7.747328e-07 3.435829e-09      329
features.9                       366    -0.679789 9.040343e-08 1.675970e-08      137
features.8                       270    -0.675316 9.382256e-08 1.815346e-08      137
features.16                      362    -0.668514 7.599465e-07 3.691812e-09      329
features.11                      334    -0.661376 3.188596e-07 6.781394e-09      169
features.8                       124    -0.660750 9.147416e-08 5.349360e-09      137
features.5                       147    -0.652927 8.846904e-08 4.712657e-07       73
features.8                       327    -0.649040 9.681311e-08 2.713909e-07      137
features.12                      561    -0.648289 1.072621e-07 3.421931e-08      201
features.12                      447    -0.647030 1.063870e-07 1.093330e-09      201
features.17                      194    -0.645170 1.137429e-06 2.614276e-09      489
features.16                      790    -0.636753 7.237731e-07 2.151074e-09      329
features.16                      497    -0.633327 7.199458e-07 3.471724e-09      329
features.8                       362    -0.632269 8.792291e-08 2.009026e-08      137
features.11                      242    -0.631343 3.055691e-07 7.089533e-08      169
features.8                       250    -0.631037 8.861409e-08 5.303403e-08      137
features.16                      944    -0.630733 7.168613e-07 7.466716e-10      329
features.12                      150    -0.628937 1.035062e-07 5.725725e-09      201
features.12                      465    -0.625706 1.029179e-07 2.891764e-09      201
features.9                       210    -0.621172 8.294912e-08 5.689512e-08      137
features.15                      394    -0.620441 5.921702e-07 1.365226e-10      329
features.8                       303    -0.612968 8.802419e-08 1.259835e-07      137
features.12                      496    -0.604848 9.967430e-08 1.208106e-08      201
features.12                      185    -0.603514 9.931004e-08 4.888038e-09      201
features.8                        14    -0.601570 8.341162e-08 9.849954e-09      137
features.5                        41    -0.600028 7.695593e-08 2.028322e-07       73
features.8                       185    -0.598980 8.295373e-08 6.030231e-09      137
features.11                       94    -0.597952 2.944909e-07 3.425427e-07      169
features.16                      111    -0.594418 6.757793e-07 4.513200e-09      329
features.9                       380    -0.587667 7.810428e-08 8.629306e-09      137
features.14                       90    -0.586776 2.370887e-06 2.464967e-07      265
features.9                        40    -0.585347 7.899501e-08 1.547933e-07      137
features.16                       75    -0.584627 6.645570e-07 2.641399e-09      329
features.13                      312    -0.584576 9.789036e-08 1.136572e-08      201
features.17                      817    -0.583811 1.029200e-06 2.201071e-09      489
features.16                       78    -0.583307 6.632499e-07 6.481900e-09      329
features.16                      699    -0.582277 6.619167e-07 3.232470e-09      329
features.15                      666    -0.581660 5.552350e-07 1.638283e-09      329
features.12                      389    -0.579064 9.524960e-08 2.851527e-09      201
features.16                      499    -0.578512 6.576370e-07 3.216742e-09      329
features.12                      487    -0.577781 9.501088e-08 1.471536e-09      201
features.8                        94    -0.577129 7.994644e-08 6.537406e-09      137
features.16                      186    -0.576080 6.550672e-07 7.090120e-09      329
features.8                       231    -0.574930 7.980486e-08 1.274480e-08      137
features.11                       91    -0.574438 2.796973e-07 1.549896e-07      169
features.17                      783    -0.571422 1.007612e-06 2.920858e-09      489
features.16                      862    -0.569848 6.478228e-07 3.868790e-09      329
features.11                      363    -0.565343 2.735184e-07 5.769020e-08      169
features.9                        36    -0.564722 7.521592e-08 2.793998e-08      137
features.15                      537    -0.560962 5.357680e-07 7.190979e-09      329
features.16                      807    -0.556421 6.326819e-07 6.229173e-09      329
features.15                      230    -0.554651 5.296407e-07 5.187031e-09      329
features.16                      512    -0.552372 6.308768e-07 6.173527e-08      329
features.10                      309    -0.550537 9.288538e-08 3.840252e-08      137
features.6                       145    -0.550102 4.914393e-08 5.021860e-08       73
features.12                      560    -0.548989 9.045383e-08 1.020401e-08      201
features.14                       86    -0.548850 2.247900e-06 6.027153e-07      265
features.16                      954    -0.544492 6.192022e-07 7.768477e-09      329
features.11                       32    -0.543412 2.642985e-07 1.307911e-07      169
features.16                      676    -0.541637 6.156641e-07 1.929553e-09      329
features.16                      274    -0.541438 6.153521e-07 2.303140e-10      329
features.17                      257    -0.540296 9.523789e-07 1.711721e-09      489
features.16                      793    -0.538569 6.122696e-07 3.768982e-09      329
features.2                        47    -0.535790 8.934062e-08 6.506072e-06       49
features.14                      545    -0.535667 2.153630e-06 9.277701e-08      265
features.15                      797    -0.535615 5.120047e-07 1.545435e-08      329
features.9                       223    -0.535320 7.115590e-08 8.945467e-09      137
features.12                      222    -0.533676 8.826061e-08 2.627431e-08      201
features.16                      385    -0.532811 6.059679e-07 8.572862e-09      329
features.2                        63    -0.532709 8.820763e-08 2.347890e-06       49
features.15                      768    -0.530357 5.063409e-07 3.008857e-09      329
features.9                       327    -0.530141 7.251415e-08 2.583812e-07      137
features.17                      898    -0.529388 9.340109e-07 4.267985e-09      489
features.8                       253    -0.529141 7.381258e-08 2.563223e-08      137
features.9                       138    -0.528265 7.023729e-08 1.115246e-08      137
features.11                       49    -0.527614 2.546430e-07 2.014150e-08      169
features.15                      786    -0.525848 5.036579e-07 3.426545e-08      329
features.15                      321    -0.525422 5.017278e-07 4.873939e-09      329
features.12                      159    -0.522169 8.608337e-08 1.211398e-08      201
features.16                      722    -0.520989 5.921879e-07 1.752707e-09      329
features.9                       164    -0.520464 7.024039e-08 1.378308e-07      137
features.8                       228    -0.519227 7.198017e-08 7.968038e-09      137
features.2                         5    -0.518530 8.593318e-08 2.772991e-06       49
features.16                      228    -0.518297 5.974762e-07 1.674535e-07      329
features.15                      847    -0.517862 4.944796e-07 4.252486e-09      329
features.15                      308    -0.515713 4.922525e-07 8.474704e-10      329
features.15                      899    -0.514616 4.912667e-07 2.025976e-09      329
features.12                      278    -0.513824 8.460601e-08 6.881887e-09      201
features.15                      165    -0.512796 4.896689e-07 4.727950e-09      329
features.11                       21    -0.512772 2.516882e-07 2.476058e-07      169
features.9                       376    -0.511352 6.836439e-08 5.662620e-08      137
features.7                        77    -0.510917 1.496733e-06 3.083101e-06      105
features.11                      319    -0.509938 2.473791e-07 8.812035e-08      169
features.12                       59    -0.509463 8.416092e-08 2.035156e-08      201
features.17                      645    -0.509308 8.992353e-07 6.078316e-09      489
features.17                      544    -0.508042 8.956646e-07 2.031158e-09      489
features.9                       245    -0.508022 6.762843e-08 2.080521e-08      137
features.12                      276    -0.507086 8.340405e-08 2.202461e-09      201
features.12                      109    -0.506957 8.335853e-08 1.000840e-09      201
features.13                      485    -0.506691 8.502226e-08 4.078646e-08      201
features.8                       217    -0.505686 6.997111e-08 2.716051e-09      137
features.16                      818    -0.504046 5.730012e-07 3.105956e-09      329
features.11                      303    -0.503890 2.469868e-07 2.247841e-07      169
features.16                       10    -0.503045 5.728047e-07 2.179530e-08      329
features.16                      605    -0.503040 5.717304e-07 5.713641e-10      329
features.17                      701    -0.502494 8.855370e-07 9.622283e-10      489
features.15                      223    -0.502472 4.797922e-07 4.279852e-09      329
features.5                       180    -0.501780 6.162048e-08 2.471353e-08       73
features.14                      129    -0.500834 2.020254e-06 1.688087e-07      265
features.9                       340    -0.500537 6.651145e-08 5.798521e-09      137
features.11                      210    -0.500527 2.455129e-07 2.327511e-07      169
features.8                       275    -0.500344 6.973204e-08 2.181158e-08      137
features.16                      293    -0.500246 5.689954e-07 9.317823e-09      329
features.11                       77    -0.499656 2.425834e-07 9.676562e-08      169
features.14                       53    -0.497413 2.010214e-06 2.138862e-07      265
features.9                       131    -0.496530 6.634506e-08 5.038703e-08      137
features.9                       230    -0.496472 6.600069e-08 9.329772e-09      137
features.6                       137    -0.496345 4.439331e-08 9.637053e-08       73
features.11                      189    -0.495940 2.418375e-07 1.533733e-07      169
features.15                       22    -0.495758 4.734187e-07 4.931471e-09      329
features.9                       268    -0.495738 6.599439e-08 2.044321e-08      137
features.12                      157    -0.495644 8.172339e-08 1.212969e-08      201
features.9                        15    -0.495338 6.641591e-08 7.831617e-08      137
features.12                      245    -0.493596 8.132249e-08 8.945165e-09      201
features.12                      336    -0.493502 8.160752e-08 2.384615e-08      201
features.11                      151    -0.493037 2.387979e-07 6.449940e-08      169
features.9                       323    -0.492368 6.552881e-08 1.824676e-08      137
features.10                      102    -0.491985 8.249320e-08 8.390515e-09      137
features.16                      254    -0.491887 5.594056e-07 7.533742e-09      329
features.9                        18    -0.491876 6.736074e-08 2.495499e-07      137
features.11                      230    -0.490975 2.399402e-07 1.802255e-07      169
features.9                       277    -0.490550 6.547846e-08 4.153472e-08      137
features.11                      209    -0.489824 2.384174e-07 1.277743e-07      169
features.17                      639    -0.489710 8.635123e-07 2.461039e-09      489
features.7                        61    -0.489234 1.572498e-06 1.111445e-05      105
features.17                      571    -0.488775 8.615954e-07 1.644800e-09      489
features.12                       35    -0.486919 8.040645e-08 1.795401e-08      201
features.12                      409    -0.486776 8.079722e-08 3.849110e-08      201
features.6                       120    -0.486504 4.366553e-08 2.446615e-07       73
features.12                      285    -0.485924 8.000702e-08 6.261306e-09      201
features.9                       107    -0.484949 6.445688e-08 7.658639e-09      137
features.17                      268    -0.484058 8.539977e-07 3.792136e-09      489
features.15                       70    -0.483994 4.732119e-07 2.175605e-07      329
features.15                      794    -0.483559 4.624268e-07 1.750190e-08      329
features.11                      131    -0.482947 2.351040e-07 1.278108e-07      169
features.16                      852    -0.482244 5.489562e-07 1.764914e-08      329
features.8                       272    -0.481971 6.762501e-08 3.835056e-08      137
features.1                        20    -0.481898 1.072711e-07 3.256810e-06       25
features.12                      304    -0.481566 7.923583e-08 3.538780e-09      201
features.16                      746    -0.481131 5.469819e-07 3.582488e-09      329
features.16                      268    -0.479973 5.456619e-07 3.498424e-09      329
features.9                         3    -0.479844 6.389198e-08 2.144126e-08      137
features.9                        26    -0.477818 6.814953e-08 5.733145e-07      137
features.16                      477    -0.476926 5.421783e-07 3.089436e-09      329
features.16                      551    -0.475239 5.403712e-07 5.271261e-09      329
features.12                      247    -0.474242 7.814823e-08 9.309458e-09      201
features.16                      377    -0.474097 5.388092e-07 2.283691e-11      329
features.14                      217    -0.473825 1.905270e-06 8.545741e-08      265
features.15                       61    -0.473261 4.519451e-07 4.891598e-09      329
features.9                        16    -0.473071 6.293877e-08 1.486154e-08      137
features.12                      321    -0.472037 7.795100e-08 1.750508e-08      201
features.16                      304    -0.471987 5.366518e-07 4.820204e-09      329
features.10                       51    -0.471914 7.909755e-08 6.523303e-09      137
features.12                      525    -0.471771 7.757907e-08 1.231645e-09      201
features.16                       99    -0.469365 5.347140e-07 2.550422e-08      329
features.9                       248    -0.468717 6.242865e-08 2.315624e-08      137
features.16                      284    -0.468366 5.324686e-07 3.459842e-09      329
features.16                      334    -0.467568 5.316047e-07 4.318495e-09      329
features.15                      880    -0.466333 4.452176e-07 2.670936e-09      329
features.15                      841    -0.466326 4.453962e-07 6.247487e-09      329
features.8                       197    -0.466251 6.488440e-08 1.664839e-08      137
features.11                      294    -0.463738 2.270425e-07 1.926154e-07      169
features.15                       13    -0.463471 4.426712e-07 6.253955e-09      329
features.16                      104    -0.462541 5.258541e-07 3.571565e-09      329
features.6                        72    -0.460887 4.118406e-08 5.218442e-08       73
features.17                       48    -0.460415 8.118142e-07 2.187773e-09      489
features.2                         2    -0.459821 7.658532e-08 4.999549e-06       49
features.2                        21    -0.459759 7.595925e-08 9.009816e-07       49
features.12                      495    -0.458605 7.591761e-08 2.616664e-08      201
features.15                      649    -0.457636 4.377609e-07 1.896348e-08      329
features.16                      156    -0.457477 5.201032e-07 3.656594e-09      329
features.15                      202    -0.457431 4.366760e-07 1.807277e-09      329
features.15                      894    -0.456498 4.369709e-07 2.467001e-08      329
features.16                      267    -0.456308 5.190155e-07 8.425260e-09      329
features.12                      259    -0.456166 7.504366e-08 2.718441e-09      201
features.16                      320    -0.454942 5.177535e-07 1.420591e-08      329
features.15                      147    -0.454729 4.342877e-07 5.480171e-09      329
features.2                        95    -0.454652 7.512499e-08 9.540903e-07       49
features.17                      207    -0.454511 8.013808e-07 2.088559e-09      489
features.9                       236    -0.454136 6.058475e-08 3.440508e-08      137
features.12                      384    -0.451341 7.424703e-08 2.544160e-09      201
features.16                      915    -0.449421 5.119907e-07 2.435210e-08      329
features.8                        22    -0.449053 6.341384e-08 5.131719e-08      137
features.10                      276    -0.448652 7.529712e-08 1.116991e-08      137
features.14                      357    -0.448525 1.813412e-06 2.023108e-07      265
features.5                        22    -0.448090 5.620483e-08 8.447307e-08       73
features.16                      429    -0.447945 5.102196e-07 2.250557e-08      329
features.5                       146    -0.447620 5.480625e-08 1.339955e-08       73
features.14                      526    -0.447540 1.812183e-06 2.357791e-07      265
features.16                        4    -0.447437 5.093382e-07 1.646240e-08      329
features.9                       312    -0.447205 5.982214e-08 5.363840e-08      137
features.12                      412    -0.446899 7.395199e-08 2.412289e-08      201
features.10                      151    -0.446353 7.506031e-08 1.863671e-08      137
features.5                        29    -0.446275 5.489544e-08 2.681200e-08       73
features.14                       66    -0.446044 1.796455e-06 1.160202e-07      265
features.11                       18    -0.445931 2.196923e-07 2.593250e-07      169
features.15                        3    -0.445493 4.254242e-07 4.542554e-09      329
features.12                      271    -0.445458 7.374184e-08 2.544746e-08      201
features.10                      217    -0.444817 7.494354e-08 2.572183e-08      137
features.15                      765    -0.443687 4.243215e-07 1.653062e-08      329
features.15                      516    -0.443107 4.229153e-07 8.313267e-11      329
features.16                      485    -0.442109 5.026065e-07 3.041244e-09      329
features.8                       292    -0.441486 6.137915e-08 1.351166e-08      137
features.15                      115    -0.441437 4.215915e-07 5.290166e-09      329
features.12                        0    -0.441432 7.288126e-08 1.559100e-08      201
features.10                      332    -0.440223 7.392232e-08 1.297249e-08      137
features.8                       298    -0.440116 6.093453e-08 3.748808e-09      137
features.8                       358    -0.439468 6.110644e-08 1.374855e-08      137
features.15                      334    -0.438915 4.190413e-07 2.516283e-09      329
features.12                      211    -0.438428 7.238866e-08 1.564954e-08      201
features.16                      160    -0.438062 4.979182e-07 1.266152e-09      329
features.16                      938    -0.437920 4.977649e-07 1.433767e-09      329
features.2                        35    -0.437729 7.240082e-08 1.398656e-06       49
features.17                       36    -0.437728 7.715345e-07 1.242732e-09      489
features.16                      491    -0.437253 4.973245e-07 7.729932e-09      329
features.16                      218    -0.437211 4.971295e-07 4.802744e-09      329
features.16                      214    -0.434197 4.947245e-07 2.507088e-08      329
features.16                      504    -0.432369 4.917765e-07 7.800363e-09      329
features.7                        94    -0.432241 1.288029e-06 3.884556e-06      105
features.8                        90    -0.432230 6.080312e-08 4.040871e-08      137
features.16                      857    -0.431846 4.908625e-07 1.436572e-09      329
features.15                      697    -0.431516 4.179967e-07 1.186015e-07      329
features.14                      455    -0.431179 1.794488e-06 8.244246e-07      265
features.17                      247    -0.430767 7.604543e-07 4.812059e-09      489
features.15                      242    -0.430642 4.111021e-07 1.689057e-09      329
features.12                      213    -0.430330 7.078130e-08 1.960712e-09      201
features.16                      739    -0.430176 4.892952e-07 8.017012e-09      329
features.14                      225    -0.430116 1.730338e-06 8.769774e-08      265
features.5                        87    -0.430104 5.264256e-08 1.186757e-08       73
features.12                      515    -0.429745 7.118546e-08 2.676923e-08      201
features.9                       280    -0.429568 5.714686e-08 1.298836e-08      137
features.17                      512    -0.428928 7.580602e-07 7.361689e-09      489
features.9                       253    -0.427859 5.691425e-08 1.230574e-08      137
features.16                      719    -0.427554 4.864177e-07 1.005101e-08      329
features.2                        79    -0.427531 7.065432e-08 9.678489e-07       49
features.16                      866    -0.427379 4.860555e-07 6.796185e-09      329
features.16                      759    -0.427250 4.860929e-07 1.044459e-08      329
features.9                        19    -0.425619 5.668704e-08 2.087010e-08      137
features.12                      556    -0.425126 6.999512e-08 5.400980e-09      201
features.16                      431    -0.425054 4.887466e-07 1.126713e-07      329
features.12                      309    -0.424727 7.201122e-08 1.086075e-07      201
features.15                      912    -0.424659 4.063366e-07 1.991540e-08      329
features.11                      175    -0.424619 2.070706e-07 1.319617e-07      169
features.9                       284    -0.424589 5.642498e-08 5.582809e-09      137
features.12                      428    -0.423156 6.976853e-08 1.021743e-08      201
features.8                        75    -0.423030 6.641364e-08 3.035684e-07      137
features.9                       243    -0.422981 5.676714e-08 7.333752e-08      137
features.9                       130    -0.422821 5.686613e-08 8.799319e-08      137
features.15                      163    -0.422799 4.036942e-07 3.185878e-09      329
features.12                      376    -0.422332 6.972229e-08 1.464471e-08      201
features.10                       24    -0.421441 7.099598e-08 2.391298e-08      137
features.15                      139    -0.421339 4.026229e-07 9.397257e-09      329
features.12                      195    -0.421023 6.955560e-08 1.704669e-08      201
features.1                         1    -0.420949 9.483286e-08 2.430405e-05       25
features.15                       27    -0.420300 4.018090e-07 1.282946e-08      329
features.6                       142    -0.419646 3.748602e-08 3.483130e-08       73
features.16                      444    -0.419357 4.767536e-07 3.128494e-09      329
features.8                       278    -0.419272 5.974807e-08 6.855272e-08      137
features.11                      308    -0.418790 2.030467e-07 6.614286e-08      169
features.10                      208    -0.418128 7.008552e-08 5.927185e-09      137
features.15                      849    -0.418073 4.008045e-07 3.445156e-08      329
features.15                      169    -0.417878 4.046403e-07 1.120508e-07      329
features.16                      653    -0.417681 4.753729e-07 1.352114e-08      329
features.5                        96    -0.417616 5.113804e-08 1.278987e-08       73
features.12                      540    -0.416971 6.897201e-08 2.114126e-08      201
features.9                        28    -0.416783 5.567400e-08 4.039803e-08      137
features.16                      128    -0.416269 4.747810e-07 3.364548e-08      329
features.16                      337    -0.413817 4.705178e-07 4.317058e-09      329
features.9                       293    -0.413325 5.496856e-08 1.037846e-08      137
features.14                      236    -0.413101 1.666023e-06 1.351147e-07      265
features.15                      176    -0.412673 3.983363e-07 8.626665e-08      329
features.10                      294    -0.412653 6.936391e-08 1.575857e-08      137
features.15                      897    -0.412333 3.936418e-07 1.964865e-09      329
features.16                      168    -0.412005 4.684775e-07 4.709861e-09      329
features.9                       229    -0.411225 5.469717e-08 1.129266e-08      137
features.8                       192    -0.411150 6.096573e-08 1.580462e-07      137
features.15                      538    -0.410633 3.984470e-07 1.259626e-07      329
features.12                      192    -0.410577 6.779761e-08 1.502649e-08      201
features.17                      714    -0.410150 7.229955e-07 1.374191e-09      489
features.10                      142    -0.409475 6.881232e-08 1.475841e-08      137
features.17                      888    -0.409367 7.228547e-07 5.112078e-09      489
features.15                      910    -0.409103 3.934541e-07 5.782282e-08      329
features.15                      324    -0.408076 3.895787e-07 1.968679e-09      329
features.12                       50    -0.407703 6.810782e-08 5.383031e-08      201
features.16                      847    -0.407355 4.639337e-07 1.940711e-08      329
features.17                      859    -0.406932 7.183765e-07 4.540365e-09      489
features.8                       348    -0.406792 5.641625e-08 7.115381e-09      137
features.10                      340    -0.406298 6.811912e-08 6.598527e-09      137
features.12                       41    -0.406097 6.710070e-08 1.698870e-08      201
features.16                      103    -0.405631 4.615258e-07 1.050721e-08      329
features.12                      344    -0.404904 6.693731e-08 1.861069e-08      201
features.15                      606    -0.404861 3.867634e-07 6.839621e-09      329
features.10                      162    -0.404616 6.850500e-08 4.029294e-08      137
features.14                      147    -0.404581 1.653444e-06 4.002194e-07      265
features.3                        80    -0.404052 7.980893e-08 1.647097e-08       57
features.9                       116    -0.403605 5.391574e-08 3.937245e-08      137
features.14                      506    -0.403481 1.635583e-06 2.347422e-07      265
features.3                        59    -0.403004 8.030478e-08 4.853962e-07       57
features.10                      143    -0.402968 6.753418e-08 5.200009e-09      137
features.14                        6    -0.402908 1.633768e-06 2.406420e-07      265
features.9                        22    -0.402634 5.383067e-08 4.472809e-08      137
features.10                      279    -0.402563 6.768880e-08 1.642423e-08      137
features.10                      108    -0.402417 6.754286e-08 1.029484e-08      137
features.16                       22    -0.402382 4.584150e-07 2.205462e-08      329
features.15                      456    -0.402273 3.840841e-07 2.806592e-09      329
features.9                       269    -0.401977 5.347672e-08 1.220196e-08      137
features.9                        71    -0.401688 5.386232e-08 6.389271e-08      137
features.16                      747    -0.401408 4.580359e-07 3.650684e-08      329
features.12                       38    -0.401110 6.620867e-08 1.340837e-08      201
features.16                      917    -0.400756 4.561637e-07 1.405520e-08      329
features.5                        89    -0.400400 4.994616e-08 6.081329e-08       73
features.12                      326    -0.399516 6.576916e-08 4.603406e-09      201
features.14                      445    -0.399258 1.629247e-06 3.649393e-07      265
features.8                       133    -0.398807 5.639103e-08 4.835485e-08      137
features.14                      433    -0.398116 1.596799e-06 2.204350e-08      265
features.17                      730    -0.397346 7.011612e-07 3.552751e-09      489
features.9                       159    -0.397182 5.287502e-08 1.647163e-08      137
features.14                      299    -0.396699 1.595970e-06 8.167513e-08      265
features.10                      235    -0.395687 7.237316e-08 3.110555e-07      137
features.14                      285    -0.395539 1.626081e-06 5.092815e-07      265
features.9                        48    -0.395030 5.308640e-08 7.707979e-08      137
features.16                      575    -0.394920 4.516278e-07 5.566451e-08      329
features.15                      459    -0.394547 3.768110e-07 4.753509e-09      329
features.8                       297    -0.394432 5.832318e-08 1.453624e-07      137
features.15                      489    -0.394335 3.780766e-07 3.307370e-08      329
features.11                      316    -0.394332 1.916023e-07 8.470737e-08      169
features.17                      178    -0.394268 6.949017e-07 1.026185e-09      489
features.14                      468    -0.394241 1.584767e-06 6.503532e-08      265
features.16                      617    -0.394148 4.481255e-07 3.554078e-09      329
features.17                      116    -0.394135 6.961697e-07 5.561772e-09      489
features.16                      435    -0.394043 4.478981e-07 1.422389e-09      329
features.15                      621    -0.393434 3.755978e-07 1.846044e-09      329
features.15                      956    -0.393197 3.753182e-07 8.089907e-10      329
features.13                      119    -0.392902 6.579983e-08 8.758620e-09      201
features.15                       33    -0.392636 3.749412e-07 3.865443e-09      329
features.16                      280    -0.392173 4.458492e-07 2.924994e-09      329
features.15                      926    -0.391824 3.740441e-07 1.511623e-09      329
features.15                      155    -0.390604 3.728588e-07 1.105162e-09      329
features.11                       38    -0.390465 1.920994e-07 2.126101e-07      169
features.9                        57    -0.390396 5.196498e-08 1.538146e-08      137
features.15                      793    -0.390032 3.723566e-07 1.948168e-09      329
features.17                      375    -0.389537 6.867819e-07 1.673253e-09      489
features.11                      351    -0.389267 1.886300e-07 5.590656e-08      169
features.16                      245    -0.389134 4.441246e-07 3.724616e-08      329
features.5                       152    -0.389105 4.809366e-08 3.559891e-08       73
features.10                      179    -0.388664 6.553518e-08 2.512447e-08      137
features.12                       85    -0.388534 6.432591e-08 2.255796e-08      201
features.10                      346    -0.388487 6.565993e-08 3.291240e-08      137
features.15                      143    -0.388263 3.712468e-07 1.311439e-08      329
features.16                      649    -0.388127 4.411835e-07 1.593554e-09      329
features.16                      526    -0.388063 4.411353e-07 2.070204e-09      329
features.12                      416    -0.387614 6.697594e-08 1.614436e-07      201
features.17                      731    -0.387105 6.822076e-07 7.972407e-10      489
features.16                      236    -0.386736 4.396616e-07 2.764909e-09      329
features.10                      183    -0.386487 6.486136e-08 9.493199e-09      137
features.12                      333    -0.386407 6.545311e-08 9.578553e-08      201
features.16                      151    -0.385915 4.386434e-07 1.064662e-09      329
features.14                      318    -0.385537 1.547484e-06 3.538372e-08      265
features.16                      301    -0.385396 4.381043e-07 2.089778e-09      329
features.10                       71    -0.385088 6.468368e-08 1.234162e-08      137
features.16                      110    -0.384744 4.372733e-07 3.040728e-10      329
features.17                      123    -0.384683 6.794396e-07 5.323367e-09      489
features.5                       179    -0.384591 4.786285e-08 5.251653e-08       73
features.11                      212    -0.384012 1.862742e-07 6.549353e-08      169
features.6                        32    -0.383799 3.444061e-08 1.863474e-07       73
features.16                      215    -0.383452 4.362407e-07 8.941462e-09      329
features.14                      186    -0.383372 1.546711e-06 1.325809e-07      265
features.5                        71    -0.383226 4.722573e-08 2.757335e-08       73
features.16                      565    -0.383161 4.355846e-07 2.481081e-09      329
features.17                      678    -0.382786 6.761175e-07 5.378734e-09      489
features.17                      293    -0.381937 6.750059e-07 6.542096e-09      489
features.15                      351    -0.381353 3.644571e-07 9.353815e-09      329
features.15                      247    -0.381211 3.758742e-07 2.322257e-07      329
features.10                       85    -0.381037 6.401219e-08 1.266204e-08      137
features.9                        82    -0.380768 5.080638e-08 3.000418e-08      137
features.12                      121    -0.380140 6.275269e-08 1.297601e-08      201
features.16                      711    -0.380056 4.321389e-07 4.131089e-09      329
features.16                      101    -0.379040 4.321259e-07 2.679995e-08      329
features.17                      125    -0.378428 6.672944e-07 1.920881e-09      489
features.16                      602    -0.378055 4.297299e-07 1.444223e-09      329
features.13                      560    -0.377785 6.341084e-08 3.374534e-08      201
features.14                      207    -0.376827 1.540791e-06 3.822778e-07      265
features.9                        93    -0.376762 5.104634e-08 1.241001e-07      137
features.6                        39    -0.376575 3.370162e-08 9.339763e-08       73
features.14                      360    -0.376276 1.517576e-06 1.238898e-07      265
features.16                      303    -0.376100 4.276847e-07 4.951805e-09      329
features.17                      946    -0.375933 6.624897e-07 6.866602e-10      489
features.5                         6    -0.375635 4.649119e-08 3.766931e-08       73
features.16                      640    -0.375616 4.279134e-07 2.042302e-08      329
features.12                      348    -0.374456 6.252974e-08 4.824723e-08      201
features.14                      305    -0.374305 1.501892e-06 2.808128e-08      265
features.7                       156    -0.374167 1.130113e-06 4.249681e-06      105
features.6                        69    -0.373959 3.348195e-08 1.069528e-07       73
features.6                       118    -0.373812 3.338071e-08 2.015309e-08       73
features.12                      508    -0.373485 6.146952e-08 3.593855e-09      201
features.8                       260    -0.373018 5.389244e-08 8.912587e-08      137
features.13                      458    -0.372791 6.266356e-08 4.948408e-08      201
features.16                      630    -0.372746 4.242085e-07 1.162211e-08      329
features.16                      333    -0.372740 4.237289e-07 2.240484e-09      329
features.8                        53    -0.372284 5.162778e-08 6.408505e-09      137
features.12                      170    -0.372169 6.132515e-08 7.164233e-09      201
features.12                      382    -0.371860 6.159191e-08 2.290734e-08      201
features.5                        90    -0.371674 4.569007e-08 2.080153e-08       73
features.14                      261    -0.371633 1.494046e-06 6.324770e-08      265
features.9                        14    -0.371272 5.042548e-08 1.372917e-07      137
features.1                        26    -0.370953 8.246624e-08 4.471896e-07       25
features.17                      769    -0.369905 6.526590e-07 3.066611e-09      489
features.12                      172    -0.369136 6.125630e-08 2.847262e-08      201
features.10                      245    -0.369055 6.192245e-08 8.386944e-09      137
features.17                      806    -0.368695 6.500882e-07 1.741367e-09      489
features.15                       62    -0.368446 3.528240e-07 2.258616e-08      329
features.10                      234    -0.368394 6.295247e-08 6.598204e-08      137
features.13                      406    -0.368092 6.172369e-08 2.221231e-08      201
features.14                      109    -0.367968 1.496574e-06 2.749588e-07      265
features.8                        63    -0.367907 5.804258e-08 2.748307e-07      137
features.15                      808    -0.367825 3.511220e-07 1.186043e-09      329
features.9                       216    -0.365884 5.027013e-08 2.055706e-07      137
features.12                      331    -0.365420 6.086984e-08 3.959439e-08      201
features.16                      502    -0.365156 4.151200e-07 2.447250e-09      329
features.16                       69    -0.365060 4.150447e-07 3.123161e-09      329
features.17                      664    -0.364979 6.434747e-07 1.535841e-09      489
features.12                       68    -0.364921 6.070579e-08 3.553290e-08      201
features.12                      128    -0.364737 6.183306e-08 9.291922e-08      201
features.11                       88    -0.364733 1.782580e-07 1.345573e-07      169
features.12                      575    -0.364169 5.994167e-08 3.776235e-09      201
features.7                        25    -0.364066 1.057848e-06 1.688016e-06      105
features.12                      237    -0.363492 6.051751e-08 3.784448e-08      201
features.15                      820    -0.363232 3.523295e-07 1.090419e-07      329
features.12                      149    -0.363216 5.978216e-08 3.630398e-09      201
features.15                      389    -0.363210 3.467586e-07 1.981877e-09      329
features.11                      276    -0.363086 1.792356e-07 2.305384e-07      169
features.8                       274    -0.361696 5.448831e-08 1.717551e-07      137
features.12                      161    -0.361690 5.956213e-08 5.160879e-09      201
features.8                       120    -0.361489 5.018457e-08 8.282568e-09      137
features.16                      223    -0.361254 4.107583e-07 3.881478e-09      329
features.17                      349    -0.361199 6.367213e-07 1.251905e-09      489
features.16                      933    -0.360142 4.115500e-07 4.470261e-08      329
features.8                        30    -0.360138 5.316584e-08 1.294170e-07      137
features.17                      893    -0.359865 6.342327e-07 8.376002e-10      489
features.9                       342    -0.359342 4.788469e-08 2.065806e-08      137
features.15                      443    -0.359210 3.428739e-07 6.889580e-10      329
features.12                        4    -0.359029 5.944225e-08 2.090556e-08      201
features.12                       66    -0.358577 5.997134e-08 5.082379e-08      201
features.14                      234    -0.358205 1.454809e-06 2.423505e-07      265
features.10                      283    -0.358117 6.070085e-08 3.912173e-08      137
features.9                        33    -0.358013 4.765280e-08 1.389315e-08      137
features.16                      409    -0.357153 4.067834e-07 1.750089e-08      329
features.16                      178    -0.356920 4.057509e-07 2.265518e-09      329
