================================================================================
Channel Pruning Log
  iteration  : 6
  alpha      : 0.3000
  timestamp  : 2026-05-30 10:09:19
  remove_target  : 105024
  accum_removed  : 105300
  selected_channels : 476
  gamma             : 0.0050
  remove_target_met : yes
  total_params   : 2289600
  active_after   : 1455242
  model_sparsity : 36.4%
================================================================================

[ 레이어별 채널 제거 비율 ]
  layer                total_ch  this_iter    cumul  cumul_%
  ----------------------------------------------------------
  features.1                 32          1       18    56.2%
  features.2                 96          2       61    63.5%
  features.3                144         20       35    24.3%
  features.4                144         45       95    66.0%
  features.5                192         17       71    37.0%
  features.6                192         16       89    46.4%
  features.7                192         18      177    92.2%
  features.8                384          5       72    18.8%
  features.9                384         45      241    62.8%
  features.10               384         36      285    74.2%
  features.11               384         10      205    53.4%
  features.12               576         79      250    43.4%
  features.13               576         22      383    66.5%
  features.14               576         30      542    94.1%
  features.15               960         44      254    26.5%
  features.16               960          9      179    18.6%
  features.17               960         77      537    55.9%

[ 레이어별 보호 영역 (γ=0.01) ]
  layer                  active  protected  protect_%
  --------------------------------------------------
  features.1                 15          1       6.7%
  features.2                 37          1       2.7%
  features.3                129          1       0.8%
  features.4                 94          1       1.1%
  features.5                138          1       0.7%
  features.6                119          1       0.8%
  features.7                 33          1       3.0%
  features.8                317          2       0.6%
  features.9                188          1       0.5%
  features.10               135          1       0.7%
  features.11               189          1       0.5%
  features.12               405          3       0.7%
  features.13               215          2       0.9%
  features.14                64          1       1.6%
  features.15               750          4       0.5%
  features.16               790          4       0.5%
  features.17               500          3       0.6%

[ 블록별 제거 채널 수 ]
  features.1: 1채널 제거
  features.10: 36채널 제거
  features.11: 10채널 제거
  features.12: 79채널 제거
  features.13: 22채널 제거
  features.14: 30채널 제거
  features.15: 44채널 제거
  features.16: 9채널 제거
  features.17: 77채널 제거
  features.2: 2채널 제거
  features.3: 20채널 제거
  features.4: 45채널 제거
  features.5: 17채널 제거
  features.6: 16채널 제거
  features.7: 18채널 제거
  features.8: 5채널 제거
  features.9: 45채널 제거

[ 선택된 채널 상세 ]
block                             ch        score          phi         perf  weights
--------------------------------------------------------------------------------
features.12                      270    -0.699510 1.385601e-07 3.262352e-09      201
features.3                        80    -0.698704 8.922341e-08 5.270523e-08       57
features.1                        12    -0.694549 3.139265e-07 5.161457e-05       25
features.7                       108    -0.690762 1.637485e-06 1.733887e-07      105
features.14                        6    -0.685581 3.607799e-06 3.230916e-07      265
features.4                        14    -0.672531 4.889746e-07 9.975271e-08       65
features.7                         7    -0.670475 1.599928e-06 2.528189e-07      105
features.5                        25    -0.613231 1.030828e-07 1.403840e-06       73
features.4                       128    -0.611725 4.372917e-07 4.861660e-08       65
features.9                       218    -0.597720 1.279125e-07 6.329445e-07      137
features.4                        67    -0.586841 4.626013e-07 2.895397e-07       65
features.4                        34    -0.576979 4.905236e-07 4.858650e-07       65
features.4                        41    -0.571242 4.078308e-07 4.245852e-08       65
features.7                       104    -0.570868 1.375828e-06 3.242724e-07      105
features.15                      687    -0.557700 7.553418e-07 2.410184e-08      329
features.7                        18    -0.551543 1.390734e-06 8.065877e-07      105
features.14                      234    -0.549071 2.919909e-06 5.323863e-07      265
features.8                        21    -0.547884 3.928457e-07 3.629638e-09      137
features.17                      393    -0.545492 1.300275e-06 3.544878e-09      489
features.7                       171    -0.542420 1.378118e-06 8.765853e-07      105
features.4                        12    -0.536122 4.071846e-07 1.775211e-07       65
features.2                         5    -0.528885 2.705684e-07 2.390532e-05       49
features.14                      240    -0.522398 2.745003e-06 2.097220e-07      265
features.15                      202    -0.521535 7.034047e-07 2.626520e-09      329
features.17                      602    -0.520411 1.249246e-06 1.211797e-08      489
features.4                        40    -0.516365 3.686678e-07 3.846580e-08       65
features.12                      166    -0.507505 1.010504e-07 2.011922e-08      201
features.3                        61    -0.507496 6.500843e-08 1.031108e-07       57
features.7                       175    -0.505565 1.216049e-06 2.679647e-07      105
features.12                        4    -0.504718 1.003460e-07 1.493796e-08      201
features.17                      701    -0.504438 1.201512e-06 2.377958e-09      489
features.10                      247    -0.496317 9.643147e-08 4.363677e-07      137
features.7                       102    -0.494345 1.173301e-06 1.355746e-07      105
features.4                         8    -0.488917 3.707269e-07 1.584784e-07       65
features.3                       116    -0.488060 6.343248e-08 3.924311e-07       57
features.4                        28    -0.487777 3.899543e-07 2.713480e-07       65
features.4                         9    -0.486775 3.484887e-07 4.160163e-08       65
features.5                       187    -0.486467 8.882405e-08 1.888262e-06       73
features.17                       70    -0.484278 1.158119e-06 6.897380e-09      489
features.5                        29    -0.483701 7.273897e-08 1.656742e-07       73
features.12                      197    -0.483629 1.023724e-07 2.254752e-07      201
features.14                        8    -0.482175 2.612254e-06 8.992013e-07      265
features.10                      355    -0.481857 6.706803e-08 1.068551e-08      137
features.9                        50    -0.480523 9.081754e-08 1.019393e-07      137
features.15                      447    -0.479987 6.895870e-07 2.868192e-07      329
features.7                        32    -0.478062 1.292496e-06 1.397543e-06      105
features.7                       166    -0.475673 1.175849e-06 5.064737e-07      105
features.14                       90    -0.475632 2.518972e-06 3.678640e-07      265
features.7                        83    -0.471541 1.316930e-06 1.715981e-06      105
features.10                       32    -0.470691 6.527052e-08 6.654068e-09      137
features.12                      110    -0.469476 9.306184e-08 4.471241e-09      201
features.17                      732    -0.465415 1.110255e-06 3.880066e-09      489
features.14                      526    -0.463811 2.467663e-06 4.600868e-07      265
features.17                      855    -0.462981 1.103499e-06 2.912646e-09      489
features.17                      257    -0.462870 1.102469e-06 2.148791e-09      489
features.15                      144    -0.462474 6.248188e-07 9.544062e-09      329
features.9                       111    -0.462098 8.996543e-08 1.871058e-07      137
features.12                      158    -0.461875 9.157905e-08 5.208622e-09      201
features.12                      211    -0.461841 9.164713e-08 7.753538e-09      201
features.12                      237    -0.461620 9.227097e-08 3.041952e-08      201
features.14                      468    -0.461023 2.418505e-06 1.492280e-07      265
features.3                        59    -0.457537 6.006834e-08 5.614133e-07       57
features.15                      841    -0.454641 6.138170e-07 6.560544e-09      329
features.12                      297    -0.454580 9.052293e-08 1.837760e-08      201
features.12                      183    -0.453206 9.295170e-08 1.100815e-07      201
features.4                        11    -0.453072 3.464380e-07 1.631534e-07       65
features.4                       111    -0.451151 3.608817e-07 2.521466e-07       65
features.12                      372    -0.450602 9.056349e-08 4.649462e-08      201
features.7                       139    -0.448962 1.278213e-06 1.829130e-06      105
features.17                      228    -0.445314 1.063982e-06 5.388339e-09      489
features.17                      715    -0.445082 1.059805e-06 1.770809e-09      489
features.9                       101    -0.444876 9.205325e-08 3.643971e-07      137
features.4                        15    -0.444653 3.690446e-07 3.238158e-07       65
features.17                      946    -0.442660 1.053702e-06 1.425205e-09      489
features.12                      103    -0.441451 8.774647e-08 1.235190e-08      201
features.12                      338    -0.439363 9.270530e-08 1.947537e-07      201
features.15                      849    -0.436141 5.902929e-07 1.607960e-08      329
features.12                      185    -0.435750 8.643362e-08 6.085401e-09      201
features.4                        50    -0.431679 3.470112e-07 2.508733e-07       65
features.17                      210    -0.430801 1.036333e-06 1.222200e-08      489
features.3                        99    -0.428484 5.510511e-08 1.569857e-07       57
features.17                      761    -0.427757 1.024268e-06 7.404235e-09      489
features.12                      496    -0.426861 8.493866e-08 1.506937e-08      201
features.6                       105    -0.426757 5.447223e-08 5.230825e-08       73
features.3                       139    -0.426443 5.568519e-08 4.266739e-07       57
features.14                      305    -0.426373 2.228142e-06 6.090011e-08      265
features.4                        79    -0.424635 3.485789e-07 2.875321e-07       65
features.15                      626    -0.423535 5.752395e-07 2.914417e-08      329
features.4                        92    -0.420038 3.785352e-07 4.745232e-07       65
features.9                       252    -0.419935 7.781544e-08 3.655348e-08      137
features.15                      456    -0.413704 5.586496e-07 6.656010e-09      329
features.15                      394    -0.413283 5.571503e-07 3.809219e-10      329
features.14                       66    -0.412016 2.169411e-06 2.051240e-07      265
features.12                      208    -0.411693 8.170030e-08 7.057873e-09      201
features.12                      326    -0.408756 8.119439e-08 9.623095e-09      201
features.7                       119    -0.408449 1.028800e-06 5.883514e-07      105
features.12                      344    -0.408020 8.106171e-08 1.006399e-08      201
features.17                      678    -0.407032 9.764624e-07 8.861288e-09      489
features.17                      588    -0.406821 9.691187e-07 2.036156e-09      489
features.10                      307    -0.406596 5.718209e-08 1.818175e-08      137
features.15                      793    -0.406576 5.484807e-07 2.879319e-09      329
features.4                        68    -0.406357 3.104097e-07 1.445950e-07       65
features.9                       229    -0.403837 7.420125e-08 1.377297e-08      137
features.15                      111    -0.403082 5.451278e-07 1.202243e-08      329
features.14                      318    -0.401679 2.101624e-06 8.005978e-08      265
features.17                      755    -0.401055 9.640110e-07 1.061432e-08      489
features.4                        35    -0.398546 3.234839e-07 2.491301e-07       65
features.9                       223    -0.396094 7.253082e-08 5.122229e-09      137
features.9                       202    -0.395406 7.459283e-08 7.921484e-08      137
features.17                      116    -0.395190 9.531946e-07 1.373086e-08      489
features.14                      299    -0.394806 2.073506e-06 1.490711e-07      265
features.15                      147    -0.392213 5.302335e-07 1.037999e-08      329
features.17                      782    -0.391981 9.334617e-07 1.656011e-09      489
features.17                      919    -0.391751 9.407030e-07 9.425907e-09      489
features.7                       153    -0.390438 9.756534e-07 4.999850e-07      105
features.15                       76    -0.389836 5.259395e-07 3.042570e-09      329
features.3                       141    -0.389579 5.032511e-08 2.144064e-07       57
features.9                       327    -0.389537 8.005054e-08 3.003724e-07      137
features.7                        42    -0.389336 9.847309e-07 5.935036e-07      105
features.6                       113    -0.389133 5.025444e-08 2.302277e-07       73
features.13                      206    -0.389113 6.521005e-08 5.228468e-09      201
features.12                      321    -0.388626 7.762335e-08 2.366201e-08      201
features.3                        33    -0.387603 4.962246e-08 6.974796e-08       57
features.4                        94    -0.386698 3.221439e-07 2.883730e-07       65
features.10                       87    -0.385406 6.019210e-08 1.103931e-07      137
features.16                      862    -0.385388 8.663628e-07 1.036778e-08      329
features.12                      304    -0.384917 7.635462e-08 5.513141e-09      201
features.4                        21    -0.384445 2.790071e-07 5.414739e-08       65
features.12                      386    -0.384411 7.821141e-08 7.196124e-08      201
features.4                       143    -0.384399 4.198279e-07 8.480084e-07       65
features.5                       147    -0.384244 5.874066e-08 2.368781e-07       73
features.12                      415    -0.382263 7.569250e-08 8.720556e-10      201
features.14                      186    -0.381811 2.009943e-06 1.862314e-07      265
features.10                      375    -0.381743 5.308708e-08 7.743944e-09      137
features.15                      459    -0.381356 5.147633e-07 4.757498e-09      329
features.12                      336    -0.381026 7.617484e-08 2.556150e-08      201
features.12                      469    -0.380387 8.012646e-08 1.640309e-07      201
features.10                        9    -0.380229 5.879835e-08 9.980978e-08      137
features.8                       159    -0.379356 2.731081e-07 8.279405e-09      137
features.4                       136    -0.378964 3.097678e-07 2.491641e-07       65
features.12                      276    -0.377604 7.481776e-08 2.483034e-09      201
features.12                      561    -0.375284 7.499506e-08 2.409395e-08      201
features.17                      300    -0.374733 8.925694e-07 1.766860e-09      489
features.15                      420    -0.374645 5.072055e-07 1.477862e-08      329
features.13                      538    -0.374063 6.320045e-08 2.810583e-08      201
features.17                      200    -0.373868 8.897018e-07 9.574146e-10      489
features.9                       347    -0.373810 6.861327e-08 1.035266e-08      137
features.14                      103    -0.373116 2.048346e-06 9.375933e-07      265
features.12                       66    -0.372217 7.564135e-08 6.665486e-08      201
features.15                      810    -0.372108 5.076044e-07 4.050715e-08      329
features.12                      236    -0.372041 7.370245e-08 2.000760e-09      201
features.12                      105    -0.372027 7.402177e-08 1.294155e-08      201
features.4                        65    -0.371402 2.936818e-07 1.883686e-07       65
features.4                       125    -0.370907 3.125559e-07 2.967023e-07       65
features.3                        74    -0.370801 4.784652e-08 1.871042e-07       57
features.10                      309    -0.370777 5.227027e-08 1.853519e-08      137
features.11                      242    -0.369962 3.131169e-07 8.785560e-08      169
features.10                      175    -0.369276 5.158347e-08 1.106968e-08      137
features.9                       184    -0.369161 6.771300e-08 8.635772e-09      137
features.5                       126    -0.369069 5.455759e-08 2.279317e-08       73
features.7                       183    -0.367887 8.912148e-07 2.457558e-07      105
features.17                      308    -0.364757 8.844472e-07 1.732073e-08      489
features.12                      428    -0.364737 7.256899e-08 1.260736e-08      201
features.8                        97    -0.363914 2.696558e-07 4.808018e-08      137
features.17                      722    -0.363759 8.666354e-07 1.918492e-09      489
features.12                      457    -0.362962 7.222251e-08 1.277452e-08      201
features.4                        69    -0.362665 3.018191e-07 2.687397e-07       65
features.12                      528    -0.362535 7.193439e-08 5.862046e-09      201
features.4                        39    -0.362307 3.150560e-07 3.447555e-07       65
features.9                        14    -0.362252 7.125522e-08 1.713589e-07      137
features.3                        15    -0.361149 4.608427e-08 1.634962e-08       57
features.17                      932    -0.357899 8.580016e-07 7.202027e-09      489
features.17                      354    -0.357697 8.521235e-07 1.816916e-09      489
features.12                      316    -0.357689 7.138085e-08 1.963425e-08      201
features.14                      445    -0.356950 1.924152e-06 5.787989e-07      265
features.12                      508    -0.356291 7.070619e-08 6.125434e-09      201
features.7                        45    -0.355910 1.035942e-06 1.631768e-06      105
features.9                        22    -0.355639 6.547531e-08 1.652962e-08      137
features.12                       50    -0.355624 7.214883e-08 5.958727e-08      201
features.9                       378    -0.354847 6.871728e-08 1.312317e-07      137
features.4                        80    -0.354817 2.638959e-07 8.599422e-08       65
features.17                      652    -0.354353 8.464637e-07 4.100366e-09      489
features.10                      353    -0.354307 5.724161e-08 1.311358e-07      137
features.3                         2    -0.354066 4.536048e-08 7.383041e-08       57
features.15                        3    -0.353094 4.766126e-07 4.389936e-09      329
features.12                        1    -0.353018 7.173671e-08 6.311134e-08      201
features.3                        72    -0.352616 4.587728e-08 2.990209e-07       57
features.9                        28    -0.351881 6.580996e-08 5.112174e-08      137
features.9                       235    -0.351779 6.459546e-08 1.061920e-08      137
features.14                      217    -0.351422 1.842868e-06 1.076602e-07      265
features.17                      749    -0.350630 8.380598e-07 4.546071e-09      489
features.4                        99    -0.349053 2.784361e-07 1.907107e-07       65
features.5                        90    -0.348781 5.226631e-08 9.931594e-08       73
features.17                      728    -0.348372 8.379952e-07 9.836867e-09      489
features.6                       102    -0.347780 4.438668e-08 4.114461e-08       73
features.17                      491    -0.345795 8.234067e-07 1.393496e-09      489
features.4                       134    -0.345285 2.508022e-07 4.984368e-08       65
features.10                      293    -0.344755 5.329160e-08 9.016996e-08      137
features.17                      769    -0.344722 8.267672e-07 7.289930e-09      489
features.3                       108    -0.344602 4.412507e-08 6.448431e-08       57
features.12                      259    -0.344032 6.820542e-08 3.604346e-09      201
features.4                        87    -0.343831 2.699892e-07 1.637282e-07       65
features.4                        89    -0.343061 2.982152e-07 3.258510e-07       65
features.12                       85    -0.342894 6.861582e-08 2.518910e-08      201
features.17                      882    -0.342563 8.211956e-07 6.852900e-09      489
features.17                      837    -0.342476 8.157140e-07 1.589584e-09      489
features.12                      247    -0.342392 6.814102e-08 1.244213e-08      201
features.4                       104    -0.342068 2.869911e-07 2.665127e-07       65
features.10                       94    -0.341688 4.714192e-08 1.100761e-09      137
features.9                       268    -0.341604 6.257416e-08 5.137577e-09      137
features.15                      697    -0.339987 4.938094e-07 2.392520e-07      329
features.12                      309    -0.339971 7.114726e-08 1.307877e-07      201
features.10                        6    -0.339706 4.766969e-08 1.355505e-08      137
features.5                       156    -0.339667 5.055173e-08 5.838745e-08       73
features.12                      482    -0.339165 6.797882e-08 2.862123e-08      201
features.17                      938    -0.337757 8.080686e-07 5.153406e-09      489
features.4                        60    -0.337486 2.560278e-07 1.100971e-07       65
features.12                      271    -0.335205 6.721127e-08 2.917390e-08      201
features.12                      375    -0.333843 6.643889e-08 1.210505e-08      201
features.10                       11    -0.333004 4.641995e-08 8.477086e-09      137
features.6                        48    -0.330591 4.228179e-08 6.688339e-08       73
features.14                      167    -0.330213 1.724795e-06 3.969130e-08      265
features.14                       64    -0.329409 1.728212e-06 1.079369e-07      265
features.14                      301    -0.329351 1.723271e-06 6.630705e-08      265
features.15                       61    -0.328929 4.439655e-07 3.895009e-09      329
features.17                       43    -0.328421 7.884080e-07 7.681452e-09      489
features.5                        86    -0.327531 4.932938e-08 1.204508e-07       73
features.10                       60    -0.326569 4.832235e-08 5.184995e-08      137
features.10                      315    -0.326279 4.658795e-08 2.549787e-08      137
features.12                      152    -0.325962 6.573235e-08 4.108584e-08      201
features.5                        61    -0.325458 4.893144e-08 1.102711e-07       73
features.15                      467    -0.325020 4.419020e-07 2.549474e-08      329
features.10                      127    -0.324957 4.599328e-08 1.908192e-08      137
features.9                         8    -0.324531 5.967092e-08 1.247265e-08      137
features.11                      324    -0.324279 2.701510e-07 2.376321e-08      169
features.9                        60    -0.323988 5.955383e-08 1.186451e-08      137
features.15                      421    -0.323748 4.371672e-07 5.149277e-09      329
features.9                       119    -0.323633 6.949390e-08 3.507090e-07      137
features.17                      857    -0.322754 7.697558e-07 2.511890e-09      489
features.16                      884    -0.321992 7.236506e-07 7.784470e-09      329
features.17                      165    -0.321025 7.657994e-07 2.665904e-09      489
features.9                       375    -0.320426 5.899406e-08 1.495115e-08      137
features.5                       129    -0.320392 4.776452e-08 6.403448e-08       73
features.14                      147    -0.320364 1.781495e-06 1.009277e-06      265
features.6                       121    -0.319768 4.089125e-08 6.272221e-08       73
features.17                      430    -0.319485 7.709207e-07 1.142606e-08      489
features.6                       166    -0.319331 4.113327e-08 1.556447e-07       73
features.10                      234    -0.319293 5.031978e-08 9.850226e-08      137
features.17                       45    -0.319176 7.615930e-07 2.853713e-09      489
features.12                      564    -0.318064 6.421945e-08 4.279413e-08      201
features.15                      768    -0.317831 4.292231e-07 5.358291e-09      329
features.9                       366    -0.317743 5.829201e-08 7.777457e-09      137
features.17                      488    -0.316990 7.549359e-07 1.396477e-09      489
features.10                      318    -0.316710 4.399461e-08 5.667826e-09      137
features.12                      279    -0.315951 6.302510e-08 1.644305e-08      201
features.17                      115    -0.315880 7.532709e-07 2.368388e-09      489
features.10                      168    -0.315744 4.406661e-08 8.855869e-09      137
features.9                       280    -0.315633 5.797601e-08 1.013858e-08      137
features.6                        14    -0.315591 4.036061e-08 6.299092e-08       73
features.4                       103    -0.315565 2.876223e-07 3.747444e-07       65
features.12                      495    -0.315065 6.254735e-08 6.178889e-09      201
features.4                        52    -0.315053 2.273567e-07 3.710501e-08       65
features.9                       210    -0.314843 5.877106e-08 4.195298e-08      137
features.14                      322    -0.314001 1.644833e-06 8.008659e-08      265
features.13                      251    -0.313517 5.275239e-08 1.372290e-08      201
features.15                      775    -0.313342 4.226087e-07 1.564813e-09      329
features.9                        19    -0.313244 5.763140e-08 1.325131e-08      137
features.10                      329    -0.312655 4.388420e-08 1.263906e-08      137
features.9                       352    -0.311608 5.724596e-08 1.032298e-08      137
features.10                      340    -0.311446 4.300506e-08 1.556708e-09      137
features.17                      125    -0.311318 7.427780e-07 2.718981e-09      489
features.15                      502    -0.311087 4.198443e-07 3.421779e-09      329
features.13                      137    -0.310686 5.311211e-08 5.124001e-08      201
features.4                       102    -0.309995 2.247721e-07 4.251280e-08       65
features.12                      245    -0.309696 6.152281e-08 7.476048e-09      201
features.12                      331    -0.309545 6.198584e-08 2.421145e-08      201
features.10                      364    -0.309488 4.271666e-08 1.265451e-09      137
features.15                       13    -0.309426 4.177893e-07 4.654317e-09      329
features.12                      504    -0.309335 6.513741e-08 1.326327e-07      201
features.10                      130    -0.309260 4.298852e-08 5.982384e-09      137
features.12                        5    -0.309136 6.242926e-08 4.201647e-08      201
features.9                       289    -0.308919 5.683474e-08 1.303761e-08      137
features.12                        0    -0.308802 6.137135e-08 8.342615e-09      201
features.15                      516    -0.308432 4.157700e-07 7.769750e-11      329
features.12                       13    -0.307735 6.167059e-08 2.567647e-08      201
features.17                      886    -0.307641 7.380802e-07 6.753720e-09      489
features.14                      573    -0.307096 1.622377e-06 2.014235e-07      265
features.2                        63    -0.306977 1.332576e-07 5.277854e-06       49
features.4                        23    -0.306728 2.714314e-07 3.183914e-07       65
features.12                      546    -0.305874 6.370296e-08 1.071875e-07      201
features.15                      155    -0.305710 4.130360e-07 6.379084e-09      329
features.6                       163    -0.305587 3.895990e-08 2.310333e-08       73
features.17                       36    -0.305358 7.268162e-07 9.304391e-10      489
features.11                      274    -0.305180 2.528605e-07 5.299940e-09      169
features.17                      724    -0.305011 7.323809e-07 7.302723e-09      489
features.10                      317    -0.304942 4.223621e-08 3.533743e-09      137
features.15                      625    -0.304777 4.112721e-07 2.975230e-09      329
features.4                        18    -0.303925 2.257801e-07 7.217012e-08       65
features.11                        2    -0.303771 2.598362e-07 1.060489e-07      169
features.12                      348    -0.303402 6.087522e-08 2.779256e-08      201
features.11                      204    -0.303355 2.542569e-07 4.125889e-08      169
features.17                      948    -0.303355 7.280072e-07 6.868897e-09      489
features.17                      616    -0.303293 7.239375e-07 2.956148e-09      489
features.9                       323    -0.303128 5.601665e-08 2.116943e-08      137
features.17                      112    -0.302863 7.233609e-07 3.400674e-09      489
features.6                        42    -0.302696 4.033181e-08 5.663310e-07       73
features.10                      157    -0.302308 4.188430e-08 3.704592e-09      137
features.3                        12    -0.301729 3.950273e-08 3.348771e-07       57
features.12                      416    -0.301615 6.644724e-08 2.289898e-07      201
features.17                      105    -0.301289 7.218362e-07 5.611642e-09      489
features.9                       205    -0.301076 5.655060e-08 5.194997e-08      137
features.12                      575    -0.300796 5.961689e-08 2.577790e-09      201
features.11                       75    -0.300489 2.754327e-07 3.326561e-07      169
features.15                      869    -0.300064 4.049108e-07 2.918748e-09      329
features.14                      243    -0.299630 1.594564e-06 3.009294e-07      265
features.17                      807    -0.299372 7.143226e-07 2.662379e-09      489
features.9                       138    -0.299190 5.491512e-08 8.229427e-09      137
features.4                       137    -0.299135 2.308588e-07 1.197117e-07       65
features.17                      406    -0.299108 7.126317e-07 1.601671e-09      489
features.17                      252    -0.298925 7.150929e-07 4.490563e-09      489
features.9                       219    -0.298509 5.700008e-08 8.306182e-08      137
features.17                      814    -0.298254 7.160099e-07 6.996373e-09      489
features.5                       145    -0.297551 4.494788e-08 1.241291e-07       73
features.12                      147    -0.296784 5.899800e-08 8.530039e-09      201
features.17                      800    -0.296713 7.065248e-07 1.187694e-09      489
features.15                      953    -0.296487 3.999987e-07 2.304958e-09      329
features.4                         4    -0.296103 2.157653e-07 4.661850e-08       65
features.10                      252    -0.295960 4.289355e-08 3.299920e-08      137
features.15                      926    -0.295169 3.983279e-07 3.021738e-09      329
features.15                      918    -0.294521 4.220054e-07 1.684044e-07      329
features.15                       70    -0.294403 4.359102e-07 2.631402e-07      329
features.17                      688    -0.293883 7.018750e-07 3.261282e-09      489
features.13                      403    -0.292638 4.916603e-08 9.509671e-09      201
features.17                      566    -0.292587 7.006737e-07 5.136919e-09      489
features.15                      666    -0.292559 3.950970e-07 4.954467e-09      329
features.12                      376    -0.292365 5.816639e-08 9.996191e-09      201
features.17                      655    -0.291979 7.002458e-07 6.150684e-09      489
features.9                       199    -0.291881 5.389905e-08 1.905119e-08      137
features.13                      480    -0.291729 5.015926e-08 6.107996e-08      201
features.3                        86    -0.291448 3.740235e-08 8.131761e-08       57
features.17                      174    -0.291379 6.940855e-07 1.428928e-09      489
features.5                        43    -0.291318 4.372079e-08 9.015137e-08       73
features.12                       41    -0.291220 5.870016e-08 3.581660e-08      201
features.14                      207    -0.290880 1.559648e-06 3.966951e-07      265
features.11                      131    -0.289792 2.443695e-07 5.773589e-08      169
features.13                      485    -0.289757 5.098325e-08 1.130327e-07      201
features.12                      281    -0.289608 5.761877e-08 9.933057e-09      201
features.6                        36    -0.289434 3.758619e-08 2.359947e-07       73
features.6                       116    -0.289294 3.820064e-08 4.334213e-07       73
features.9                        36    -0.289263 5.309240e-08 7.935880e-09      137
features.5                        99    -0.289250 4.600506e-08 3.745944e-07       73
features.9                       363    -0.289116 5.350111e-08 2.269086e-08      137
features.17                      148    -0.288910 6.924754e-07 5.675734e-09      489
features.11                      231    -0.288829 2.924037e-07 6.620243e-07      169
features.14                      246    -0.288824 1.516082e-06 1.018060e-07      265
features.16                      416    -0.288250 6.477562e-07 6.690691e-09      329
features.13                      439    -0.287518 4.904123e-08 4.245273e-08      201
features.12                       77    -0.286998 5.814280e-08 4.526819e-08      201
features.15                      880    -0.286947 3.871377e-07 2.295836e-09      329
features.13                      193    -0.286805 4.928908e-08 5.898354e-08      201
features.13                       65    -0.286510 4.866682e-08 3.319018e-08      201
features.17                      484    -0.286228 6.848698e-07 4.450385e-09      489
features.15                      735    -0.286199 3.908273e-07 3.394502e-08      329
features.9                       248    -0.285977 5.259632e-08 1.147413e-08      137
features.6                        15    -0.285179 3.675931e-08 1.468474e-07       73
features.9                       335    -0.285147 5.288322e-08 2.632790e-08      137
features.6                       146    -0.284885 3.643324e-08 5.674438e-08       73
features.4                        44    -0.284653 2.663760e-07 3.770867e-07       65
features.14                      407    -0.284544 1.486189e-06 3.361351e-08      265
features.17                      928    -0.284300 6.869661e-07 1.111262e-08      489
features.12                      556    -0.283421 5.621817e-08 3.957460e-09      201
features.13                      345    -0.283255 4.904638e-08 7.479981e-08      201
features.6                       140    -0.282422 3.639961e-08 1.440981e-07       73
features.17                      211    -0.282378 6.804406e-07 9.160035e-09      489
features.10                      324    -0.282165 4.008216e-08 1.883275e-08      137
features.14                      561    -0.281690 1.471229e-06 3.278084e-08      265
features.5                       116    -0.281440 4.399097e-08 2.796781e-07       73
features.9                        71    -0.281392 5.201236e-08 2.007215e-08      137
features.14                      309    -0.280979 1.490826e-06 2.419827e-07      265
features.8                       183    -0.280032 2.031487e-07 1.421013e-08      137
features.12                      227    -0.279802 5.587179e-08 1.651736e-08      201
features.3                        27    -0.279005 3.592123e-08 1.150109e-07       57
features.9                       162    -0.277933 5.151562e-08 2.465570e-08      137
features.10                      128    -0.277817 3.860452e-08 5.167781e-09      137
features.12                       21    -0.277307 5.828433e-08 1.152048e-07      201
features.15                      200    -0.277189 3.747348e-07 7.355473e-09      329
features.9                       134    -0.277152 5.142393e-08 2.638209e-08      137
features.9                       158    -0.277137 5.109735e-08 1.541371e-08      137
features.17                      553    -0.277070 6.627315e-07 4.082489e-09      489
features.15                      414    -0.276968 3.741861e-07 5.667221e-09      329
features.6                        27    -0.276673 3.547122e-08 8.263129e-08       73
features.10                      269    -0.276386 3.845189e-08 5.858833e-09      137
features.3                       137    -0.276140 3.670965e-08 4.852799e-07       57
features.12                      540    -0.275792 5.571444e-08 3.812674e-08      201
features.5                        97    -0.275666 4.585549e-08 5.779640e-07       73
features.9                        38    -0.275472 5.050302e-08 5.588962e-09      137
features.12                      531    -0.275321 5.454913e-08 1.725169e-09      201
features.3                       111    -0.274731 3.607371e-08 3.387930e-07       57
features.12                      149    -0.274695 5.450140e-08 4.312400e-09      201
features.13                      435    -0.274520 4.685638e-08 4.198350e-08      201
features.14                      412    -0.274134 1.429170e-06 8.617479e-09      265
features.16                      268    -0.274109 6.153505e-07 3.563180e-09      329
features.11                      193    -0.274057 2.316111e-07 6.090905e-08      169
features.15                      247    -0.274010 3.914878e-07 1.490742e-07      329
features.13                      352    -0.273973 4.908703e-08 1.465410e-07      201
features.17                      196    -0.273761 6.620924e-07 1.129255e-08      489
features.12                       36    -0.273152 5.761138e-08 1.202799e-07      201
features.12                      500    -0.273119 5.434820e-08 9.707152e-09      201
features.5                        93    -0.272879 4.047570e-08 3.196066e-08       73
features.10                       71    -0.272497 3.812330e-08 9.082365e-09      137
features.14                      287    -0.272275 1.421034e-06 2.254521e-08      265
features.12                      525    -0.272059 5.387907e-08 8.972987e-10      201
features.9                       269    -0.271718 4.991305e-08 8.841980e-09      137
features.4                        29    -0.271257 1.999768e-07 5.575939e-08       65
features.12                      213    -0.270723 5.362340e-08 1.200537e-09      201
features.10                      233    -0.270631 3.999880e-08 4.224592e-08      137
features.12                      427    -0.270569 5.384938e-08 9.903661e-09      201
features.17                      123    -0.270387 6.489121e-07 6.144064e-09      489
features.9                       175    -0.270219 4.975215e-08 1.267113e-08      137
features.16                      944    -0.270175 6.059233e-07 8.476123e-10      329
features.9                       296    -0.269976 5.438902e-08 1.712133e-07      137
features.6                        54    -0.269885 3.481019e-08 1.459281e-07       73
features.14                      428    -0.269686 1.423440e-06 1.651965e-07      265
features.4                        43    -0.269551 2.987896e-07 6.194159e-07       65
features.9                       216    -0.269360 5.463385e-08 1.833172e-07      137
features.3                         9    -0.269308 3.453844e-08 6.788495e-08       57
features.3                         7    -0.268818 3.481389e-08 1.763584e-07       57
features.13                       42    -0.268807 4.761248e-08 1.190571e-07      201
features.17                      503    -0.268543 6.427959e-07 4.416607e-09      489
features.13                      315    -0.268501 4.543352e-08 2.325923e-08      201
features.13                      236    -0.268098 4.646022e-08 7.252058e-08      201
features.17                      521    -0.268056 6.389995e-07 1.782654e-09      489
features.12                      488    -0.268040 5.405109e-08 3.375151e-08      201
features.15                       82    -0.268033 3.617450e-07 2.991186e-09      329
features.13                       45    -0.267918 4.518004e-08 1.623504e-08      201
features.5                       153    -0.267864 4.008132e-08 6.976693e-08       73
features.15                       27    -0.267641 3.624532e-07 1.132196e-08      329
features.17                      152    -0.267480 6.384511e-07 2.602548e-09      489
features.13                      394    -0.267417 4.680717e-08 9.327407e-08      201
features.17                      216    -0.266571 6.354092e-07 1.724736e-09      489
features.12                      502    -0.266558 5.881154e-08 2.053476e-07      201
features.13                       78    -0.266440 4.488925e-08 1.427182e-08      201
features.8                       112    -0.266302 1.909198e-07 1.632768e-09      137
features.17                       64    -0.266155 6.336577e-07 9.629642e-10      489
features.17                      272    -0.265740 6.328285e-07 1.119997e-09      489
features.17                      227    -0.265401 6.329600e-07 2.056024e-09      489
features.4                       117    -0.265002 2.196670e-07 1.914426e-07       65
features.17                      307    -0.264325 6.372865e-07 8.923374e-09      489
features.17                      779    -0.263960 6.294297e-07 1.950834e-09      489
features.15                        5    -0.263842 3.561218e-07 3.165699e-09      329
features.4                       141    -0.263453 2.137126e-07 1.639976e-07       65
features.7                        22    -0.263200 9.724478e-07 2.862402e-06      105
features.16                      402    -0.263035 5.903995e-07 3.014860e-09      329
features.12                      195    -0.262042 5.272533e-08 2.905023e-08      201
features.12                      467    -0.261948 5.206388e-08 7.225784e-09      201
features.13                      412    -0.261902 4.587292e-08 9.274778e-08      201
features.17                      902    -0.261741 6.262561e-07 4.047043e-09      489
features.16                      429    -0.261197 5.930210e-07 3.309844e-08      329
features.10                      297    -0.261096 3.622162e-08 3.932917e-09      137
features.15                       67    -0.260892 3.518795e-07 1.372980e-09      329
features.7                       149    -0.260742 7.715136e-07 1.296340e-06      105
features.16                       75    -0.260490 5.851482e-07 5.034936e-09      329
features.11                        1    -0.260417 2.518550e-07 4.510617e-07      169
features.10                      181    -0.260045 3.608072e-08 3.993237e-09      137
features.12                      192    -0.260022 5.181784e-08 1.181345e-08      201
features.15                      250    -0.259757 3.527450e-07 1.751626e-08      329
features.12                      130    -0.259660 5.391895e-08 8.558491e-08      201
features.13                      339    -0.259452 4.532464e-08 8.651422e-08      201
features.17                      905    -0.259232 6.174388e-07 1.201033e-09      489
features.10                       90    -0.259196 3.622317e-08 8.027318e-09      137
features.17                       26    -0.259194 6.174893e-07 1.341550e-09      489
features.17                      319    -0.259143 6.216256e-07 5.589314e-09      489
features.16                      739    -0.258430 5.825572e-07 1.408314e-08      329
features.13                      110    -0.258411 4.348288e-08 1.143050e-08      201
features.10                      166    -0.258213 3.624521e-08 1.047562e-08      137
features.17                      863    -0.257671 6.170945e-07 4.559553e-09      489
