================================================================================
Channel Pruning Log
  dataset    : UTKFace
  impt_type  : 2
  seed       : 42
  iteration  : 4
  alpha      : 0.5000
  norm       : rank
  timestamp  : 2026-08-29 23:38:41
  remove_target  : 41227
  accum_removed  : 41362
  selected_channels : 194
  gamma             : 0.0050
  cap_multiplier    : 2.0
  cap_deferred(1차 상한 스킵) : 8
  cap_relaxed_channels        : 0
  cap_relaxed_removed         : 0
  remove_target_met : yes
  total_params   : 2192320
  active_after   : 2020754
  model_sparsity : 7.8%
================================================================================

[ 레이어별 채널 제거 비율 ]
  layer                total_ch  this_iter    cumul  cumul_%
  ----------------------------------------------------------
  features.1                 32          0        0     0.0%
  features.2                 96          5        7     7.3%
  features.3                144          3       10     6.9%
  features.4                144          3       11     7.6%
  features.5                192          5       26    13.5%
  features.6                192          3       31    16.1%
  features.7                192          1        9     4.7%
  features.8                384         17       74    19.3%
  features.9                384         17       74    19.3%
  features.10               384         13       63    16.4%
  features.11               384          9       62    16.1%
  features.12               576         25      108    18.8%
  features.13               576         22       83    14.4%
  features.14               576         11       38     6.6%
  features.15               960         40      168    17.5%
  features.16               960         20       66     6.9%
  features.17               960          0        0     0.0%

[ 레이어별 보호 영역 (γ=0.0050) ]
  layer                  active  protected  protect_%
  --------------------------------------------------
  features.1                 32          1       3.1%
  features.2                 94          1       1.1%
  features.3                137          1       0.7%
  features.4                136          1       0.7%
  features.5                171          1       0.6%
  features.6                164          1       0.6%
  features.7                184          1       0.5%
  features.8                327          2       0.6%
  features.9                327          2       0.6%
  features.10               334          2       0.6%
  features.11               331          2       0.6%
  features.12               493          3       0.6%
  features.13               515          3       0.6%
  features.14               549          3       0.5%
  features.15               832          5       0.6%
  features.16               914          5       0.5%
  features.17               960          5       0.5%

[ 층별 제거 상한 (cap_multiplier=2.0, 후보 가중치 비례 배분) ]
  layer                cand_w      cap_w  removed_1차  relaxed_2차  skip_cap  skip_floor_1차  skip_floor_2차
  ----------------------------------------------------------------------------------------------------
  features.1              775         39           0           0         0              0              0
  features.2             4557        229         245           0         1              0              0
  features.3             7752        390         171           0         0              0              0
  features.4             8775        441         195           0         0              0              0
  features.5            12410        624         365           0         0              0              0
  features.6            11899        598         219           0         0              0              0
  features.7            19215        966         105           0         0              0              0
  features.8            44525       2239        2329           0         6              0              0
  features.9            44525       2239        2329           0         0              0              0
  features.10           45484       2287        1781           0         0              0              0
  features.11           55601       2796        1521           0         0              0              0
  features.12           98490       4953        5025           0         1              0              0
  features.13          102912       5175        4422           0         0              0              0
  features.14          144690       7276        2915           0         0              0              0
  features.15          272083      13682       13160           0         0              0              0
  features.16          299061      15038        6580           0         0              0              0
  features.17          466995      23483           0           0         0              0              0

[ 블록별 제거 채널 수 ]
  features.10: 13채널 제거
  features.11: 9채널 제거
  features.12: 25채널 제거
  features.13: 22채널 제거
  features.14: 11채널 제거
  features.15: 40채널 제거
  features.16: 20채널 제거
  features.2: 5채널 제거
  features.3: 3채널 제거
  features.4: 3채널 제거
  features.5: 5채널 제거
  features.6: 3채널 제거
  features.7: 1채널 제거
  features.8: 17채널 제거
  features.9: 17채널 제거

[ 선택된 채널 상세 ]
  (phi/perf: raw, phi_n/perf_n: 정규화 후 값 — score = α·perf_n − (1−α)·phi_n)
block                             ch        score          phi         perf    phi_n   perf_n  weights
----------------------------------------------------------------------------------------------------
features.8                         7    -0.460123 2.091279e-07 7.795563e-08   0.9264   0.0061      137
features.8                       298    -0.440184 3.745830e-07 2.482550e-07   0.9847   0.1043      137
features.9                       349    -0.424847 2.887680e-07 1.306707e-07   0.9325   0.0828      137
features.8                       159    -0.421779 1.703516e-07 1.644421e-07   0.8957   0.0521      137
features.9                       232    -0.414110 1.845753e-07 9.863869e-08   0.8650   0.0368      137
features.9                       103    -0.411043 1.756232e-07 8.705454e-08   0.8497   0.0276      137
features.8                       199    -0.409509 5.661291e-07 3.850142e-07   0.9908   0.1718      137
features.8                       285    -0.407975 1.682710e-07 2.228392e-07   0.8926   0.0767      137
features.9                       125    -0.401841 1.771481e-07 1.037893e-07   0.8558   0.0521      137
features.8                        53    -0.400307 1.294881e-07 1.446560e-07   0.8374   0.0368      137
features.8                        88    -0.398773 3.685300e-07 3.963863e-07   0.9816   0.1840      137
features.8                       150    -0.397239 6.104206e-07 4.169280e-07   0.9939   0.1994      137
features.12                      174    -0.393293 1.172318e-07 7.748037e-08   0.8394   0.0528      201
features.13                       14    -0.388132 1.278884e-07 6.989703e-08   0.8268   0.0506      201
features.9                       185    -0.388037 1.852892e-07 1.432605e-07   0.8681   0.0920      137
features.7                        24    -0.387978 9.167488e-07 3.340932e-07   0.7869   0.0109      105
features.8                       228    -0.386503 1.283592e-07 1.726131e-07   0.8282   0.0552      137
features.8                       131    -0.383436 1.083670e-07 1.056856e-07   0.7853   0.0184      137
features.12                       88    -0.382114 1.618322e-07 1.392292e-07   0.8862   0.1220      201
features.8                       231    -0.381902 2.594662e-07 4.073915e-07   0.9571   0.1933      137
features.8                        97    -0.378834 3.017320e-07 4.227655e-07   0.9663   0.2086      137
features.13                      220    -0.375486 1.697709e-07 1.317582e-07   0.8872   0.1362      201
features.15                      335    -0.371841 6.685864e-07 8.515126e-08   0.9146   0.1709      329
features.15                      443    -0.371841 4.047119e-07 5.542813e-08   0.8351   0.0915      329
features.15                      550    -0.371239 6.108193e-07 8.189980e-08   0.9025   0.1600      329
features.5                        14    -0.370588 5.989740e-08 7.899318e-07   0.8294   0.0882       73
features.12                       57    -0.369919 4.369991e-07 2.419779e-07   0.9797   0.2398      201
features.13                      366    -0.368677 1.701004e-07 1.421517e-07   0.8891   0.1518      201
features.11                      188    -0.368182 3.473249e-07 6.505522e-07   0.8758   0.1394      169
features.6                        44    -0.368098 3.789076e-08 4.509693e-07   0.8098   0.0736       73
features.10                      143    -0.366366 1.755361e-07 1.772569e-07   0.8859   0.1532      137
features.8                       226    -0.365031 2.449262e-07 4.473274e-07   0.9509   0.2209      137
features.10                      240    -0.364865 6.865163e-07 2.201331e-07   0.9880   0.2583      137
features.10                      290    -0.364865 1.600020e-07 1.692648e-07   0.8709   0.1411      137
features.10                      339    -0.364865 1.393455e-07 1.479629e-07   0.8408   0.1111      137
features.15                      483    -0.364621 4.050533e-07 6.181175e-08   0.8363   0.1071      329
features.15                      679    -0.364621 9.471169e-07 1.020777e-07   0.9519   0.2226      329
features.15                        9    -0.364621 8.226459e-07 9.612830e-08   0.9362   0.2070      329
features.14                      231    -0.364051 1.030085e-06 9.168771e-08   0.8248   0.0967      265
features.12                      364    -0.363821 4.479747e-07 2.497314e-07   0.9817   0.2541      201
features.9                       222    -0.363497 2.208231e-07 2.255030e-07   0.8957   0.1687      137
features.13                      337    -0.361868 1.425112e-07 1.281683e-07   0.8541   0.1304      201
features.10                      349    -0.361862 1.269486e-07 1.355700e-07   0.8198   0.0961      137
features.12                      335    -0.361789 9.494186e-08 1.201166e-07   0.8049   0.0813      201
features.12                      436    -0.361789 5.824747e-07 2.609971e-07   0.9898   0.2663      201
features.14                      427    -0.361314 1.047000e-06 9.794208e-08   0.8285   0.1058      265
features.11                      257    -0.360606 2.631069e-07 3.701992e-07   0.7909   0.0697      169
features.15                      865    -0.360409 4.636356e-07 7.464652e-08   0.8628   0.1420      329
features.14                      404    -0.360401 9.537987e-07 7.336991e-08   0.7847   0.0639      265
features.16                      441    -0.359255 6.279649e-07 3.020857e-08   0.8697   0.1512      329
features.9                        45    -0.358896 1.734957e-07 1.923328e-07   0.8466   0.1288      137
features.15                      808    -0.358002 3.094369e-07 4.171691e-08   0.7738   0.0578      329
features.14                      426    -0.355839 9.132985e-07 6.489776e-08   0.7573   0.0456      265
features.8                       321    -0.355828 1.537420e-07 3.598123e-07   0.8804   0.1687      137
features.12                      441    -0.354675 2.270585e-07 2.176768e-07   0.9309   0.2215      201
features.8                       124    -0.354294 1.405685e-07 3.119233e-07   0.8528   0.1442      137
features.10                      316    -0.352853 1.216235e-07 1.380231e-07   0.8078   0.1021      137
features.9                       176    -0.352761 1.237674e-07 1.168198e-07   0.7730   0.0675      137
features.15                      878    -0.351986 2.569077e-07 2.937329e-08   0.7377   0.0337      329
features.11                      377    -0.351515 6.253848e-07 1.083676e-06   0.9606   0.2576      169
features.12                      265    -0.350610 2.759323e-07 2.454694e-07   0.9492   0.2480      201
features.15                      898    -0.350181 5.072762e-07 8.620172e-08   0.8736   0.1733      329
features.12                      556    -0.349593 1.566592e-07 1.884739e-07   0.8780   0.1789      201
features.12                        4    -0.348577 1.834082e-07 2.057464e-07   0.9065   0.2093      201
features.12                      170    -0.348577 1.384023e-07 1.809026e-07   0.8659   0.1687      201
features.14                      184    -0.348540 1.731658e-06 1.938615e-07   0.9617   0.2646      265
features.10                      357    -0.348348 3.651425e-07 2.190083e-07   0.9489   0.2523      137
features.8                       240    -0.348159 3.588046e-07 5.495004e-07   0.9755   0.2791      137
features.9                        68    -0.348159 1.330714e-07 1.363219e-07   0.7822   0.0859      137
features.13                      215    -0.347276 1.813153e-07 1.764828e-07   0.8988   0.2043      201
features.10                       48    -0.346847 1.327939e-07 1.620751e-07   0.8258   0.1321      137
features.8                       273    -0.346626 1.050406e-07 2.250389e-07   0.7730   0.0798      137
features.12                      362    -0.346545 1.422503e-07 1.850865e-07   0.8699   0.1768      201
features.12                      472    -0.346545 8.695108e-08 1.256400e-07   0.7907   0.0976      201
features.13                      384    -0.346304 1.885176e-07 1.767631e-07   0.9008   0.2082      201
features.13                      430    -0.346303 1.545171e-07 1.572584e-07   0.8677   0.1751      201
features.14                      371    -0.345803 1.416181e-06 1.638293e-07   0.9142   0.2226      265
features.3                       104    -0.345588 3.328647e-08 3.286730e-06   0.8309   0.1397       57
features.10                       13    -0.345345 4.089582e-07 2.281517e-07   0.9700   0.2793      137
features.9                       143    -0.345092 3.219003e-07 2.785015e-07   0.9417   0.2515      137
features.15                        5    -0.344164 4.494723e-07 8.426804e-08   0.8580   0.1697      329
features.15                      720    -0.344164 5.306143e-07 9.114706e-08   0.8797   0.1913      329
features.10                       40    -0.343844 1.732929e-07 1.922672e-07   0.8829   0.1952      137
features.14                      202    -0.342153 1.820409e-06 2.020740e-07   0.9635   0.2792      265
features.13                      258    -0.340467 1.213242e-07 1.309667e-07   0.8132   0.1323      201
features.12                      544    -0.340447 8.489440e-08 1.256771e-07   0.7805   0.0996      201
features.12                      354    -0.339431 7.986824e-08 1.205110e-07   0.7642   0.0854      201
features.11                       97    -0.339394 2.607060e-07 5.245749e-07   0.7879   0.1091      169
features.15                      517    -0.338749 3.414689e-07 6.462376e-08   0.7930   0.1155      329
features.15                      627    -0.338749 8.229310e-07 1.166060e-07   0.9374   0.2599      329
features.2                         0    -0.338710 2.444661e-07 4.662737e-06   0.8065   0.1290       49
features.13                      456    -0.338521 3.265886e-07 2.329797e-07   0.9494   0.2724      201
features.16                      183    -0.338445 3.995432e-07 2.096839e-08   0.7788   0.1019      329
features.12                      384    -0.338415 1.065739e-07 1.626866e-07   0.8293   0.1524      201
features.11                       68    -0.337879 2.214936e-07 3.111878e-07   0.7182   0.0424      169
features.15                       83    -0.337545 7.423355e-07 1.143494e-07   0.9266   0.2515      329
features.15                       90    -0.337545 7.512302e-07 1.147799e-07   0.9278   0.2527      329
features.6                        72    -0.337423 6.922956e-08 1.411504e-06   0.9264   0.2515       73
features.15                      300    -0.336943 7.166312e-07 1.129535e-07   0.9230   0.2491      329
features.15                      389    -0.336943 5.063497e-07 9.360672e-08   0.8724   0.1986      329
features.14                      351    -0.336679 1.273113e-06 1.592011e-07   0.8832   0.2099      265
features.13                      246    -0.336576 1.145672e-07 1.242952e-07   0.7938   0.1206      201
features.12                      562    -0.336382 2.746114e-07 2.758547e-07   0.9472   0.2744      201
features.12                      237    -0.336382 1.545134e-07 2.012100e-07   0.8760   0.2033      201
features.13                      452    -0.335603 1.998208e-07 1.975218e-07   0.9047   0.2335      201
features.15                      194    -0.334537 5.931076e-07 1.040972e-07   0.8977   0.2286      329
features.16                      865    -0.334064 5.066420e-07 3.226607e-08   0.8324   0.1643      329
features.15                      119    -0.333935 6.053538e-07 1.054784e-07   0.9013   0.2335      329
features.15                      189    -0.333333 9.734279e-07 1.241062e-07   0.9555   0.2888      329
features.13                      224    -0.332685 2.099445e-07 2.015996e-07   0.9105   0.2451      201
features.5                        84    -0.332353 9.323461e-08 1.835963e-06   0.9118   0.2471       73
features.13                      249    -0.331712 1.511115e-07 1.737811e-07   0.8599   0.1965      201
features.15                      256    -0.331528 4.898040e-07 9.570054e-08   0.8676   0.2046      329
features.15                       84    -0.330927 7.210419e-07 1.173358e-07   0.9242   0.2623      329
features.15                      410    -0.330927 6.283269e-07 1.124594e-07   0.9097   0.2479      329
features.15                      502    -0.330927 2.539363e-07 4.775141e-08   0.7353   0.0734      329
features.4                       113    -0.329630 5.400314e-07 2.714241e-06   0.9333   0.2741       65
features.5                        78    -0.329412 1.237279e-07 2.088493e-06   0.9471   0.2882       73
features.14                      375    -0.329380 1.923635e-06 2.172680e-07   0.9690   0.3102      265
features.15                      434    -0.329122 5.838058e-07 1.053506e-07   0.8905   0.2323      329
features.6                       173    -0.328221 2.966069e-08 7.115038e-07   0.7669   0.1104       73
features.9                       291    -0.328221 1.804760e-07 2.455170e-07   0.8589   0.2025      137
features.16                      781    -0.328039 1.870799e-06 5.953693e-08   0.9912   0.3352      329
features.2                        15    -0.327957 3.230264e-07 6.935947e-06   0.8817   0.2258       49
features.15                      202    -0.327918 5.031089e-07 9.977797e-08   0.8712   0.2154      329
features.16                      284    -0.327492 6.859671e-07 4.286471e-08   0.8850   0.2300      329
features.16                      878    -0.327492 7.744898e-07 4.746715e-08   0.9069   0.2519      329
features.12                      445    -0.327236 1.985647e-07 2.599291e-07   0.9187   0.2642      201
features.9                       181    -0.326687 9.175727e-07 3.481679e-07   1.0000   0.3466      137
features.16                      899    -0.325849 6.805753e-07 4.366904e-08   0.8839   0.2322      329
features.11                      355    -0.325758 2.743557e-07 6.832370e-07   0.8091   0.1576      169
features.14                      164    -0.325730 1.720794e-06 2.159684e-07   0.9580   0.3066      265
features.15                      916    -0.325511 2.654880e-07 5.606673e-08   0.7437   0.0927      329
features.12                      185    -0.325203 6.691128e-08 1.024807e-07   0.7215   0.0711      201
features.12                      276    -0.325203 8.945916e-08 1.587748e-07   0.7947   0.1443      201
features.13                      393    -0.323930 5.059248e-07 2.675926e-07   0.9767   0.3288      201
features.16                      168    -0.323658 5.213123e-07 3.745613e-08   0.8412   0.1939      329
features.9                       234    -0.323620 1.608073e-07 2.284781e-07   0.8190   0.1718      137
features.12                      519    -0.323171 1.341868e-07 2.101770e-07   0.8618   0.2154      201
features.13                      172    -0.322957 2.848935e-07 2.434892e-07   0.9397   0.2938      201
features.2                        81    -0.322581 4.804884e-07 1.087883e-05   1.0000   0.3548       49
features.16                      165    -0.322563 1.379447e-06 5.863071e-08   0.9737   0.3286      329
features.4                        77    -0.322222 2.697683e-07 1.094306e-06   0.7185   0.0741       65
features.9                        13    -0.322086 1.072072e-07 1.413830e-07   0.7331   0.0890      137
features.13                      265    -0.321984 1.605243e-07 1.937938e-07   0.8735   0.2296      201
features.16                      569    -0.320372 4.230510e-07 2.990919e-08   0.7897   0.1490      329
features.11                      204    -0.319697 7.815045e-07 1.305289e-06   0.9788   0.3394      169
features.15                      606    -0.319495 6.149918e-07 1.182638e-07   0.9049   0.2659      329
features.16                      112    -0.319277 2.961485e-07 1.379756e-08   0.6911   0.0526      329
features.15                      507    -0.318893 1.792948e-06 1.558651e-07   0.9880   0.3502      329
features.11                       43    -0.318182 5.756652e-07 1.241803e-06   0.9576   0.3212      169
features.13                       92    -0.318093 1.157402e-07 1.526583e-07   0.7977   0.1615      201
features.16                      226    -0.317634 4.567827e-07 3.375759e-08   0.8072   0.1720      329
features.2                        30    -0.317204 3.511274e-07 8.975687e-06   0.9140   0.2796       49
features.13                      472    -0.317121 1.685269e-07 2.066239e-07   0.8852   0.2510      201
features.13                      350    -0.317121 3.817918e-07 2.629442e-07   0.9572   0.3230      201
features.14                      233    -0.316606 7.899636e-07 6.800284e-08   0.6880   0.0547      265
features.16                      824    -0.316539 5.187744e-07 3.893972e-08   0.8379   0.2048      329
features.15                      179    -0.316486 3.896847e-07 9.041293e-08   0.8231   0.1901      329
features.3                        24    -0.316176 5.487662e-08 5.235745e-06   0.9118   0.2794       57
features.12                      255    -0.316057 1.713900e-07 2.545215e-07   0.8902   0.2581      201
features.9                       350    -0.315951 1.627878e-07 2.396610e-07   0.8252   0.1933      137
features.15                      830    -0.315885 2.462014e-07 5.424928e-08   0.7220   0.0903      329
features.13                      149    -0.315175 6.963857e-08 4.753142e-08   0.6556   0.0253      201
features.4                        40    -0.314815 2.301369e-07 7.596389e-07   0.6519   0.0222       65
features.5                       177    -0.314706 5.137011e-08 1.281929e-06   0.8000   0.1706       73
features.15                       91    -0.314079 7.736290e-07 1.300338e-07   0.9302   0.3020      329
features.10                      106    -0.313814 1.253001e-07 1.894189e-07   0.8168   0.1892      137
features.11                      196    -0.313636 2.289415e-07 5.011963e-07   0.7333   0.1061      169
features.15                      451    -0.313478 8.561800e-07 1.403630e-07   0.9434   0.3165      329
features.16                      460    -0.313253 1.226871e-06 5.906999e-08   0.9584   0.3319      329
features.15                      371    -0.312876 3.688969e-07 8.795946e-08   0.8075   0.1817      329
features.16                      618    -0.312705 1.319825e-06 6.023257e-08   0.9639   0.3384      329
features.10                      364    -0.312312 9.395765e-08 1.481738e-07   0.7387   0.1141      137
features.15                      699    -0.312274 5.937978e-07 1.212341e-07   0.8989   0.2744      329
features.13                      230    -0.312257 2.408265e-07 2.489197e-07   0.9261   0.3016      201
features.12                      181    -0.311992 6.162172e-08 9.979425e-08   0.6931   0.0691      201
features.12                      313    -0.311992 2.305269e-07 2.985109e-07   0.9350   0.3110      201
features.2                         1    -0.311828 1.665443e-07 2.793215e-06   0.6774   0.0538       49
features.9                        88    -0.311350 1.366193e-07 2.252471e-07   0.7883   0.1656      137
features.16                      126    -0.311062 5.687543e-07 4.403408e-08   0.8576   0.2355      329
features.15                      863    -0.310469 2.848658e-07 7.342314e-08   0.7581   0.1372      329
features.16                      437    -0.309967 7.795304e-07 5.338985e-08   0.9091   0.2892      329
features.9                       108    -0.309816 7.244075e-08 6.739681e-08   0.6319   0.0123      137
features.16                      270    -0.309420 4.443990e-07 3.567205e-08   0.8007   0.1818      329
features.16                      371    -0.309420 3.467185e-07 2.444648e-08   0.7393   0.1205      329
features.10                       36    -0.309309 1.117737e-07 1.831587e-07   0.7808   0.1622      137
features.15                       47    -0.309266 2.480068e-07 6.299690e-08   0.7280   0.1095      329
features.3                       108    -0.308824 5.793963e-08 5.478139e-06   0.9265   0.3088       57
features.5                       129    -0.308824 3.653267e-08 9.489038e-07   0.7294   0.1118       73
features.13                      111    -0.308366 2.339506e-07 2.534163e-07   0.9241   0.3074      201
features.16                      106    -0.307777 4.568260e-07 3.733502e-08   0.8083   0.1928      329
features.15                      140    -0.307461 1.958871e-07 3.624793e-08   0.6619   0.0469      329
features.15                      694    -0.306859 7.852400e-07 1.431190e-07   0.9338   0.3201      329
