================================================================================
Channel Pruning Log
  dataset    : UTKFace
  impt_type  : 2
  seed       : 42
  iteration  : 17
  alpha      : 0.5000
  norm       : rank
  timestamp  : 2026-08-30 00:46:47
  remove_target  : 29620
  accum_removed  : 29768
  selected_channels : 128
  gamma             : 0.0050
  cap_multiplier    : 2.0
  cap_deferred(1차 상한 스킵) : 8
  cap_relaxed_channels        : 0
  cap_relaxed_removed         : 0
  remove_target_met : yes
  total_params   : 2192320
  active_after   : 1568074
  model_sparsity : 28.5%
================================================================================

[ 레이어별 채널 제거 비율 ]
  layer                total_ch  this_iter    cumul  cumul_%
  ----------------------------------------------------------
  features.1                 32          0        1     3.1%
  features.2                 96          1       53    55.2%
  features.3                144          2       49    34.0%
  features.4                144          0       39    27.1%
  features.5                192          6       81    42.2%
  features.6                192          2       82    42.7%
  features.7                192          5       69    35.9%
  features.8                384         11      179    46.6%
  features.9                384          4      182    47.4%
  features.10               384          4      175    45.6%
  features.11               384         10      197    51.3%
  features.12               576         14      310    53.8%
  features.13               576         13      275    47.7%
  features.14               576         12      248    43.1%
  features.15               960         22      550    57.3%
  features.16               960         15      275    28.6%
  features.17               960          7       73     7.6%

[ 레이어별 보호 영역 (γ=0.0050) ]
  layer                  active  protected  protect_%
  --------------------------------------------------
  features.1                 31          1       3.2%
  features.2                 44          1       2.3%
  features.3                 97          1       1.0%
  features.4                105          1       1.0%
  features.5                117          1       0.9%
  features.6                112          1       0.9%
  features.7                128          1       0.8%
  features.8                216          2       0.9%
  features.9                206          2       1.0%
  features.10               213          2       0.9%
  features.11               197          1       0.5%
  features.12               280          2       0.7%
  features.13               314          2       0.6%
  features.14               340          2       0.6%
  features.15               432          3       0.7%
  features.16               700          4       0.6%
  features.17               894          5       0.6%

[ 층별 제거 상한 (cap_multiplier=2.0, 후보 가중치 비례 배분) ]
  layer                cand_w      cap_w  removed_1차  relaxed_2차  skip_cap  skip_floor_1차  skip_floor_2차
  ----------------------------------------------------------------------------------------------------
  features.1              750         38           0           0         0              0              0
  features.2             2107        106          49           0         0              0              0
  features.3             5472        275         114           0         0              0              0
  features.4             6760        340           0           0         0              0              0
  features.5             8468        426         438           0         1              0              0
  features.6             8103        408         146           0         0              0              0
  features.7            13335        671         525           0         0              0              0
  features.8            29318       1475        1507           0         0              0              0
  features.9            27948       1406         548           0         0              0              0
  features.10           28907       1455         548           0         0              0              0
  features.11           33124       1667        1690           0         4              0              0
  features.12           55878       2812        2814           0         3              0              0
  features.13           62712       3156        2613           0         0              0              0
  features.14           89570       4507        3180           0         0              0              0
  features.15          141141       7102        7238           0         0              0              0
  features.16          228984      11522        4935           0         0              0              0
  features.17          434721      21875        3423           0         0              0              0

[ 블록별 제거 채널 수 ]
  features.10: 4채널 제거
  features.11: 10채널 제거
  features.12: 14채널 제거
  features.13: 13채널 제거
  features.14: 12채널 제거
  features.15: 22채널 제거
  features.16: 15채널 제거
  features.17: 7채널 제거
  features.2: 1채널 제거
  features.3: 2채널 제거
  features.5: 6채널 제거
  features.6: 2채널 제거
  features.7: 5채널 제거
  features.8: 11채널 제거
  features.9: 4채널 제거

[ 선택된 채널 상세 ]
  (phi/perf: raw, phi_n/perf_n: 정규화 후 값 — score = α·perf_n − (1−α)·phi_n)
block                             ch        score          phi         perf    phi_n   perf_n  weights
----------------------------------------------------------------------------------------------------
features.12                       29    -0.381720 1.072603e-07 2.016621e-07   0.8244   0.0609      201
features.14                      525    -0.353982 1.477469e-06 3.118546e-07   0.8289   0.1209      265
features.13                      554    -0.346645 1.331798e-07 3.427964e-07   0.8594   0.1661      201
features.11                      137    -0.341837 8.776322e-07 4.344273e-06   0.9490   0.2653      169
features.8                        74    -0.339535 2.150938e-07 1.399531e-06   0.8930   0.2140      137
features.14                      400    -0.339233 1.231125e-06 2.086227e-07   0.7522   0.0737      265
features.7                         0    -0.338583 3.901699e-06 3.497796e-06   0.9528   0.2756      105
features.15                       77    -0.332947 1.989387e-07 9.524328e-08   0.7007   0.0348      329
features.15                      708    -0.328306 2.892432e-07 3.950411e-07   0.7912   0.1346      329
features.13                      232    -0.311502 7.503775e-08 1.770753e-07   0.7188   0.0958      201
features.8                       281    -0.306977 4.177099e-07 2.337750e-06   0.9488   0.3349      137
features.15                      688    -0.306265 4.274752e-07 6.844296e-07   0.8654   0.2529      329
features.8                       351    -0.304651 1.271622e-07 9.261982e-07   0.7209   0.1116      137
features.12                      542    -0.299283 1.848663e-07 9.415253e-07   0.9068   0.3082      201
features.11                       82    -0.298469 2.691514e-07 1.486398e-06   0.6735   0.0765      169
features.12                      122    -0.293907 6.965672e-08 5.240271e-07   0.7491   0.1613      201
features.11                      335    -0.290816 4.810624e-07 3.968255e-06   0.8112   0.2296      169
features.5                       162    -0.288793 2.125074e-07 6.201796e-06   0.9224   0.3448       73
features.13                      106    -0.282748 5.072844e-07 1.051760e-06   0.9872   0.4217      201
features.12                      341    -0.281362 6.152142e-08 4.098592e-07   0.6953   0.1326      201
features.9                       363    -0.280488 1.072354e-07 5.744012e-07   0.7024   0.1415      137
features.14                        3    -0.278761 1.268561e-06 4.583628e-07   0.7670   0.2094      265
features.15                      346    -0.278422 1.917856e-07 3.976913e-07   0.6937   0.1369      329
features.15                      314    -0.276102 1.291770e-07 6.186419e-08   0.5824   0.0302      329
features.5                        51    -0.275862 6.730644e-08 4.897320e-06   0.7931   0.2414       73
features.16                      806    -0.273963 2.199141e-07 2.174431e-08   0.6395   0.0916      329
features.10                      351    -0.273585 1.577834e-07 5.087240e-07   0.8019   0.2547      137
features.12                       98    -0.270609 5.587135e-08 3.740532e-07   0.6631   0.1219      201
features.11                      366    -0.267857 2.199814e-07 1.637868e-06   0.6173   0.0816      169
features.6                       107    -0.265766 3.294673e-07 5.609719e-06   0.9820   0.4505       73
features.16                      246    -0.265379 2.288197e-07 2.856309e-08   0.6466   0.1159      329
features.12                      263    -0.265233 7.162533e-08 6.753567e-07   0.7563   0.2258      201
features.16                       67    -0.262518 2.370786e-07 3.321910e-08   0.6609   0.1359      329
features.8                        80    -0.260465 6.667454e-08 1.242921e-07   0.5209   0.0000      137
features.13                      454    -0.260383 5.604198e-08 2.073541e-07   0.6294   0.1086      201
features.15                      633    -0.259861 1.461168e-07 2.455197e-07   0.6079   0.0882      329
features.5                       112    -0.258621 5.942679e-08 4.278766e-06   0.7328   0.2155       73
features.8                       155    -0.258140 1.723321e-07 2.131812e-06   0.8233   0.3070      137
features.11                       95    -0.255102 2.066059e-06 8.405470e-06   0.9949   0.4847      169
features.10                      326    -0.254717 1.642335e-07 5.889851e-07   0.8113   0.3019      137
features.13                      526    -0.253994 2.053149e-07 1.008519e-06   0.9105   0.4026      201
features.8                       277    -0.253488 1.362095e-07 1.822866e-06   0.7581   0.2512      137
features.15                      683    -0.252900 3.767668e-07 9.562322e-07   0.8492   0.3434      329
features.15                       59    -0.252900 3.796594e-07 9.731222e-07   0.8538   0.3480      329
features.8                       196    -0.251163 1.588603e-07 2.031576e-06   0.7953   0.2930      137
features.16                      450    -0.250358 5.410793e-07 1.480032e-07   0.8555   0.3548      329
features.5                       148    -0.250000 9.407806e-08 6.679502e-06   0.8621   0.3621       73
features.10                      204    -0.250000 4.236969e-07 8.092333e-07   0.9717   0.4717      137
features.11                      230    -0.250000 2.814770e-07 3.146316e-06   0.6786   0.1786      169
features.17                      669    -0.249720 4.370858e-07 1.065804e-08   0.7671   0.2676      489
features.13                      432    -0.249201 8.361788e-08 5.914670e-07   0.7668   0.2684      201
features.16                      862    -0.248927 6.329327e-07 1.796301e-07   0.8927   0.3948      329
features.8                       197    -0.248837 1.043845e-07 1.055659e-06   0.6512   0.1535      137
features.11                      223    -0.247449 2.663323e-07 3.143274e-06   0.6684   0.1735      169
features.12                      398    -0.247312 4.361790e-08 1.633552e-07   0.5448   0.0502      201
features.15                      655    -0.247100 1.588307e-07 4.119348e-07   0.6357   0.1415      329
features.15                      628    -0.247100 1.684122e-07 4.607002e-07   0.6589   0.1647      329
features.5                        96    -0.245690 3.010454e-08 1.723686e-06   0.5690   0.0776       73
features.16                      739    -0.245350 5.276840e-07 1.523316e-07   0.8512   0.3605      329
features.11                       76    -0.244898 1.664077e-07 8.212187e-07   0.5000   0.0102      169
features.11                      210    -0.244898 2.216601e-07 2.744320e-06   0.6327   0.1429      169
features.14                      505    -0.244838 9.780094e-07 3.819483e-07   0.6490   0.1593      265
features.15                      551    -0.244780 1.880341e-07 5.152626e-07   0.6845   0.1949      329
features.7                       124    -0.244094 6.428480e-07 8.361109e-07   0.5039   0.0157      105
features.7                       127    -0.244094 2.891111e-06 4.866219e-06   0.9134   0.4252      105
features.12                      536    -0.243728 1.243076e-07 1.143491e-06   0.8495   0.3620      201
features.15                      844    -0.243620 1.905933e-07 5.345489e-07   0.6914   0.2042      329
features.14                      330    -0.243363 1.018548e-06 4.317962e-07   0.6785   0.1917      265
features.16                      454    -0.243205 1.751465e-06 2.631115e-07   0.9828   0.4964      329
features.11                      162    -0.242347 2.203057e-07 2.652891e-06   0.6224   0.1378      169
features.12                        7    -0.241935 7.048746e-08 8.050108e-07   0.7527   0.2688      201
features.12                      485    -0.241935 5.283859e-08 4.901843e-07   0.6344   0.1505      201
features.14                      158    -0.241888 1.112850e-06 4.693418e-07   0.7080   0.2242      265
features.8                       193    -0.241860 2.131273e-07 2.758206e-06   0.8837   0.4000      137
features.17                      638    -0.241321 3.682360e-07 8.682049e-09   0.7167   0.2340      489
features.15                      377    -0.241299 1.120157e-07 1.350331e-07   0.5313   0.0487      329
features.13                      542    -0.241214 1.069680e-06 1.377148e-06   1.0000   0.5176      201
features.7                       177    -0.240157 2.990329e-06 4.927554e-06   0.9213   0.4409      105
features.12                        2    -0.240143 8.052517e-08 9.586286e-07   0.7921   0.3118      201
features.9                         8    -0.239024 1.163089e-07 7.252235e-07   0.7220   0.2439      137
features.14                      421    -0.238938 2.752013e-06 1.106000e-06   0.9587   0.4808      265
features.6                        73    -0.238739 3.118044e-08 2.388595e-06   0.6036   0.1261       73
features.17                      426    -0.237962 7.510321e-07 2.214605e-08   0.8858   0.4099      489
features.15                      666    -0.237819 9.334297e-07 1.472582e-06   0.9675   0.4919      329
features.16                      653    -0.237482 4.600064e-07 1.379181e-07   0.8155   0.3405      329
features.14                      194    -0.237463 1.812936e-06 9.066744e-07   0.8820   0.4071      265
features.8                       109    -0.237209 1.305773e-07 1.991927e-06   0.7442   0.2698      137
features.15                      305    -0.236659 2.799781e-07 8.578047e-07   0.7796   0.3063      329
features.13                      547    -0.236422 1.142213e-07 8.545094e-07   0.8339   0.3610      201
features.7                        43    -0.236220 2.588964e-06 4.884445e-06   0.9055   0.4331      105
features.14                      143    -0.235988 1.309523e-06 6.636847e-07   0.7817   0.3097      265
features.14                       88    -0.234513 1.566424e-06 8.685614e-07   0.8496   0.3805      265
features.9                       339    -0.234146 3.279522e-07 1.409927e-06   0.9171   0.4488      137
features.13                      510    -0.233227 5.790422e-08 3.551596e-07   0.6358   0.1693      201
features.15                      646    -0.233179 2.434696e-07 7.895159e-07   0.7448   0.2784      329
features.15                      541    -0.233179 2.443556e-07 7.969866e-07   0.7494   0.2831      329
features.2                        28    -0.232558 1.907951e-06 2.007011e-04   1.0000   0.5349       49
features.16                      791    -0.232475 5.387587e-07 1.726775e-07   0.8541   0.3891      329
features.15                      836    -0.232019 1.891037e-07 6.206699e-07   0.6891   0.2251      329
features.14                      477    -0.231563 1.403738e-06 7.866547e-07   0.8112   0.3481      265
features.12                       13    -0.231183 3.052787e-07 1.940956e-06   0.9713   0.5090      201
features.12                      446    -0.231183 8.583531e-07 2.060413e-06   0.9928   0.5305      201
features.16                      706    -0.230329 4.410777e-07 1.427755e-07   0.8112   0.3505      329
features.14                      356    -0.230088 1.017038e-06 4.585790e-07   0.6726   0.2124      265
features.9                       228    -0.229268 1.019077e-06 1.763849e-06   0.9902   0.5317      137
features.3                        22    -0.229167 2.204873e-08 7.574328e-06   0.5833   0.1250       57
features.17                      508    -0.229003 4.617151e-07 1.428144e-08   0.7783   0.3203      489
features.16                      219    -0.228898 2.574500e-07 6.625450e-08   0.6738   0.2160      329
features.15                      274    -0.228538 2.177017e-07 7.176254e-07   0.7216   0.2645      329
features.17                      176    -0.228443 3.566577e-07 9.401041e-09   0.7021   0.2452      489
features.12                      268    -0.227599 8.102059e-08 1.070854e-06   0.7957   0.3405      201
features.13                       47    -0.226837 1.783599e-07 1.152192e-06   0.9010   0.4473      201
features.17                      807    -0.226764 5.657518e-07 1.928510e-08   0.8264   0.3729      489
features.15                      645    -0.226218 6.061800e-07 1.443519e-06   0.9327   0.4803      329
features.8                       222    -0.225581 9.750956e-08 1.163295e-06   0.6419   0.1907      137
features.16                       57    -0.225322 4.725682e-07 1.551899e-07   0.8197   0.3691      329
features.5                        57    -0.224138 6.397988e-08 6.038023e-06   0.7759   0.3276       73
features.10                      187    -0.224057 9.241113e-08 3.850166e-07   0.6462   0.1981      137
features.3                        26    -0.223958 2.728619e-08 1.166849e-05   0.6562   0.2083       57
features.15                      506    -0.223898 3.320632e-06 1.702348e-06   0.9977   0.5499      329
features.16                      571    -0.223891 3.656112e-07 1.205258e-07   0.7639   0.3162      329
features.13                      365    -0.223642 5.642837e-07 1.455477e-06   0.9936   0.5463      201
features.13                      217    -0.223642 8.238888e-08 6.911364e-07   0.7636   0.3163      201
features.15                      480    -0.222738 7.317967e-07 1.527352e-06   0.9536   0.5081      329
features.16                      761    -0.222461 2.312251e-07 6.384394e-08   0.6524   0.2074      329
features.17                      182    -0.222284 5.276399e-07 1.888831e-08   0.8108   0.3662      489
features.13                      277    -0.222045 7.570438e-08 6.273649e-07   0.7252   0.2812      201
features.16                      136    -0.221745 3.184514e-07 9.479220e-08   0.7239   0.2804      329
