================================================================================
Channel Pruning Log
  dataset    : UTKFace
  impt_type  : 2
  seed       : 42
  iteration  : 20
  alpha      : 0.5000
  norm       : rank
  timestamp  : 2026-08-30 01:02:28
  remove_target  : 27441
  accum_removed  : 27774
  selected_channels : 118
  gamma             : 0.0050
  cap_multiplier    : 2.0
  cap_deferred(1차 상한 스킵) : 0
  cap_relaxed_channels        : 0
  cap_relaxed_removed         : 0
  remove_target_met : yes
  total_params   : 2192320
  active_after   : 1482890
  model_sparsity : 32.4%
================================================================================

[ 레이어별 채널 제거 비율 ]
  layer                total_ch  this_iter    cumul  cumul_%
  ----------------------------------------------------------
  features.1                 32          0        4    12.5%
  features.2                 96          0       58    60.4%
  features.3                144          2       58    40.3%
  features.4                144          1       45    31.2%
  features.5                192          5       92    47.9%
  features.6                192          4       94    49.0%
  features.7                192          5       85    44.3%
  features.8                384          8      199    51.8%
  features.9                384          8      201    52.3%
  features.10               384          8      194    50.5%
  features.11               384          5      219    57.0%
  features.12               576         10      339    58.9%
  features.13               576          9      297    51.6%
  features.14               576         14      292    50.7%
  features.15               960         17      598    62.3%
  features.16               960         10      309    32.2%
  features.17               960         12      114    11.9%

[ 레이어별 보호 영역 (γ=0.0050) ]
  layer                  active  protected  protect_%
  --------------------------------------------------
  features.1                 28          1       3.6%
  features.2                 38          1       2.6%
  features.3                 88          1       1.1%
  features.4                100          1       1.0%
  features.5                105          1       1.0%
  features.6                102          1       1.0%
  features.7                112          1       0.9%
  features.8                193          1       0.5%
  features.9                191          1       0.5%
  features.10               198          1       0.5%
  features.11               170          1       0.6%
  features.12               247          2       0.8%
  features.13               288          2       0.7%
  features.14               298          2       0.7%
  features.15               379          2       0.5%
  features.16               661          4       0.6%
  features.17               858          5       0.6%

[ 층별 제거 상한 (cap_multiplier=2.0, 후보 가중치 비례 배분) ]
  layer                cand_w      cap_w  removed_1차  relaxed_2차  skip_cap  skip_floor_1차  skip_floor_2차
  ----------------------------------------------------------------------------------------------------
  features.1              675         34           0           0         0              0              0
  features.2             1813         91           0           0         0              0              0
  features.3             4959        249         114           0         0              0              0
  features.4             6435        324          65           0         0              0              0
  features.5             7592        382         365           0         0              0              0
  features.6             7373        371         292           0         0              0              0
  features.7            11655        586         525           0         0              0              0
  features.8            26304       1323        1096           0         0              0              0
  features.9            26030       1310        1096           0         0              0              0
  features.10           26989       1358        1096           0         0              0              0
  features.11           28561       1437         845           0         0              0              0
  features.12           49245       2478        2010           0         0              0              0
  features.13           57486       2892        1809           0         0              0              0
  features.14           78440       3946        3710           0         0              0              0
  features.15          124033       6240        5593           0         0              0              0
  features.16          216153      10875        3290           0         0              0              0
  features.17          417117      20985        5868           0         0              0              0

[ 블록별 제거 채널 수 ]
  features.10: 8채널 제거
  features.11: 5채널 제거
  features.12: 10채널 제거
  features.13: 9채널 제거
  features.14: 14채널 제거
  features.15: 17채널 제거
  features.16: 10채널 제거
  features.17: 12채널 제거
  features.3: 2채널 제거
  features.4: 1채널 제거
  features.5: 5채널 제거
  features.6: 4채널 제거
  features.7: 5채널 제거
  features.8: 8채널 제거
  features.9: 8채널 제거

[ 선택된 채널 상세 ]
  (phi/perf: raw, phi_n/perf_n: 정규화 후 값 — score = α·perf_n − (1−α)·phi_n)
block                             ch        score          phi         perf    phi_n   perf_n  weights
----------------------------------------------------------------------------------------------------
features.14                      290    -0.348485 1.586930e-06 2.919883e-07   0.7710   0.0741      265
features.10                      207    -0.340102 3.058289e-07 5.714207e-07   0.9289   0.2487      137
features.14                      154    -0.335017 1.959537e-06 5.828441e-07   0.8754   0.2054      265
features.7                       120    -0.328829 1.380192e-06 2.811516e-06   0.7387   0.0811      105
features.13                      468    -0.324042 1.419825e-07 5.200774e-07   0.8711   0.2230      201
features.9                       149    -0.321053 9.999170e-08 4.517340e-07   0.6947   0.0526      137
features.6                       149    -0.316832 4.256010e-08 2.724401e-06   0.7129   0.0792       73
features.15                      515    -0.316138 6.595081e-07 1.115000e-06   0.9101   0.2778      329
features.10                      231    -0.314721 1.159259e-07 3.131012e-07   0.7157   0.0863      137
features.8                        26    -0.312500 1.034316e-07 7.162431e-07   0.6771   0.0521      137
features.5                       122    -0.312500 5.550257e-08 1.964695e-06   0.6923   0.0673       73
features.12                      250    -0.308943 1.810498e-07 1.236597e-06   0.9106   0.2927      201
features.9                       209    -0.300000 1.253965e-07 7.341095e-07   0.7579   0.1579      137
features.14                       79    -0.299663 1.605591e-06 5.271401e-07   0.7879   0.1886      265
features.8                       151    -0.299479 8.867717e-08 4.470450e-07   0.6146   0.0156      137
features.7                       102    -0.297297 1.066502e-06 2.029105e-06   0.6396   0.0450      105
features.14                      348    -0.296296 2.183157e-06 9.205351e-07   0.8956   0.3030      265
features.3                        52    -0.293103 2.308123e-08 1.209316e-05   0.7241   0.1379       57
features.7                        52    -0.288288 1.524617e-06 4.843127e-06   0.8018   0.2252      105
features.12                       85    -0.286585 9.962105e-08 9.646270e-07   0.8049   0.2317      201
features.13                      201    -0.285714 6.040041e-08 1.858822e-07   0.6481   0.0767      201
features.9                       341    -0.284211 7.621182e-08 1.861650e-07   0.5842   0.0158      137
features.7                       123    -0.283784 1.403555e-06 4.191041e-06   0.7477   0.1802      105
features.6                       162    -0.282178 3.851952e-08 3.440485e-06   0.6832   0.1188       73
features.15                      653    -0.280423 1.904444e-07 2.640855e-07   0.6323   0.0714      329
features.10                      178    -0.279188 1.925691e-07 6.475927e-07   0.8376   0.2792      137
features.15                      248    -0.279101 1.905790e-07 3.092376e-07   0.6349   0.0767      329
features.10                      320    -0.276650 2.377322e-07 7.385222e-07   0.8782   0.3249      137
features.14                       94    -0.276094 1.697288e-06 7.926835e-07   0.8148   0.2626      265
features.14                      408    -0.276094 1.151090e-06 3.305674e-07   0.6397   0.0875      265
features.11                      139    -0.275148 5.640543e-07 6.115929e-06   0.8462   0.2959      169
features.16                      427    -0.275000 4.768965e-07 6.695736e-08   0.7803   0.2303      329
features.9                       226    -0.273684 7.746956e-08 4.184952e-07   0.5895   0.0421      137
features.16                      890    -0.270455 7.637547e-07 1.287735e-07   0.8576   0.3167      329
features.12                      498    -0.270325 8.161136e-08 8.262978e-07   0.7276   0.1870      201
features.17                      440    -0.268378 2.866083e-07 4.396409e-09   0.5939   0.0572      489
features.12                      123    -0.268293 7.314596e-08 6.602294e-07   0.6911   0.1545      201
features.8                       143    -0.268229 1.714272e-07 2.424899e-06   0.8385   0.3021      137
features.13                      312    -0.266551 1.359747e-07 8.253610e-07   0.8606   0.3275      201
features.10                      313    -0.266497 8.089443e-08 2.037095e-07   0.5838   0.0508      137
features.15                      873    -0.265873 9.481242e-07 1.678181e-06   0.9339   0.4021      329
features.14                      212    -0.264310 1.413768e-06 5.026276e-07   0.7071   0.1785      265
features.15                      827    -0.263228 1.816825e-07 3.302461e-07   0.6138   0.0873      329
features.14                      276    -0.262626 2.039138e-06 1.087113e-06   0.8822   0.3569      265
features.17                      779    -0.262544 3.774437e-07 6.926105e-09   0.6814   0.1564      489
features.15                      481    -0.261905 1.993064e-07 5.639754e-07   0.6534   0.1296      329
features.9                        24    -0.260526 5.234598e-07 1.818976e-06   0.9474   0.4263      137
features.15                       15    -0.257937 3.480003e-07 1.132417e-06   0.7989   0.2831      329
features.13                      508    -0.257840 8.563374e-08 5.437938e-07   0.7422   0.2265      201
features.14                      450    -0.257576 9.807594e-07 1.659496e-07   0.5522   0.0370      265
features.16                      143    -0.256818 1.115217e-06 1.866117e-07   0.9076   0.3939      329
features.14                      562    -0.255892 1.370052e-06 4.854488e-07   0.6835   0.1717      265
features.15                      946    -0.255291 1.739352e-07 3.286183e-07   0.5952   0.0847      329
features.5                        28    -0.254808 6.771202e-08 6.851156e-06   0.7692   0.2596       73
features.5                        82    -0.254808 3.099084e-08 1.225550e-06   0.5385   0.0288       73
features.15                      210    -0.253968 1.606899e-07 1.930634e-07   0.5582   0.0503      329
features.15                      495    -0.253968 3.158751e-07 1.070268e-06   0.7725   0.2646      329
features.16                       14    -0.253788 1.895017e-06 2.457503e-07   0.9606   0.4530      329
features.9                       362    -0.252632 4.344864e-07 1.739835e-06   0.9263   0.4211      137
features.12                      437    -0.252032 4.403446e-08 1.179718e-07   0.5407   0.0366      201
features.16                      160    -0.251515 3.486797e-06 3.004394e-07   0.9970   0.4939      329
features.15                      227    -0.248677 2.266876e-07 8.168186e-07   0.6905   0.1931      329
features.11                      331    -0.248521 3.129163e-07 5.023745e-06   0.6805   0.1834      169
features.12                      558    -0.247967 6.461686e-08 6.858164e-07   0.6545   0.1585      201
features.10                      307    -0.246193 1.002551e-07 4.713240e-07   0.6650   0.1726      137
features.12                      248    -0.245935 6.831039e-08 7.745543e-07   0.6667   0.1748      201
features.13                      467    -0.245645 5.690464e-08 3.252477e-07   0.6237   0.1324      201
features.5                       182    -0.245192 1.051786e-07 1.125024e-05   0.8558   0.3654       73
features.8                       258    -0.244792 8.906549e-08 1.243281e-06   0.6198   0.1302      137
features.8                       166    -0.244792 3.222733e-07 4.266352e-06   0.9688   0.4792      137
features.9                       324    -0.244737 1.512585e-07 1.166559e-06   0.7842   0.2947      137
features.13                      320    -0.243902 1.418293e-07 1.031385e-06   0.8676   0.3798      201
features.10                      126    -0.243655 2.519143e-07 8.939766e-07   0.8832   0.3959      137
features.8                        96    -0.242188 1.196619e-07 2.144248e-06   0.7396   0.2552      137
features.12                       87    -0.241870 7.934990e-08 9.784918e-07   0.7195   0.2358      201
features.12                      176    -0.241870 7.630511e-08 9.357820e-07   0.7114   0.2276      201
features.16                      482    -0.241667 1.170464e-06 2.175703e-07   0.9121   0.4288      329
features.15                       26    -0.239418 9.807331e-07 1.968911e-06   0.9444   0.4656      329
features.17                      907    -0.239207 3.507219e-07 7.663198e-09   0.6546   0.1762      489
features.14                       96    -0.239057 1.339330e-06 5.627252e-07   0.6768   0.1987      265
features.10                        6    -0.238579 1.234463e-07 5.937753e-07   0.7360   0.2589      137
features.6                       175    -0.237624 1.836611e-07 8.225448e-06   0.9505   0.4752       73
features.4                        10    -0.237374 2.784834e-07 5.023154e-06   0.5758   0.1010       65
features.14                      315    -0.237374 3.341582e-06 1.599683e-06   0.9731   0.4983      265
features.16                      495    -0.237121 2.233555e-07 3.470561e-08   0.6152   0.1409      329
features.8                         8    -0.236979 9.503034e-08 1.461242e-06   0.6406   0.1667      137
features.11                      232    -0.236686 5.536957e-07 7.206778e-06   0.8402   0.3669      169
features.17                      950    -0.235706 8.082461e-07 2.538331e-08   0.8681   0.3967      489
features.3                        34    -0.235632 1.238252e-08 7.470661e-06   0.5287   0.0575       57
features.15                      695    -0.235450 1.450698e-07 2.037473e-07   0.5265   0.0556      329
features.13                      436    -0.235192 3.341647e-07 1.471097e-06   0.9617   0.4913      201
features.9                       116    -0.234211 8.954932e-08 9.024956e-07   0.6737   0.2053      137
features.17                      334    -0.233956 4.905716e-07 1.422533e-08   0.7526   0.2847      489
features.11                      291    -0.233728 5.075320e-07 7.059705e-06   0.8284   0.3609      169
features.11                      168    -0.233728 4.414472e-07 6.334477e-06   0.7870   0.3195      169
features.15                      473    -0.232804 1.369687e-07 1.154642e-07   0.5000   0.0344      329
features.17                      727    -0.232789 1.010195e-06 3.008281e-08   0.9055   0.4399      489
features.6                       160    -0.232673 5.731283e-08 6.380828e-06   0.8020   0.3366       73
features.17                      266    -0.232205 5.558804e-07 1.896102e-08   0.7911   0.3267      489
features.13                      480    -0.231707 5.534075e-08 3.497144e-07   0.6202   0.1568      201
features.17                      432    -0.231622 3.119773e-07 6.804080e-09   0.6161   0.1529      489
features.16                      911    -0.231061 1.388609e-07 1.165233e-08   0.5061   0.0439      329
features.16                      536    -0.231061 1.380508e-06 2.600704e-07   0.9242   0.4621      329
features.5                        13    -0.230769 5.695255e-08 6.689680e-06   0.7115   0.2500       73
features.13                      327    -0.229965 5.572339e-07 1.622883e-06   0.9895   0.5296      201
features.7                       143    -0.229730 1.163832e-06 4.540414e-06   0.6667   0.2072      105
features.12                      563    -0.229675 9.712860e-08 1.464502e-06   0.7967   0.3374      201
features.17                      596    -0.229288 5.369328e-07 1.847394e-08   0.7818   0.3232      489
features.14                      157    -0.228956 1.666484e-06 1.071156e-06   0.8081   0.3502      265
features.15                      918    -0.228836 3.503710e-07 1.411973e-06   0.8042   0.3466      329
features.17                      453    -0.228705 2.220695e-07 4.614029e-09   0.5251   0.0677      489
features.16                       69    -0.227273 1.529763e-06 2.974424e-07   0.9409   0.4864      329
features.14                      201    -0.227273 1.851098e-06 1.179387e-06   0.8418   0.3872      265
features.17                      317    -0.226954 1.942009e-07 3.463528e-09   0.4819   0.0280      489
features.8                       210    -0.226562 8.022801e-08 1.089073e-06   0.5573   0.1042      137
features.15                      442    -0.226190 4.226225e-07 1.664206e-06   0.8439   0.3915      329
features.15                       57    -0.226190 1.722355e-07 5.789303e-07   0.5899   0.1376      329
features.17                      697    -0.225788 4.542171e-07 1.390840e-08   0.7293   0.2777      489
