================================================================================
Channel Pruning Log
  iteration  : 10
  alpha      : 0.9000
  timestamp  : 2026-03-30 07:50:33
  remove_target  : 83466
  accum_removed  : 84774
  selected_channels : 328
================================================================================

[ 레이어별 채널 제거 비율 ]
  layer                total_ch  this_iter    cumul  cumul_%
  ----------------------------------------------------------
  features.0                 32          0        0     0.0% (weight-level)
  features.1                 32          1       24    75.0%
  features.2                 96          4       65    67.7%
  features.3                144          6       97    67.4%
  features.4                144          6       97    67.4%
  features.5                192          8      127    66.1%
  features.6                192          8      127    66.1%
  features.7                192          8      127    66.1%
  features.8                384         15      251    65.4%
  features.9                384         15      251    65.4%
  features.10               384         15      251    65.4%
  features.11               384         15      251    65.4%
  features.12               576         22      376    65.3%
  features.13               576         22      376    65.3%
  features.14               576         22      376    65.3%
  features.15               960         37      625    65.1%
  features.16               960         37      625    65.1%
  features.17               960         37      625    65.1%
  features.18              1280         50      832    65.0%
  classifier                 78          0        0     0.0% (weight-level)

[ 블록별 제거 채널 수 ]
  features.1: 1채널 제거
  features.10: 15채널 제거
  features.11: 15채널 제거
  features.12: 22채널 제거
  features.13: 22채널 제거
  features.14: 22채널 제거
  features.15: 37채널 제거
  features.16: 37채널 제거
  features.17: 37채널 제거
  features.18: 50채널 제거
  features.2: 4채널 제거
  features.3: 6채널 제거
  features.4: 6채널 제거
  features.5: 8채널 제거
  features.6: 8채널 제거
  features.7: 8채널 제거
  features.8: 15채널 제거
  features.9: 15채널 제거

[ 선택된 채널 상세 ]
block                             ch        score          phi         perf  weights
--------------------------------------------------------------------------------
features.1                        15     0.000000 0.000000e+00 0.000000e+00       25
features.2                        49    -0.085088 2.509078e-07 3.296535e-04       49
features.2                        26    -0.084585 2.210902e-07 7.805391e-05       49
features.2                        69    -0.043240 1.129161e-07 3.896643e-05       49
features.2                        42    -0.038925 1.025520e-07 4.305501e-05       49
features.3                         3    -0.008064 3.357469e-08 2.504039e-06       57
features.3                        12    -0.005013 3.831568e-08 3.776021e-06       57
features.3                        81    -0.004320 5.719448e-08 6.329617e-06       57
features.3                        35    -0.003271 9.961401e-09 5.505058e-07       57
features.3                        21    -0.000955 1.838168e-08 2.129312e-06       57
features.3                        53    -0.000225 1.119398e-08 1.374918e-06       57
features.4                        61     0.010068 4.394866e-07 4.609676e-07       65
features.4                        23     0.010192 2.874835e-07 3.270242e-07       65
features.4                        17     0.015508 5.836489e-07 6.272846e-07       65
features.4                        27     0.018211 1.751601e-07 2.840897e-07       65
features.4                        81     0.019030 1.086735e-08 1.441626e-07       65
features.4                        59     0.019865 7.375099e-09 1.469680e-07       65
features.5                         7    -0.000436 1.082285e-08 5.159200e-08       73
features.5                       127    -0.000421 2.083959e-08 1.101757e-07       73
features.5                       156    -0.000015 3.625394e-09 2.068761e-08       73
features.5                       112     0.000186 1.045253e-08 6.558135e-08       73
features.5                        45     0.000325 9.607777e-09 6.428407e-08       73
features.5                        27     0.000391 3.217190e-09 2.885143e-08       73
features.5                       141     0.000408 5.635938e-09 4.334639e-08       73
features.5                        46     0.000551 8.821716e-09 6.557386e-08       73
features.6                       158    -0.000097 1.931073e-09 8.581427e-09       73
features.6                        51    -0.000032 1.189396e-10 3.816646e-10       73
features.6                         6    -0.000000 1.486633e-20 9.976088e-24       73
features.6                       170     0.001545 1.205436e-09 1.450918e-08       73
features.6                        60     0.001827 1.084286e-08 6.171594e-08       73
features.6                       162     0.002056 3.913156e-09 3.023761e-08       73
features.6                       150     0.003032 4.431888e-09 3.825394e-08       73
features.6                       121     0.003551 2.434239e-09 3.176064e-08       73
features.7                       139     0.029626 4.197755e-08 4.830933e-08      105
features.7                       119     0.030285 2.270700e-07 6.123390e-08      105
features.7                       136     0.032836 9.960598e-07 1.146474e-07      105
features.7                        81     0.034254 6.042844e-07 9.161933e-08      105
features.7                        13     0.037890 6.577205e-07 1.006549e-07      105
features.7                        38     0.038811 5.961260e-07 9.810904e-08      105
features.7                        97     0.043138 8.308281e-07 1.198735e-07      105
features.7                        95     0.044681 5.962487e-08 7.262153e-08      105
features.8                        78     0.002667 2.375806e-08 1.390425e-08      137
features.8                        16     0.002824 1.680625e-08 1.197349e-08      137
features.8                       340     0.002951 4.380198e-08 2.114681e-08      137
features.8                       247     0.002972 3.565891e-08 1.851563e-08      137
features.8                       309     0.003006 4.180735e-08 2.061450e-08      137
features.8                       294     0.003901 1.745159e-08 1.464507e-08      137
features.8                       250     0.003934 4.483613e-08 2.372886e-08      137
features.8                       245     0.004034 1.799355e-08 1.512683e-08      137
features.8                       134     0.004351 4.375827e-08 2.432570e-08      137
features.8                       312     0.004379 2.184744e-08 1.718149e-08      137
features.8                       161     0.004598 1.105132e-08 1.412869e-08      137
features.8                       221     0.004794 1.428671e-08 1.564231e-08      137
features.8                       352     0.005076 4.761792e-08 2.725091e-08      137
features.8                       182     0.005136 4.175212e-08 2.545784e-08      137
features.8                       346     0.005171 1.717126e-08 1.745057e-08      137
features.9                         3    -0.005186 8.042526e-08 1.227619e-08      137
features.9                        98    -0.001284 1.730914e-07 3.095759e-08      137
features.9                        74    -0.000216 1.261278e-07 2.288875e-08      137
features.9                       285     0.004434 2.164676e-08 5.981938e-09      137
features.9                        22     0.005355 6.243065e-08 1.383782e-08      137
features.9                       110     0.005389 7.601636e-08 1.632971e-08      137
features.9                       248     0.006136 3.513086e-08 9.220962e-09      137
features.9                       351     0.006247 2.903561e-08 8.161323e-09      137
features.9                        21     0.006836 1.014797e-08 4.989288e-09      137
features.9                       151     0.007417 1.017390e-08 5.260855e-09      137
features.9                       113     0.007475 1.722350e-08 6.572321e-09      137
features.9                       144     0.007792 2.738607e-08 8.570060e-09      137
features.9                       260     0.008128 1.760229e-08 6.941045e-09      137
features.9                       184     0.008854 1.626090e-08 7.029943e-09      137
features.9                       331     0.010054 2.125748e-08 8.492125e-09      137
features.10                      207    -0.009194 1.093984e-07 1.836702e-08      137
features.10                       71    -0.005155 3.524244e-08 5.175890e-09      137
features.10                       49    -0.004968 2.294589e-08 2.825435e-09      137
features.10                      242    -0.004808 1.468657e-08 1.258042e-09      137
features.10                      258    -0.003663 2.285764e-08 3.249068e-09      137
features.10                       74    -0.003595 2.475771e-08 3.644802e-09      137
features.10                       90    -0.003585 1.570823e-08 1.872134e-09      137
features.10                      150    -0.003367 1.029654e-08 8.833468e-10      137
features.10                      365    -0.003286 2.226709e-08 3.260582e-09      137
features.10                      248    -0.003219 3.290902e-08 5.371832e-09      137
features.10                      184    -0.002406 6.849093e-08 1.263095e-08      137
features.10                      342    -0.002394 1.009483e-08 1.172535e-09      137
features.10                      168    -0.002336 3.298429e-08 5.684968e-09      137
features.10                      198    -0.002296 1.466903e-08 2.103433e-09      137
features.10                        2    -0.002141 1.684917e-08 2.583786e-09      137
features.11                       85    -0.001762 1.453455e-07 5.648978e-08      169
features.11                       89    -0.001142 2.210864e-07 9.164929e-08      169
features.11                      370    -0.000784 2.316396e-07 9.755648e-08      169
features.11                       91    -0.000382 1.165378e-07 4.912868e-08      169
features.11                      221     0.000869 1.348745e-07 6.173401e-08      169
features.11                      275     0.001373 2.466363e-07 1.120831e-07      169
features.11                      289     0.001531 1.940682e-07 8.987054e-08      169
features.11                      258     0.002024 1.355288e-07 6.631124e-08      169
features.11                       81     0.002241 1.106894e-07 5.634307e-08      169
features.11                       38     0.002875 1.949881e-07 9.526530e-08      169
features.11                       99     0.002879 9.317706e-08 5.112163e-08      169
features.11                       90     0.003074 8.970763e-08 5.034243e-08      169
features.11                      210     0.004134 1.376040e-07 7.505692e-08      169
features.11                      203     0.004362 3.774551e-08 3.259298e-08      169
features.11                      371     0.004648 1.120656e-07 6.589294e-08      169
features.12                      310     0.003601 5.295278e-08 2.178036e-08      201
features.12                      274     0.003918 3.194978e-08 1.528248e-08      201
features.12                       81     0.004434 6.067960e-08 2.533641e-08      201
features.12                      273     0.004693 2.339881e-08 1.342815e-08      201
features.12                      305     0.004805 1.782647e-08 1.173808e-08      201
features.12                      239     0.004864 3.096060e-08 1.611816e-08      201
features.12                       40     0.004981 3.170732e-08 1.650562e-08      201
features.12                      515     0.005021 1.476738e-07 5.458291e-08      201
features.12                      200     0.005022 1.057513e-08 9.626838e-09      201
features.12                      230     0.005563 3.375962e-08 1.789332e-08      201
features.12                      215     0.005764 2.557144e-08 1.545460e-08      201
features.12                       16     0.006113 6.119197e-08 2.756326e-08      201
features.12                      209     0.006440 2.556327e-08 1.628115e-08      201
features.12                        2     0.006546 1.252562e-08 1.213549e-08      201
features.12                       22     0.006646 4.798994e-08 2.388796e-08      201
features.12                      396     0.006847 1.220393e-08 1.239863e-08      201
features.12                      169     0.007049 2.609442e-08 1.720167e-08      201
features.12                       69     0.007399 2.489242e-08 1.723703e-08      201
features.12                      252     0.007410 2.927079e-08 1.868661e-08      201
features.12                      536     0.007449 2.397848e-08 1.699863e-08      201
features.12                      258     0.007537 2.237168e-08 1.657963e-08      201
features.12                      488     0.007877 5.564667e-08 2.790813e-08      201
features.13                      331    -0.004715 1.483996e-07 3.312987e-08      201
features.13                      341     0.003885 8.445301e-08 2.271526e-08      201
features.13                      508     0.008268 1.389664e-08 8.221922e-09      201
features.13                      487     0.008458 2.540977e-08 1.111885e-08      201
features.13                      312     0.010069 4.551147e-08 1.692923e-08      201
features.13                      309     0.011147 5.250106e-08 1.925406e-08      201
features.13                       73     0.011171 4.584732e-08 1.765817e-08      201
features.13                      180     0.011855 1.140686e-07 3.456482e-08      201
features.13                      455     0.012019 5.615234e-08 2.064971e-08      201
features.13                       51     0.012508 3.644137e-08 1.616833e-08      201
features.13                      463     0.013538 2.238391e-08 1.337335e-08      201
features.13                      179     0.014274 5.261029e-08 2.111863e-08      201
features.13                      247     0.014745 6.199215e-08 2.366493e-08      201
features.13                      137     0.015633 3.147905e-08 1.680512e-08      201
features.13                       92     0.015748 4.637624e-08 2.047680e-08      201
features.13                       49     0.016255 2.282745e-08 1.507740e-08      201
features.13                      511     0.016306 3.853480e-08 1.890753e-08      201
features.13                      435     0.016344 4.324988e-08 2.007053e-08      201
features.13                      514     0.016398 1.509527e-07 4.615865e-08      201
features.13                      447     0.016428 5.612221e-08 2.323401e-08      201
features.13                      342     0.016533 3.122998e-08 1.727373e-08      201
features.13                       63     0.016900 4.673251e-09 1.106470e-08      201
features.14                      154     0.029790 7.831326e-07 9.563883e-09      265
features.14                      362     0.037464 7.274024e-07 1.037370e-08      265
features.14                      135     0.038395 3.684721e-07 8.209576e-09      265
features.14                      528     0.043292 6.406312e-07 1.070308e-08      265
features.14                      488     0.045072 6.493271e-07 1.102970e-08      265
features.14                       98     0.046362 5.787711e-07 1.077274e-08      265
features.14                      259     0.047159 1.902957e-08 7.298205e-09      265
features.14                      198     0.048333 4.046808e-07 9.954348e-09      265
features.14                      225     0.048334 4.462970e-07 1.022191e-08      265
features.14                      162     0.048536 3.706556e-07 9.766592e-09      265
features.14                      444     0.048900 6.073460e-07 1.134256e-08      265
features.14                      449     0.049037 6.773988e-07 1.181345e-08      265
features.14                      533     0.051078 1.339670e-06 1.637849e-08      265
features.14                       65     0.051313 4.832026e-07 1.091220e-08      265
features.14                      357     0.051767 5.888797e-07 1.166026e-08      265
features.14                       81     0.051967 5.181352e-07 1.123618e-08      265
features.14                      431     0.052801 3.647916e-07 1.037797e-08      265
features.14                      253     0.054067 5.155972e-07 1.153948e-08      265
features.14                      506     0.054537 3.641329e-07 1.063787e-08      265
features.14                      540     0.054941 6.430531e-07 1.249111e-08      265
features.14                      553     0.054954 5.960288e-07 1.219108e-08      265
features.14                      397     0.055094 4.566751e-07 1.131711e-08      265
features.15                      599     0.001139 2.110453e-07 1.268819e-08      329
features.15                      229     0.002226 1.540714e-07 1.014171e-08      329
features.15                      314     0.002575 9.829765e-08 7.197921e-09      329
features.15                        1     0.002914 9.208351e-08 7.059406e-09      329
features.15                      653     0.003223 9.291118e-08 7.300878e-09      329
features.15                      844     0.003552 7.388081e-08 6.428738e-09      329
features.15                      466     0.003573 1.032549e-07 8.108190e-09      329
features.15                      870     0.003742 3.828955e-08 4.529959e-09      329
features.15                      425     0.003792 5.381932e-08 5.442079e-09      329
features.15                      662     0.003802 6.292616e-08 5.965484e-09      329
features.15                      439     0.003866 6.178082e-08 5.940438e-09      329
features.15                      570     0.004022 3.231726e-08 4.367774e-09      329
features.15                      744     0.004045 1.474718e-07 1.091374e-08      329
features.15                       78     0.004083 6.034091e-08 5.995684e-09      329
features.15                      900     0.004219 6.073461e-08 6.103804e-09      329
features.15                       55     0.004225 8.072326e-08 7.241041e-09      329
features.15                      798     0.004291 2.871294e-08 4.332665e-09      329
features.15                      510     0.004576 3.376648e-08 4.798882e-09      329
features.15                      183     0.004641 5.298168e-08 5.930238e-09      329
features.15                      560     0.004678 4.403583e-08 5.445875e-09      329
features.15                      395     0.004978 5.493462e-08 6.252997e-09      329
features.15                      108     0.004984 7.470488e-08 7.378325e-09      329
features.15                      911     0.004999 4.590627e-08 5.754028e-09      329
features.15                      657     0.005339 7.459973e-08 7.595717e-09      329
features.15                      494     0.005368 8.083336e-08 7.967784e-09      329
features.15                      624     0.005410 1.273831e-07 1.063473e-08      329
features.15                      639     0.005524 1.238676e-07 1.050724e-08      329
features.15                      310     0.005670 1.752260e-07 1.351177e-08      329
features.15                      857     0.005883 3.236561e-08 5.543429e-09      329
features.15                      454     0.005907 9.031881e-08 8.845745e-09      329
features.15                      767     0.005940 8.022563e-08 8.294038e-09      329
features.15                      531     0.006073 4.612895e-08 6.443515e-09      329
features.15                      922     0.006202 1.516956e-07 1.251264e-08      329
features.15                      330     0.006235 4.205548e-08 6.314952e-09      329
features.15                      114     0.006236 1.235487e-07 1.093748e-08      329
features.15                      952     0.006269 5.429239e-08 7.030446e-09      329
features.15                      285     0.006513 1.879223e-07 1.476334e-08      329
features.16                      805    -0.023334 3.633505e-07 2.888135e-08      329
features.16                      710    -0.021763 5.714529e-07 8.533865e-08      329
features.16                      375    -0.021643 2.910386e-07 1.524223e-08      329
features.16                      887    -0.020612 3.587576e-07 3.500150e-08      329
features.16                      379    -0.020595 2.559549e-07 9.232302e-09      329
features.16                      698    -0.020070 2.177385e-07 1.039339e-09      329
features.16                      879    -0.019288 3.652992e-07 4.018484e-08      329
features.16                       92    -0.018867 2.404402e-07 9.955288e-09      329
features.16                      563    -0.018447 2.179298e-07 5.423398e-09      329
features.16                      872    -0.018007 1.973986e-07 1.445429e-09      329
features.16                      738    -0.017901 2.092229e-07 4.697283e-09      329
features.16                      823    -0.017780 2.053463e-07 4.047126e-09      329
features.16                      939    -0.017746 2.214220e-07 8.174767e-09      329
features.16                      936    -0.017632 2.355736e-07 1.203205e-08      329
features.16                      800    -0.017395 2.395843e-07 1.367492e-08      329
features.16                      139    -0.017027 2.034339e-07 5.578163e-09      329
features.16                      208    -0.016922 1.986340e-07 4.654884e-09      329
features.16                      154    -0.016890 1.845992e-07 1.216288e-09      329
features.16                      600    -0.016605 2.248761e-07 1.209083e-08      329
features.16                      728    -0.016579 2.405860e-07 1.610679e-08      329
features.16                      645    -0.016552 1.774665e-07 3.279623e-10      329
features.16                       25    -0.016448 2.489533e-07 1.855783e-08      329
features.16                        9    -0.016434 3.237777e-07 3.738355e-08      329
features.16                      391    -0.016176 2.230243e-07 1.277211e-08      329
features.16                      598    -0.016170 1.886239e-07 4.151662e-09      329
features.16                       24    -0.016164 2.105311e-07 9.667506e-09      329
features.16                      635    -0.016055 1.926878e-07 5.479161e-09      329
features.16                      946    -0.016013 2.052479e-07 8.744943e-09      329
features.16                      152    -0.015995 1.889675e-07 4.704179e-09      329
features.16                      632    -0.015950 1.781666e-07 2.112498e-09      329
features.16                      785    -0.015596 1.760702e-07 2.532132e-09      329
features.16                       81    -0.015510 1.743959e-07 2.342407e-09      329
features.16                      508    -0.014998 1.714193e-07 2.961553e-09      329
features.16                      843    -0.014716 9.151351e-07 1.904764e-07      329
features.16                      335    -0.014614 1.626562e-07 1.788043e-09      329
features.16                      519    -0.014185 2.328056e-07 2.055017e-08      329
features.16                      456    -0.014176 1.845098e-07 8.447952e-09      329
features.17                      382    -0.053254 8.594059e-07 1.703909e-09      489
features.17                      455    -0.050131 7.837681e-07 6.883846e-10      489
features.17                      285    -0.049138 7.882102e-07 1.399074e-09      489
features.17                       32    -0.049131 8.858539e-07 4.946277e-09      489
features.17                      262    -0.048661 8.610327e-07 4.305981e-09      489
features.17                      536    -0.046509 8.134945e-07 3.772131e-09      489
features.17                       95    -0.046466 8.586399e-07 5.434180e-09      489
features.17                      123    -0.045036 7.572835e-07 2.548049e-09      489
features.17                      223    -0.044809 7.256500e-07 1.525591e-09      489
features.17                      922    -0.044776 8.035278e-07 4.369688e-09      489
features.17                      315    -0.043696 7.370021e-07 2.554026e-09      489
features.17                      384    -0.043551 6.999637e-07 1.289888e-09      489
features.17                      799    -0.043194 6.941065e-07 1.274901e-09      489
features.17                      401    -0.042890 7.137543e-07 2.156471e-09      489
features.17                      446    -0.042314 6.739247e-07 1.029973e-09      489
features.17                      560    -0.041958 7.462196e-07 3.850248e-09      489
features.17                      942    -0.041851 6.943408e-07 2.026946e-09      489
features.17                      545    -0.041603 6.595101e-07 9.006333e-10      489
features.17                      112    -0.041546 6.970695e-07 2.294709e-09      489
features.17                      497    -0.041535 6.790110e-07 1.645752e-09      489
features.17                      926    -0.041495 6.930655e-07 2.178177e-09      489
features.17                      554    -0.041283 6.441165e-07 5.189039e-10      489
features.17                      322    -0.041080 6.943251e-07 2.453631e-09      489
features.17                      200    -0.040937 6.444792e-07 7.237077e-10      489
features.17                      703    -0.040590 6.438677e-07 8.935402e-10      489
features.17                      797    -0.040390 7.348655e-07 4.306516e-09      489
features.17                      126    -0.040098 6.727022e-07 2.212323e-09      489
features.17                      779    -0.040014 6.331841e-07 8.247140e-10      489
features.17                      883    -0.039891 6.871460e-07 2.851050e-09      489
features.17                      749    -0.039771 6.392066e-07 1.177965e-09      489
features.17                      715    -0.039727 6.949632e-07 3.225289e-09      489
features.17                      709    -0.039644 7.451422e-07 5.092518e-09      489
features.17                      166    -0.039193 6.834607e-07 3.103535e-09      489
features.17                      571    -0.039168 6.282523e-07 1.114205e-09      489
features.17                      440    -0.038778 6.133116e-07 7.881077e-10      489
features.17                      746    -0.038589 6.500787e-07 2.226876e-09      489
features.17                       58    -0.038494 7.018362e-07 4.157473e-09      489
features.18                      258     0.201517 2.366191e-07 7.876005e-12      320
features.18                      718     0.218835 4.363519e-07 9.361264e-12      320
features.18                      750     0.219066 1.544323e-07 8.098691e-12      320
features.18                      347     0.220246 2.176590e-07 8.423464e-12      320
features.18                      741     0.220777 2.792753e-07 8.719080e-12      320
features.18                     1097     0.222679 1.085511e-07 8.014044e-12      320
features.18                      213     0.224373 3.330707e-07 9.082997e-12      320
features.18                      584     0.224929 2.096635e-07 8.545698e-12      320
features.18                      291     0.225653 3.252637e-07 9.091084e-12      320
features.18                      256     0.226086 2.851684e-07 8.925023e-12      320
features.18                      579     0.227016 2.315979e-07 8.715063e-12      320
features.18                      657     0.228225 2.968925e-07 9.050135e-12      320
features.18                       81     0.229549 1.904484e-07 8.615221e-12      320
features.18                      512     0.230684 2.297269e-07 8.830567e-12      320
features.18                      352     0.230869 5.948332e-07 1.048205e-11      320
features.18                      374     0.231349 1.808522e-07 8.632800e-12      320
features.18                      677     0.232284 4.388610e-07 9.827025e-12      320
features.18                       70     0.232675 2.528303e-07 9.001981e-12      320
features.18                     1019     0.233350 2.450305e-07 8.989612e-12      320
features.18                      562     0.233390 9.842778e-08 8.330363e-12      320
features.18                      239     0.233409 1.006728e-07 8.341137e-12      320
features.18                      970     0.233536 3.854183e-07 9.628536e-12      320
features.18                      775     0.234571 1.376458e-07 8.547005e-12      320
features.18                      428     0.235832 4.697712e-07 1.008622e-11      320
features.18                      949     0.236425 1.178983e-07 8.520655e-12      320
features.18                      539     0.237340 2.168302e-07 8.997378e-12      320
features.18                      572     0.237730 3.567777e-07 9.641172e-12      320
features.18                      627     0.238754 1.231064e-07 8.622845e-12      320
features.18                      327     0.240911 1.872796e-07 8.984896e-12      320
features.18                      236     0.241281 3.613462e-07 9.781775e-12      320
features.18                      681     0.241975 4.331253e-07 1.012866e-11      320
features.18                      356     0.242644 1.477548e-07 8.865350e-12      320
features.18                      446     0.242753 1.228385e-07 8.756771e-12      320
features.18                      132     0.243238 1.236115e-07 8.776642e-12      320
features.18                      885     0.243903 1.694428e-07 9.005647e-12      320
features.18                     1118     0.244103 1.077313e-07 8.734302e-12      320
features.18                     1073     0.244147 5.743529e-07 1.083845e-11      320
features.18                     1033     0.245083 1.241695e-07 8.841494e-12      320
features.18                      197     0.245139 1.301525e-07 8.870358e-12      320
features.18                      720     0.245329 1.112200e-07 8.791460e-12      320
features.18                      395     0.247239 5.611118e-07 1.088328e-11      320
features.18                      477     0.247509 3.395681e-07 9.894107e-12      320
features.18                     1226     0.249101 4.104399e-07 1.026724e-11      320
features.18                        8     0.249440 1.821280e-07 9.249899e-12      320
features.18                      873     0.250040 3.341179e-07 9.955067e-12      320
features.18                      822     0.250076 1.720283e-07 9.225873e-12      320
features.18                      684     0.250299 3.476971e-07 1.002502e-11      320
features.18                     1187     0.250542 2.706821e-07 9.686164e-12      320
features.18                     1130     0.250597 2.994616e-07 9.817733e-12      320
features.18                      624     0.250849 4.536062e-07 1.052084e-11      320
