================================================================================
Channel Pruning Log
  iteration  : 12
  alpha      : 0.9000
  timestamp  : 2026-03-30 09:49:13
  remove_target  : 67405
  accum_removed  : 68464
  selected_channels : 264
================================================================================

[ 레이어별 채널 제거 비율 ]
  layer                total_ch  this_iter    cumul  cumul_%
  ----------------------------------------------------------
  features.0                 32          0        0     0.0% (weight-level)
  features.1                 32          1       26    81.2%
  features.2                 96          3       72    75.0%
  features.3                144          5      107    74.3%
  features.4                144          5      107    74.3%
  features.5                192          6      140    72.9%
  features.6                192          6      140    72.9%
  features.7                192          6      140    72.9%
  features.8                384         12      277    72.1%
  features.9                384         12      277    72.1%
  features.10               384         12      277    72.1%
  features.11               384         12      277    72.1%
  features.12               576         18      414    71.9%
  features.13               576         18      414    71.9%
  features.14               576         18      414    71.9%
  features.15               960         30      688    71.7%
  features.16               960         30      688    71.7%
  features.17               960         30      688    71.7%
  features.18              1280         40      917    71.6%
  classifier                 78          0        0     0.0% (weight-level)

[ 블록별 제거 채널 수 ]
  features.1: 1채널 제거
  features.10: 12채널 제거
  features.11: 12채널 제거
  features.12: 18채널 제거
  features.13: 18채널 제거
  features.14: 18채널 제거
  features.15: 30채널 제거
  features.16: 30채널 제거
  features.17: 30채널 제거
  features.18: 40채널 제거
  features.2: 3채널 제거
  features.3: 5채널 제거
  features.4: 5채널 제거
  features.5: 6채널 제거
  features.6: 6채널 제거
  features.7: 6채널 제거
  features.8: 12채널 제거
  features.9: 12채널 제거

[ 선택된 채널 상세 ]
block                             ch        score          phi         perf  weights
--------------------------------------------------------------------------------
features.1                        17     0.000000 0.000000e+00 7.971154e-11       25
features.2                        43    -0.071567 2.743620e-07 1.029751e-03       49
features.2                        86    -0.050761 1.555286e-07 2.146429e-04       49
features.2                        35    -0.034325 1.031296e-07 1.181955e-04       49
features.3                        98    -0.005353 1.962670e-08 2.187427e-06       57
features.3                        88    -0.005311 2.132039e-08 2.542515e-06       57
features.3                        89    -0.004628 3.097150e-08 4.712895e-06       57
features.3                       133    -0.003601 1.523996e-08 1.882040e-06       57
features.3                        84    -0.000541 5.932933e-09 1.016950e-06       57
features.4                       121     0.021125 5.310307e-07 6.295809e-07       65
features.4                       125     0.028676 4.963094e-07 6.612440e-07       65
features.4                         6     0.031083 1.391543e-07 3.732887e-07       65
features.4                       120     0.036052 2.187359e-08 3.128029e-07       65
features.4                       130     0.036141 6.323998e-07 8.393184e-07       65
features.5                        24     0.007467 2.223113e-08 1.576554e-07       73
features.5                        28     0.011350 9.581179e-09 1.724984e-07       73
features.5                       120     0.011735 1.877470e-08 2.029460e-07       73
features.5                        23     0.011963 3.016932e-08 2.374774e-07       73
features.5                        62     0.013329 5.974287e-09 1.879381e-07       73
features.5                       168     0.014371 1.324966e-08 2.215095e-07       73
features.6                        36    -0.001632 3.231634e-08 1.918091e-07       73
features.6                        46    -0.000936 9.643293e-09 5.184101e-08       73
features.6                       138     0.003112 2.676265e-10 3.914353e-08       73
features.6                       191     0.003208 9.635710e-09 1.015842e-07       73
features.6                        78     0.003740 4.084983e-09 7.166141e-08       73
features.6                        73     0.005182 1.283887e-08 1.462622e-07       73
features.7                       146     0.030278 2.206066e-06 2.025909e-07      105
features.7                       171     0.046480 4.275826e-07 1.146449e-07      105
features.7                         8     0.046676 8.876364e-07 1.455378e-07      105
features.7                        23     0.050470 5.387093e-07 1.294254e-07      105
features.7                       150     0.060116 1.271482e-06 1.959559e-07      105
features.7                        80     0.060371 6.710766e-07 1.565863e-07      105
features.8                       179     0.004051 1.632125e-08 1.805173e-08      137
features.8                       205     0.004600 4.884765e-08 3.204988e-08      137
features.8                        18     0.006075 3.587702e-08 3.141350e-08      137
features.8                       287     0.006351 2.496608e-08 2.806193e-08      137
features.8                       186     0.006801 9.563172e-09 2.350410e-08      137
features.8                       168     0.007238 9.943633e-09 2.492709e-08      137
features.8                       115     0.007313 2.630191e-08 3.137989e-08      137
features.8                       169     0.007477 9.354547e-09 2.540122e-08      137
features.8                       337     0.007887 5.379337e-08 4.353463e-08      137
features.8                       102     0.008041 4.221331e-08 3.957040e-08      137
features.8                       180     0.008407 2.234814e-08 3.306866e-08      137
features.8                       266     0.008446 5.567371e-09 2.678496e-08      137
features.9                         0     0.002211 9.452176e-08 2.392804e-08      137
features.9                        82     0.002976 7.860053e-08 2.075598e-08      137
features.9                       152     0.004946 2.226571e-08 8.974940e-09      137
features.9                       238     0.004984 2.483417e-08 9.608388e-09      137
features.9                       165     0.006491 1.730191e-08 8.971460e-09      137
features.9                        70     0.006572 1.511042e-08 8.516335e-09      137
features.9                       159     0.006965 1.791509e-08 9.473284e-09      137
features.9                        16     0.007966 3.238814e-08 1.363718e-08      137
features.9                       281     0.008136 4.555717e-08 1.686627e-08      137
features.9                       126     0.008569 1.343094e-08 9.626957e-09      137
features.9                        63     0.009354 2.127068e-08 1.206561e-08      137
features.9                        84     0.009630 5.189141e-08 1.948558e-08      137
features.10                      129    -0.006987 1.897332e-07 3.974922e-08      137
features.10                       68    -0.006179 1.534286e-07 3.191725e-08      137
features.10                      295    -0.005819 4.827807e-08 8.387141e-09      137
features.10                      294    -0.004810 6.456089e-08 1.248597e-08      137
features.10                       27    -0.002291 1.036764e-07 2.237265e-08      137
features.10                      164    -0.002038 4.763649e-08 9.858796e-09      137
features.10                      336    -0.001959 2.111067e-08 3.917547e-09      137
features.10                       81    -0.000545 2.257202e-08 4.851366e-09      137
features.10                      269    -0.000505 2.311302e-08 4.990160e-09      137
features.10                      317     0.000140 1.939921e-08 4.429468e-09      137
features.10                      363     0.001099 8.215924e-09 2.320000e-09      137
features.10                      115     0.001112 3.509934e-08 8.380788e-09      137
features.11                      223     0.005588 1.199323e-07 8.026460e-08      169
features.11                      369     0.005750 1.787904e-07 1.072348e-07      169
features.11                       93     0.006378 2.322715e-07 1.340547e-07      169
features.11                      178     0.008183 1.980647e-07 1.275260e-07      169
features.11                      293     0.008488 1.041191e-07 8.718901e-08      169
features.11                      155     0.008596 1.257347e-07 9.732753e-08      169
features.11                       65     0.008681 6.594476e-08 7.113538e-08      169
features.11                      168     0.008712 2.282569e-07 1.435023e-07      169
features.11                      337     0.008716 5.048533e-07 2.665956e-07      169
features.11                      362     0.008743 5.011111e-08 6.438634e-08      169
features.11                      119     0.008962 2.433795e-08 5.397396e-08      169
features.11                      267     0.010296 1.266778e-07 1.059317e-07      169
features.12                      549     0.007299 2.492194e-08 1.644752e-08      201
features.12                      498     0.007959 5.497049e-08 2.560794e-08      201
features.12                      248     0.008440 4.281110e-08 2.288170e-08      201
features.12                      146     0.008906 1.063071e-08 1.460826e-08      201
features.12                      148     0.009146 1.292652e-08 1.555608e-08      201
features.12                        5     0.010418 4.094064e-08 2.495758e-08      201
features.12                       97     0.010511 3.205741e-08 2.262752e-08      201
features.12                       27     0.010533 5.853589e-09 1.542102e-08      201
features.12                      555     0.011172 2.270204e-08 2.091052e-08      201
features.12                      120     0.011178 3.022942e-08 2.299611e-08      201
features.12                      322     0.011522 1.192589e-08 1.839358e-08      201
features.12                      459     0.011893 4.803790e-08 2.885086e-08      201
features.12                      373     0.012103 7.472147e-09 1.792585e-08      201
features.12                      210     0.012245 1.207833e-08 1.938418e-08      201
features.12                      466     0.012356 1.826309e-08 2.123666e-08      201
features.12                      393     0.012486 5.908683e-08 3.267840e-08      201
features.12                       51     0.012578 2.341635e-08 2.295020e-08      201
features.12                      165     0.012695 2.317656e-08 2.303777e-08      201
features.13                      285     0.007927 4.338391e-08 2.312090e-08      201
features.13                       35     0.008761 1.623014e-08 1.422794e-08      201
features.13                      304     0.008818 3.013967e-08 1.924943e-08      201
features.13                      570     0.009756 1.395026e-08 1.437141e-08      201
features.13                      417     0.009990 9.315441e-08 4.287775e-08      201
features.13                      486     0.010305 4.101671e-08 2.456474e-08      201
features.13                       91     0.010407 1.096238e-07 4.916018e-08      201
features.13                      564     0.010430 6.165643e-08 3.205423e-08      201
features.13                       27     0.010537 4.085108e-08 2.472917e-08      201
features.13                      439     0.011609 2.256612e-08 1.923134e-08      201
features.13                       42     0.011898 5.707198e-08 3.183043e-08      201
features.13                      322     0.012228 1.924173e-08 1.864073e-08      201
features.13                      571     0.012237 5.200519e-08 3.034808e-08      201
features.13                      454     0.013103 2.614538e-08 2.194757e-08      201
features.13                      507     0.013177 4.237883e-08 2.781490e-08      201
features.13                      476     0.013201 4.109315e-08 2.737911e-08      201
features.13                       54     0.013435 4.812782e-08 3.011596e-08      201
features.13                      223     0.013441 3.392067e-08 2.504892e-08      201
features.14                      335     0.043066 5.236614e-07 1.212718e-08      265
features.14                       13     0.045513 4.385596e-07 1.195245e-08      265
features.14                      255     0.046515 3.987144e-07 1.184354e-08      265
features.14                      408     0.049296 5.912025e-07 1.381972e-08      265
features.14                      349     0.051077 1.114767e-06 1.809534e-08      265
features.14                      312     0.051862 5.192455e-07 1.376650e-08      265
features.14                      200     0.053939 6.462369e-07 1.511637e-08      265
features.14                      263     0.053940 1.782845e-06 2.366315e-08      265
features.14                      559     0.055406 2.155210e-06 2.674204e-08      265
features.14                      394     0.056344 4.815490e-07 1.433550e-08      265
features.14                      382     0.056746 6.299608e-07 1.552777e-08      265
features.14                       38     0.056779 1.577607e-06 2.265980e-08      265
features.14                      114     0.059274 4.945589e-07 1.499041e-08      265
features.14                      248     0.059556 4.340942e-07 1.458947e-08      265
features.14                      144     0.059819 9.956809e-07 1.886229e-08      265
features.14                      186     0.060575 6.316833e-07 1.626893e-08      265
features.14                      238     0.060928 3.084798e-07 1.390576e-08      265
features.14                      104     0.060983 7.616387e-07 1.732363e-08      265
features.15                      277    -0.024360 7.251451e-07 7.367272e-08      329
features.15                      786    -0.011134 3.653219e-07 3.876896e-08      329
features.15                      169    -0.010498 4.117448e-07 4.667428e-08      329
features.15                      802    -0.009523 2.285241e-07 2.053585e-08      329
features.15                      600    -0.005194 1.267245e-07 1.151392e-08      329
features.15                      955    -0.004697 1.543340e-07 1.638811e-08      329
features.15                      904    -0.004213 2.838196e-07 3.656283e-08      329
features.15                       70    -0.004115 9.656927e-07 1.392470e-07      329
features.15                      492    -0.003399 1.305020e-07 1.468892e-08      329
features.15                      328    -0.003228 1.449795e-07 1.711512e-08      329
features.15                      142    -0.003148 1.515551e-07 1.821972e-08      329
features.15                      118    -0.003053 1.485623e-07 1.790680e-08      329
features.15                      795    -0.002786 1.940795e-07 2.514084e-08      329
features.15                      214    -0.002320 1.668347e-07 2.172006e-08      329
features.15                      385    -0.002284 8.008104e-08 8.726502e-09      329
features.15                      363    -0.001922 3.005159e-07 4.240178e-08      329
features.15                      227    -0.001912 8.935751e-08 1.066179e-08      329
features.15                      170    -0.001836 1.232235e-07 1.586457e-08      329
features.15                      134    -0.001542 7.847324e-08 9.562370e-09      329
features.15                      283    -0.001321 1.241848e-07 1.675653e-08      329
features.15                      312    -0.001286 2.450144e-07 3.497800e-08      329
features.15                      221    -0.001113 1.330438e-07 1.839140e-08      329
features.15                      245    -0.001105 3.450805e-07 5.028997e-08      329
features.15                      641    -0.001071 1.400299e-07 1.950295e-08      329
features.15                      772    -0.000809 1.071211e-07 1.493423e-08      329
features.15                      654    -0.000735 9.145722e-08 1.268544e-08      329
features.15                      619    -0.000684 2.541196e-07 3.722196e-08      329
features.15                      479    -0.000620 7.532552e-08 1.042659e-08      329
features.15                      764    -0.000581 8.152549e-08 1.141643e-08      329
features.15                      806    -0.000496 8.540029e-08 1.212307e-08      329
features.16                      513    -0.015289 3.597314e-07 4.801894e-08      329
features.16                      380    -0.015149 2.042379e-07 5.116119e-09      329
features.16                      150    -0.015027 2.075301e-07 6.451992e-09      329
features.16                      515    -0.014913 2.072761e-07 6.770920e-09      329
features.16                      361    -0.014860 2.102437e-07 7.783317e-09      329
features.16                      490    -0.014852 1.951792e-07 3.606578e-09      329
features.16                       29    -0.014633 2.179916e-07 1.072214e-08      329
features.16                      438    -0.014411 1.942086e-07 4.846234e-09      329
features.16                      948    -0.014220 1.931325e-07 5.200010e-09      329
features.16                      804    -0.013842 1.920720e-07 6.196522e-09      329
features.16                      363    -0.013780 2.095832e-07 1.129458e-08      329
features.16                      743    -0.013596 1.878399e-07 5.857089e-09      329
features.16                      575    -0.013527 3.277434e-07 4.512655e-08      329
features.16                      240    -0.013497 1.874825e-07 6.097758e-09      329
features.16                      175    -0.013321 2.066701e-07 1.205273e-08      329
features.16                      798    -0.012904 2.829545e-07 3.476459e-08      329
features.16                      883    -0.012702 1.840047e-07 7.849875e-09      329
features.16                      571    -0.012490 1.733111e-07 5.591216e-09      329
features.16                      543    -0.011868 1.541522e-07 2.376052e-09      329
features.16                      951    -0.011813 1.632709e-07 5.109560e-09      329
features.16                      581    -0.011499 1.630076e-07 6.110980e-09      329
features.16                      329    -0.011422 1.557462e-07 4.347616e-09      329
features.16                      119    -0.011358 1.455290e-07 1.715938e-09      329
features.16                      751    -0.011313 1.617136e-07 6.384738e-09      329
features.16                      297    -0.011251 1.904128e-07 1.460366e-08      329
features.16                      368    -0.011203 1.450786e-07 2.120636e-09      329
features.16                      232    -0.011090 1.975720e-07 1.715434e-08      329
features.16                      176    -0.011008 1.788127e-07 1.219891e-08      329
features.16                      448    -0.010941 1.555973e-07 5.952209e-09      329
features.16                      556    -0.010861 1.426516e-07 2.615764e-09      329
features.17                      764    -0.051549 9.655876e-07 2.201892e-09      489
features.17                      586    -0.050539 1.007763e-06 4.334964e-09      489
features.17                      298    -0.047609 8.848002e-07 1.785034e-09      489
features.17                      204    -0.046036 8.648277e-07 2.055786e-09      489
features.17                      592    -0.045694 8.349917e-07 1.206659e-09      489
features.17                      897    -0.045560 8.359088e-07 1.322683e-09      489
features.17                      427    -0.044459 8.679300e-07 3.151118e-09      489
features.17                      737    -0.044146 8.090636e-07 1.250038e-09      489
features.17                      489    -0.042130 7.738718e-07 1.255352e-09      489
features.17                      362    -0.041536 8.338432e-07 3.761960e-09      489
features.17                      956    -0.041061 8.005334e-07 2.872039e-09      489
features.17                      610    -0.041000 7.813701e-07 2.228028e-09      489
features.17                      477    -0.040982 8.439075e-07 4.466649e-09      489
features.17                      329    -0.040793 8.587384e-07 5.112648e-09      489
features.17                      415    -0.040324 7.918362e-07 3.022653e-09      489
features.17                      302    -0.040222 8.173103e-07 3.993388e-09      489
features.17                      538    -0.039252 8.485798e-07 5.712949e-09      489
features.17                      260    -0.038953 7.623039e-07 2.827140e-09      489
features.17                      532    -0.038776 7.095560e-07 1.058636e-09      489
features.17                      274    -0.038628 7.755016e-07 3.500252e-09      489
features.17                      876    -0.038356 7.261957e-07 1.913488e-09      489
features.17                      314    -0.037772 7.523857e-07 3.211502e-09      489
features.17                      388    -0.037279 7.762647e-07 4.369221e-09      489
features.17                      495    -0.037189 7.745374e-07 4.363952e-09      489
features.17                      891    -0.036774 7.748584e-07 4.634537e-09      489
features.17                      672    -0.036445 7.367821e-07 3.483949e-09      489
features.17                      607    -0.035504 7.381037e-07 4.118806e-09      489
features.17                      762    -0.035238 6.805432e-07 2.234693e-09      489
features.17                      248    -0.035003 7.306770e-07 4.167117e-09      489
features.17                      437    -0.035000 6.980255e-07 3.005779e-09      489
features.18                      149     0.250983 3.009796e-07 1.042652e-11      320
features.18                      540     0.268774 2.594271e-07 1.090666e-11      320
features.18                      265     0.281187 1.601605e-07 1.095232e-11      320
features.18                      609     0.281614 5.486796e-07 1.256768e-11      320
features.18                      934     0.283004 3.446597e-07 1.177851e-11      320
features.18                      640     0.287650 4.997402e-07 1.258712e-11      320
features.18                      230     0.291821 2.682365e-07 1.178658e-11      320
features.18                      850     0.292397 1.599376e-07 1.136175e-11      320
features.18                      581     0.293198 1.695768e-07 1.143076e-11      320
features.18                     1202     0.294875 1.400790e-07 1.137067e-11      320
features.18                      844     0.296970 2.794603e-07 1.202128e-11      320
features.18                      362     0.297802 7.598092e-07 1.402956e-11      320
features.18                      416     0.299439 3.292757e-07 1.231678e-11      320
features.18                      695     0.300093 2.648708e-07 1.207550e-11      320
features.18                       84     0.300879 2.113993e-07 1.188412e-11      320
features.18                      891     0.301742 2.734924e-07 1.217140e-11      320
features.18                      387     0.302193 2.109744e-07 1.193048e-11      320
features.18                      600     0.303817 2.058892e-07 1.196897e-11      320
features.18                     1155     0.304579 5.564849e-07 1.344046e-11      320
features.18                      277     0.307819 1.427446e-07 1.185547e-11      320
features.18                       54     0.308449 3.328047e-07 1.266111e-11      320
features.18                     1194     0.311885 1.753218e-07 1.213846e-11      320
features.18                      232     0.312654 2.180817e-07 1.234266e-11      320
features.18                      457     0.312976 1.230821e-07 1.196329e-11      320
features.18                     1275     0.314246 1.735372e-07 1.221753e-11      320
features.18                     1204     0.314508 4.746467e-07 1.346694e-11      320
features.18                      268     0.315783 2.470507e-07 1.257648e-11      320
features.18                      749     0.316047 6.543272e-07 1.426310e-11      320
features.18                      281     0.316953 1.236389e-07 1.211117e-11      320
features.18                      483     0.317045 2.316257e-07 1.255914e-11      320
features.18                      820     0.317359 1.468892e-07 1.222174e-11      320
features.18                       87     0.317558 2.626774e-07 1.270580e-11      320
features.18                      314     0.317576 1.284044e-07 1.215356e-11      320
features.18                       56     0.317782 3.051759e-07 1.288899e-11      320
features.18                     1239     0.317786 3.732559e-07 1.316945e-11      320
features.18                      549     0.318802 1.784075e-07 1.240437e-11      320
features.18                      685     0.320323 1.368301e-07 1.228884e-11      320
features.18                     1011     0.320639 1.871369e-07 1.250755e-11      320
features.18                     1044     0.321327 2.558747e-07 1.281574e-11      320
features.18                      102     0.322778 1.764259e-07 1.254172e-11      320
