================================================================================
Channel Pruning Log
  iteration  : 9
  alpha      : 0.9000
  timestamp  : 2026-03-30 06:50:50
  remove_target  : 92812
  accum_removed  : 94148
  selected_channels : 363
================================================================================

[ 레이어별 채널 제거 비율 ]
  layer                total_ch  this_iter    cumul  cumul_%
  ----------------------------------------------------------
  features.0                 32          0        0     0.0% (weight-level)
  features.1                 32          2       23    71.9%
  features.2                 96          4       61    63.5%
  features.3                144          6       91    63.2%
  features.4                144          6       91    63.2%
  features.5                192          8      119    62.0%
  features.6                192          8      119    62.0%
  features.7                192          8      119    62.0%
  features.8                384         17      236    61.5%
  features.9                384         17      236    61.5%
  features.10               384         17      236    61.5%
  features.11               384         17      236    61.5%
  features.12               576         25      354    61.5%
  features.13               576         25      354    61.5%
  features.14               576         25      354    61.5%
  features.15               960         41      588    61.3%
  features.16               960         41      588    61.3%
  features.17               960         41      588    61.3%
  features.18              1280         55      782    61.1%
  classifier                 78          0        0     0.0% (weight-level)

[ 블록별 제거 채널 수 ]
  features.1: 2채널 제거
  features.10: 17채널 제거
  features.11: 17채널 제거
  features.12: 25채널 제거
  features.13: 25채널 제거
  features.14: 25채널 제거
  features.15: 41채널 제거
  features.16: 41채널 제거
  features.17: 41채널 제거
  features.18: 55채널 제거
  features.2: 4채널 제거
  features.3: 6채널 제거
  features.4: 6채널 제거
  features.5: 8채널 제거
  features.6: 8채널 제거
  features.7: 8채널 제거
  features.8: 17채널 제거
  features.9: 17채널 제거

[ 선택된 채널 상세 ]
block                             ch        score          phi         perf  weights
--------------------------------------------------------------------------------
features.1                        13     0.000000 0.000000e+00 0.000000e+00       25
features.1                        14     0.000000 0.000000e+00 0.000000e+00       25
features.2                         2    -0.097426 1.518308e-07 5.123718e-05       49
features.2                        89    -0.076473 1.185209e-07 3.160677e-05       49
features.2                        31    -0.072362 1.423582e-07 4.261408e-04       49
features.2                        78    -0.067097 1.145582e-07 1.663497e-04       49
features.3                        96    -0.009062 2.793155e-08 1.906369e-06       57
features.3                       136    -0.008977 3.253981e-08 2.604601e-06       57
features.3                       121    -0.008622 2.115082e-08 1.016215e-06       57
features.3                       105    -0.003911 1.114195e-08 6.884694e-07       57
features.3                        54    -0.003742 1.335064e-08 1.054419e-06       57
features.3                       124    -0.002260 1.380098e-08 1.480471e-06       57
features.4                        24    -0.000113 3.054743e-07 2.426874e-07       65
features.4                        56     0.003569 4.629602e-07 3.934406e-07       65
features.4                        15     0.006474 2.655737e-07 2.560381e-07       65
features.4                        69     0.010534 1.425399e-07 1.858142e-07       65
features.4                        73     0.010613 2.161204e-07 2.450049e-07       65
features.4                       141     0.015609 1.959419e-07 2.631720e-07       65
features.5                        68    -0.002851 4.437305e-08 2.452192e-07       73
features.5                        63    -0.001790 3.140560e-08 1.798393e-07       73
features.5                       144    -0.000739 1.141976e-08 6.296082e-08       73
features.5                       152    -0.000603 8.823762e-09 4.776035e-08       73
features.5                       182    -0.000579 9.962717e-09 5.673027e-08       73
features.5                        50    -0.000457 8.385894e-09 4.858590e-08       73
features.5                       181    -0.000428 4.016638e-09 1.753123e-08       73
features.5                       185    -0.000402 2.093017e-08 1.416362e-07       73
features.6                       188    -0.006591 1.371443e-08 4.528410e-08       73
features.6                       157    -0.006143 1.469998e-08 5.561143e-08       73
features.6                       112    -0.004631 8.267639e-09 2.225431e-08       73
features.6                       176    -0.004167 6.453712e-09 1.313808e-08       73
features.6                        24    -0.002922 5.507619e-09 1.607216e-08       73
features.6                        47    -0.002185 9.739520e-09 5.130752e-08       73
features.6                        22    -0.001870 3.940125e-09 1.319199e-08       73
features.6                       165    -0.001759 9.299195e-09 5.150104e-08       73
features.7                        79     0.015746 3.961570e-07 5.459145e-08      105
features.7                       148     0.017618 5.971008e-07 7.159237e-08      105
features.7                        52     0.022136 4.700921e-07 7.081479e-08      105
features.7                        41     0.025201 5.716707e-08 4.796424e-08      105
features.7                        64     0.025870 6.176222e-07 8.742064e-08      105
features.7                        98     0.026788 3.681131e-07 7.198207e-08      105
features.7                       135     0.027826 5.207883e-07 8.422565e-08      105
features.7                        42     0.029487 2.924593e-07 7.153183e-08      105
features.8                       184    -0.000747 3.976291e-08 1.338865e-08      137
features.8                       269     0.000405 1.180782e-07 4.632751e-08      137
features.8                        41     0.000617 6.367160e-08 2.597946e-08      137
features.8                        50     0.000754 3.002206e-08 1.340880e-08      137
features.8                        38     0.000795 6.124375e-08 2.549302e-08      137
features.8                       325     0.001169 8.334590e-08 3.491159e-08      137
features.8                       164     0.001861 4.679096e-08 2.261625e-08      137
features.8                       320     0.002099 1.031445e-08 9.213802e-09      137
features.8                        68     0.002107 2.829097e-08 1.613176e-08      137
features.8                       366     0.002122 8.066629e-08 3.626815e-08      137
features.8                       319     0.002146 3.919412e-08 2.041243e-08      137
features.8                       293     0.002253 7.450129e-08 3.423144e-08      137
features.8                        27     0.002653 4.062693e-08 2.223155e-08      137
features.8                       271     0.002797 5.047975e-08 2.637371e-08      137
features.8                       336     0.003060 1.692165e-08 1.415397e-08      137
features.8                        77     0.003157 3.344797e-08 2.074010e-08      137
features.8                       299     0.003486 4.669656e-08 2.664722e-08      137
features.9                        97    -0.021122 3.195313e-07 3.745453e-08      137
features.9                       187    -0.000529 1.119422e-07 1.638389e-08      137
features.9                       191     0.000611 1.112089e-07 1.681648e-08      137
features.9                       319     0.000614 6.813209e-08 1.041629e-08      137
features.9                       314     0.002720 4.715949e-09 1.992339e-09      137
features.9                       301     0.002824 2.447087e-08 4.977420e-09      137
features.9                       129     0.003110 1.710844e-08 4.019177e-09      137
features.9                       323     0.003537 4.516180e-08 8.390597e-09      137
features.9                       149     0.003986 6.176857e-08 1.107200e-08      137
features.9                       309     0.005483 6.914819e-08 1.287931e-08      137
features.9                       312     0.005829 1.036270e-07 1.816719e-08      137
features.9                       112     0.006501 7.086764e-08 1.361815e-08      137
features.9                       105     0.006581 3.100113e-08 7.731930e-09      137
features.9                        36     0.007216 4.229256e-08 9.711454e-09      137
features.9                       196     0.007245 8.369588e-09 4.683792e-09      137
features.9                       145     0.007850 2.653940e-08 7.671591e-09      137
features.9                       195     0.007868 4.914507e-08 1.103934e-08      137
features.10                      105    -0.011073 2.304238e-08 1.157914e-09      137
features.10                       38    -0.009444 2.824033e-08 2.762329e-09      137
features.10                      132    -0.008499 1.665624e-08 6.758073e-10      137
features.10                      286    -0.007211 1.871279e-08 1.519949e-09      137
features.10                      326    -0.007059 2.495443e-08 2.859432e-09      137
features.10                      312    -0.006947 3.978501e-08 5.960687e-09      137
features.10                      157    -0.006516 1.737197e-08 1.469051e-09      137
features.10                      323    -0.006069 1.549065e-08 1.225860e-09      137
features.10                      130    -0.005314 1.511214e-08 1.393262e-09      137
features.10                      181    -0.005271 1.003492e-08 3.581697e-10      137
features.10                      347    -0.004842 1.773490e-08 2.089167e-09      137
features.10                      211    -0.004729 2.547055e-08 3.724337e-09      137
features.10                      202    -0.004710 3.422080e-08 5.538716e-09      137
features.10                      142    -0.004656 2.657880e-08 3.977159e-09      137
features.10                      158    -0.004654 1.772486e-08 2.148287e-09      137
features.10                      327    -0.004434 4.673359e-08 8.214355e-09      137
features.10                      320    -0.004346 3.952578e-08 6.753480e-09      137
features.11                       64    -0.004704 1.673679e-07 5.697876e-08      169
features.11                        4    -0.001666 4.720895e-08 1.509922e-08      169
features.11                      132    -0.000252 3.061212e-09 5.671684e-10      169
features.11                       82     0.000239 7.071858e-08 3.045497e-08      169
features.11                      295     0.000280 4.332565e-08 1.903895e-08      169
features.11                      380     0.000641 8.748367e-08 3.866309e-08      169
features.11                      229     0.000669 2.961475e-08 1.438415e-08      169
features.11                      261     0.000968 2.383421e-07 1.031034e-07      169
features.11                      299     0.001082 8.997791e-08 4.097696e-08      169
features.11                       60     0.001145 7.661043e-08 3.553083e-08      169
features.11                      358     0.001311 1.940189e-07 8.542990e-08      169
features.11                      276     0.001684 7.043522e-08 3.447507e-08      169
features.11                      301     0.001819 7.504013e-08 3.679842e-08      169
features.11                      284     0.002206 7.618468e-08 3.838996e-08      169
features.11                      120     0.002651 6.504705e-08 3.497575e-08      169
features.11                      136     0.002852 4.298353e-08 2.626553e-08      169
features.11                      379     0.002965 3.102349e-08 2.155227e-08      169
features.12                      464    -0.002916 2.697914e-07 8.516809e-08      201
features.12                      442     0.000093 4.206622e-08 1.386402e-08      201
features.12                      145     0.000462 3.197684e-08 1.095546e-08      201
features.12                      394     0.000659 8.546873e-08 2.866872e-08      201
features.12                      244     0.000990 2.513655e-08 9.280948e-09      201
features.12                      372     0.001308 5.258203e-08 1.860030e-08      201
features.12                       76     0.001640 2.013676e-08 8.337462e-09      201
features.12                       37     0.001757 1.462922e-08 6.660653e-09      201
features.12                      437     0.001837 1.033344e-08 5.340357e-09      201
features.12                      271     0.001999 5.567177e-08 2.034766e-08      201
features.12                      206     0.002039 2.601411e-08 1.068698e-08      201
features.12                      196     0.002229 2.942726e-08 1.200563e-08      201
features.12                      189     0.002534 1.076581e-07 3.792891e-08      201
features.12                       46     0.003558 1.655194e-08 9.209945e-09      201
features.12                      566     0.003737 2.640178e-09 4.849378e-09      201
features.12                       60     0.003798 2.269558e-08 1.147653e-08      201
features.12                      118     0.003887 2.010893e-08 1.072543e-08      201
features.12                       68     0.003946 4.978363e-08 2.049831e-08      201
features.12                       15     0.004300 1.074828e-08 8.102417e-09      201
features.12                      291     0.004350 8.340395e-09 7.368090e-09      201
features.12                      249     0.004374 4.434419e-09 6.115521e-09      201
features.12                       65     0.004384 4.713248e-08 2.009753e-08      201
features.12                      517     0.004643 5.959371e-09 6.901687e-09      201
features.12                       18     0.004668 2.106980e-08 1.187217e-08      201
features.12                      482     0.004777 4.828985e-08 2.089479e-08      201
features.13                      482     0.006625 7.813828e-08 1.883689e-08      201
features.13                       20     0.007563 2.535944e-08 8.759546e-09      201
features.13                      121     0.009455 2.100557e-08 8.815617e-09      201
features.13                      496     0.009715 2.019965e-08 8.781935e-09      201
features.13                      422     0.009784 2.453701e-08 9.681237e-09      201
features.13                      299     0.010117 1.596200e-08 8.132558e-09      201
features.13                      255     0.010365 1.940085e-08 8.940294e-09      201
features.13                      361     0.010494 1.955106e-08 9.033097e-09      201
features.13                       36     0.010796 1.216370e-08 7.706173e-09      201
features.13                       23     0.011559 3.909722e-08 1.345546e-08      201
features.13                      524     0.011596 4.448153e-09 6.557037e-09      201
features.13                      126     0.011645 1.747695e-08 9.181745e-09      201
features.13                      167     0.011665 3.479020e-08 1.264761e-08      201
features.13                      257     0.012070 7.401038e-09 7.378232e-09      201
features.13                      406     0.012658 4.189867e-08 1.455208e-08      201
features.13                      368     0.013108 1.225351e-08 8.854448e-09      201
features.13                       90     0.013489 5.604446e-08 1.778234e-08      201
features.13                      504     0.013521 5.661936e-09 7.740624e-09      201
features.13                      434     0.013879 3.327791e-08 1.342840e-08      201
features.13                      553     0.014483 3.094684e-08 1.325819e-08      201
features.13                      130     0.014738 2.631528e-08 1.245841e-08      201
features.13                      448     0.015555 5.416506e-09 8.686006e-09      201
features.13                      517     0.015827 5.102863e-08 1.792410e-08      201
features.13                      198     0.015919 1.883287e-08 1.154211e-08      201
features.13                      493     0.016475 6.314857e-09 9.315217e-09      201
features.14                      235     0.032827 7.326403e-07 8.696457e-09      265
features.14                      411     0.033718 8.820893e-08 5.035689e-09      265
features.14                      221     0.038174 3.503123e-07 7.170325e-09      265
features.14                      401     0.038647 3.012230e-07 6.945669e-09      265
features.14                       90     0.039231 2.928583e-07 6.974883e-09      265
features.14                      249     0.040926 3.637341e-07 7.617744e-09      265
features.14                      185     0.041368 6.179698e-07 9.168343e-09      265
features.14                      134     0.043383 1.106211e-06 1.230230e-08      265
features.14                      367     0.044209 4.871999e-07 8.781923e-09      265
features.14                      234     0.044422 3.038607e-07 7.735110e-09      265
features.14                      568     0.044442 4.982417e-07 8.877922e-09      265
features.14                       63     0.044849 6.875584e-07 1.004296e-08      265
features.14                      445     0.045078 3.413912e-07 8.043165e-09      265
features.14                      284     0.046914 3.739885e-07 8.480285e-09      265
features.14                      440     0.047177 4.107195e-07 8.731099e-09      265
features.14                      147     0.047230 2.879019e-07 8.017713e-09      265
features.14                      510     0.048855 8.039203e-07 1.126242e-08      265
features.14                      160     0.049245 2.553448e-07 8.096768e-09      265
features.14                      353     0.049441 3.366385e-07 8.599882e-09      265
features.14                      245     0.049584 7.354357e-07 1.095837e-08      265
features.14                      293     0.050259 4.520508e-07 9.386435e-09      265
features.14                      250     0.050529 9.715915e-07 1.247033e-08      265
features.14                      183     0.050861 6.630578e-07 1.070493e-08      265
features.14                      483     0.051526 6.955041e-07 1.098436e-08      265
features.14                       35     0.051674 4.398972e-07 9.504813e-09      265
features.15                      237    -0.000703 1.037188e-08 1.968943e-10      329
features.15                      373    -0.000565 6.317876e-09 3.949284e-11      329
features.15                      554    -0.000382 4.370974e-08 2.343522e-09      329
features.15                       58    -0.000364 1.185765e-07 6.752415e-09      329
features.15                      387    -0.000332 5.655489e-09 1.372449e-10      329
features.15                      106    -0.000318 9.390305e-08 5.330086e-09      329
features.15                      704    -0.000100 2.854742e-09 1.092872e-10      329
features.15                      848    -0.000095 1.589424e-08 8.778454e-10      329
features.15                      934    -0.000049 5.103309e-08 2.969348e-09      329
features.15                      401     0.000781 5.560890e-08 3.725412e-09      329
features.15                      457     0.000867 8.726788e-08 5.636042e-09      329
features.15                      717     0.001010 8.260353e-08 5.445513e-09      329
features.15                      117     0.001026 3.312716e-08 2.548282e-09      329
features.15                      885     0.001085 1.754796e-07 1.094588e-08      329
features.15                      631     0.001150 1.895419e-07 1.180999e-08      329
features.15                      748     0.001158 4.621824e-08 3.395309e-09      329
features.15                      924     0.001238 3.561260e-08 2.818879e-09      329
features.15                       92     0.001508 2.209911e-07 1.386819e-08      329
features.15                      673     0.001527 5.928706e-08 4.379188e-09      329
features.15                      846     0.001594 4.783885e-08 3.746341e-09      329
features.15                      938     0.001689 1.921478e-07 1.227979e-08      329
features.15                      828     0.001729 7.674735e-08 5.523726e-09      329
features.15                      207     0.001748 6.386821e-08 4.778105e-09      329
features.15                      377     0.001767 2.816439e-08 2.691679e-09      329
features.15                      593     0.001901 3.216142e-08 3.005424e-09      329
features.15                      261     0.001906 3.792016e-08 3.346417e-09      329
features.15                      416     0.001927 6.614003e-08 5.016775e-09      329
features.15                      813     0.001937 4.609009e-08 3.844637e-09      329
features.15                      430     0.001951 1.082196e-07 7.502750e-09      329
features.15                      240     0.002015 7.844866e-08 5.791760e-09      329
features.15                      726     0.002167 5.957174e-08 4.771737e-09      329
features.15                       31     0.002287 7.165914e-08 5.552534e-09      329
features.15                      661     0.002367 6.350550e-08 5.120402e-09      329
features.15                      667     0.002395 9.335604e-08 6.890358e-09      329
features.15                      617     0.002414 2.665348e-08 2.983052e-09      329
features.15                      357     0.002417 6.723244e-08 5.368687e-09      329
features.15                      568     0.002548 6.344256e-08 5.222654e-09      329
features.15                      233     0.002608 5.285501e-08 4.636040e-09      329
features.15                      818     0.002660 5.045833e-08 4.525867e-09      329
features.15                      361     0.002667 9.084725e-08 6.902692e-09      329
features.15                      814     0.002766 1.166784e-07 8.478175e-09      329
features.16                      397    -0.027406 4.326885e-07 3.408046e-08      329
features.16                      290    -0.025143 2.873459e-07 8.022439e-09      329
features.16                      801    -0.024713 2.559538e-07 2.270660e-09      329
features.16                       98    -0.023650 3.539080e-07 2.527993e-08      329
features.16                      169    -0.022980 2.437787e-07 3.336723e-09      329
features.16                      758    -0.022272 2.375736e-07 3.510341e-09      329
features.16                      816    -0.022101 2.639247e-07 9.458148e-09      329
features.16                      330    -0.021454 2.238208e-07 2.314783e-09      329
features.16                      299    -0.021316 7.979884e-07 1.243567e-07      329
features.16                      220    -0.021208 2.205998e-07 2.150606e-09      329
features.16                      650    -0.020599 2.523416e-07 1.016281e-08      329
features.16                      521    -0.020139 2.121896e-07 2.616281e-09      329
features.16                      811    -0.019858 2.290181e-07 6.775666e-09      329
features.16                      918    -0.019553 2.304129e-07 7.714713e-09      329
features.16                      163    -0.019503 1.986178e-07 1.075989e-09      329
features.16                      892    -0.019000 3.596577e-07 3.628242e-08      329
features.16                      129    -0.018721 4.815147e-07 6.270928e-08      329
features.16                      180    -0.018549 2.885076e-07 2.214447e-08      329
features.16                      925    -0.018427 2.626971e-07 1.692968e-08      329
features.16                      359    -0.018011 2.012422e-07 4.772026e-09      329
features.16                      920    -0.017970 2.053279e-07 5.724543e-09      329
features.16                      655    -0.017906 1.916802e-07 2.966234e-09      329
features.16                      188    -0.017887 1.823817e-07 1.034350e-09      329
features.16                      921    -0.017792 2.024547e-07 5.491268e-09      329
features.16                      524    -0.017597 2.180191e-07 9.202297e-09      329
features.16                      931    -0.017533 2.217139e-07 1.012033e-08      329
features.16                      596    -0.017380 2.582602e-07 1.819036e-08      329
features.16                      315    -0.017320 1.764581e-07 9.711438e-10      329
features.16                      310    -0.017315 1.730344e-07 2.560421e-10      329
features.16                      773    -0.017138 1.764230e-07 1.347377e-09      329
features.16                      715    -0.016980 1.720746e-07 7.580456e-10      329
features.16                      776    -0.016626 1.820794e-07 3.623563e-09      329
features.16                      651    -0.016618 1.801641e-07 3.233688e-09      329
features.16                      542    -0.016610 2.354689e-07 1.497916e-08      329
features.16                      458    -0.016499 1.741796e-07 2.215141e-09      329
features.16                      844    -0.016330 2.410145e-07 1.674388e-08      329
features.16                       63    -0.016323 1.888495e-07 5.696138e-09      329
features.16                      537    -0.016283 1.949829e-07 7.081574e-09      329
features.16                      149    -0.016276 1.922816e-07 6.523313e-09      329
features.16                      332    -0.015880 1.957852e-07 8.100468e-09      329
features.16                      755    -0.015879 1.665766e-07 1.908881e-09      329
features.17                      954    -0.058016 7.602107e-07 8.616890e-10      489
features.17                      143    -0.056314 7.965611e-07 3.311616e-09      489
features.17                      578    -0.055854 8.279189e-07 4.882138e-09      489
features.17                      539    -0.055028 7.701626e-07 2.889379e-09      489
features.17                       71    -0.053308 7.211431e-07 1.746740e-09      489
features.17                       50    -0.052794 7.288623e-07 2.348963e-09      489
features.17                      191    -0.052520 7.138494e-07 1.862609e-09      489
features.17                      344    -0.052004 7.204116e-07 2.417337e-09      489
features.17                      654    -0.051911 7.713435e-07 4.616479e-09      489
features.17                      131    -0.051184 6.872340e-07 1.458527e-09      489
features.17                      880    -0.050794 8.078999e-07 6.759958e-09      489
features.17                      409    -0.049582 7.078515e-07 3.190683e-09      489
features.17                      953    -0.049425 7.049074e-07 3.150809e-09      489
features.17                      944    -0.049208 6.677736e-07 1.700596e-09      489
features.17                      407    -0.049084 6.586782e-07 1.383657e-09      489
features.17                      420    -0.048828 7.754053e-07 6.447157e-09      489
features.17                      235    -0.048654 6.537571e-07 1.407171e-09      489
features.17                      236    -0.048362 6.514693e-07 1.467926e-09      489
features.17                      834    -0.047752 6.488415e-07 1.685206e-09      489
features.17                      103    -0.046526 6.777162e-07 3.563098e-09      489
features.17                      162    -0.046262 6.128126e-07 9.664943e-10      489
features.17                      585    -0.046112 6.106512e-07 9.561238e-10      489
features.17                      714    -0.046023 6.531743e-07 2.798301e-09      489
features.17                      474    -0.045802 7.024260e-07 4.995529e-09      489
features.17                      350    -0.045669 6.437512e-07 2.591096e-09      489
features.17                      252    -0.045634 6.298223e-07 2.022379e-09      489
features.17                      696    -0.045459 6.165141e-07 1.554671e-09      489
features.17                      904    -0.045314 5.928438e-07 6.337862e-10      489
features.17                      550    -0.045130 5.999448e-07 1.032823e-09      489
features.17                       69    -0.045009 6.448282e-07 2.991839e-09      489
features.17                      918    -0.044356 5.829532e-07 7.320023e-10      489
features.17                      208    -0.043850 6.383681e-07 3.342978e-09      489
features.17                       89    -0.043693 6.945439e-07 5.797951e-09      489
features.17                      403    -0.043467 5.739092e-07 8.287619e-10      489
features.17                      238    -0.043349 6.312446e-07 3.311651e-09      489
features.17                      596    -0.043125 5.811573e-07 1.318781e-09      489
features.17                      327    -0.043118 6.129577e-07 2.664380e-09      489
features.17                      301    -0.043059 5.620549e-07 5.481675e-10      489
features.17                      422    -0.042983 7.642981e-07 9.123354e-09      489
features.17                      811    -0.042762 5.719860e-07 1.127063e-09      489
features.17                      316    -0.042760 5.726005e-07 1.153817e-09      489
features.18                      779     0.208663 3.221903e-07 7.508179e-12      320
features.18                      859     0.212038 3.977451e-07 7.922796e-12      320
features.18                     1075     0.217642 2.277159e-07 7.379801e-12      320
features.18                     1276     0.219185 8.988054e-08 6.850962e-12      320
features.18                     1258     0.219935 3.569729e-07 7.986199e-12      320
features.18                     1068     0.222207 2.245137e-07 7.501339e-12      320
features.18                       49     0.224721 1.446601e-07 7.242831e-12      320
features.18                      315     0.225763 1.534018e-07 7.310059e-12      320
features.18                      223     0.229986 3.011631e-07 8.050603e-12      320
features.18                      823     0.231874 1.380476e-07 7.426610e-12      320
features.18                      407     0.233321 9.065884e-08 7.271883e-12      320
features.18                     1018     0.233491 2.042736e-07 7.750393e-12      320
features.18                       90     0.233504 2.651267e-07 8.004378e-12      320
features.18                       91     0.233565 1.715514e-07 7.616212e-12      320
features.18                      173     0.234482 1.156493e-07 7.410353e-12      320
features.18                      866     0.235353 4.294494e-07 8.743806e-12      320
features.18                       89     0.235636 2.014349e-07 7.801942e-12      320
features.18                      840     0.236270 4.186439e-07 8.725879e-12      320
features.18                      565     0.236702 1.730589e-07 7.715184e-12      320
features.18                      247     0.236950 1.424839e-07 7.595098e-12      320
features.18                      207     0.237178 1.733816e-07 7.730610e-12      320
features.18                     1179     0.237325 1.311806e-07 7.559058e-12      320
features.18                     1270     0.237528 1.887196e-07 7.804847e-12      320
features.18                     1165     0.237917 2.325904e-07 7.999171e-12      320
features.18                      872     0.238694 1.816783e-07 7.809971e-12      320
features.18                       38     0.239177 9.128962e-08 7.447540e-12      320
features.18                      806     0.239521 2.155989e-07 7.975772e-12      320
features.18                      267     0.239532 9.593283e-08 7.477399e-12      320
features.18                       42     0.239561 1.747812e-07 7.806847e-12      320
features.18                      986     0.240886 2.568373e-07 8.187956e-12      320
features.18                     1056     0.241273 1.571337e-07 7.783873e-12      320
features.18                      502     0.241774 2.038756e-07 7.993470e-12      320
features.18                      946     0.242261 9.662588e-08 7.560921e-12      320
features.18                      410     0.242456 3.959856e-07 8.814231e-12      320
features.18                      273     0.242857 2.709892e-07 8.305175e-12      320
features.18                      735     0.243628 3.487118e-07 8.651866e-12      320
features.18                      847     0.243654 3.802034e-07 8.783855e-12      320
features.18                      940     0.243868 3.560676e-07 8.689605e-12      320
features.18                      732     0.244067 1.608881e-07 7.882090e-12      320
features.18                      370     0.244429 1.247296e-07 7.742082e-12      320
features.18                      714     0.244550 1.424284e-07 7.819416e-12      320
features.18                      226     0.245042 2.544724e-07 8.300894e-12      320
features.18                      500     0.245101 2.300050e-07 8.200676e-12      320
features.18                     1267     0.245578 1.096632e-07 7.713270e-12      320
features.18                      140     0.245704 1.179478e-07 7.751493e-12      320
features.18                      864     0.245854 1.771114e-07 8.002494e-12      320
features.18                      480     0.246135 8.199907e-08 7.614430e-12      320
features.18                     1078     0.246217 1.959760e-07 8.091847e-12      320
features.18                      658     0.246657 1.540675e-07 7.930196e-12      320
features.18                      937     0.247093 3.087661e-07 8.587758e-12      320
features.18                      490     0.247262 1.482019e-07 7.923620e-12      320
features.18                     1254     0.247554 2.294794e-07 8.270967e-12      320
features.18                      164     0.247700 4.953413e-07 9.383247e-12      320
features.18                      945     0.248217 1.021685e-07 7.759990e-12      320
features.18                      377     0.248247 2.714899e-07 8.466522e-12      320
