================================================================================
Channel Pruning Log
  dataset    : CelebA
  impt_type  : 2
  seed       : 42
  iteration  : 2
  alpha      : 0.3000
  norm       : max
  timestamp  : 2026-08-31 19:31:26
  remove_target  : 160125
  accum_removed  : 160230
  selected_channels : 638
  gamma             : 0.0050
  cap_multiplier    : None
  remove_target_met : yes
  total_params   : 2289600
  active_after   : 1951329
  model_sparsity : 14.8%
================================================================================

[ 레이어별 채널 제거 비율 ]
  layer                total_ch  this_iter    cumul  cumul_%
  ----------------------------------------------------------
  features.1                 32          5       10    31.2%
  features.2                 96          3       21    21.9%
  features.3                144          4       13     9.0%
  features.4                144          2       10     6.9%
  features.5                192         17       34    17.7%
  features.6                192         13       27    14.1%
  features.7                192         11       22    11.5%
  features.8                384         18       53    13.8%
  features.9                384         50       67    17.4%
  features.10               384         36       72    18.8%
  features.11               384         28       74    19.3%
  features.12               576         78      134    23.3%
  features.13               576         35       99    17.2%
  features.14               576        130      235    40.8%
  features.15               960         72       94     9.8%
  features.16               960         63      120    12.5%
  features.17               960         73      226    23.5%

[ 레이어별 보호 영역 (γ=0.0050) ]
  layer                  active  protected  protect_%
  --------------------------------------------------
  features.1                 27          1       3.7%
  features.2                 78          1       1.3%
  features.3                135          1       0.7%
  features.4                136          1       0.7%
  features.5                175          1       0.6%
  features.6                178          1       0.6%
  features.7                181          1       0.6%
  features.8                349          2       0.6%
  features.9                367          2       0.5%
  features.10               348          2       0.6%
  features.11               338          2       0.6%
  features.12               520          3       0.6%
  features.13               512          3       0.6%
  features.14               471          3       0.6%
  features.15               938          5       0.5%
  features.16               903          5       0.6%
  features.17               807          5       0.6%

[ 블록별 제거 채널 수 ]
  features.1: 5채널 제거
  features.10: 36채널 제거
  features.11: 28채널 제거
  features.12: 78채널 제거
  features.13: 35채널 제거
  features.14: 130채널 제거
  features.15: 72채널 제거
  features.16: 63채널 제거
  features.17: 73채널 제거
  features.2: 3채널 제거
  features.3: 4채널 제거
  features.4: 2채널 제거
  features.5: 17채널 제거
  features.6: 13채널 제거
  features.7: 11채널 제거
  features.8: 18채널 제거
  features.9: 50채널 제거

[ 선택된 채널 상세 ]
  (phi/perf: raw, phi_n/perf_n: 정규화 후 값 — score = α·perf_n − (1−α)·phi_n)
block                             ch        score          phi         perf    phi_n   perf_n  weights
----------------------------------------------------------------------------------------------------
features.17                      181    -0.697772 1.057379e-06 1.667121e-09   1.0000   0.0074      489
features.12                       44    -0.697261 1.046254e-07 2.885922e-09   1.0000   0.0091      201
features.15                      680    -0.696673 6.400712e-07 3.673480e-09   1.0000   0.0111      329
features.10                      366    -0.695070 9.019909e-08 3.045175e-09   1.0000   0.0164      137
features.13                      526    -0.691966 1.239544e-07 6.838485e-09   1.0000   0.0268      201
features.3                       126    -0.690710 5.069827e-08 2.576748e-07   1.0000   0.0309       57
features.6                       139    -0.690352 4.438863e-08 9.722709e-08   1.0000   0.0321       73
features.2                        88    -0.685868 1.835585e-07 4.733708e-07   1.0000   0.0471       49
features.9                       250    -0.679473 1.178109e-07 6.565234e-10   0.9729   0.0052      137
features.8                       132    -0.678156 1.403874e-07 4.962513e-08   1.0000   0.0728      137
features.13                      343    -0.668507 1.187640e-07 1.853004e-09   0.9581   0.0073      201
features.9                       143    -0.662889 1.155337e-07 2.106375e-09   0.9541   0.0166      137
features.14                      289    -0.662027 6.573262e-07 1.558005e-08   0.9878   0.0982      265
features.9                        54    -0.658131 1.210928e-07 1.774159e-08   1.0000   0.1395      137
features.14                      203    -0.657359 6.654215e-07 2.255284e-08   1.0000   0.1421      265
features.12                       14    -0.649295 9.714056e-08 6.556751e-10   0.9285   0.0021      201
features.14                      399    -0.642400 6.215300e-07 6.044035e-09   0.9340   0.0381      265
features.14                      196    -0.627529 6.335356e-07 2.058920e-08   0.9521   0.1298      265
features.14                      216    -0.624202 6.008147e-07 4.142797e-09   0.9029   0.0261      265
features.13                      310    -0.608016 1.079302e-07 1.266115e-09   0.8707   0.0050      201
features.9                        81    -0.607364 1.055411e-07 1.157697e-09   0.8716   0.0091      137
features.12                      153    -0.603320 9.032104e-08 1.024812e-09   0.8633   0.0032      201
features.14                      381    -0.603032 6.038043e-07 1.700343e-08   0.9074   0.1072      265
features.5                        81    -0.601883 4.041470e-08 2.713078e-08   0.8637   0.0090       73
features.14                      148    -0.599472 5.999366e-07 1.673458e-08   0.9016   0.1055      265
features.12                      572    -0.598055 8.999834e-08 4.305726e-09   0.8602   0.0136      201
features.15                      575    -0.597092 5.478483e-07 2.264591e-09   0.8559   0.0068      329
features.9                       185    -0.596023 1.043987e-07 3.164917e-09   0.8621   0.0249      137
features.9                       271    -0.585869 1.035353e-07 5.353243e-09   0.8550   0.0421      137
features.10                      192    -0.578447 7.480555e-08 1.289206e-09   0.8293   0.0069      137
features.14                      154    -0.575312 5.716798e-07 1.379081e-08   0.8591   0.0869      265
features.15                      824    -0.566494 5.189590e-07 1.163787e-09   0.8108   0.0035      329
features.8                       213    -0.566138 1.137916e-07 2.830885e-09   0.8105   0.0042      137
features.14                      478    -0.560226 5.626068e-07 1.672196e-08   0.8455   0.1054      265
features.14                      453    -0.559817 5.384226e-07 3.482472e-09   0.8091   0.0219      265
features.14                      101    -0.558563 5.736970e-07 2.377234e-08   0.8622   0.1498      265
features.15                      729    -0.557715 5.108815e-07 1.103697e-09   0.7982   0.0033      329
features.9                       153    -0.554281 9.669661e-08 1.986510e-09   0.7985   0.0156      137
features.9                       337    -0.552847 9.685704e-08 2.987146e-09   0.7999   0.0235      137
features.14                      231    -0.551769 5.299484e-07 3.023847e-09   0.7964   0.0191      265
features.8                       101    -0.551076 1.111327e-07 6.931123e-09   0.7916   0.0102      137
features.14                      557    -0.549335 5.329378e-07 5.974852e-09   0.8009   0.0377      265
features.14                      241    -0.543939 5.278759e-07 6.012422e-09   0.7933   0.0379      265
features.12                      315    -0.533645 7.996248e-08 1.417043e-09   0.7643   0.0045      201
features.15                      339    -0.530003 4.855905e-07 1.161544e-09   0.7586   0.0035      329
features.9                       232    -0.527721 9.162966e-08 8.296173e-10   0.7567   0.0065      137
features.7                        50    -0.522511 6.424220e-07 1.489734e-08   0.7669   0.0477      105
features.14                      332    -0.522067 5.051524e-07 4.937162e-09   0.7591   0.0311      265
features.15                      543    -0.518970 4.752901e-07 9.052925e-10   0.7426   0.0027      329
features.12                      221    -0.518323 7.756469e-08 6.562499e-10   0.7413   0.0021      201
features.8                        56    -0.516752 1.037091e-07 8.141436e-10   0.7387   0.0012      137
features.7                        92    -0.514792 6.708983e-07 4.772930e-08   0.8009   0.1527      105
features.15                      886    -0.512659 4.691834e-07 5.001501e-10   0.7330   0.0015      329
features.12                      101    -0.512656 7.671073e-08 6.068140e-10   0.7332   0.0019      201
features.14                      128    -0.512018 5.081800e-07 1.193703e-08   0.7637   0.0752      265
features.14                      520    -0.511250 5.006927e-07 8.177016e-09   0.7524   0.0515      265
features.15                       64    -0.510759 4.676237e-07 7.147443e-10   0.7306   0.0022      329
features.14                      369    -0.510264 4.871017e-07 1.136602e-09   0.7320   0.0072      265
features.12                      395    -0.509371 7.686425e-08 5.162754e-09   0.7347   0.0163      201
features.9                       141    -0.508936 8.822187e-08 4.418826e-10   0.7285   0.0035      137
features.13                      282    -0.506923 9.821481e-08 4.064123e-08   0.7923   0.1590      201
features.9                       204    -0.504215 9.670070e-08 2.321453e-08   0.7986   0.1826      137
features.9                       305    -0.504085 8.783758e-08 1.556224e-09   0.7254   0.0122      137
features.4                        58    -0.501992 3.652345e-07 5.270631e-07   1.0000   0.6600       65
features.6                        29    -0.499459 3.314187e-08 2.338673e-07   0.7466   0.0772       73
features.12                      218    -0.497963 7.459231e-08 1.156174e-09   0.7129   0.0036      201
features.11                      110    -0.496394 1.864265e-07 1.185756e-08   0.7137   0.0108      169
features.1                        29    -0.495889 4.150325e-08 2.326306e-07   0.7085   0.0002       25
features.15                      853    -0.493839 4.520462e-07 5.858751e-10   0.7062   0.0018      329
features.12                      292    -0.493252 7.394449e-08 1.554259e-09   0.7067   0.0049      201
features.6                        18    -0.492062 3.123028e-08 4.259666e-09   0.7035   0.0014       73
features.12                      470    -0.491415 7.354750e-08 6.894824e-10   0.7030   0.0022      201
features.5                       136    -0.491078 3.314964e-08 4.854985e-08   0.7084   0.0161       73
features.14                      460    -0.489451 4.727364e-07 4.151957e-09   0.7104   0.0262      265
features.12                      272    -0.487186 7.315676e-08 2.394692e-09   0.6992   0.0076      201
features.9                       373    -0.486359 8.431764e-08 4.456335e-10   0.6963   0.0035      137
features.12                      436    -0.486235 7.308068e-08 2.861571e-09   0.6985   0.0090      201
features.14                      253    -0.484070 4.761573e-07 8.901924e-09   0.7156   0.0561      265
features.10                      104    -0.482800 6.256450e-08 1.691397e-09   0.6936   0.0091      137
features.15                      335    -0.482210 4.415830e-07 7.920648e-10   0.6899   0.0024      329
features.14                      471    -0.480363 5.051584e-07 2.699862e-08   0.7592   0.1701      265
features.12                      360    -0.479460 7.178415e-08 8.549454e-10   0.6861   0.0027      201
features.14                      349    -0.478246 4.792269e-07 1.369021e-08   0.7202   0.0863      265
features.15                      929    -0.475504 4.351213e-07 3.935920e-10   0.6798   0.0012      329
features.15                      572    -0.475215 4.354866e-07 1.153630e-09   0.6804   0.0035      329
features.14                      542    -0.472653 4.838483e-07 1.921951e-08   0.7271   0.1211      265
features.12                      507    -0.472458 7.074705e-08 9.218403e-10   0.6762   0.0029      201
features.12                      483    -0.471102 7.061900e-08 1.450170e-09   0.6750   0.0046      201
features.12                      275    -0.469587 7.024164e-08 3.834515e-10   0.6714   0.0012      201
features.10                       10    -0.467205 6.035703e-08 7.407891e-10   0.6691   0.0040      137
features.15                      573    -0.466194 4.275107e-07 1.483707e-09   0.6679   0.0045      329
features.12                      242    -0.466030 7.057631e-08 6.505699e-09   0.6746   0.0205      201
features.9                        96    -0.465907 8.091497e-08 7.771560e-10   0.6682   0.0061      137
features.14                       67    -0.465045 4.469032e-07 2.687060e-09   0.6716   0.0169      265
features.16                      746    -0.464412 5.433045e-07 7.321669e-10   0.6641   0.0016      329
features.14                      320    -0.464250 4.709756e-07 1.650168e-08   0.7078   0.1040      265
features.15                      145    -0.463166 4.289622e-07 6.582195e-09   0.6702   0.0199      329
features.14                      502    -0.463117 4.437409e-07 1.947361e-09   0.6669   0.0123      265
features.5                        21    -0.461140 3.087133e-08 6.780463e-09   0.6597   0.0022       73
features.14                      550    -0.459812 4.494603e-07 6.878071e-09   0.6755   0.0433      265
features.1                         5    -0.459767 5.857829e-08 9.450384e-04   1.0000   0.8007       25
features.12                      464    -0.459225 7.285931e-08 2.983110e-08   0.6964   0.0941      201
features.9                       278    -0.458875 8.471407e-08 1.306420e-08   0.6996   0.1028      137
features.2                        37    -0.456991 1.207295e-07 1.141874e-07   0.6577   0.0114       49
features.12                      335    -0.451741 6.770541e-08 1.309922e-09   0.6471   0.0041      201
features.17                      364    -0.451545 6.948954e-07 6.350054e-09   0.6572   0.0283      489
features.9                       275    -0.451345 7.925522e-08 2.882440e-09   0.6545   0.0227      137
features.14                      209    -0.449704 4.318829e-07 2.444053e-09   0.6490   0.0154      265
features.14                       85    -0.449463 4.323031e-07 2.805543e-09   0.6497   0.0177      265
features.10                       25    -0.449245 5.836994e-08 2.311741e-09   0.6471   0.0125      137
features.9                       321    -0.447490 7.789545e-08 1.184725e-09   0.6433   0.0093      137
features.7                       116    -0.447192 5.559116e-07 1.805399e-08   0.6636   0.0578      105
features.14                      371    -0.446382 4.279555e-07 2.015845e-09   0.6431   0.0127      265
features.17                      368    -0.445087 6.746367e-07 1.146510e-09   0.6380   0.0051      489
features.14                      422    -0.442900 4.236501e-07 1.461911e-09   0.6367   0.0092      265
features.14                       21    -0.440816 4.204056e-07 7.589471e-10   0.6318   0.0048      265
features.14                      255    -0.440702 4.353402e-07 9.129232e-09   0.6542   0.0575      265
features.14                       63    -0.440057 4.310574e-07 7.087030e-09   0.6478   0.0447      265
features.12                      446    -0.439752 6.748240e-08 1.239926e-08   0.6450   0.0391      201
features.12                       17    -0.439132 6.603898e-08 2.852606e-09   0.6312   0.0090      201
features.1                         8    -0.436128 3.828275e-08 8.393644e-05   0.6535   0.0711       25
features.13                      287    -0.435440 7.814185e-08 4.975881e-09   0.6304   0.0195      201
features.14                      213    -0.435352 4.841912e-07 3.913955e-08   0.7276   0.2467      265
features.14                      144    -0.434745 4.263936e-07 7.301794e-09   0.6408   0.0460      265
features.12                      472    -0.433742 6.502231e-08 1.360788e-09   0.6215   0.0043      201
features.9                       382    -0.432810 7.864786e-08 9.249439e-09   0.6495   0.0728      137
features.15                      672    -0.431628 4.082666e-07 1.641910e-08   0.6378   0.0495      329
features.3                        47    -0.431521 3.228282e-08 3.945872e-07   0.6368   0.0473       57
features.12                      547    -0.430422 6.642982e-08 1.481608e-08   0.6349   0.0468      201
features.10                      126    -0.430140 5.647275e-08 5.022732e-09   0.6261   0.0271      137
features.12                      150    -0.429256 6.428171e-08 8.649309e-10   0.6144   0.0027      201
features.15                      905    -0.428791 3.943360e-07 2.723844e-09   0.6161   0.0082      329
features.14                      352    -0.426821 4.078421e-07 1.171063e-09   0.6129   0.0074      265
features.3                       104    -0.426392 3.105340e-08 6.552666e-08   0.6125   0.0079       57
features.9                        37    -0.426183 7.428516e-08 1.370213e-09   0.6135   0.0108      137
features.16                      949    -0.426078 4.993295e-07 1.780944e-09   0.6104   0.0040      329
features.14                      329    -0.425429 4.236336e-07 1.069378e-08   0.6366   0.0674      265
features.14                      315    -0.425383 4.155645e-07 6.228247e-09   0.6245   0.0393      265
features.14                        4    -0.424365 4.129587e-07 5.316910e-09   0.6206   0.0335      265
features.14                      567    -0.423820 4.049263e-07 1.136028e-09   0.6085   0.0072      265
features.14                       98    -0.422798 4.234607e-07 1.198884e-08   0.6364   0.0756      265
features.9                        91    -0.422579 7.796237e-08 1.190573e-08   0.6438   0.0936      137
features.16                      695    -0.422542 4.949520e-07 1.467917e-09   0.6050   0.0033      329
features.12                      260    -0.422374 6.353626e-08 2.866984e-09   0.6073   0.0090      201
features.14                      137    -0.420495 4.178415e-07 1.008055e-08   0.6279   0.0635      265
features.14                      199    -0.419542 4.089551e-07 5.639989e-09   0.6146   0.0355      265
features.14                      493    -0.419216 3.997515e-07 6.915028e-10   0.6007   0.0044      265
features.15                      154    -0.418701 3.835957e-07 8.939737e-10   0.5993   0.0027      329
features.9                       155    -0.417895 7.442290e-08 5.219775e-09   0.6146   0.0411      137
features.12                      497    -0.417588 6.254029e-08 8.831246e-10   0.5977   0.0028      201
features.12                      433    -0.417194 6.277158e-08 2.934169e-09   0.6000   0.0093      201
features.14                      358    -0.414999 4.032602e-07 4.874213e-09   0.6060   0.0307      265
features.15                      300    -0.414355 3.799362e-07 1.274369e-09   0.5936   0.0038      329
features.14                      485    -0.413984 4.300346e-07 2.030843e-08   0.6463   0.1280      265
features.12                      510    -0.413960 6.202477e-08 1.072063e-09   0.5928   0.0034      201
features.17                       25    -0.413938 6.260524e-07 3.869763e-10   0.5921   0.0017      489
features.14                      403    -0.413326 3.949846e-07 1.154507e-09   0.5936   0.0073      265
features.14                      351    -0.412715 3.971046e-07 2.657722e-09   0.5968   0.0167      265
features.14                      547    -0.412302 4.529658e-07 3.395733e-08   0.6807   0.2140      265
features.12                      455    -0.411292 6.180589e-08 2.343882e-09   0.5907   0.0074      201
features.16                      724    -0.411284 4.811838e-07 6.892990e-10   0.5882   0.0015      329
features.11                      240    -0.410924 1.571168e-07 3.727855e-08   0.6015   0.0338      169
features.14                      340    -0.410796 3.911409e-07 3.543713e-10   0.5878   0.0022      265
features.17                      666    -0.409061 6.202706e-07 1.172443e-09   0.5866   0.0052      489
features.3                        10    -0.408753 4.647449e-08 6.470090e-06   0.9167   0.7764       57
features.17                      303    -0.408660 6.187622e-07 7.254694e-10   0.5852   0.0032      489
features.14                      197    -0.408506 3.927587e-07 2.465620e-09   0.5902   0.0155      265
features.10                       83    -0.407702 5.921659e-08 3.207920e-08   0.6565   0.1728      137
features.12                      544    -0.405480 6.069045e-08 5.997384e-10   0.5801   0.0019      201
features.10                      357    -0.404283 5.252001e-08 2.041869e-09   0.5823   0.0110      137
features.14                      510    -0.403979 4.005817e-07 9.212683e-09   0.6020   0.0581      265
features.13                      329    -0.402378 8.670698e-08 7.433502e-08   0.6995   0.2909      201
features.12                      384    -0.402174 6.020419e-08 6.551459e-10   0.5754   0.0021      201
features.15                      147    -0.401889 3.682983e-07 9.850241e-10   0.5754   0.0030      329
features.9                       313    -0.401645 7.210715e-08 6.433490e-09   0.5955   0.0506      137
features.17                      253    -0.401329 6.074064e-07 5.856198e-10   0.5744   0.0026      489
features.17                       28    -0.401216 6.098956e-07 1.903571e-09   0.5768   0.0085      489
features.12                      399    -0.401212 6.028822e-08 2.265083e-09   0.5762   0.0071      201
features.9                       354    -0.400246 7.127893e-08 4.997230e-09   0.5886   0.0393      137
features.14                      117    -0.397593 4.103952e-07 1.805067e-08   0.6167   0.1138      265
features.15                      506    -0.397494 3.683488e-07 5.901602e-09   0.5755   0.0178      329
features.12                      567    -0.397307 6.074751e-08 9.636785e-09   0.5806   0.0304      201
features.12                      141    -0.396922 5.945016e-08 8.737408e-10   0.5682   0.0028      201
features.14                      174    -0.396050 3.859136e-07 5.245132e-09   0.5800   0.0331      265
features.14                      326    -0.395554 3.866874e-07 5.938205e-09   0.5811   0.0374      265
features.9                       133    -0.394884 6.844610e-08 3.299773e-10   0.5652   0.0026      137
features.16                      331    -0.394883 4.916963e-07 3.848420e-08   0.6011   0.0862      329
features.13                      150    -0.394403 7.002014e-08 8.636741e-10   0.5649   0.0034      201
features.9                       224    -0.394313 7.470101e-08 1.589516e-08   0.6169   0.1250      137
features.13                      289    -0.394031 7.111362e-08 6.439974e-09   0.5737   0.0252      201
features.13                      356    -0.392498 7.071051e-08 5.806697e-09   0.5705   0.0227      201
features.17                      950    -0.392077 5.929517e-07 3.479687e-10   0.5608   0.0015      489
features.10                      331    -0.391373 5.076907e-08 1.621922e-09   0.5628   0.0087      137
features.14                      470    -0.391035 3.747733e-07 1.699381e-09   0.5632   0.0107      265
features.15                      669    -0.390446 3.670439e-07 1.211047e-08   0.5734   0.0365      329
features.8                        65    -0.390311 7.839938e-08 1.367332e-09   0.5584   0.0020      137
features.17                      458    -0.389262 5.926245e-07 2.292754e-09   0.5605   0.0102      489
features.12                      447    -0.388706 5.812516e-08 1.890795e-10   0.5555   0.0006      201
features.14                      442    -0.387622 3.737754e-07 2.949267e-09   0.5617   0.0186      265
features.11                      291    -0.387460 1.492772e-07 4.629376e-08   0.5715   0.0420      169
features.6                       107    -0.387196 2.479173e-08 3.790933e-08   0.5585   0.0125       73
features.14                       30    -0.387071 4.069354e-07 2.169088e-08   0.6115   0.1367      265
features.15                      302    -0.387066 3.571596e-07 3.902718e-09   0.5580   0.0118      329
features.17                      638    -0.386759 5.861253e-07 9.461167e-10   0.5543   0.0042      489
features.16                      167    -0.386306 4.621945e-07 1.367991e-08   0.5650   0.0306      329
features.14                      342    -0.384464 3.702140e-07 2.637732e-09   0.5564   0.0166      265
features.13                      481    -0.383939 6.841382e-08 2.050263e-09   0.5519   0.0080      201
features.11                      246    -0.383155 1.443278e-07 1.338221e-08   0.5526   0.0121      169
features.9                       371    -0.382874 6.662517e-08 9.588208e-10   0.5502   0.0075      137
features.14                      258    -0.382817 3.706305e-07 3.740862e-09   0.5570   0.0236      265
features.11                      304    -0.381534 1.424555e-07 9.041415e-10   0.5454   0.0008      169
features.9                         6    -0.381423 7.456484e-08 2.102423e-08   0.6158   0.1654      137
features.15                      270    -0.380787 3.488675e-07 8.217863e-10   0.5450   0.0025      329
features.17                      239    -0.380158 5.754175e-07 5.807121e-10   0.5442   0.0026      489
features.14                      397    -0.380063 3.781630e-07 9.388593e-09   0.5683   0.0592      265
features.10                      152    -0.379372 4.930375e-08 2.011457e-09   0.5466   0.0108      137
features.14                      386    -0.378918 3.757442e-07 8.648557e-09   0.5647   0.0545      265
features.9                       263    -0.378127 6.632593e-08 2.237626e-09   0.5477   0.0176      137
features.9                       329    -0.377535 6.583853e-08 1.294240e-09   0.5437   0.0102      137
features.12                      332    -0.377147 5.673450e-08 2.570305e-09   0.5423   0.0081      201
features.15                      822    -0.376833 3.452161e-07 7.782699e-10   0.5393   0.0023      329
features.17                      173    -0.376780 5.703887e-07 6.171790e-10   0.5394   0.0027      489
features.14                      280    -0.376218 3.613235e-07 2.052767e-09   0.5430   0.0129      265
features.10                      148    -0.376089 5.144376e-08 1.431784e-08   0.5703   0.0771      137
features.8                       198    -0.375757 7.539132e-08 3.553323e-10   0.5370   0.0005      137
features.16                      476    -0.375657 4.400373e-07 1.310863e-09   0.5379   0.0029      329
features.10                      274    -0.375620 4.890958e-08 2.439863e-09   0.5422   0.0131      137
features.9                       247    -0.375198 7.290430e-08 1.959429e-08   0.6020   0.1541      137
features.14                      507    -0.372691 3.984674e-07 2.458503e-08   0.5988   0.1549      265
features.6                        94    -0.372471 2.420067e-08 9.246364e-08   0.5452   0.0305       73
features.16                      693    -0.371852 4.350867e-07 6.700705e-10   0.5319   0.0015      329
features.14                      552    -0.371839 3.617749e-07 4.619846e-09   0.5437   0.0291      265
features.12                      552    -0.371740 5.767040e-08 1.489744e-08   0.5512   0.0470      201
features.14                      355    -0.370943 3.548746e-07 1.254801e-09   0.5333   0.0079      265
features.12                      297    -0.370429 5.651047e-08 8.084348e-09   0.5401   0.0255      201
features.14                      391    -0.369959 3.655463e-07 7.712844e-09   0.5493   0.0486      265
features.7                        54    -0.369901 4.560908e-07 1.167903e-08   0.5444   0.0374      105
features.12                      255    -0.368449 5.523586e-08 1.166883e-09   0.5279   0.0037      201
features.13                      552    -0.368145 6.544580e-08 1.226536e-09   0.5280   0.0048      201
features.15                      542    -0.367949 3.372594e-07 9.800480e-10   0.5269   0.0030      329
features.9                       381    -0.367704 6.488083e-08 3.114206e-09   0.5358   0.0245      137
features.15                      874    -0.366908 3.362051e-07 8.558266e-10   0.5253   0.0026      329
features.16                      616    -0.365605 4.285388e-07 1.628443e-09   0.5239   0.0036      329
features.12                      323    -0.365049 6.283821e-08 5.849073e-08   0.6006   0.1846      201
features.11                      121    -0.364954 1.390981e-07 2.875738e-08   0.5325   0.0261      169
features.15                      642    -0.364877 3.341288e-07 5.908259e-10   0.5220   0.0018      329
features.11                      340    -0.364748 1.374724e-07 1.350812e-08   0.5263   0.0123      169
features.13                      389    -0.364480 6.804694e-08 1.685955e-08   0.5490   0.0660      201
features.9                       372    -0.364308 6.437303e-08 3.309752e-09   0.5316   0.0260      137
features.10                      321    -0.363384 4.695210e-08 6.115842e-10   0.5205   0.0033      137
features.12                      546    -0.363305 5.808958e-08 2.677096e-08   0.5552   0.0845      201
features.15                      244    -0.363021 3.333182e-07 1.662144e-09   0.5208   0.0050      329
features.15                      119    -0.360388 3.300020e-07 5.647062e-10   0.5156   0.0017      329
features.10                       17    -0.359640 4.798128e-08 7.869861e-09   0.5319   0.0424      137
features.15                      618    -0.359403 3.292644e-07 7.617171e-10   0.5144   0.0023      329
features.9                       328    -0.358280 6.304454e-08 2.609560e-09   0.5206   0.0205      137
features.15                      907    -0.358174 3.285464e-07 1.251391e-09   0.5133   0.0038      329
features.14                      408    -0.356289 3.665459e-07 1.549922e-08   0.5508   0.0977      265
features.9                       240    -0.356255 6.230321e-08 1.651616e-09   0.5145   0.0130      137
features.14                       34    -0.356143 3.456774e-07 3.965248e-09   0.5195   0.0250      265
features.15                      622    -0.355986 3.261717e-07 8.003338e-10   0.5096   0.0024      329
features.12                      306    -0.355809 5.462346e-08 1.019209e-08   0.5221   0.0322      201
features.17                      299    -0.355651 5.385341e-07 6.481428e-10   0.5093   0.0029      489
features.12                      352    -0.355557 5.385424e-08 5.020854e-09   0.5147   0.0158      201
features.12                       28    -0.355331 5.329514e-08 1.308359e-09   0.5094   0.0041      201
features.14                       10    -0.355156 4.292914e-07 5.101056e-08   0.6451   0.3215      265
features.16                      602    -0.355024 4.155016e-07 7.724813e-10   0.5079   0.0017      329
features.7                       184    -0.354379 4.398026e-07 1.367055e-08   0.5250   0.0437      105
features.9                       221    -0.354180 6.189990e-08 1.543073e-09   0.5112   0.0121      137
features.14                      540    -0.353380 3.511085e-07 8.448612e-09   0.5276   0.0532      265
features.8                       112    -0.352963 7.084494e-08 6.411353e-10   0.5046   0.0009      137
features.12                       96    -0.352930 5.323169e-08 3.395854e-09   0.5088   0.0107      201
features.17                      625    -0.352330 5.366156e-07 2.182890e-09   0.5075   0.0097      489
features.16                      454    -0.351635 4.118960e-07 1.223909e-09   0.5035   0.0027      329
features.14                      105    -0.351212 3.610891e-07 1.514845e-08   0.5426   0.0955      265
features.17                      500    -0.351151 5.330451e-07 1.296249e-09   0.5041   0.0058      489
features.13                      456    -0.350187 6.235012e-08 1.631639e-09   0.5030   0.0064      201
features.16                      101    -0.349869 4.118219e-07 3.758302e-09   0.5034   0.0084      329
features.8                       301    -0.349638 7.028521e-08 1.854431e-09   0.5006   0.0027      137
features.15                      611    -0.349595 3.237911e-07 4.983456e-09   0.5059   0.0150      329
features.14                      183    -0.349471 3.473399e-07 8.419080e-09   0.5220   0.0531      265
features.16                      890    -0.349009 4.082206e-07 4.527917e-10   0.4990   0.0010      329
features.5                       162    -0.348208 2.342437e-08 2.221167e-08   0.5006   0.0073       73
features.17                      836    -0.347660 5.288585e-07 1.834653e-09   0.5002   0.0082      489
features.5                       126    -0.347527 2.328545e-08 8.131297e-09   0.4976   0.0027       73
features.14                      206    -0.346842 3.386268e-07 4.961903e-09   0.5089   0.0313      265
features.11                       47    -0.346373 1.314126e-07 2.134945e-08   0.5031   0.0194      169
features.16                      445    -0.345624 4.104893e-07 8.378398e-09   0.5018   0.0188      329
features.12                      284    -0.345518 5.177639e-08 9.407533e-10   0.4949   0.0030      201
features.11                      114    -0.345116 1.523564e-07 2.321463e-07   0.5833   0.2107      169
features.17                      417    -0.344612 5.216451e-07 5.416226e-10   0.4933   0.0024      489
features.16                      629    -0.343359 4.022813e-07 1.297183e-09   0.4918   0.0029      329
features.17                      569    -0.343030 5.220023e-07 1.902638e-09   0.4937   0.0085      489
features.5                       101    -0.342999 2.370654e-08 1.172544e-07   0.5066   0.0388       73
features.12                      515    -0.342203 5.404756e-08 2.049465e-08   0.5166   0.0647      201
features.12                      426    -0.341385 5.143108e-08 2.866129e-09   0.4916   0.0090      201
features.12                      197    -0.341042 6.895949e-08 1.271162e-07   0.6591   0.4011      201
features.13                      358    -0.340578 6.082445e-08 2.477703e-09   0.4907   0.0097      201
features.14                      529    -0.340165 3.338948e-07 5.860632e-09   0.5018   0.0369      265
features.9                       124    -0.339884 6.082912e-08 4.978351e-09   0.5023   0.0392      137
features.14                      459    -0.339634 3.545061e-07 1.760940e-08   0.5328   0.1110      265
features.14                      293    -0.339578 3.393737e-07 9.219391e-09   0.5100   0.0581      265
features.17                      358    -0.339052 5.130582e-07 4.487129e-10   0.4852   0.0020      489
features.14                      286    -0.339043 3.343184e-07 6.689751e-09   0.5024   0.0422      265
features.9                       103    -0.338445 5.891266e-08 8.934154e-10   0.4865   0.0070      137
features.14                       42    -0.338423 3.280506e-07 3.530018e-09   0.4930   0.0222      265
features.16                      193    -0.338413 3.963598e-07 1.117138e-09   0.4845   0.0025      329
features.5                       176    -0.338241 3.193257e-08 1.405487e-06   0.6824   0.4648       73
features.14                       61    -0.337708 3.234046e-07 1.323063e-09   0.4860   0.0083      265
features.12                      185    -0.337248 5.066149e-08 1.797287e-09   0.4842   0.0057      201
features.9                       156    -0.337234 5.893480e-08 1.460889e-09   0.4867   0.0115      137
features.15                      231    -0.337225 3.089914e-07 7.691648e-10   0.4827   0.0023      329
features.9                       203    -0.337115 5.884196e-08 1.283828e-09   0.4859   0.0101      137
features.13                      498    -0.337060 5.975222e-08 3.169738e-10   0.4820   0.0012      201
features.12                       26    -0.336736 5.043303e-08 7.234970e-10   0.4820   0.0023      201
features.10                      260    -0.336567 4.375178e-08 1.837108e-09   0.4851   0.0099      137
features.15                      458    -0.336220 3.083407e-07 1.093549e-09   0.4817   0.0033      329
features.14                      480    -0.336200 3.251650e-07 3.100296e-09   0.4887   0.0195      265
features.12                      212    -0.335664 5.060583e-08 3.076993e-09   0.4837   0.0097      201
features.16                      185    -0.335209 3.925748e-07 1.065419e-09   0.4799   0.0024      329
features.14                       41    -0.335202 3.517414e-07 1.841552e-08   0.5286   0.1161      265
features.16                      929    -0.335187 3.928619e-07 1.463980e-09   0.4802   0.0033      329
features.16                      901    -0.334632 3.914273e-07 4.626956e-10   0.4785   0.0010      329
features.1                        28    -0.332829 2.790228e-08 2.332344e-06   0.4763   0.0020       25
features.13                        8    -0.332534 5.945675e-08 2.750474e-09   0.4797   0.0108      201
features.15                      489    -0.332147 3.113151e-07 9.185817e-09   0.4864   0.0277      329
features.17                      256    -0.331652 5.017738e-07 3.958312e-10   0.4745   0.0018      489
features.14                      533    -0.331303 3.287781e-07 7.700777e-09   0.4941   0.0485      265
features.15                       50    -0.330919 3.032460e-07 7.940926e-10   0.4738   0.0024      329
features.17                      493    -0.330888 5.005793e-07 3.757681e-10   0.4734   0.0017      489
features.14                       65    -0.330607 3.403852e-07 1.452713e-08   0.5115   0.0916      265
features.13                      184    -0.330265 5.870768e-08 1.080098e-09   0.4736   0.0042      201
features.12                      487    -0.330262 4.944829e-08 6.020062e-10   0.4726   0.0019      201
features.5                       161    -0.329468 2.221335e-08 2.850496e-08   0.4747   0.0094       73
features.11                       71    -0.329425 1.244517e-07 1.508132e-08   0.4765   0.0137      169
features.9                       139    -0.329125 5.725386e-08 7.795504e-10   0.4728   0.0061      137
features.17                      437    -0.329019 4.998488e-07 1.412981e-09   0.4727   0.0063      489
features.12                       59    -0.328909 4.985536e-08 4.908987e-09   0.4765   0.0155      201
features.7                       125    -0.327576 5.295288e-07 1.197065e-07   0.6321   0.3830      105
features.15                      209    -0.327414 3.035216e-07 4.999142e-09   0.4742   0.0151      329
features.13                      563    -0.326995 5.857407e-08 3.222850e-09   0.4725   0.0126      201
features.5                       170    -0.326694 2.246783e-08 9.483240e-08   0.4801   0.0314       73
features.16                      325    -0.326195 3.846223e-07 4.352502e-09   0.4702   0.0097      329
features.14                      194    -0.325621 3.152442e-07 3.175766e-09   0.4738   0.0200      265
features.16                      859    -0.325404 3.812490e-07 1.234588e-09   0.4660   0.0028      329
features.17                      774    -0.325398 4.931076e-07 7.824775e-10   0.4663   0.0035      489
features.10                      178    -0.325366 4.265792e-08 3.515308e-09   0.4729   0.0189      137
features.7                        99    -0.325175 4.823466e-07 8.113277e-08   0.5758   0.2596      105
features.10                      140    -0.325108 4.480039e-08 1.396189e-08   0.4967   0.0752      137
features.14                       45    -0.325102 3.184430e-07 5.230054e-09   0.4786   0.0330      265
features.8                       343    -0.324853 6.519742e-08 5.267046e-10   0.4644   0.0008      137
features.12                      424    -0.324557 4.853610e-08 1.818558e-10   0.4639   0.0006      201
features.15                      878    -0.324404 2.972170e-07 7.072388e-10   0.4643   0.0021      329
features.17                      631    -0.324115 4.906250e-07 5.127564e-10   0.4640   0.0023      489
features.14                      198    -0.324011 3.124766e-07 2.487297e-09   0.4696   0.0157      265
features.14                      235    -0.323892 3.195647e-07 6.494290e-09   0.4802   0.0409      265
features.11                      177    -0.323458 1.238359e-07 3.093388e-08   0.4741   0.0281      169
features.16                      303    -0.323395 3.790513e-07 1.425734e-09   0.4634   0.0032      329
features.13                       58    -0.323365 5.771076e-08 2.162633e-09   0.4656   0.0085      201
features.17                      697    -0.323286 4.900297e-07 8.386135e-10   0.4634   0.0037      489
features.16                       64    -0.322944 3.801916e-07 3.548714e-09   0.4648   0.0079      329
features.17                       63    -0.322605 4.922072e-07 2.427262e-09   0.4655   0.0108      489
features.15                      196    -0.322338 2.954606e-07 8.675584e-10   0.4616   0.0026      329
features.13                       30    -0.322265 5.722379e-08 7.566806e-10   0.4616   0.0030      201
features.14                      361    -0.321878 3.091953e-07 1.789967e-09   0.4647   0.0113      265
features.14                      132    -0.321835 3.199637e-07 7.804123e-09   0.4808   0.0492      265
features.14                      348    -0.321507 3.163596e-07 5.972302e-09   0.4754   0.0376      265
features.8                       259    -0.321297 6.446349e-08 2.918007e-10   0.4592   0.0004      137
features.17                      323    -0.320556 4.850440e-07 4.112028e-10   0.4587   0.0018      489
features.16                      189    -0.320349 3.747881e-07 5.298320e-10   0.4581   0.0012      329
features.14                      257    -0.320277 3.088086e-07 2.421414e-09   0.4641   0.0153      265
features.13                      424    -0.320014 5.750145e-08 4.009489e-09   0.4639   0.0157      201
features.15                      289    -0.319923 2.928123e-07 3.364305e-10   0.4575   0.0010      329
features.17                      783    -0.319813 4.841256e-07 5.126096e-10   0.4579   0.0023      489
features.5                        64    -0.319609 2.137839e-08 1.979373e-09   0.4569   0.0007       73
features.15                      297    -0.319548 2.932134e-07 1.235478e-09   0.4581   0.0037      329
features.11                      357    -0.319376 1.194912e-07 3.160741e-09   0.4575   0.0029      169
features.14                      431    -0.319229 3.171095e-07 7.594331e-09   0.4766   0.0479      265
features.14                      260    -0.319114 3.164746e-07 7.301984e-09   0.4756   0.0460      265
features.17                      128    -0.319057 4.833535e-07 6.954828e-10   0.4571   0.0031      489
features.14                      517    -0.318570 3.084270e-07 3.112054e-09   0.4635   0.0196      265
features.12                      528    -0.318270 4.768505e-08 8.081644e-10   0.4558   0.0026      201
features.15                      521    -0.317960 2.922333e-07 1.805168e-09   0.4566   0.0054      329
features.16                       48    -0.317933 3.727163e-07 1.486619e-09   0.4556   0.0033      329
features.10                      322    -0.317856 4.105269e-08 4.544903e-10   0.4551   0.0024      137
features.8                       255    -0.317630 6.409280e-08 4.425511e-09   0.4565   0.0065      137
features.15                      847    -0.317346 2.907501e-07 6.914349e-10   0.4542   0.0021      329
features.14                      239    -0.316950 3.133626e-07 6.715126e-09   0.4709   0.0423      265
features.15                      223    -0.316584 2.899473e-07 5.640184e-10   0.4530   0.0017      329
features.14                      420    -0.316099 3.071191e-07 3.691052e-09   0.4615   0.0233      265
features.14                      181    -0.315316 3.237964e-07 1.338454e-08   0.4866   0.0844      265
features.16                      470    -0.314472 3.680057e-07 6.380548e-10   0.4499   0.0014      329
features.15                      206    -0.314366 2.891495e-07 2.049340e-09   0.4517   0.0062      329
features.13                      211    -0.314113 5.622449e-08 2.893981e-09   0.4536   0.0113      201
features.10                      239    -0.314110 4.064888e-08 8.333264e-10   0.4507   0.0045      137
features.17                      668    -0.313722 4.763072e-07 1.197156e-09   0.4505   0.0053      489
features.9                       125    -0.313711 5.519237e-08 2.261646e-09   0.4558   0.0178      137
features.11                      141    -0.313635 1.172615e-07 2.298228e-09   0.4489   0.0021      169
features.12                      562    -0.313558 4.702702e-08 1.135623e-09   0.4495   0.0036      201
features.16                      942    -0.313376 3.670472e-07 1.048328e-09   0.4487   0.0023      329
features.11                      373    -0.312576 1.219246e-07 5.209146e-08   0.4668   0.0473      169
features.17                      851    -0.312144 4.785110e-07 3.470071e-09   0.4525   0.0155      489
features.14                       33    -0.311994 3.066624e-07 5.608478e-09   0.4609   0.0353      265
features.9                       227    -0.311988 5.431147e-08 8.336175e-10   0.4485   0.0066      137
features.14                      232    -0.311908 3.260969e-07 1.646728e-08   0.4901   0.1038      265
features.16                      580    -0.311830 3.683130e-07 4.961075e-09   0.4502   0.0111      329
features.14                      291    -0.311247 3.057654e-07 5.504683e-09   0.4595   0.0347      265
features.17                      643    -0.311220 4.746619e-07 2.254513e-09   0.4489   0.0100      489
features.14                      473    -0.311164 3.009235e-07 2.854421e-09   0.4522   0.0180      265
features.6                       119    -0.311104 3.118548e-08 1.823665e-06   0.7025   0.6022       73
features.17                      623    -0.310739 4.737873e-07 2.181395e-09   0.4481   0.0097      489
features.10                      106    -0.310727 4.014033e-08 4.844448e-10   0.4450   0.0026      137
features.12                      203    -0.310663 4.649936e-08 4.643814e-10   0.4444   0.0015      201
features.1                        25    -0.309627 2.742216e-08 7.103708e-05   0.4681   0.0602       25
features.15                      179    -0.309305 2.837766e-07 1.149269e-09   0.4434   0.0035      329
features.14                      321    -0.309104 3.103002e-07 9.160883e-09   0.4663   0.0577      265
features.7                       157    -0.308307 4.216050e-07 4.582741e-08   0.5033   0.1466      105
features.15                      352    -0.308297 2.887667e-07 8.292101e-09   0.4511   0.0250      329
features.8                       175    -0.308150 6.187882e-08 8.814465e-10   0.4408   0.0013      137
features.14                      451    -0.307558 3.017780e-07 5.236899e-09   0.4535   0.0330      265
features.11                       24    -0.307201 1.184653e-07 3.778299e-08   0.4536   0.0343      169
features.15                       33    -0.306912 2.809513e-07 3.792474e-10   0.4389   0.0011      329
features.16                      627    -0.306905 3.597193e-07 1.346801e-09   0.4397   0.0030      329
features.10                      354    -0.306862 3.978838e-08 1.185735e-09   0.4411   0.0064      137
features.16                      450    -0.305825 3.579228e-07 6.668429e-10   0.4375   0.0015      329
features.16                      790    -0.305750 3.578559e-07 6.940873e-10   0.4375   0.0016      329
features.17                      499    -0.305397 4.618631e-07 2.714387e-10   0.4368   0.0012      489
features.6                        56    -0.304337 1.933124e-08 5.110916e-09   0.4355   0.0017       73
features.14                      421    -0.303739 2.993730e-07 5.918667e-09   0.4499   0.0373      265
features.16                      376    -0.303517 3.564897e-07 2.276109e-09   0.4358   0.0051      329
features.9                       150    -0.302704 5.326379e-08 2.201521e-09   0.4399   0.0173      137
features.17                      422    -0.302698 4.627595e-07 2.735476e-09   0.4376   0.0122      489
features.17                       51    -0.302591 4.603706e-07 1.631660e-09   0.4354   0.0073      489
features.16                      411    -0.302174 3.571465e-07 5.111989e-09   0.4366   0.0115      329
features.15                      194    -0.301279 2.762340e-07 9.030853e-10   0.4316   0.0027      329
features.10                      300    -0.300512 4.213269e-08 1.637060e-08   0.4671   0.0882      137
features.12                       68    -0.300439 4.663530e-08 1.222579e-08   0.4457   0.0386      201
features.15                        8    -0.300310 2.764758e-07 2.266070e-09   0.4319   0.0068      329
features.17                        4    -0.300264 4.546804e-07 5.542253e-10   0.4300   0.0025      489
features.5                       146    -0.300206 2.029391e-08 3.403105e-08   0.4337   0.0113       73
features.13                       19    -0.300003 5.674718e-08 1.742589e-08   0.4578   0.0682      201
features.17                      251    -0.299849 4.666188e-07 6.779937e-09   0.4413   0.0302      489
features.14                       17    -0.299330 3.077162e-07 1.289315e-08   0.4624   0.0813      265
features.15                      810    -0.298779 2.745763e-07 1.662914e-09   0.4290   0.0050      329
features.6                        61    -0.298759 1.972127e-08 1.234941e-07   0.4443   0.0408       73
features.15                      747    -0.298706 2.736996e-07 6.835033e-10   0.4276   0.0021      329
features.15                       91    -0.298597 2.736945e-07 7.983019e-10   0.4276   0.0024      329
features.14                      458    -0.298264 2.886708e-07 2.859987e-09   0.4338   0.0180      265
features.4                        47    -0.298248 1.875487e-07 1.629117e-07   0.5135   0.2040       65
features.17                      789    -0.297349 4.510903e-07 9.573008e-10   0.4266   0.0043      489
features.14                      229    -0.297302 2.845214e-07 1.060027e-09   0.4276   0.0067      265
features.10                       59    -0.297233 3.888406e-08 2.801543e-09   0.4311   0.0151      137
features.15                      383    -0.296744 2.723336e-07 1.200917e-09   0.4255   0.0036      329
features.17                      659    -0.296708 4.531886e-07 2.476420e-09   0.4286   0.0110      489
features.10                      369    -0.296437 3.859697e-08 1.915384e-09   0.4279   0.0103      137
features.16                      933    -0.296325 3.542711e-07 1.015471e-08   0.4331   0.0227      329
features.9                       345    -0.296112 5.167023e-08 1.091494e-09   0.4267   0.0086      137
features.14                      284    -0.295930 2.926324e-07 6.298575e-09   0.4398   0.0397      265
features.15                      178    -0.295918 2.713025e-07 8.683972e-10   0.4239   0.0026      329
features.14                      306    -0.295536 3.246228e-07 2.430654e-08   0.4878   0.1532      265
features.14                      462    -0.295199 2.965517e-07 8.865791e-09   0.4457   0.0559      265
features.6                        62    -0.294293 1.879180e-08 2.062908e-08   0.4233   0.0068       73
features.11                      150    -0.294129 1.106008e-07 8.376290e-09   0.4234   0.0076      169
features.15                      714    -0.293999 2.693669e-07 6.488379e-10   0.4208   0.0020      329
features.16                       10    -0.293791 3.497276e-07 8.139761e-09   0.4275   0.0182      329
features.12                      213    -0.293681 4.399114e-08 6.766331e-10   0.4205   0.0021      201
features.5                       110    -0.293429 1.980104e-08 2.802039e-08   0.4232   0.0093       73
features.9                        86    -0.293354 5.117123e-08 1.037745e-09   0.4226   0.0082      137
features.16                      444    -0.293215 3.432684e-07 7.718221e-10   0.4196   0.0017      329
features.15                      256    -0.292975 2.696289e-07 2.096617e-09   0.4212   0.0063      329
features.12                      227    -0.292232 4.464349e-08 6.817538e-09   0.4267   0.0215      201
features.16                      649    -0.292079 3.417559e-07 5.354319e-10   0.4178   0.0012      329
features.11                       83    -0.291831 1.089977e-07 1.038700e-09   0.4173   0.0009      169
features.17                      924    -0.291804 4.497388e-07 4.437113e-09   0.4253   0.0198      489
features.17                      365    -0.291433 4.425798e-07 1.168311e-09   0.4186   0.0052      489
features.15                      464    -0.291365 2.727734e-07 7.674336e-09   0.4262   0.0232      329
features.5                        73    -0.291070 1.948650e-08 4.371759e-09   0.4164   0.0014       73
features.16                      275    -0.290620 3.403827e-07 9.589742e-10   0.4161   0.0021      329
features.16                      216    -0.290358 3.401003e-07 9.887728e-10   0.4157   0.0022      329
features.16                      477    -0.290258 3.396008e-07 5.018533e-10   0.4151   0.0011      329
features.12                      456    -0.289694 4.362988e-08 2.334837e-09   0.4170   0.0074      201
features.16                      383    -0.289373 3.385518e-07 4.822360e-10   0.4139   0.0011      329
features.11                      279    -0.289367 1.110943e-07 3.072952e-08   0.4253   0.0279      169
features.13                      532    -0.289223 5.140523e-08 9.128441e-10   0.4147   0.0036      201
features.16                      700    -0.288945 3.381412e-07 5.962632e-10   0.4134   0.0013      329
features.17                      226    -0.288943 4.371801e-07 3.560924e-10   0.4135   0.0016      489
features.5                        66    -0.288736 2.001368e-08 1.073804e-07   0.4277   0.0355       73
features.14                      465    -0.288632 2.795574e-07 2.883739e-09   0.4201   0.0182      265
features.9                       239    -0.288548 5.251685e-08 6.370851e-09   0.4337   0.0501      137
features.17                      818    -0.288251 4.383388e-07 1.448366e-09   0.4146   0.0065      489
features.12                      525    -0.288240 4.321825e-08 9.619076e-10   0.4131   0.0030      201
features.14                      350    -0.288068 2.780080e-07 2.319848e-09   0.4178   0.0146      265
features.10                      290    -0.288064 3.766971e-08 2.643278e-09   0.4176   0.0142      137
features.16                      213    -0.287939 3.371331e-07 8.096411e-10   0.4121   0.0018      329
features.16                       14    -0.287846 3.367887e-07 5.097247e-10   0.4117   0.0011      329
features.17                      509    -0.287457 4.358122e-07 7.905353e-10   0.4122   0.0035      489
features.17                        5    -0.287106 4.352217e-07 7.605638e-10   0.4116   0.0034      489
features.11                      287    -0.287096 1.089450e-07 1.791177e-08   0.4171   0.0163      169
features.16                      334    -0.286950 3.374770e-07 2.719907e-09   0.4125   0.0061      329
features.17                      827    -0.286921 4.357058e-07 1.138956e-09   0.4121   0.0051      489
features.16                      853    -0.286457 3.370928e-07 2.963848e-09   0.4121   0.0066      329
features.16                      818    -0.286130 3.350661e-07 8.703487e-10   0.4096   0.0019      329
features.14                      336    -0.285842 2.889117e-07 9.563990e-09   0.4342   0.0603      265
features.5                        35    -0.285812 2.127736e-08 3.273827e-07   0.4547   0.1083       73
features.17                       67    -0.285728 4.332237e-07 8.019190e-10   0.4097   0.0036      489
features.15                      324    -0.285513 2.611896e-07 1.447318e-10   0.4081   0.0004      329
features.8                       209    -0.285359 6.259620e-08 6.079937e-08   0.4459   0.0892      137
features.14                      487    -0.285327 2.730829e-07 1.029514e-09   0.4104   0.0065      265
features.14                      108    -0.285275 2.792305e-07 4.477400e-09   0.4196   0.0282      265
features.13                      240    -0.284496 5.097293e-08 2.859983e-09   0.4112   0.0112      201
features.17                      254    -0.284146 4.320789e-07 1.419050e-09   0.4086   0.0063      489
features.11                       28    -0.284125 1.061051e-07 8.684764e-10   0.4062   0.0008      169
features.17                      421    -0.283943 4.297838e-07 4.335718e-10   0.4065   0.0019      489
features.15                       10    -0.283905 2.611945e-07 1.926484e-09   0.4081   0.0058      329
features.16                      282    -0.283803 3.374583e-07 7.379195e-09   0.4125   0.0165      329
features.16                      759    -0.283738 3.351666e-07 4.558477e-09   0.4097   0.0102      329
features.13                       10    -0.283625 5.076354e-08 2.594696e-09   0.4095   0.0102      201
features.12                      479    -0.283309 4.319532e-08 6.008457e-09   0.4129   0.0190      201
features.16                      378    -0.282924 3.317932e-07 1.473477e-09   0.4056   0.0033      329
features.13                      268    -0.282780 5.040600e-08 1.594817e-09   0.4066   0.0062      201
features.17                      230    -0.282690 4.316656e-07 2.303686e-09   0.4082   0.0103      489
features.16                      259    -0.282291 3.314173e-07 1.936893e-09   0.4051   0.0043      329
features.10                       80    -0.282271 3.732999e-08 4.596431e-09   0.4139   0.0248      137
features.15                      699    -0.282231 2.583425e-07 3.301535e-10   0.4036   0.0010      329
features.17                      286    -0.282098 4.297289e-07 1.787739e-09   0.4064   0.0080      489
features.8                       220    -0.281880 5.804755e-08 1.716693e-08   0.4135   0.0252      137
features.17                      615    -0.281829 4.293606e-07 1.806334e-09   0.4061   0.0080      489
features.17                      846    -0.281396 4.283002e-07 1.605118e-09   0.4051   0.0071      489
features.17                      282    -0.281298 4.272400e-07 1.152669e-09   0.4041   0.0051      489
features.11                      194    -0.281244 1.056016e-07 6.493825e-09   0.4043   0.0059      169
features.11                       51    -0.281163 1.120902e-07 7.066668e-08   0.4291   0.0641      169
features.10                       88    -0.281145 3.719614e-08 4.650423e-09   0.4124   0.0251      137
features.12                      428    -0.280667 4.228338e-08 2.354064e-09   0.4041   0.0074      201
features.17                      424    -0.280573 4.254753e-07 8.213478e-10   0.4024   0.0037      489
features.17                      121    -0.280479 4.241894e-07 2.542779e-10   0.4012   0.0011      489
features.12                      245    -0.280321 4.259658e-08 4.933011e-09   0.4071   0.0156      201
features.10                      204    -0.280276 3.666764e-08 2.650433e-09   0.4065   0.0143      137
features.17                       22    -0.280015 4.281452e-07 2.561374e-09   0.4049   0.0114      489
features.15                      606    -0.279741 2.564319e-07 7.735353e-10   0.4006   0.0023      329
features.17                      776    -0.279591 4.231169e-07 3.880457e-10   0.4002   0.0017      489
features.10                      229    -0.279585 3.661848e-08 2.841920e-09   0.4060   0.0153      137
features.12                      568    -0.279164 4.183007e-08 7.384600e-10   0.3998   0.0023      201
features.11                      275    -0.278698 1.115217e-07 7.412485e-08   0.4270   0.0673      169
features.7                        51    -0.278364 3.572515e-07 2.099972e-08   0.4265   0.0672      105
features.13                      477    -0.277512 4.932236e-08 8.697987e-10   0.3979   0.0034      201
features.17                      433    -0.277151 4.223650e-07 1.841037e-09   0.3994   0.0082      489
features.11                       35    -0.276897 1.054098e-07 2.057333e-08   0.4036   0.0187      169
features.14                      237    -0.276881 2.670749e-07 2.153845e-09   0.4014   0.0136      265
features.14                      147    -0.276471 2.806433e-07 9.919999e-09   0.4218   0.0625      265
features.2                         6    -0.276401 7.838520e-08 7.545042e-07   0.4270   0.0751       49
features.14                       47    -0.276267 2.754987e-07 7.165759e-09   0.4140   0.0452      265
features.11                      328    -0.276095 1.037826e-07 7.501143e-09   0.3973   0.0068      169
features.15                      719    -0.275819 2.528987e-07 8.374654e-10   0.3951   0.0025      329
features.13                      123    -0.275802 4.941528e-08 2.773153e-09   0.3987   0.0109      201
features.14                      482    -0.275749 2.962527e-07 1.898687e-08   0.4452   0.1197      265
features.8                        72    -0.275742 5.556221e-08 2.955238e-09   0.3958   0.0043      137
features.17                      907    -0.275196 4.179826e-07 1.133296e-09   0.3953   0.0050      489
features.13                      575    -0.275156 4.909650e-08 1.789539e-09   0.3961   0.0070      201
features.16                      511    -0.274819 3.213807e-07 2.755515e-10   0.3929   0.0006      329
features.14                       50    -0.274768 2.831414e-07 1.221055e-08   0.4255   0.0770      265
features.17                      277    -0.274237 4.162904e-07 1.012471e-09   0.3937   0.0045      489
features.13                        3    -0.274223 4.878494e-08 1.085583e-09   0.3936   0.0042      201
features.9                        90    -0.273450 4.968560e-08 5.833196e-09   0.4103   0.0459      137
features.16                       78    -0.273077 3.212244e-07 2.668683e-09   0.3927   0.0060      329
features.17                      599    -0.272907 4.159206e-07 1.824878e-09   0.3934   0.0081      489
features.16                      237    -0.272869 3.244900e-07 7.136384e-09   0.3967   0.0160      329
features.16                      460    -0.272785 3.193846e-07 7.607882e-10   0.3904   0.0017      329
features.17                      172    -0.272672 4.124811e-07 2.965823e-10   0.3901   0.0013      489
features.6                       185    -0.272160 1.735414e-08 1.519334e-08   0.3910   0.0050       73
features.17                      825    -0.272059 4.119291e-07 4.819877e-10   0.3896   0.0021      489
features.15                      817    -0.271614 2.523622e-07 4.833985e-09   0.3943   0.0146      329
features.15                      500    -0.271379 2.484814e-07 4.056998e-10   0.3882   0.0012      329
features.16                      590    -0.271264 3.224236e-07 6.894516e-09   0.3941   0.0154      329
features.14                      130    -0.271258 2.599133e-07 1.143293e-09   0.3906   0.0072      265
features.14                      511    -0.271129 2.922490e-07 1.920318e-08   0.4392   0.1210      265
features.12                      112    -0.270750 4.068844e-08 1.557612e-09   0.3889   0.0049      201
features.8                       297    -0.270396 5.634690e-08 2.399401e-08   0.4014   0.0352      137
features.15                      931    -0.270266 2.477445e-07 7.444981e-10   0.3871   0.0022      329
features.12                      561    -0.269938 4.181543e-08 1.038127e-08   0.3997   0.0328      201
features.15                      711    -0.269821 2.484521e-07 2.091324e-09   0.3882   0.0063      329
features.6                        63    -0.269791 1.738298e-08 4.369306e-08   0.3916   0.0144       73
features.9                       194    -0.269765 4.954407e-08 7.048324e-09   0.4091   0.0554      137
features.8                        67    -0.269739 5.448466e-08 4.385966e-09   0.3881   0.0064      137
features.6                       156    -0.269341 1.711622e-08 5.771906e-09   0.3856   0.0019       73
features.10                        7    -0.269251 3.668410e-08 9.551024e-09   0.4067   0.0515      137
features.16                      915    -0.269237 3.174416e-07 3.565736e-09   0.3880   0.0080      329
features.10                        3    -0.269127 3.480606e-08 6.101515e-10   0.3859   0.0033      137
features.16                      952    -0.268800 3.154351e-07 1.662064e-09   0.3856   0.0037      329
features.17                      225    -0.268748 4.083140e-07 1.168422e-09   0.3862   0.0052      489
features.17                      353    -0.268732 4.064851e-07 2.746040e-10   0.3844   0.0012      489
features.14                      167    -0.268234 2.561030e-07 6.225855e-10   0.3849   0.0039      265
features.16                      344    -0.268211 3.215304e-07 1.030097e-08   0.3930   0.0231      329
features.7                       185    -0.268099 3.358115e-07 1.302912e-08   0.4009   0.0417      105
features.15                       37    -0.267824 2.467112e-07 2.193410e-09   0.3854   0.0066      329
features.17                      309    -0.267640 4.053536e-07 5.309468e-10   0.3834   0.0024      489
features.7                       186    -0.267435 3.587560e-07 3.369598e-08   0.4283   0.1078      105
features.14                      124    -0.267187 2.551899e-07 6.683977e-10   0.3835   0.0042      265
features.5                        25    -0.267038 2.406887e-08 9.374926e-07   0.5144   0.3100       73
features.16                      880    -0.267015 3.160571e-07 5.110546e-09   0.3864   0.0114      329
features.15                      378    -0.267009 2.445386e-07 4.691457e-10   0.3820   0.0014      329
features.15                      315    -0.266966 2.448315e-07 8.702969e-10   0.3825   0.0026      329
features.17                      889    -0.266807 4.070968e-07 2.018272e-09   0.3850   0.0090      489
features.6                       122    -0.266656 1.701976e-08 1.752258e-08   0.3834   0.0058       73
features.9                       242    -0.266447 4.720525e-08 2.724848e-09   0.3898   0.0214      137
features.10                      111    -0.266382 3.681079e-08 1.193436e-08   0.4081   0.0643      137
features.13                       59    -0.266312 4.752661e-08 1.771327e-09   0.3834   0.0069      201
features.12                      390    -0.266194 3.982911e-08 2.978682e-10   0.3807   0.0009      201
features.8                       159    -0.266160 5.345058e-08 8.039753e-10   0.3807   0.0012      137
features.11                       59    -0.266142 1.025938e-07 3.235982e-08   0.3928   0.0294      169
features.10                      121    -0.266079 3.768561e-08 1.632205e-08   0.4178   0.0879      137
features.11                      286    -0.265764 9.973257e-08 5.578747e-09   0.3818   0.0051      169
features.14                      356    -0.265723 2.756565e-07 1.283026e-08   0.4143   0.0809      265
features.16                      174    -0.265407 3.133951e-07 4.113346e-09   0.3831   0.0092      329
features.14                      272    -0.265391 2.538048e-07 8.474215e-10   0.3814   0.0053      265
features.13                      316    -0.265314 4.710678e-08 6.024700e-10   0.3800   0.0024      201
features.12                      454    -0.264920 4.082186e-08 8.659652e-09   0.3902   0.0273      201
features.12                      571    -0.264912 3.993233e-08 2.380948e-09   0.3817   0.0075      201
features.12                      151    -0.264683 4.460567e-08 3.565388e-08   0.4263   0.1125      201
features.13                      141    -0.264428 5.042741e-08 1.732866e-08   0.4068   0.0678      201
features.17                      865    -0.264214 3.999050e-07 3.957408e-10   0.3782   0.0018      489
features.14                      440    -0.263981 2.604474e-07 5.289011e-09   0.3914   0.0333      265
features.12                      543    -0.263889 4.012398e-08 4.816712e-09   0.3835   0.0152      201
features.12                      333    -0.263780 4.305501e-08 2.564744e-08   0.4115   0.0809      201
features.10                      255    -0.263604 4.075665e-08 3.259853e-08   0.4518   0.1756      137
features.17                      435    -0.263564 3.991821e-07 5.239684e-10   0.3775   0.0023      489
features.9                       217    -0.263205 4.586200e-08 8.081197e-10   0.3787   0.0064      137
features.11                       68    -0.263052 1.003642e-07 2.175937e-08   0.3843   0.0197      169
features.16                       58    -0.262919 3.155295e-07 1.053386e-08   0.3857   0.0236      329
features.17                      584    -0.262601 3.971787e-07 2.517639e-10   0.3756   0.0011      489
features.13                      366    -0.262552 4.658586e-08 4.488511e-10   0.3758   0.0018      201
features.16                      265    -0.262539 3.108127e-07 5.093244e-09   0.3799   0.0114      329
features.12                      184    -0.262481 3.970014e-08 3.308358e-09   0.3794   0.0104      201
features.5                        96    -0.262468 1.770477e-08 2.401025e-08   0.3784   0.0079       73
features.15                      426    -0.262083 2.405177e-07 1.053748e-09   0.3758   0.0032      329
features.12                       47    -0.262075 4.232541e-08 2.229206e-08   0.4045   0.0703      201
features.10                      199    -0.262067 3.395241e-08 8.791984e-10   0.3764   0.0047      137
features.14                      545    -0.262042 2.527637e-07 2.039658e-09   0.3799   0.0129      265
features.10                      167    -0.261925 3.401864e-08 1.285304e-09   0.3771   0.0069      137
