================================================================================
Channel Pruning Log
  dataset    : UTKFace
  impt_type  : 2
  seed       : 42
  iteration  : 8
  alpha      : 0.3000
  norm       : max
  timestamp  : 2026-09-09 23:15:21
  remove_target  : 37241
  accum_removed  : 37564
  selected_channels : 164
  gamma             : 0.0050
  cap_multiplier    : None
  remove_target_met : yes
  total_params   : 2192320
  active_after   : 1865088
  model_sparsity : 14.9%
================================================================================

[ 레이어별 채널 제거 비율 ]
  layer                total_ch  this_iter    cumul  cumul_%
  ----------------------------------------------------------
  features.1                 32          2       22    68.8%
  features.2                 96          7       42    43.8%
  features.3                144          1       21    14.6%
  features.4                144          6       72    50.0%
  features.5                192          5       16     8.3%
  features.6                192          6       42    21.9%
  features.7                192          0       28    14.6%
  features.8                384          8       63    16.4%
  features.9                384         11       98    25.5%
  features.10               384         12       70    18.2%
  features.11               384          9      142    37.0%
  features.12               576         19      114    19.8%
  features.13               576         14      104    18.1%
  features.14               576         24      208    36.1%
  features.15               960         10      196    20.4%
  features.16               960          5      137    14.3%
  features.17               960         25       97    10.1%

[ 레이어별 보호 영역 (γ=0.0050) ]
  layer                  active  protected  protect_%
  --------------------------------------------------
  features.1                 12          1       8.3%
  features.2                 61          1       1.6%
  features.3                124          1       0.8%
  features.4                 78          1       1.3%
  features.5                181          1       0.6%
  features.6                156          1       0.6%
  features.7                164          1       0.6%
  features.8                329          2       0.6%
  features.9                297          2       0.7%
  features.10               326          2       0.6%
  features.11               251          2       0.8%
  features.12               481          3       0.6%
  features.13               486          3       0.6%
  features.14               392          2       0.5%
  features.15               774          4       0.5%
  features.16               828          5       0.6%
  features.17               888          5       0.6%

[ 블록별 제거 채널 수 ]
  features.1: 2채널 제거
  features.10: 12채널 제거
  features.11: 9채널 제거
  features.12: 19채널 제거
  features.13: 14채널 제거
  features.14: 24채널 제거
  features.15: 10채널 제거
  features.16: 5채널 제거
  features.17: 25채널 제거
  features.2: 7채널 제거
  features.3: 1채널 제거
  features.4: 6채널 제거
  features.5: 5채널 제거
  features.6: 6채널 제거
  features.8: 8채널 제거
  features.9: 11채널 제거

[ 선택된 채널 상세 ]
  (phi/perf: raw, phi_n/perf_n: 정규화 후 값 — score = α·perf_n − (1−α)·phi_n)
block                             ch        score          phi         perf    phi_n   perf_n  weights
----------------------------------------------------------------------------------------------------
features.15                      676    -0.699540 1.462603e-06 8.559625e-08   1.0000   0.0015      329
features.6                        85    -0.699315 2.112179e-07 1.885039e-06   1.0000   0.0023       73
features.12                      270    -0.699131 4.266683e-07 1.107115e-07   1.0000   0.0029      201
features.1                        31    -0.698998 3.783739e-07 5.677239e-03   1.0000   0.0033       25
features.2                        50    -0.697773 1.120376e-06 2.879243e-05   1.0000   0.0074       49
features.10                      334    -0.697477 7.024589e-07 1.525851e-07   1.0000   0.0084      137
features.9                       224    -0.693884 6.023703e-07 9.058144e-07   1.0000   0.0204      137
features.14                        4    -0.689668 2.253248e-06 7.838324e-07   1.0000   0.0344      265
features.6                       156    -0.676349 2.041699e-07 8.017709e-07   0.9666   0.0010       73
features.17                       71    -0.671607 1.568028e-06 2.874691e-07   1.0000   0.0946      489
features.4                        70    -0.670880 2.282561e-06 3.576096e-05   1.0000   0.0971       65
features.14                      207    -0.667753 2.204994e-06 1.309119e-06   0.9786   0.0575      265
features.13                      411    -0.666965 3.638067e-07 4.528331e-07   0.9566   0.0087      201
features.2                        75    -0.666411 1.089573e-06 1.854460e-04   0.9725   0.0478       49
features.11                      129    -0.666292 1.018965e-06 9.928212e-06   1.0000   0.1124      169
features.13                      124    -0.662704 3.803298e-07 6.439850e-06   1.0000   0.1243      201
features.13                      396    -0.657239 3.581899e-07 3.471818e-07   0.9418   0.0067      201
features.4                        27    -0.640363 2.176783e-06 3.339983e-05   0.9537   0.0907       65
features.17                      753    -0.635040 1.550580e-06 5.788486e-07   0.9889   0.1906      489
features.5                       167    -0.634768 5.169464e-07 2.738904e-05   1.0000   0.2174       73
features.14                       76    -0.631625 2.078484e-06 1.068372e-06   0.9224   0.0469      265
features.8                        39    -0.630431 6.254057e-07 2.547777e-07   0.9025   0.0044      137
features.12                      234    -0.597104 3.657647e-07 3.796320e-07   0.8573   0.0099      201
features.12                      101    -0.586263 3.582348e-07 1.865869e-07   0.8396   0.0049      201
features.3                       110    -0.585964 3.867568e-07 1.870223e-03   1.0000   0.3801       57
features.11                      244    -0.579786 8.533066e-07 1.888226e-06   0.8374   0.0214      169
features.12                      362    -0.579105 3.540472e-07 2.232986e-07   0.8298   0.0058      201
features.17                      725    -0.578674 1.338266e-06 1.898949e-07   0.8535   0.0625      489
features.10                      335    -0.574507 5.882596e-07 7.075048e-07   0.8374   0.0390      137
features.2                        37    -0.573820 9.229200e-07 3.634586e-05   0.8238   0.0094       49
features.17                      681    -0.556153 1.368533e-06 5.547265e-07   0.8728   0.1826      489
features.11                      113    -0.544021 8.088770e-07 3.432436e-06   0.7938   0.0388      169
features.14                      137    -0.542359 1.918304e-06 4.065408e-06   0.8514   0.1786      265
features.15                      148    -0.535828 1.120847e-06 1.130503e-07   0.7663   0.0020      329
features.17                      301    -0.535118 1.208395e-06 4.387956e-08   0.7706   0.0144      489
features.12                      434    -0.522906 3.214611e-07 5.726594e-07   0.7534   0.0150      201
features.14                      289    -0.522346 1.695054e-06 3.219811e-07   0.7523   0.0141      265
features.10                      345    -0.516252 5.197186e-07 9.960375e-08   0.7399   0.0055      137
features.17                      159    -0.509592 1.211678e-06 3.171739e-07   0.7727   0.1044      489
features.9                       338    -0.502073 5.001945e-07 1.173161e-05   0.8304   0.2640      137
features.13                      243    -0.501999 2.730384e-07 9.138639e-08   0.7179   0.0018      201
features.17                      740    -0.500947 1.143314e-06 9.569496e-08   0.7291   0.0315      489
features.14                      110    -0.494312 1.602052e-06 2.568439e-07   0.7110   0.0113      265
features.11                      122    -0.490109 7.299540e-07 3.342470e-06   0.7164   0.0378      169
features.17                      834    -0.489788 1.118342e-06 9.580980e-08   0.7132   0.0315      489
features.10                      337    -0.488669 4.936298e-07 1.955603e-07   0.7027   0.0108      137
features.13                      289    -0.485564 2.655253e-07 5.414684e-07   0.6981   0.0105      201
features.12                      175    -0.484781 2.961363e-07 1.358494e-07   0.6941   0.0035      201
features.8                       306    -0.483407 5.118150e-07 6.512707e-06   0.7386   0.1120      137
features.12                      241    -0.482216 2.946792e-07 1.580807e-07   0.6907   0.0041      201
features.2                        41    -0.481885 7.835009e-07 9.876449e-05   0.6993   0.0255       49
features.5                        40    -0.480196 3.593519e-07 2.688889e-06   0.6951   0.0213       73
features.14                      172    -0.477290 1.561229e-06 5.860939e-07   0.6929   0.0258      265
features.13                      165    -0.476957 2.599876e-07 2.678728e-07   0.6836   0.0052      201
features.12                      236    -0.476327 2.907893e-07 9.527739e-08   0.6815   0.0025      201
features.10                      155    -0.475178 4.814166e-07 2.754685e-07   0.6853   0.0152      137
features.17                       79    -0.474373 1.071709e-06 4.110527e-08   0.6835   0.0135      489
features.17                      445    -0.473879 1.097167e-06 1.611809e-07   0.6997   0.0531      489
features.4                        94    -0.470271 1.608991e-06 2.844594e-05   0.7049   0.0772       65
features.11                       64    -0.469947 7.068194e-07 4.599879e-06   0.6937   0.0521      169
features.2                        70    -0.465527 7.502376e-07 4.154765e-05   0.6696   0.0107       49
features.8                       157    -0.464920 4.646651e-07 8.637448e-07   0.6705   0.0149      137
features.9                        89    -0.463333 4.077963e-07 1.563827e-06   0.6770   0.0352      137
features.8                       153    -0.462698 4.584109e-07 6.971901e-08   0.6615   0.0012      137
features.9                       211    -0.462599 3.990005e-07 1.583216e-07   0.6624   0.0036      137
features.5                        30    -0.460951 3.407113e-07 1.709761e-07   0.6591   0.0014       73
features.14                      140    -0.458690 1.509578e-06 7.798827e-07   0.6700   0.0343      265
features.12                      557    -0.457753 2.810982e-07 4.365448e-07   0.6588   0.0114      201
features.17                      624    -0.456910 1.031996e-06 3.841160e-08   0.6581   0.0126      489
features.13                      310    -0.456800 2.484081e-07 6.837848e-08   0.6531   0.0013      201
features.17                      237    -0.456545 1.040192e-06 7.915457e-08   0.6634   0.0261      489
features.11                      232    -0.456395 7.579392e-07 1.893540e-05   0.7438   0.2143      169
features.12                      112    -0.455928 2.793591e-07 3.052823e-07   0.6547   0.0080      201
features.14                      504    -0.454964 1.485519e-06 4.955127e-07   0.6593   0.0218      265
features.14                       81    -0.454059 1.490798e-06 6.885608e-07   0.6616   0.0303      265
features.4                        34    -0.452492 1.603152e-06 4.808000e-05   0.7023   0.1305       65
features.14                      189    -0.446495 1.515115e-06 1.835526e-06   0.6724   0.0806      265
features.9                       177    -0.440643 3.802279e-07 1.793084e-07   0.6312   0.0040      137
features.6                        92    -0.440239 1.330230e-07 1.692911e-06   0.6298   0.0020       73
features.17                      401    -0.438051 9.959368e-07 6.637765e-08   0.6352   0.0219      489
features.16                       72    -0.432331 1.216085e-06 5.314482e-08   0.6181   0.0011      329
features.14                      260    -0.431774 1.418008e-06 6.636702e-07   0.6293   0.0292      265
features.17                      526    -0.431475 9.775413e-07 4.980631e-08   0.6234   0.0164      489
features.9                       183    -0.429002 3.699348e-07 1.318134e-07   0.6141   0.0030      137
features.10                      220    -0.428026 4.566514e-07 1.635240e-06   0.6501   0.0901      137
features.8                       298    -0.426076 4.237111e-07 3.742068e-07   0.6114   0.0064      137
features.13                      572    -0.424985 2.314401e-07 1.695088e-07   0.6085   0.0033      201
features.6                       186    -0.424951 1.288578e-07 5.801849e-06   0.6101   0.0070       73
features.14                      448    -0.423286 1.388126e-06 6.033158e-07   0.6161   0.0265      265
features.14                      523    -0.421530 1.370947e-06 3.316968e-07   0.6084   0.0146      265
features.4                       141    -0.420804 1.458501e-06 3.251751e-05   0.6390   0.0883       65
features.15                      181    -0.420519 8.810286e-07 2.121257e-07   0.6024   0.0038      329
features.17                      759    -0.419763 9.668361e-07 1.200080e-07   0.6166   0.0395      489
features.13                      326    -0.417469 2.273906e-07 1.802188e-07   0.5979   0.0035      201
features.12                      161    -0.413720 2.595866e-07 1.551795e-06   0.6084   0.0405      201
features.12                      313    -0.410913 2.543336e-07 8.102808e-07   0.5961   0.0212      201
features.16                       41    -0.407592 1.147161e-06 8.869157e-08   0.5830   0.0018      329
features.8                       160    -0.404948 4.013332e-07 8.792964e-08   0.5791   0.0015      137
features.12                        3    -0.404424 2.473742e-07 1.814186e-07   0.5798   0.0047      201
features.14                      326    -0.403683 1.370358e-06 1.671749e-06   0.6082   0.0735      265
features.17                      423    -0.401812 9.565472e-07 2.552563e-07   0.6100   0.0840      489
features.15                      488    -0.401478 8.418515e-07 2.662680e-07   0.5756   0.0048      329
features.15                      615    -0.399517 8.361096e-07 1.198206e-07   0.5717   0.0021      329
features.12                      387    -0.396451 2.420423e-07 8.264067e-08   0.5673   0.0022      201
features.15                      783    -0.395899 8.276264e-07 3.760749e-08   0.5659   0.0007      329
features.12                      186    -0.394409 2.409876e-07 1.223891e-07   0.5648   0.0032      201
features.8                        21    -0.393397 3.901837e-07 1.438580e-07   0.5631   0.0025      137
features.14                      323    -0.392960 1.300740e-06 8.444863e-07   0.5773   0.0371      265
features.9                       274    -0.391343 3.393160e-07 4.395273e-07   0.5633   0.0099      137
features.12                      516    -0.391202 2.386862e-07 4.975116e-08   0.5594   0.0013      201
features.13                      302    -0.390023 2.126822e-07 2.450351e-07   0.5592   0.0047      201
features.16                      565    -0.389242 1.095251e-06 6.926271e-08   0.5567   0.0014      329
features.10                      212    -0.388084 3.915553e-07 1.270757e-07   0.5574   0.0070      137
features.11                      162    -0.387971 5.754970e-07 2.173328e-06   0.5648   0.0246      169
features.14                       82    -0.387454 1.258118e-06 2.576925e-07   0.5584   0.0113      265
features.6                        44    -0.387200 1.170157e-07 1.664427e-06   0.5540   0.0020       73
features.13                      293    -0.386892 2.113131e-07 3.505423e-07   0.5556   0.0068      201
features.17                      935    -0.385516 8.940774e-07 1.378846e-07   0.5702   0.0454      489
features.2                        84    -0.384929 6.186019e-07 2.026242e-05   0.5521   0.0052       49
features.12                      278    -0.384191 2.366093e-07 5.096426e-07   0.5545   0.0133      201
features.14                       11    -0.383085 1.250904e-06 4.190700e-07   0.5552   0.0184      265
features.4                        76    -0.381876 1.271661e-06 9.958027e-06   0.5571   0.0270       65
features.6                       129    -0.380025 1.157769e-07 1.015637e-05   0.5481   0.0122       73
features.14                      301    -0.379103 1.250926e-06 7.217193e-07   0.5552   0.0317      265
features.1                         1    -0.378529 2.071740e-07 2.694205e-02   0.5475   0.0158       25
features.17                      157    -0.377799 1.039046e-06 8.712867e-07   0.6626   0.2868      489
features.15                      360    -0.377358 7.901036e-07 1.459863e-07   0.5402   0.0026      329
features.11                      357    -0.376542 5.494809e-07 2.754002e-07   0.5393   0.0031      169
features.9                       150    -0.374762 3.240517e-07 2.681260e-07   0.5380   0.0060      137
features.10                       52    -0.374430 3.998912e-07 1.455847e-06   0.5693   0.0802      137
features.17                      928    -0.374189 8.403210e-07 9.590821e-09   0.5359   0.0032      489
features.16                      311    -0.372978 1.057335e-06 5.223983e-07   0.5374   0.0107      329
features.2                        76    -0.372254 5.969572e-07 9.294376e-06   0.5328   0.0024       49
features.16                       20    -0.371499 1.045294e-06 6.427214e-08   0.5313   0.0013      329
features.10                      310    -0.370849 3.738014e-07 9.940697e-08   0.5321   0.0055      137
features.12                      360    -0.370266 2.266589e-07 2.033915e-07   0.5312   0.0053      201
features.14                       98    -0.369237 1.254005e-06 1.542754e-06   0.5565   0.0678      265
features.10                      331    -0.368498 3.746534e-07 2.930472e-07   0.5333   0.0161      137
features.13                      542    -0.368102 2.031382e-07 9.971309e-07   0.5341   0.0192      201
features.17                      142    -0.366305 8.365573e-07 7.241006e-08   0.5335   0.0238      489
features.9                       217    -0.366109 3.154957e-07 7.705447e-08   0.5238   0.0017      137
features.15                      874    -0.366085 7.660825e-07 1.042856e-07   0.5238   0.0019      329
features.5                       186    -0.364740 2.944399e-07 1.426009e-05   0.5696   0.1132       73
features.9                       194    -0.363797 3.255195e-07 2.145312e-06   0.5404   0.0483      137
features.15                      699    -0.363519 7.608048e-07 1.118702e-07   0.5202   0.0020      329
features.13                      453    -0.362396 1.979682e-07 3.392684e-07   0.5205   0.0065      201
features.15                      794    -0.361952 7.584026e-07 1.894886e-07   0.5185   0.0034      329
features.9                       139    -0.361678 3.121265e-07 1.534499e-07   0.5182   0.0035      137
features.8                        33    -0.359196 3.563056e-07 1.398313e-07   0.5142   0.0024      137
features.14                      212    -0.358777 1.169960e-06 3.554800e-07   0.5192   0.0156      265
features.10                      134    -0.358613 3.779619e-07 1.090628e-06   0.5381   0.0601      137
features.10                      358    -0.358460 3.612626e-07 9.305622e-08   0.5143   0.0051      137
features.17                      860    -0.357591 8.208385e-07 8.959136e-08   0.5235   0.0295      489
features.14                      514    -0.357087 1.197301e-06 1.128092e-06   0.5314   0.0496      265
features.11                      273    -0.356947 6.987887e-07 3.625834e-05   0.6858   0.4103      169
features.12                      364    -0.356674 2.190202e-07 3.386027e-07   0.5133   0.0088      201
features.17                      294    -0.355733 8.065339e-07 4.374311e-08   0.5144   0.0144      489
features.17                      607    -0.355617 8.392523e-07 1.927989e-07   0.5352   0.0635      489
features.13                      484    -0.355344 1.946499e-07 5.024805e-07   0.5118   0.0097      201
features.5                        29    -0.355285 2.815585e-07 1.090602e-05   0.5447   0.0866       73
features.17                      481    -0.354970 9.832933e-07 8.504255e-07   0.6271   0.2800      489
features.14                      114    -0.353788 1.195298e-06 1.331141e-06   0.5305   0.0585      265
features.14                      113    -0.353578 1.154899e-06 3.949695e-07   0.5125   0.0174      265
features.17                      694    -0.353556 8.036248e-07 5.263914e-08   0.5125   0.0173      489
