================================================================================
Channel Pruning Log
  dataset    : UTKFace
  impt_type  : 2
  seed       : 42
  iteration  : 18
  alpha      : 0.3000
  norm       : max
  timestamp  : 2026-09-09 23:50:37
  remove_target  : 28876
  accum_removed  : 28897
  selected_channels : 145
  gamma             : 0.0050
  cap_multiplier    : None
  remove_target_met : yes
  total_params   : 2192320
  active_after   : 1539158
  model_sparsity : 29.8%
================================================================================

[ 레이어별 채널 제거 비율 ]
  layer                total_ch  this_iter    cumul  cumul_%
  ----------------------------------------------------------
  features.1                 32          0       24    75.0%
  features.2                 96          4       84    87.5%
  features.3                144          2       79    54.9%
  features.4                144          3      111    77.1%
  features.5                192         11      119    62.0%
  features.6                192          0       90    46.9%
  features.7                192         12      146    76.0%
  features.8                384          0       89    23.2%
  features.9                384          5      249    64.8%
  features.10               384          8      182    47.4%
  features.11               384         15      317    82.6%
  features.12               576          7      199    34.5%
  features.13               576         30      283    49.1%
  features.14               576         19      422    73.3%
  features.15               960          7      298    31.0%
  features.16               960         22      272    28.3%
  features.17               960          0      174    18.1%

[ 레이어별 보호 영역 (γ=0.0050) ]
  layer                  active  protected  protect_%
  --------------------------------------------------
  features.1                  8          1      12.5%
  features.2                 16          1       6.2%
  features.3                 67          1       1.5%
  features.4                 36          1       2.8%
  features.5                 84          1       1.2%
  features.6                102          1       1.0%
  features.7                 58          1       1.7%
  features.8                295          2       0.7%
  features.9                140          1       0.7%
  features.10               210          2       1.0%
  features.11                82          1       1.2%
  features.12               384          2       0.5%
  features.13               323          2       0.6%
  features.14               173          1       0.6%
  features.15               669          4       0.6%
  features.16               710          4       0.6%
  features.17               786          4       0.5%

[ 블록별 제거 채널 수 ]
  features.10: 8채널 제거
  features.11: 15채널 제거
  features.12: 7채널 제거
  features.13: 30채널 제거
  features.14: 19채널 제거
  features.15: 7채널 제거
  features.16: 22채널 제거
  features.2: 4채널 제거
  features.3: 2채널 제거
  features.4: 3채널 제거
  features.5: 11채널 제거
  features.7: 12채널 제거
  features.9: 5채널 제거

[ 선택된 채널 상세 ]
  (phi/perf: raw, phi_n/perf_n: 정규화 후 값 — score = α·perf_n − (1−α)·phi_n)
block                             ch        score          phi         perf    phi_n   perf_n  weights
----------------------------------------------------------------------------------------------------
features.15                      335    -0.699547 1.284205e-06 3.672177e-07   1.0000   0.0015      329
features.13                      157    -0.698358 2.034335e-07 3.822866e-07   1.0000   0.0055      201
features.9                       363    -0.696270 4.698626e-07 1.647482e-06   1.0000   0.0124      137
features.12                      531    -0.695875 3.680306e-07 9.020946e-07   1.0000   0.0137      201
features.11                      187    -0.694054 8.259742e-07 2.374313e-05   1.0000   0.0198      169
features.16                      518    -0.692472 1.259276e-06 3.450477e-06   1.0000   0.0251      329
features.16                      337    -0.686648 1.237294e-06 5.189308e-07   0.9825   0.0038      329
features.3                       116    -0.682677 1.239553e-07 1.894262e-04   1.0000   0.0577       57
features.2                        49    -0.681950 4.202003e-07 3.120114e-02   1.0000   0.0602       49
features.7                       130    -0.680822 5.146966e-06 2.291869e-05   1.0000   0.0639      105
features.5                        89    -0.679291 8.385172e-08 3.242517e-05   0.9941   0.0554       73
features.11                      241    -0.677061 8.136345e-07 4.984575e-05   0.9851   0.0416      169
features.5                       175    -0.676381 8.434510e-08 4.610270e-05   1.0000   0.0787       73
features.11                      245    -0.673990 8.104495e-07 5.132694e-05   0.9812   0.0428      169
features.14                      357    -0.657955 3.974932e-06 6.014473e-06   1.0000   0.1401      265
features.14                      221    -0.656760 3.947772e-06 5.501255e-06   0.9932   0.1282      265
features.11                       52    -0.653768 7.749389e-07 1.190172e-05   0.9382   0.0099      169
features.13                      434    -0.653145 1.906803e-07 6.927112e-07   0.9373   0.0099      201
features.11                      209    -0.639831 7.737225e-07 6.344193e-05   0.9367   0.0530      169
features.13                      551    -0.639642 1.876171e-07 1.383895e-06   0.9222   0.0198      201
features.14                      442    -0.637074 3.668445e-06 1.280557e-06   0.9229   0.0298      265
features.15                      652    -0.633290 1.162587e-06 3.384791e-07   0.9053   0.0014      329
features.16                      716    -0.633015 1.140248e-06 3.759733e-07   0.9055   0.0027      329
features.13                      545    -0.626158 1.839818e-07 1.611574e-06   0.9044   0.0230      201
features.13                      213    -0.614569 1.807311e-07 1.705615e-06   0.8884   0.0244      201
features.5                        27    -0.612813 7.403040e-08 3.077068e-06   0.8777   0.0053       73
features.14                      160    -0.601752 3.451513e-06 8.685296e-07   0.8683   0.0202      265
features.3                        37    -0.591818 1.076355e-07 1.751872e-04   0.8683   0.0534       57
features.16                      253    -0.587614 1.057611e-06 1.307767e-07   0.8399   0.0010      329
features.13                       71    -0.585168 1.710268e-07 7.745314e-07   0.8407   0.0111      201
features.13                      566    -0.584850 1.718148e-07 1.481500e-06   0.8446   0.0212      201
features.7                        36    -0.579213 4.971573e-06 1.158428e-04   0.9659   0.3231      105
features.7                       105    -0.573748 4.319406e-06 1.637447e-05   0.8392   0.0457      105
features.14                      132    -0.570634 3.270635e-06 7.634150e-07   0.8228   0.0178      265
features.11                      353    -0.562937 7.715596e-07 3.632183e-04   0.9341   0.3032      169
features.2                        13    -0.556947 3.354999e-07 3.374125e-03   0.7984   0.0065       49
features.16                      387    -0.555752 1.000646e-06 2.209967e-07   0.7946   0.0016      329
features.13                       55    -0.552365 1.774062e-07 1.354956e-05   0.8721   0.1936      201
features.13                      450    -0.552006 1.623902e-07 1.578155e-06   0.7982   0.0225      201
features.5                        71    -0.550223 6.702830e-08 1.182112e-05   0.7947   0.0202       73
features.5                         2    -0.538425 7.029101e-08 8.773207e-05   0.8334   0.1498       73
features.16                      129    -0.534698 9.683457e-07 1.641173e-06   0.7690   0.0119      329
features.5                       107    -0.528615 6.479332e-08 1.779567e-05   0.7682   0.0304       73
features.7                         6    -0.525402 4.127859e-06 4.301951e-05   0.8020   0.1200      105
features.15                      672    -0.522561 9.593741e-07 3.072568e-07   0.7471   0.0013      329
features.10                      160    -0.519357 2.993846e-07 8.134014e-07   0.7450   0.0072      137
features.13                      138    -0.515641 1.509151e-07 8.501443e-07   0.7418   0.0121      201
features.10                      235    -0.512057 3.296846e-07 2.352396e-05   0.8204   0.2074      137
features.10                      360    -0.510307 2.938136e-07 5.662263e-07   0.7311   0.0050      137
features.16                      264    -0.498671 9.091630e-07 3.075283e-06   0.7220   0.0224      329
features.16                      511    -0.498405 8.970487e-07 1.107428e-07   0.7124   0.0008      329
features.14                      158    -0.496108 2.877092e-06 1.510399e-06   0.7238   0.0352      265
features.5                        37    -0.494386 6.022793e-08 1.064892e-05   0.7141   0.0182       73
features.14                      453    -0.493806 2.832412e-06 7.141304e-07   0.7126   0.0166      265
features.4                       114    -0.493479 8.430113e-07 7.290141e-04   0.8487   0.3354       65
features.4                        62    -0.493477 9.932661e-07 1.496163e-03   1.0000   0.6884       65
features.13                      452    -0.492667 1.436304e-07 3.622242e-07   0.7060   0.0052      201
features.16                      760    -0.491481 8.845929e-07 1.109974e-07   0.7025   0.0008      329
features.13                      200    -0.491120 1.433945e-07 5.337961e-07   0.7049   0.0076      201
features.11                      320    -0.487372 5.849412e-07 3.337046e-05   0.7082   0.0279      169
features.14                      479    -0.487289 2.943324e-06 4.440317e-06   0.7405   0.1035      265
features.13                      253    -0.486880 1.432465e-07 1.404159e-06   0.7041   0.0201      201
features.2                        16    -0.483178 2.906317e-07 1.688066e-03   0.6916   0.0033       49
features.13                      427    -0.482614 1.423607e-07 1.688282e-06   0.6998   0.0241      201
features.13                      461    -0.481474 1.404773e-07 4.422566e-07   0.6905   0.0063      201
features.4                        95    -0.480975 7.698521e-07 4.460806e-04   0.7751   0.2052       65
features.16                       77    -0.480428 8.666673e-07 6.095948e-07   0.6882   0.0044      329
features.12                      540    -0.478742 2.620721e-07 4.315037e-06   0.7121   0.0657      201
features.11                      344    -0.475740 5.631539e-07 6.084334e-06   0.6818   0.0051      169
features.12                        0    -0.474768 2.539952e-07 1.823213e-06   0.6901   0.0278      201
features.16                      186    -0.473864 8.535103e-07 2.661575e-07   0.6778   0.0019      329
features.13                      304    -0.473451 1.381956e-07 4.824929e-07   0.6793   0.0069      201
features.13                      381    -0.470426 1.376558e-07 7.548937e-07   0.6767   0.0108      201
features.2                        23    -0.464610 4.071460e-07 3.693406e-01   0.9689   0.7121       49
features.5                        76    -0.463311 5.724909e-08 2.305516e-05   0.6787   0.0394       73
features.14                      352    -0.459964 2.720005e-06 2.723406e-06   0.6843   0.0635      265
features.5                       173    -0.459014 5.652771e-08 1.975523e-05   0.6702   0.0337       73
features.11                      272    -0.454747 5.387408e-07 7.297088e-06   0.6522   0.0061      169
features.15                      745    -0.453659 8.365929e-07 1.910778e-06   0.6514   0.0078      329
features.7                       186    -0.452383 4.595521e-06 2.062934e-04   0.8929   0.5754      105
features.7                       166    -0.451816 3.455692e-06 2.171049e-05   0.6714   0.0606      105
features.7                        13    -0.451633 3.457609e-06 2.224120e-05   0.6718   0.0620      105
features.5                       184    -0.451328 5.517211e-08 1.279477e-05   0.6541   0.0218       73
features.11                       85    -0.446899 5.294562e-07 7.211748e-06   0.6410   0.0060      169
features.16                      609    -0.441904 8.013131e-07 1.615928e-06   0.6363   0.0118      329
features.16                      741    -0.439995 7.918859e-07 8.926101e-08   0.6288   0.0006      329
features.9                        57    -0.439019 3.119079e-07 1.133824e-05   0.6638   0.0855      137
features.16                      126    -0.435796 7.843466e-07 9.278491e-08   0.6229   0.0007      329
features.16                       57    -0.434903 7.836128e-07 3.151489e-07   0.6223   0.0023      329
features.7                       154    -0.434640 3.339999e-06 2.343272e-05   0.6489   0.0654      105
features.16                       31    -0.433487 7.865023e-07 1.700185e-06   0.6246   0.0124      329
features.10                       27    -0.433158 2.492683e-07 3.975304e-07   0.6203   0.0035      137
features.16                       68    -0.432362 7.821091e-07 1.096629e-06   0.6211   0.0080      329
features.13                      306    -0.429745 1.311552e-07 5.027518e-06   0.6447   0.0718      201
features.12                       55    -0.428541 2.388741e-07 5.644897e-06   0.6491   0.0860      201
features.15                      517    -0.425976 7.818679e-07 1.681272e-07   0.6088   0.0007      329
features.5                       128    -0.425910 5.209531e-08 1.256749e-05   0.6176   0.0215       73
features.14                      164    -0.425784 2.443754e-06 6.537270e-07   0.6148   0.0152      265
features.16                      336    -0.422309 7.601825e-07 1.180367e-07   0.6037   0.0009      329
features.11                      228    -0.422017 4.997951e-07 6.195516e-06   0.6051   0.0052      169
features.13                      422    -0.421328 1.228120e-07 2.933658e-07   0.6037   0.0042      201
features.14                      248    -0.417106 2.597288e-06 5.762810e-06   0.6534   0.1343      265
features.16                      295    -0.417026 7.517712e-07 3.962602e-07   0.5970   0.0029      329
features.7                        16    -0.416094 3.093390e-06 5.514147e-06   0.6010   0.0154      105
features.9                       126    -0.413336 2.834966e-07 3.983793e-06   0.6034   0.0301      137
features.11                      180    -0.412101 4.924435e-07 2.091476e-05   0.5962   0.0175      169
features.14                       34    -0.409528 2.351155e-06 6.463348e-07   0.5915   0.0151      265
features.16                      640    -0.408337 7.353744e-07 2.011465e-07   0.5840   0.0015      329
features.7                        32    -0.406951 3.096080e-06 1.687839e-05   0.6015   0.0471      105
features.13                      312    -0.406293 1.187889e-07 5.712993e-07   0.5839   0.0082      201
features.11                       65    -0.406255 4.936211e-07 4.824686e-05   0.5976   0.0403      169
features.14                      574    -0.401863 2.299489e-06 4.413353e-07   0.5785   0.0103      265
features.11                       15    -0.400830 4.784814e-07 1.867212e-05   0.5793   0.0156      169
features.13                      479    -0.398288 1.159791e-07 1.834135e-07   0.5701   0.0026      201
features.7                       114    -0.397331 3.219041e-06 4.836081e-05   0.6254   0.1349      105
features.14                      348    -0.393403 2.258203e-06 6.115454e-07   0.5681   0.0143      265
features.7                        42    -0.393325 2.942712e-06 8.235089e-06   0.5717   0.0230      105
features.13                       54    -0.392154 1.142528e-07 2.285554e-07   0.5616   0.0033      201
features.9                       178    -0.389839 2.625192e-07 5.570554e-07   0.5587   0.0042      137
features.9                       149    -0.389650 2.626596e-07 7.327559e-07   0.5590   0.0055      137
features.13                        2    -0.389214 1.164574e-07 2.684399e-06   0.5725   0.0384      201
features.14                      443    -0.388964 2.229360e-06 5.198992e-07   0.5609   0.0121      265
features.11                      298    -0.388834 4.595864e-07 2.628232e-06   0.5564   0.0022      169
features.14                      331    -0.384215 2.216109e-06 8.653653e-07   0.5575   0.0202      265
features.10                      381    -0.379866 2.198670e-07 1.182617e-06   0.5471   0.0104      137
features.12                      274    -0.379470 2.029179e-07 1.418170e-06   0.5514   0.0216      201
features.16                      786    -0.378198 6.815031e-07 2.900146e-07   0.5412   0.0021      329
features.12                      556    -0.377617 1.996543e-07 4.653749e-07   0.5425   0.0071      201
features.10                      308    -0.377360 2.179563e-07 8.718895e-07   0.5424   0.0077      137
features.14                      358    -0.377079 2.264460e-06 3.104270e-06   0.5697   0.0723      265
features.15                      310    -0.376921 6.929596e-07 6.497614e-07   0.5396   0.0027      329
features.14                      356    -0.376216 2.166531e-06 7.607687e-07   0.5450   0.0177      265
features.13                      146    -0.375620 1.098730e-07 5.699731e-07   0.5401   0.0081      201
features.15                       33    -0.373169 6.860029e-07 6.172716e-07   0.5342   0.0025      329
features.13                      467    -0.373071 1.088617e-07 3.530089e-07   0.5351   0.0050      201
features.10                      139    -0.372165 2.320830e-07 1.213696e-05   0.5775   0.1070      137
features.13                       62    -0.370625 1.079908e-07 2.244315e-07   0.5308   0.0032      201
features.13                      352    -0.370591 1.091817e-07 1.188409e-06   0.5367   0.0170      201
features.10                      304    -0.369073 2.178858e-07 3.957753e-06   0.5422   0.0349      137
features.16                      820    -0.368624 6.643112e-07 2.979101e-07   0.5275   0.0022      329
features.13                      288    -0.368345 1.104747e-07 2.750390e-06   0.5430   0.0393      201
features.13                       93    -0.368153 1.073382e-07 2.772770e-07   0.5276   0.0040      201
features.13                      382    -0.368017 1.103587e-07 2.733831e-06   0.5425   0.0391      201
features.12                      281    -0.367722 1.944298e-07 4.563178e-07   0.5283   0.0070      201
features.14                      299    -0.366539 2.243940e-06 4.095051e-06   0.5645   0.0954      265
