iter,block,ch,status,score,phi_raw,perf_raw,phi_n,perf_n,weights
81,features.1,0,active,0.000000,0.000000e+00,0.000000e+00,0.0000,0.0000,25
81,features.1,1,pruned_before,nan,0.000000e+00,0.000000e+00,0.0000,0.0000,0
81,features.1,2,pruned_before,nan,0.000000e+00,0.000000e+00,0.0000,0.0000,0
81,features.1,3,pruned_before,nan,0.000000e+00,0.000000e+00,0.0000,0.0000,0
81,features.1,4,pruned_before,nan,0.000000e+00,0.000000e+00,0.0000,0.0000,0
81,features.1,5,pruned_before,nan,0.000000e+00,0.000000e+00,0.0000,0.0000,0
81,features.1,6,pruned_before,nan,0.000000e+00,0.000000e+00,0.0000,0.0000,0
81,features.1,7,pruned_before,nan,0.000000e+00,0.000000e+00,0.0000,0.0000,0
81,features.1,8,pruned_before,nan,0.000000e+00,0.000000e+00,0.0000,0.0000,0
81,features.1,9,active,0.000000,0.000000e+00,0.000000e+00,0.0000,0.0000,25
81,features.1,10,pruned_before,nan,0.000000e+00,0.000000e+00,0.0000,0.0000,0
81,features.1,11,protected,-0.400000,5.501460e-06,5.635427e-01,1.0000,1.0000,25
81,features.1,12,pruned_before,nan,0.000000e+00,0.000000e+00,0.0000,0.0000,0
81,features.1,13,pruned_before,nan,0.000000e+00,0.000000e+00,0.0000,0.0000,0
81,features.1,14,active,0.000000,0.000000e+00,0.000000e+00,0.0000,0.0000,25
81,features.1,15,active,0.000000,0.000000e+00,0.000000e+00,0.0000,0.0000,25
81,features.1,16,active,0.000002,8.283986e-15,3.814721e-06,0.0000,0.0000,25
81,features.1,17,active,0.000001,0.000000e+00,1.180253e-06,0.0000,0.0000,25
81,features.1,18,pruned_before,nan,0.000000e+00,0.000000e+00,0.0000,0.0000,0
81,features.1,19,pruned_before,nan,0.000000e+00,0.000000e+00,0.0000,0.0000,0
81,features.1,20,pruned_before,nan,0.000000e+00,0.000000e+00,0.0000,0.0000,0
81,features.1,21,pruned_before,nan,0.000000e+00,0.000000e+00,0.0000,0.0000,0
81,features.1,22,pruned_before,nan,0.000000e+00,0.000000e+00,0.0000,0.0000,0
81,features.1,23,active,0.000000,0.000000e+00,1.650938e-07,0.0000,0.0000,25
81,features.1,24,pruned_before,nan,0.000000e+00,0.000000e+00,0.0000,0.0000,0
81,features.1,25,pruned_before,nan,0.000000e+00,0.000000e+00,0.0000,0.0000,0
81,features.1,26,pruned_before,nan,0.000000e+00,0.000000e+00,0.0000,0.0000,0
81,features.1,27,pruned_before,nan,0.000000e+00,0.000000e+00,0.0000,0.0000,0
81,features.1,28,pruned_before,nan,0.000000e+00,0.000000e+00,0.0000,0.0000,0
81,features.1,29,pruned_before,nan,0.000000e+00,0.000000e+00,0.0000,0.0000,0
81,features.1,30,pruned_before,nan,0.000000e+00,0.000000e+00,0.0000,0.0000,0
81,features.1,31,pruned_before,nan,0.000000e+00,0.000000e+00,0.0000,0.0000,0
81,features.2,0,pruned_before,nan,0.000000e+00,0.000000e+00,0.0000,0.0000,0
81,features.2,1,pruned_before,nan,0.000000e+00,0.000000e+00,0.0000,0.0000,0
81,features.2,2,pruned_before,nan,0.000000e+00,0.000000e+00,0.0000,0.0000,0
81,features.2,3,pruned_before,nan,0.000000e+00,0.000000e+00,0.0000,0.0000,0
81,features.2,4,pruned_before,nan,0.000000e+00,0.000000e+00,0.0000,0.0000,0
81,features.2,5,pruned_before,nan,0.000000e+00,0.000000e+00,0.0000,0.0000,0
81,features.2,6,pruned_before,nan,0.000000e+00,0.000000e+00,0.0000,0.0000,0
81,features.2,7,pruned_before,nan,0.000000e+00,0.000000e+00,0.0000,0.0000,0
81,features.2,8,pruned_before,nan,0.000000e+00,0.000000e+00,0.0000,0.0000,0
81,features.2,9,pruned_before,nan,0.000000e+00,0.000000e+00,0.0000,0.0000,0
81,features.2,10,pruned_before,nan,0.000000e+00,0.000000e+00,0.0000,0.0000,0
81,features.2,11,pruned_before,nan,0.000000e+00,0.000000e+00,0.0000,0.0000,0
81,features.2,12,pruned_before,nan,0.000000e+00,0.000000e+00,0.0000,0.0000,0
81,features.2,13,pruned_before,nan,0.000000e+00,0.000000e+00,0.0000,0.0000,0
81,features.2,14,pruned_before,nan,0.000000e+00,0.000000e+00,0.0000,0.0000,0
81,features.2,15,pruned_before,nan,0.000000e+00,0.000000e+00,0.0000,0.0000,0
81,features.2,16,pruned_before,nan,0.000000e+00,0.000000e+00,0.0000,0.0000,0
81,features.2,17,pruned_before,nan,0.000000e+00,0.000000e+00,0.0000,0.0000,0
81,features.2,18,pruned_before,nan,0.000000e+00,0.000000e+00,0.0000,0.0000,0
81,features.2,19,pruned_before,nan,0.000000e+00,0.000000e+00,0.0000,0.0000,0
81,features.2,20,pruned_before,nan,0.000000e+00,0.000000e+00,0.0000,0.0000,0
81,features.2,21,pruned_before,nan,0.000000e+00,0.000000e+00,0.0000,0.0000,0
81,features.2,22,pruned_before,nan,0.000000e+00,0.000000e+00,0.0000,0.0000,0
81,features.2,23,pruned_before,nan,0.000000e+00,0.000000e+00,0.0000,0.0000,0
81,features.2,24,pruned_before,nan,0.000000e+00,0.000000e+00,0.0000,0.0000,0
81,features.2,25,pruned_before,nan,0.000000e+00,0.000000e+00,0.0000,0.0000,0
81,features.2,26,pruned_before,nan,0.000000e+00,0.000000e+00,0.0000,0.0000,0
81,features.2,27,active,0.000006,0.000000e+00,2.249315e-05,0.0000,0.0000,49
81,features.2,28,pruned_before,nan,0.000000e+00,0.000000e+00,0.0000,0.0000,0
81,features.2,29,pruned_before,nan,0.000000e+00,0.000000e+00,0.0000,0.0000,0
81,features.2,30,pruned_before,nan,0.000000e+00,0.000000e+00,0.0000,0.0000,0
81,features.2,31,pruned_before,nan,0.000000e+00,0.000000e+00,0.0000,0.0000,0
81,features.2,32,pruned_before,nan,0.000000e+00,0.000000e+00,0.0000,0.0000,0
81,features.2,33,pruned_before,nan,0.000000e+00,0.000000e+00,0.0000,0.0000,0
81,features.2,34,pruned_before,nan,0.000000e+00,0.000000e+00,0.0000,0.0000,0
81,features.2,35,pruned_before,nan,0.000000e+00,0.000000e+00,0.0000,0.0000,0
81,features.2,36,pruned_before,nan,0.000000e+00,0.000000e+00,0.0000,0.0000,0
81,features.2,37,pruned_before,nan,0.000000e+00,0.000000e+00,0.0000,0.0000,0
81,features.2,38,pruned_before,nan,0.000000e+00,0.000000e+00,0.0000,0.0000,0
81,features.2,39,pruned_before,nan,0.000000e+00,0.000000e+00,0.0000,0.0000,0
81,features.2,40,pruned_before,nan,0.000000e+00,0.000000e+00,0.0000,0.0000,0
81,features.2,41,pruned_before,nan,0.000000e+00,0.000000e+00,0.0000,0.0000,0
81,features.2,42,pruned_before,nan,0.000000e+00,0.000000e+00,0.0000,0.0000,0
81,features.2,43,pruned_before,nan,0.000000e+00,0.000000e+00,0.0000,0.0000,0
81,features.2,44,pruned_before,nan,0.000000e+00,0.000000e+00,0.0000,0.0000,0
81,features.2,45,pruned_before,nan,0.000000e+00,0.000000e+00,0.0000,0.0000,0
81,features.2,46,pruned_before,nan,0.000000e+00,0.000000e+00,0.0000,0.0000,0
81,features.2,47,pruned_before,nan,0.000000e+00,0.000000e+00,0.0000,0.0000,0
81,features.2,48,pruned_before,nan,0.000000e+00,0.000000e+00,0.0000,0.0000,0
81,features.2,49,pruned_before,nan,0.000000e+00,0.000000e+00,0.0000,0.0000,0
81,features.2,50,pruned_before,nan,0.000000e+00,0.000000e+00,0.0000,0.0000,0
81,features.2,51,pruned_before,nan,0.000000e+00,0.000000e+00,0.0000,0.0000,0
81,features.2,52,pruned_before,nan,0.000000e+00,0.000000e+00,0.0000,0.0000,0
81,features.2,53,pruned_before,nan,0.000000e+00,0.000000e+00,0.0000,0.0000,0
81,features.2,54,pruned_before,nan,0.000000e+00,0.000000e+00,0.0000,0.0000,0
81,features.2,55,active,-0.010518,1.073294e-07,1.068264e-03,0.0154,0.0009,49
81,features.2,56,pruned_before,nan,0.000000e+00,0.000000e+00,0.0000,0.0000,0
81,features.2,57,pruned_before,nan,0.000000e+00,0.000000e+00,0.0000,0.0000,0
81,features.2,58,pruned_before,nan,0.000000e+00,0.000000e+00,0.0000,0.0000,0
81,features.2,59,pruned_before,nan,0.000000e+00,0.000000e+00,0.0000,0.0000,0
81,features.2,60,pruned_before,nan,0.000000e+00,0.000000e+00,0.0000,0.0000,0
81,features.2,61,pruned_before,nan,0.000000e+00,0.000000e+00,0.0000,0.0000,0
81,features.2,62,pruned_before,nan,0.000000e+00,0.000000e+00,0.0000,0.0000,0
81,features.2,63,pruned_before,nan,0.000000e+00,0.000000e+00,0.0000,0.0000,0
81,features.2,64,pruned_before,nan,0.000000e+00,0.000000e+00,0.0000,0.0000,0
81,features.2,65,pruned_before,nan,0.000000e+00,0.000000e+00,0.0000,0.0000,0
81,features.2,66,pruned_before,nan,0.000000e+00,0.000000e+00,0.0000,0.0000,0
81,features.2,67,pruned_before,nan,0.000000e+00,0.000000e+00,0.0000,0.0000,0
81,features.2,68,pruned_before,nan,0.000000e+00,0.000000e+00,0.0000,0.0000,0
81,features.2,69,pruned_before,nan,0.000000e+00,0.000000e+00,0.0000,0.0000,0
81,features.2,70,pruned_before,nan,0.000000e+00,0.000000e+00,0.0000,0.0000,0
81,features.2,71,pruned_before,nan,0.000000e+00,0.000000e+00,0.0000,0.0000,0
81,features.2,72,protected,-0.400000,6.963173e-06,1.178890e+00,1.0000,1.0000,49
81,features.2,73,pruned_before,nan,0.000000e+00,0.000000e+00,0.0000,0.0000,0
81,features.2,74,pruned_before,nan,0.000000e+00,0.000000e+00,0.0000,0.0000,0
81,features.2,75,pruned_before,nan,0.000000e+00,0.000000e+00,0.0000,0.0000,0
81,features.2,76,pruned_before,nan,0.000000e+00,0.000000e+00,0.0000,0.0000,0
81,features.2,77,pruned_before,nan,0.000000e+00,0.000000e+00,0.0000,0.0000,0
81,features.2,78,pruned_before,nan,0.000000e+00,0.000000e+00,0.0000,0.0000,0
81,features.2,79,pruned_before,nan,0.000000e+00,0.000000e+00,0.0000,0.0000,0
81,features.2,80,pruned_before,nan,0.000000e+00,0.000000e+00,0.0000,0.0000,0
81,features.2,81,pruned_before,nan,0.000000e+00,0.000000e+00,0.0000,0.0000,0
81,features.2,82,pruned_before,nan,0.000000e+00,0.000000e+00,0.0000,0.0000,0
81,features.2,83,pruned_before,nan,0.000000e+00,0.000000e+00,0.0000,0.0000,0
81,features.2,84,pruned_before,nan,0.000000e+00,0.000000e+00,0.0000,0.0000,0
81,features.2,85,pruned_before,nan,0.000000e+00,0.000000e+00,0.0000,0.0000,0
81,features.2,86,pruned_before,nan,0.000000e+00,0.000000e+00,0.0000,0.0000,0
81,features.2,87,pruned_before,nan,0.000000e+00,0.000000e+00,0.0000,0.0000,0
81,features.2,88,pruned_before,nan,0.000000e+00,0.000000e+00,0.0000,0.0000,0
81,features.2,89,pruned_before,nan,0.000000e+00,0.000000e+00,0.0000,0.0000,0
81,features.2,90,pruned_before,nan,0.000000e+00,0.000000e+00,0.0000,0.0000,0
81,features.2,91,pruned_before,nan,0.000000e+00,0.000000e+00,0.0000,0.0000,0
81,features.2,92,pruned_before,nan,0.000000e+00,0.000000e+00,0.0000,0.0000,0
81,features.2,93,pruned_before,nan,0.000000e+00,0.000000e+00,0.0000,0.0000,0
81,features.2,94,pruned_before,nan,0.000000e+00,0.000000e+00,0.0000,0.0000,0
81,features.2,95,pruned_before,nan,0.000000e+00,0.000000e+00,0.0000,0.0000,0
81,features.3,0,pruned_before,nan,0.000000e+00,0.000000e+00,0.0000,0.0000,0
81,features.3,1,pruned_before,nan,0.000000e+00,0.000000e+00,0.0000,0.0000,0
81,features.3,2,pruned_before,nan,0.000000e+00,0.000000e+00,0.0000,0.0000,0
81,features.3,3,pruned_before,nan,0.000000e+00,0.000000e+00,0.0000,0.0000,0
81,features.3,4,pruned_before,nan,0.000000e+00,0.000000e+00,0.0000,0.0000,0
81,features.3,5,pruned_before,nan,0.000000e+00,0.000000e+00,0.0000,0.0000,0
81,features.3,6,pruned_before,nan,0.000000e+00,0.000000e+00,0.0000,0.0000,0
81,features.3,7,pruned_before,nan,0.000000e+00,0.000000e+00,0.0000,0.0000,0
81,features.3,8,pruned_before,nan,0.000000e+00,0.000000e+00,0.0000,0.0000,0
81,features.3,9,pruned_before,nan,0.000000e+00,0.000000e+00,0.0000,0.0000,0
81,features.3,10,pruned_before,nan,0.000000e+00,0.000000e+00,0.0000,0.0000,0
81,features.3,11,pruned_before,nan,0.000000e+00,0.000000e+00,0.0000,0.0000,0
81,features.3,12,pruned_before,nan,0.000000e+00,0.000000e+00,0.0000,0.0000,0
81,features.3,13,pruned_before,nan,0.000000e+00,0.000000e+00,0.0000,0.0000,0
81,features.3,14,pruned_before,nan,0.000000e+00,0.000000e+00,0.0000,0.0000,0
81,features.3,15,pruned_before,nan,0.000000e+00,0.000000e+00,0.0000,0.0000,0
81,features.3,16,pruned_before,nan,0.000000e+00,0.000000e+00,0.0000,0.0000,0
81,features.3,17,pruned_before,nan,0.000000e+00,0.000000e+00,0.0000,0.0000,0
81,features.3,18,pruned_before,nan,0.000000e+00,0.000000e+00,0.0000,0.0000,0
81,features.3,19,pruned_before,nan,0.000000e+00,0.000000e+00,0.0000,0.0000,0
81,features.3,20,pruned_before,nan,0.000000e+00,0.000000e+00,0.0000,0.0000,0
81,features.3,21,pruned_before,nan,0.000000e+00,0.000000e+00,0.0000,0.0000,0
81,features.3,22,pruned_before,nan,0.000000e+00,0.000000e+00,0.0000,0.0000,0
81,features.3,23,pruned_before,nan,0.000000e+00,0.000000e+00,0.0000,0.0000,0
81,features.3,24,pruned_before,nan,0.000000e+00,0.000000e+00,0.0000,0.0000,0
81,features.3,25,pruned_before,nan,0.000000e+00,0.000000e+00,0.0000,0.0000,0
81,features.3,26,pruned_before,nan,0.000000e+00,0.000000e+00,0.0000,0.0000,0
81,features.3,27,pruned_before,nan,0.000000e+00,0.000000e+00,0.0000,0.0000,0
81,features.3,28,pruned_before,nan,0.000000e+00,0.000000e+00,0.0000,0.0000,0
81,features.3,29,pruned_before,nan,0.000000e+00,0.000000e+00,0.0000,0.0000,0
81,features.3,30,pruned_before,nan,0.000000e+00,0.000000e+00,0.0000,0.0000,0
81,features.3,31,pruned_before,nan,0.000000e+00,0.000000e+00,0.0000,0.0000,0
81,features.3,32,active,0.000000,0.000000e+00,0.000000e+00,0.0000,0.0000,57
81,features.3,33,pruned_before,nan,0.000000e+00,0.000000e+00,0.0000,0.0000,0
81,features.3,34,pruned_before,nan,0.000000e+00,0.000000e+00,0.0000,0.0000,0
81,features.3,35,pruned_before,nan,0.000000e+00,0.000000e+00,0.0000,0.0000,0
81,features.3,36,pruned_before,nan,0.000000e+00,0.000000e+00,0.0000,0.0000,0
81,features.3,37,pruned_before,nan,0.000000e+00,0.000000e+00,0.0000,0.0000,0
81,features.3,38,pruned_before,nan,0.000000e+00,0.000000e+00,0.0000,0.0000,0
81,features.3,39,pruned_before,nan,0.000000e+00,0.000000e+00,0.0000,0.0000,0
81,features.3,40,pruned_before,nan,0.000000e+00,0.000000e+00,0.0000,0.0000,0
81,features.3,41,pruned_before,nan,0.000000e+00,0.000000e+00,0.0000,0.0000,0
81,features.3,42,pruned_before,nan,0.000000e+00,0.000000e+00,0.0000,0.0000,0
81,features.3,43,pruned_before,nan,0.000000e+00,0.000000e+00,0.0000,0.0000,0
81,features.3,44,pruned_before,nan,0.000000e+00,0.000000e+00,0.0000,0.0000,0
81,features.3,45,pruned_before,nan,0.000000e+00,0.000000e+00,0.0000,0.0000,0
81,features.3,46,pruned_before,nan,0.000000e+00,0.000000e+00,0.0000,0.0000,0
81,features.3,47,pruned_before,nan,0.000000e+00,0.000000e+00,0.0000,0.0000,0
81,features.3,48,pruned_before,nan,0.000000e+00,0.000000e+00,0.0000,0.0000,0
81,features.3,49,pruned_before,nan,0.000000e+00,0.000000e+00,0.0000,0.0000,0
81,features.3,50,pruned_before,nan,0.000000e+00,0.000000e+00,0.0000,0.0000,0
81,features.3,51,pruned_before,nan,0.000000e+00,0.000000e+00,0.0000,0.0000,0
81,features.3,52,pruned_before,nan,0.000000e+00,0.000000e+00,0.0000,0.0000,0
81,features.3,53,pruned_before,nan,0.000000e+00,0.000000e+00,0.0000,0.0000,0
81,features.3,54,pruned_before,nan,0.000000e+00,0.000000e+00,0.0000,0.0000,0
81,features.3,55,pruned_before,nan,0.000000e+00,0.000000e+00,0.0000,0.0000,0
81,features.3,56,pruned_before,nan,0.000000e+00,0.000000e+00,0.0000,0.0000,0
81,features.3,57,pruned_before,nan,0.000000e+00,0.000000e+00,0.0000,0.0000,0
81,features.3,58,pruned_before,nan,0.000000e+00,0.000000e+00,0.0000,0.0000,0
81,features.3,59,pruned_before,nan,0.000000e+00,0.000000e+00,0.0000,0.0000,0
81,features.3,60,pruned_before,nan,0.000000e+00,0.000000e+00,0.0000,0.0000,0
81,features.3,61,pruned_before,nan,0.000000e+00,0.000000e+00,0.0000,0.0000,0
81,features.3,62,pruned_before,nan,0.000000e+00,0.000000e+00,0.0000,0.0000,0
81,features.3,63,pruned_before,nan,0.000000e+00,0.000000e+00,0.0000,0.0000,0
81,features.3,64,protected,-0.139038,7.295721e-08,7.089168e-03,0.6272,1.0000,57
81,features.3,65,pruned_before,nan,0.000000e+00,0.000000e+00,0.0000,0.0000,0
81,features.3,66,pruned_before,nan,0.000000e+00,0.000000e+00,0.0000,0.0000,0
81,features.3,67,pruned_before,nan,0.000000e+00,0.000000e+00,0.0000,0.0000,0
81,features.3,68,pruned_before,nan,0.000000e+00,0.000000e+00,0.0000,0.0000,0
81,features.3,69,pruned_before,nan,0.000000e+00,0.000000e+00,0.0000,0.0000,0
81,features.3,70,pruned_before,nan,0.000000e+00,0.000000e+00,0.0000,0.0000,0
81,features.3,71,pruned_before,nan,0.000000e+00,0.000000e+00,0.0000,0.0000,0
81,features.3,72,pruned_before,nan,0.000000e+00,0.000000e+00,0.0000,0.0000,0
81,features.3,73,pruned_before,nan,0.000000e+00,0.000000e+00,0.0000,0.0000,0
81,features.3,74,pruned_before,nan,0.000000e+00,0.000000e+00,0.0000,0.0000,0
81,features.3,75,pruned_before,nan,0.000000e+00,0.000000e+00,0.0000,0.0000,0
81,features.3,76,pruned_before,nan,0.000000e+00,0.000000e+00,0.0000,0.0000,0
81,features.3,77,pruned_before,nan,0.000000e+00,0.000000e+00,0.0000,0.0000,0
81,features.3,78,pruned_before,nan,0.000000e+00,0.000000e+00,0.0000,0.0000,0
81,features.3,79,pruned_before,nan,0.000000e+00,0.000000e+00,0.0000,0.0000,0
81,features.3,80,pruned_before,nan,0.000000e+00,0.000000e+00,0.0000,0.0000,0
81,features.3,81,pruned_before,nan,0.000000e+00,0.000000e+00,0.0000,0.0000,0
81,features.3,82,pruned_before,nan,0.000000e+00,0.000000e+00,0.0000,0.0000,0
81,features.3,83,pruned_before,nan,0.000000e+00,0.000000e+00,0.0000,0.0000,0
81,features.3,84,pruned_before,nan,0.000000e+00,0.000000e+00,0.0000,0.0000,0
81,features.3,85,pruned_before,nan,0.000000e+00,0.000000e+00,0.0000,0.0000,0
81,features.3,86,pruned_before,nan,0.000000e+00,0.000000e+00,0.0000,0.0000,0
81,features.3,87,pruned_before,nan,0.000000e+00,0.000000e+00,0.0000,0.0000,0
81,features.3,88,pruned_before,nan,0.000000e+00,0.000000e+00,0.0000,0.0000,0
81,features.3,89,pruned_before,nan,0.000000e+00,0.000000e+00,0.0000,0.0000,0
81,features.3,90,pruned_before,nan,0.000000e+00,0.000000e+00,0.0000,0.0000,0
81,features.3,91,pruned_before,nan,0.000000e+00,0.000000e+00,0.0000,0.0000,0
81,features.3,92,pruned_before,nan,0.000000e+00,0.000000e+00,0.0000,0.0000,0
81,features.3,93,pruned_before,nan,0.000000e+00,0.000000e+00,0.0000,0.0000,0
81,features.3,94,pruned_before,nan,0.000000e+00,0.000000e+00,0.0000,0.0000,0
81,features.3,95,pruned_before,nan,0.000000e+00,0.000000e+00,0.0000,0.0000,0
81,features.3,96,pruned_before,nan,0.000000e+00,0.000000e+00,0.0000,0.0000,0
81,features.3,97,pruned_before,nan,0.000000e+00,0.000000e+00,0.0000,0.0000,0
81,features.3,98,pruned_before,nan,0.000000e+00,0.000000e+00,0.0000,0.0000,0
81,features.3,99,active,0.078080,1.844626e-09,2.107392e-03,0.0159,0.2973,57
81,features.3,100,pruned_before,nan,0.000000e+00,0.000000e+00,0.0000,0.0000,0
81,features.3,101,pruned_before,nan,0.000000e+00,0.000000e+00,0.0000,0.0000,0
81,features.3,102,pruned_before,nan,0.000000e+00,0.000000e+00,0.0000,0.0000,0
81,features.3,103,pruned_before,nan,0.000000e+00,0.000000e+00,0.0000,0.0000,0
81,features.3,104,pruned_before,nan,0.000000e+00,0.000000e+00,0.0000,0.0000,0
81,features.3,105,pruned_before,nan,0.000000e+00,0.000000e+00,0.0000,0.0000,0
81,features.3,106,pruned_before,nan,0.000000e+00,0.000000e+00,0.0000,0.0000,0
81,features.3,107,pruned_before,nan,0.000000e+00,0.000000e+00,0.0000,0.0000,0
81,features.3,108,pruned_before,nan,0.000000e+00,0.000000e+00,0.0000,0.0000,0
81,features.3,109,pruned_before,nan,0.000000e+00,0.000000e+00,0.0000,0.0000,0
81,features.3,110,pruned_before,nan,0.000000e+00,0.000000e+00,0.0000,0.0000,0
81,features.3,111,pruned_before,nan,0.000000e+00,0.000000e+00,0.0000,0.0000,0
81,features.3,112,pruned_before,nan,0.000000e+00,0.000000e+00,0.0000,0.0000,0
81,features.3,113,pruned_before,nan,0.000000e+00,0.000000e+00,0.0000,0.0000,0
81,features.3,114,pruned_before,nan,0.000000e+00,0.000000e+00,0.0000,0.0000,0
81,features.3,115,pruned_before,nan,0.000000e+00,0.000000e+00,0.0000,0.0000,0
81,features.3,116,pruned_before,nan,0.000000e+00,0.000000e+00,0.0000,0.0000,0
81,features.3,117,pruned_before,nan,0.000000e+00,0.000000e+00,0.0000,0.0000,0
81,features.3,118,pruned_before,nan,0.000000e+00,0.000000e+00,0.0000,0.0000,0
81,features.3,119,pruned_before,nan,0.000000e+00,0.000000e+00,0.0000,0.0000,0
81,features.3,120,pruned_before,nan,0.000000e+00,0.000000e+00,0.0000,0.0000,0
81,features.3,121,pruned_before,nan,0.000000e+00,0.000000e+00,0.0000,0.0000,0
81,features.3,122,pruned_before,nan,0.000000e+00,0.000000e+00,0.0000,0.0000,0
81,features.3,123,pruned_before,nan,0.000000e+00,0.000000e+00,0.0000,0.0000,0
81,features.3,124,pruned_before,nan,0.000000e+00,0.000000e+00,0.0000,0.0000,0
81,features.3,125,pruned_before,nan,0.000000e+00,0.000000e+00,0.0000,0.0000,0
81,features.3,126,pruned_before,nan,0.000000e+00,0.000000e+00,0.0000,0.0000,0
81,features.3,127,pruned_before,nan,0.000000e+00,0.000000e+00,0.0000,0.0000,0
81,features.3,128,active,-0.659533,1.163216e-07,9.561117e-04,1.0000,0.1349,57
81,features.3,129,pruned_before,nan,0.000000e+00,0.000000e+00,0.0000,0.0000,0
81,features.3,130,pruned_before,nan,0.000000e+00,0.000000e+00,0.0000,0.0000,0
81,features.3,131,pruned_before,nan,0.000000e+00,0.000000e+00,0.0000,0.0000,0
81,features.3,132,active,-0.137166,2.387705e-08,1.540618e-04,0.2053,0.0217,57
81,features.3,133,pruned_before,nan,0.000000e+00,0.000000e+00,0.0000,0.0000,0
81,features.3,134,pruned_before,nan,0.000000e+00,0.000000e+00,0.0000,0.0000,0
81,features.3,135,pruned_before,nan,0.000000e+00,0.000000e+00,0.0000,0.0000,0
81,features.3,136,pruned_before,nan,0.000000e+00,0.000000e+00,0.0000,0.0000,0
81,features.3,137,pruned_before,nan,0.000000e+00,0.000000e+00,0.0000,0.0000,0
81,features.3,138,pruned_before,nan,0.000000e+00,0.000000e+00,0.0000,0.0000,0
81,features.3,139,pruned_before,nan,0.000000e+00,0.000000e+00,0.0000,0.0000,0
81,features.3,140,pruned_before,nan,0.000000e+00,0.000000e+00,0.0000,0.0000,0
81,features.3,141,pruned_before,nan,0.000000e+00,0.000000e+00,0.0000,0.0000,0
81,features.3,142,pruned_before,nan,0.000000e+00,0.000000e+00,0.0000,0.0000,0
81,features.3,143,pruned_before,nan,0.000000e+00,0.000000e+00,0.0000,0.0000,0
81,features.4,0,pruned_before,nan,0.000000e+00,0.000000e+00,0.0000,0.0000,0
81,features.4,1,pruned_before,nan,0.000000e+00,0.000000e+00,0.0000,0.0000,0
81,features.4,2,pruned_before,nan,0.000000e+00,0.000000e+00,0.0000,0.0000,0
81,features.4,3,pruned_before,nan,0.000000e+00,0.000000e+00,0.0000,0.0000,0
81,features.4,4,pruned_before,nan,0.000000e+00,0.000000e+00,0.0000,0.0000,0
81,features.4,5,pruned_before,nan,0.000000e+00,0.000000e+00,0.0000,0.0000,0
81,features.4,6,pruned_before,nan,0.000000e+00,0.000000e+00,0.0000,0.0000,0
81,features.4,7,pruned_before,nan,0.000000e+00,0.000000e+00,0.0000,0.0000,0
81,features.4,8,pruned_before,nan,0.000000e+00,0.000000e+00,0.0000,0.0000,0
81,features.4,9,pruned_before,nan,0.000000e+00,0.000000e+00,0.0000,0.0000,0
81,features.4,10,pruned_before,nan,0.000000e+00,0.000000e+00,0.0000,0.0000,0
81,features.4,11,pruned_before,nan,0.000000e+00,0.000000e+00,0.0000,0.0000,0
81,features.4,12,pruned_before,nan,0.000000e+00,0.000000e+00,0.0000,0.0000,0
81,features.4,13,pruned_before,nan,0.000000e+00,0.000000e+00,0.0000,0.0000,0
81,features.4,14,pruned_before,nan,0.000000e+00,0.000000e+00,0.0000,0.0000,0
81,features.4,15,pruned_before,nan,0.000000e+00,0.000000e+00,0.0000,0.0000,0
81,features.4,16,pruned_before,nan,0.000000e+00,0.000000e+00,0.0000,0.0000,0
81,features.4,17,pruned_before,nan,0.000000e+00,0.000000e+00,0.0000,0.0000,0
81,features.4,18,pruned_before,nan,0.000000e+00,0.000000e+00,0.0000,0.0000,0
81,features.4,19,pruned_before,nan,0.000000e+00,0.000000e+00,0.0000,0.0000,0
81,features.4,20,pruned_before,nan,0.000000e+00,0.000000e+00,0.0000,0.0000,0
81,features.4,21,pruned_before,nan,0.000000e+00,0.000000e+00,0.0000,0.0000,0
81,features.4,22,pruned_before,nan,0.000000e+00,0.000000e+00,0.0000,0.0000,0
81,features.4,23,pruned_before,nan,0.000000e+00,0.000000e+00,0.0000,0.0000,0
81,features.4,24,pruned_before,nan,0.000000e+00,0.000000e+00,0.0000,0.0000,0
81,features.4,25,pruned_before,nan,0.000000e+00,0.000000e+00,0.0000,0.0000,0
81,features.4,26,pruned_before,nan,0.000000e+00,0.000000e+00,0.0000,0.0000,0
81,features.4,27,pruned_before,nan,0.000000e+00,0.000000e+00,0.0000,0.0000,0
81,features.4,28,pruned_before,nan,0.000000e+00,0.000000e+00,0.0000,0.0000,0
81,features.4,29,pruned_before,nan,0.000000e+00,0.000000e+00,0.0000,0.0000,0
81,features.4,30,pruned_before,nan,0.000000e+00,0.000000e+00,0.0000,0.0000,0
81,features.4,31,pruned_before,nan,0.000000e+00,0.000000e+00,0.0000,0.0000,0
81,features.4,32,pruned_before,nan,0.000000e+00,0.000000e+00,0.0000,0.0000,0
81,features.4,33,pruned_before,nan,0.000000e+00,0.000000e+00,0.0000,0.0000,0
81,features.4,34,pruned_before,nan,0.000000e+00,0.000000e+00,0.0000,0.0000,0
81,features.4,35,pruned_before,nan,0.000000e+00,0.000000e+00,0.0000,0.0000,0
81,features.4,36,pruned_before,nan,0.000000e+00,0.000000e+00,0.0000,0.0000,0
81,features.4,37,pruned_before,nan,0.000000e+00,0.000000e+00,0.0000,0.0000,0
81,features.4,38,pruned_before,nan,0.000000e+00,0.000000e+00,0.0000,0.0000,0
81,features.4,39,pruned_before,nan,0.000000e+00,0.000000e+00,0.0000,0.0000,0
81,features.4,40,pruned_before,nan,0.000000e+00,0.000000e+00,0.0000,0.0000,0
81,features.4,41,pruned_before,nan,0.000000e+00,0.000000e+00,0.0000,0.0000,0
81,features.4,42,pruned_before,nan,0.000000e+00,0.000000e+00,0.0000,0.0000,0
81,features.4,43,pruned_before,nan,0.000000e+00,0.000000e+00,0.0000,0.0000,0
81,features.4,44,pruned_before,nan,0.000000e+00,0.000000e+00,0.0000,0.0000,0
81,features.4,45,pruned_before,nan,0.000000e+00,0.000000e+00,0.0000,0.0000,0
81,features.4,46,pruned_before,nan,0.000000e+00,0.000000e+00,0.0000,0.0000,0
81,features.4,47,pruned_before,nan,0.000000e+00,0.000000e+00,0.0000,0.0000,0
81,features.4,48,pruned_before,nan,0.000000e+00,0.000000e+00,0.0000,0.0000,0
81,features.4,49,pruned_before,nan,0.000000e+00,0.000000e+00,0.0000,0.0000,0
81,features.4,50,pruned_before,nan,0.000000e+00,0.000000e+00,0.0000,0.0000,0
81,features.4,51,pruned_before,nan,0.000000e+00,0.000000e+00,0.0000,0.0000,0
81,features.4,52,pruned_before,nan,0.000000e+00,0.000000e+00,0.0000,0.0000,0
81,features.4,53,pruned_before,nan,0.000000e+00,0.000000e+00,0.0000,0.0000,0
81,features.4,54,pruned_before,nan,0.000000e+00,0.000000e+00,0.0000,0.0000,0
81,features.4,55,pruned_before,nan,0.000000e+00,0.000000e+00,0.0000,0.0000,0
81,features.4,56,pruned_before,nan,0.000000e+00,0.000000e+00,0.0000,0.0000,0
81,features.4,57,pruned_before,nan,0.000000e+00,0.000000e+00,0.0000,0.0000,0
81,features.4,58,pruned_before,nan,0.000000e+00,0.000000e+00,0.0000,0.0000,0
81,features.4,59,pruned_before,nan,0.000000e+00,0.000000e+00,0.0000,0.0000,0
81,features.4,60,pruned_before,nan,0.000000e+00,0.000000e+00,0.0000,0.0000,0
81,features.4,61,pruned_before,nan,0.000000e+00,0.000000e+00,0.0000,0.0000,0
81,features.4,62,pruned_before,nan,0.000000e+00,0.000000e+00,0.0000,0.0000,0
81,features.4,63,pruned_before,nan,0.000000e+00,0.000000e+00,0.0000,0.0000,0
81,features.4,64,pruned_before,nan,0.000000e+00,0.000000e+00,0.0000,0.0000,0
81,features.4,65,pruned_before,nan,0.000000e+00,0.000000e+00,0.0000,0.0000,0
81,features.4,66,pruned_before,nan,0.000000e+00,0.000000e+00,0.0000,0.0000,0
81,features.4,67,pruned_before,nan,0.000000e+00,0.000000e+00,0.0000,0.0000,0
81,features.4,68,pruned_before,nan,0.000000e+00,0.000000e+00,0.0000,0.0000,0
81,features.4,69,pruned_before,nan,0.000000e+00,0.000000e+00,0.0000,0.0000,0
81,features.4,70,pruned_before,nan,0.000000e+00,0.000000e+00,0.0000,0.0000,0
81,features.4,71,pruned_before,nan,0.000000e+00,0.000000e+00,0.0000,0.0000,0
81,features.4,72,pruned_before,nan,0.000000e+00,0.000000e+00,0.0000,0.0000,0
81,features.4,73,pruned_before,nan,0.000000e+00,0.000000e+00,0.0000,0.0000,0
81,features.4,74,pruned_before,nan,0.000000e+00,0.000000e+00,0.0000,0.0000,0
81,features.4,75,pruned_before,nan,0.000000e+00,0.000000e+00,0.0000,0.0000,0
81,features.4,76,pruned_before,nan,0.000000e+00,0.000000e+00,0.0000,0.0000,0
81,features.4,77,pruned_before,nan,0.000000e+00,0.000000e+00,0.0000,0.0000,0
81,features.4,78,pruned_before,nan,0.000000e+00,0.000000e+00,0.0000,0.0000,0
81,features.4,79,pruned_before,nan,0.000000e+00,0.000000e+00,0.0000,0.0000,0
81,features.4,80,pruned_before,nan,0.000000e+00,0.000000e+00,0.0000,0.0000,0
81,features.4,81,pruned_before,nan,0.000000e+00,0.000000e+00,0.0000,0.0000,0
81,features.4,82,active,0.012846,5.907668e-09,3.748257e-04,0.0008,0.0447,65
81,features.4,83,pruned_before,nan,0.000000e+00,0.000000e+00,0.0000,0.0000,0
81,features.4,84,pruned_before,nan,0.000000e+00,0.000000e+00,0.0000,0.0000,0
81,features.4,85,pruned_before,nan,0.000000e+00,0.000000e+00,0.0000,0.0000,0
81,features.4,86,pruned_before,nan,0.000000e+00,0.000000e+00,0.0000,0.0000,0
81,features.4,87,pruned_before,nan,0.000000e+00,0.000000e+00,0.0000,0.0000,0
81,features.4,88,pruned_before,nan,0.000000e+00,0.000000e+00,0.0000,0.0000,0
81,features.4,89,pruned_before,nan,0.000000e+00,0.000000e+00,0.0000,0.0000,0
81,features.4,90,pruned_before,nan,0.000000e+00,0.000000e+00,0.0000,0.0000,0
81,features.4,91,pruned_before,nan,0.000000e+00,0.000000e+00,0.0000,0.0000,0
81,features.4,92,pruned_before,nan,0.000000e+00,0.000000e+00,0.0000,0.0000,0
81,features.4,93,pruned_before,nan,0.000000e+00,0.000000e+00,0.0000,0.0000,0
81,features.4,94,pruned_before,nan,0.000000e+00,0.000000e+00,0.0000,0.0000,0
81,features.4,95,pruned_before,nan,0.000000e+00,0.000000e+00,0.0000,0.0000,0
81,features.4,96,pruned_before,nan,0.000000e+00,0.000000e+00,0.0000,0.0000,0
81,features.4,97,pruned_before,nan,0.000000e+00,0.000000e+00,0.0000,0.0000,0
81,features.4,98,pruned_before,nan,0.000000e+00,0.000000e+00,0.0000,0.0000,0
81,features.4,99,pruned_before,nan,0.000000e+00,0.000000e+00,0.0000,0.0000,0
81,features.4,100,pruned_before,nan,0.000000e+00,0.000000e+00,0.0000,0.0000,0
81,features.4,101,pruned_before,nan,0.000000e+00,0.000000e+00,0.0000,0.0000,0
81,features.4,102,pruned_before,nan,0.000000e+00,0.000000e+00,0.0000,0.0000,0
81,features.4,103,pruned_before,nan,0.000000e+00,0.000000e+00,0.0000,0.0000,0
81,features.4,104,pruned_before,nan,0.000000e+00,0.000000e+00,0.0000,0.0000,0
81,features.4,105,pruned_before,nan,0.000000e+00,0.000000e+00,0.0000,0.0000,0
81,features.4,106,pruned_before,nan,0.000000e+00,0.000000e+00,0.0000,0.0000,0
81,features.4,107,pruned_before,nan,0.000000e+00,0.000000e+00,0.0000,0.0000,0
81,features.4,108,active,-0.685266,7.168245e-06,4.114513e-04,1.0000,0.0491,65
81,features.4,109,pruned_before,nan,0.000000e+00,0.000000e+00,0.0000,0.0000,0
81,features.4,110,active,-0.182505,2.320274e-06,1.230811e-03,0.3237,0.1469,65
81,features.4,111,pruned_before,nan,0.000000e+00,0.000000e+00,0.0000,0.0000,0
81,features.4,112,pruned_before,nan,0.000000e+00,0.000000e+00,0.0000,0.0000,0
81,features.4,113,pruned_before,nan,0.000000e+00,0.000000e+00,0.0000,0.0000,0
81,features.4,114,pruned_before,nan,0.000000e+00,0.000000e+00,0.0000,0.0000,0
81,features.4,115,pruned_before,nan,0.000000e+00,0.000000e+00,0.0000,0.0000,0
81,features.4,116,pruned_before,nan,0.000000e+00,0.000000e+00,0.0000,0.0000,0
81,features.4,117,pruned_before,nan,0.000000e+00,0.000000e+00,0.0000,0.0000,0
81,features.4,118,pruned_before,nan,0.000000e+00,0.000000e+00,0.0000,0.0000,0
81,features.4,119,pruned_before,nan,0.000000e+00,0.000000e+00,0.0000,0.0000,0
81,features.4,120,pruned_before,nan,0.000000e+00,0.000000e+00,0.0000,0.0000,0
81,features.4,121,pruned_before,nan,0.000000e+00,0.000000e+00,0.0000,0.0000,0
81,features.4,122,active,-0.041697,1.123422e-06,1.899112e-03,0.1567,0.2267,65
81,features.4,123,pruned_before,nan,0.000000e+00,0.000000e+00,0.0000,0.0000,0
81,features.4,124,pruned_before,nan,0.000000e+00,0.000000e+00,0.0000,0.0000,0
81,features.4,125,pruned_before,nan,0.000000e+00,0.000000e+00,0.0000,0.0000,0
81,features.4,126,pruned_before,nan,0.000000e+00,0.000000e+00,0.0000,0.0000,0
81,features.4,127,pruned_before,nan,0.000000e+00,0.000000e+00,0.0000,0.0000,0
81,features.4,128,pruned_before,nan,0.000000e+00,0.000000e+00,0.0000,0.0000,0
81,features.4,129,pruned_before,nan,0.000000e+00,0.000000e+00,0.0000,0.0000,0
81,features.4,130,pruned_before,nan,0.000000e+00,0.000000e+00,0.0000,0.0000,0
81,features.4,131,pruned_before,nan,0.000000e+00,0.000000e+00,0.0000,0.0000,0
81,features.4,132,pruned_before,nan,0.000000e+00,0.000000e+00,0.0000,0.0000,0
81,features.4,133,pruned_before,nan,0.000000e+00,0.000000e+00,0.0000,0.0000,0
81,features.4,134,pruned_before,nan,0.000000e+00,0.000000e+00,0.0000,0.0000,0
81,features.4,135,protected,-0.015812,3.234021e-06,8.377427e-03,0.4512,1.0000,65
81,features.4,136,pruned_before,nan,0.000000e+00,0.000000e+00,0.0000,0.0000,0
81,features.4,137,pruned_before,nan,0.000000e+00,0.000000e+00,0.0000,0.0000,0
81,features.4,138,pruned_before,nan,0.000000e+00,0.000000e+00,0.0000,0.0000,0
81,features.4,139,pruned_before,nan,0.000000e+00,0.000000e+00,0.0000,0.0000,0
81,features.4,140,pruned_before,nan,0.000000e+00,0.000000e+00,0.0000,0.0000,0
81,features.4,141,pruned_before,nan,0.000000e+00,0.000000e+00,0.0000,0.0000,0
81,features.4,142,pruned_before,nan,0.000000e+00,0.000000e+00,0.0000,0.0000,0
81,features.4,143,pruned_before,nan,0.000000e+00,0.000000e+00,0.0000,0.0000,0
81,features.5,0,pruned_before,nan,0.000000e+00,0.000000e+00,0.0000,0.0000,0
81,features.5,1,active,-0.012522,2.698845e-09,5.992832e-05,0.0426,0.0577,73
81,features.5,2,pruned_before,nan,0.000000e+00,0.000000e+00,0.0000,0.0000,0
81,features.5,3,pruned_before,nan,0.000000e+00,0.000000e+00,0.0000,0.0000,0
81,features.5,4,pruned_before,nan,0.000000e+00,0.000000e+00,0.0000,0.0000,0
81,features.5,5,pruned_before,nan,0.000000e+00,0.000000e+00,0.0000,0.0000,0
81,features.5,6,pruned_before,nan,0.000000e+00,0.000000e+00,0.0000,0.0000,0
81,features.5,7,pruned_before,nan,0.000000e+00,0.000000e+00,0.0000,0.0000,0
81,features.5,8,pruned_before,nan,0.000000e+00,0.000000e+00,0.0000,0.0000,0
81,features.5,9,pruned_before,nan,0.000000e+00,0.000000e+00,0.0000,0.0000,0
81,features.5,10,pruned_before,nan,0.000000e+00,0.000000e+00,0.0000,0.0000,0
81,features.5,11,pruned_before,nan,0.000000e+00,0.000000e+00,0.0000,0.0000,0
81,features.5,12,pruned_before,nan,0.000000e+00,0.000000e+00,0.0000,0.0000,0
81,features.5,13,pruned_before,nan,0.000000e+00,0.000000e+00,0.0000,0.0000,0
81,features.5,14,pruned_before,nan,0.000000e+00,0.000000e+00,0.0000,0.0000,0
81,features.5,15,pruned_before,nan,0.000000e+00,0.000000e+00,0.0000,0.0000,0
81,features.5,16,pruned_before,nan,0.000000e+00,0.000000e+00,0.0000,0.0000,0
81,features.5,17,pruned_before,nan,0.000000e+00,0.000000e+00,0.0000,0.0000,0
81,features.5,18,pruned_before,nan,0.000000e+00,0.000000e+00,0.0000,0.0000,0
81,features.5,19,pruned_before,nan,0.000000e+00,0.000000e+00,0.0000,0.0000,0
81,features.5,20,pruned_before,nan,0.000000e+00,0.000000e+00,0.0000,0.0000,0
81,features.5,21,pruned_before,nan,0.000000e+00,0.000000e+00,0.0000,0.0000,0
81,features.5,22,pruned_before,nan,0.000000e+00,0.000000e+00,0.0000,0.0000,0
81,features.5,23,pruned_before,nan,0.000000e+00,0.000000e+00,0.0000,0.0000,0
81,features.5,24,pruned_before,nan,0.000000e+00,0.000000e+00,0.0000,0.0000,0
81,features.5,25,pruned_before,nan,0.000000e+00,0.000000e+00,0.0000,0.0000,0
81,features.5,26,pruned_before,nan,0.000000e+00,0.000000e+00,0.0000,0.0000,0
81,features.5,27,pruned_before,nan,0.000000e+00,0.000000e+00,0.0000,0.0000,0
81,features.5,28,pruned_before,nan,0.000000e+00,0.000000e+00,0.0000,0.0000,0
81,features.5,29,pruned_before,nan,0.000000e+00,0.000000e+00,0.0000,0.0000,0
81,features.5,30,pruned_before,nan,0.000000e+00,0.000000e+00,0.0000,0.0000,0
81,features.5,31,pruned_before,nan,0.000000e+00,0.000000e+00,0.0000,0.0000,0
81,features.5,32,pruned_before,nan,0.000000e+00,0.000000e+00,0.0000,0.0000,0
81,features.5,33,pruned_before,nan,0.000000e+00,0.000000e+00,0.0000,0.0000,0
81,features.5,34,pruned_before,nan,0.000000e+00,0.000000e+00,0.0000,0.0000,0
81,features.5,35,pruned_before,nan,0.000000e+00,0.000000e+00,0.0000,0.0000,0
81,features.5,36,pruned_before,nan,0.000000e+00,0.000000e+00,0.0000,0.0000,0
81,features.5,37,pruned_before,nan,0.000000e+00,0.000000e+00,0.0000,0.0000,0
81,features.5,38,pruned_before,nan,0.000000e+00,0.000000e+00,0.0000,0.0000,0
81,features.5,39,pruned_before,nan,0.000000e+00,0.000000e+00,0.0000,0.0000,0
81,features.5,40,pruned_before,nan,0.000000e+00,0.000000e+00,0.0000,0.0000,0
81,features.5,41,pruned_before,nan,0.000000e+00,0.000000e+00,0.0000,0.0000,0
81,features.5,42,protected,-0.399989,6.330722e-08,1.038051e-03,1.0000,1.0000,73
81,features.5,43,active,-0.497532,4.586638e-08,3.326293e-05,0.7245,0.0320,73
81,features.5,44,pruned_before,nan,0.000000e+00,0.000000e+00,0.0000,0.0000,0
81,features.5,45,pruned_before,nan,0.000000e+00,0.000000e+00,0.0000,0.0000,0
81,features.5,46,pruned_before,nan,0.000000e+00,0.000000e+00,0.0000,0.0000,0
81,features.5,47,pruned_before,nan,0.000000e+00,0.000000e+00,0.0000,0.0000,0
81,features.5,48,pruned_before,nan,0.000000e+00,0.000000e+00,0.0000,0.0000,0
81,features.5,49,pruned_before,nan,0.000000e+00,0.000000e+00,0.0000,0.0000,0
81,features.5,50,pruned_before,nan,0.000000e+00,0.000000e+00,0.0000,0.0000,0
81,features.5,51,pruned_before,nan,0.000000e+00,0.000000e+00,0.0000,0.0000,0
81,features.5,52,pruned_before,nan,0.000000e+00,0.000000e+00,0.0000,0.0000,0
81,features.5,53,pruned_before,nan,0.000000e+00,0.000000e+00,0.0000,0.0000,0
81,features.5,54,pruned_before,nan,0.000000e+00,0.000000e+00,0.0000,0.0000,0
81,features.5,55,pruned_before,nan,0.000000e+00,0.000000e+00,0.0000,0.0000,0
81,features.5,56,pruned_before,nan,0.000000e+00,0.000000e+00,0.0000,0.0000,0
81,features.5,57,pruned_before,nan,0.000000e+00,0.000000e+00,0.0000,0.0000,0
81,features.5,58,pruned_before,nan,0.000000e+00,0.000000e+00,0.0000,0.0000,0
81,features.5,59,pruned_before,nan,0.000000e+00,0.000000e+00,0.0000,0.0000,0
81,features.5,60,pruned_before,nan,0.000000e+00,0.000000e+00,0.0000,0.0000,0
81,features.5,61,pruned_before,nan,0.000000e+00,0.000000e+00,0.0000,0.0000,0
81,features.5,62,pruned_before,nan,0.000000e+00,0.000000e+00,0.0000,0.0000,0
81,features.5,63,pruned_before,nan,0.000000e+00,0.000000e+00,0.0000,0.0000,0
81,features.5,64,pruned_before,nan,0.000000e+00,0.000000e+00,0.0000,0.0000,0
81,features.5,65,pruned_before,nan,0.000000e+00,0.000000e+00,0.0000,0.0000,0
81,features.5,66,pruned_before,nan,0.000000e+00,0.000000e+00,0.0000,0.0000,0
81,features.5,67,pruned_before,nan,0.000000e+00,0.000000e+00,0.0000,0.0000,0
81,features.5,68,pruned_before,nan,0.000000e+00,0.000000e+00,0.0000,0.0000,0
81,features.5,69,pruned_before,nan,0.000000e+00,0.000000e+00,0.0000,0.0000,0
81,features.5,70,pruned_before,nan,0.000000e+00,0.000000e+00,0.0000,0.0000,0
81,features.5,71,pruned_before,nan,0.000000e+00,0.000000e+00,0.0000,0.0000,0
81,features.5,72,pruned_before,nan,0.000000e+00,0.000000e+00,0.0000,0.0000,0
81,features.5,73,pruned_before,nan,0.000000e+00,0.000000e+00,0.0000,0.0000,0
81,features.5,74,pruned_before,nan,0.000000e+00,0.000000e+00,0.0000,0.0000,0
81,features.5,75,pruned_before,nan,0.000000e+00,0.000000e+00,0.0000,0.0000,0
81,features.5,76,pruned_before,nan,0.000000e+00,0.000000e+00,0.0000,0.0000,0
81,features.5,77,pruned_before,nan,0.000000e+00,0.000000e+00,0.0000,0.0000,0
81,features.5,78,pruned_before,nan,0.000000e+00,0.000000e+00,0.0000,0.0000,0
81,features.5,79,pruned_before,nan,0.000000e+00,0.000000e+00,0.0000,0.0000,0
81,features.5,80,pruned_before,nan,0.000000e+00,0.000000e+00,0.0000,0.0000,0
81,features.5,81,pruned_before,nan,0.000000e+00,0.000000e+00,0.0000,0.0000,0
81,features.5,82,pruned_before,nan,0.000000e+00,0.000000e+00,0.0000,0.0000,0
81,features.5,83,pruned_before,nan,0.000000e+00,0.000000e+00,0.0000,0.0000,0
81,features.5,84,pruned_before,nan,0.000000e+00,0.000000e+00,0.0000,0.0000,0
81,features.5,85,pruned_before,nan,0.000000e+00,0.000000e+00,0.0000,0.0000,0
81,features.5,86,pruned_before,nan,0.000000e+00,0.000000e+00,0.0000,0.0000,0
81,features.5,87,pruned_before,nan,0.000000e+00,0.000000e+00,0.0000,0.0000,0
81,features.5,88,pruned_before,nan,0.000000e+00,0.000000e+00,0.0000,0.0000,0
81,features.5,89,pruned_before,nan,0.000000e+00,0.000000e+00,0.0000,0.0000,0
81,features.5,90,pruned_before,nan,0.000000e+00,0.000000e+00,0.0000,0.0000,0
81,features.5,91,pruned_before,nan,0.000000e+00,0.000000e+00,0.0000,0.0000,0
81,features.5,92,pruned_before,nan,0.000000e+00,0.000000e+00,0.0000,0.0000,0
81,features.5,93,pruned_before,nan,0.000000e+00,0.000000e+00,0.0000,0.0000,0
81,features.5,94,pruned_before,nan,0.000000e+00,0.000000e+00,0.0000,0.0000,0
81,features.5,95,pruned_before,nan,0.000000e+00,0.000000e+00,0.0000,0.0000,0
81,features.5,96,pruned_before,nan,0.000000e+00,0.000000e+00,0.0000,0.0000,0
81,features.5,97,pruned_before,nan,0.000000e+00,0.000000e+00,0.0000,0.0000,0
81,features.5,98,pruned_before,nan,0.000000e+00,0.000000e+00,0.0000,0.0000,0
81,features.5,99,pruned_before,nan,0.000000e+00,0.000000e+00,0.0000,0.0000,0
81,features.5,100,pruned_before,nan,0.000000e+00,0.000000e+00,0.0000,0.0000,0
81,features.5,101,pruned_before,nan,0.000000e+00,0.000000e+00,0.0000,0.0000,0
81,features.5,102,pruned_before,nan,0.000000e+00,0.000000e+00,0.0000,0.0000,0
81,features.5,103,pruned_before,nan,0.000000e+00,0.000000e+00,0.0000,0.0000,0
81,features.5,104,pruned_before,nan,0.000000e+00,0.000000e+00,0.0000,0.0000,0
81,features.5,105,pruned_before,nan,0.000000e+00,0.000000e+00,0.0000,0.0000,0
81,features.5,106,pruned_before,nan,0.000000e+00,0.000000e+00,0.0000,0.0000,0
81,features.5,107,pruned_before,nan,0.000000e+00,0.000000e+00,0.0000,0.0000,0
81,features.5,108,pruned_before,nan,0.000000e+00,0.000000e+00,0.0000,0.0000,0
81,features.5,109,pruned_before,nan,0.000000e+00,0.000000e+00,0.0000,0.0000,0
81,features.5,110,pruned_before,nan,0.000000e+00,0.000000e+00,0.0000,0.0000,0
81,features.5,111,pruned_before,nan,0.000000e+00,0.000000e+00,0.0000,0.0000,0
81,features.5,112,pruned_before,nan,0.000000e+00,0.000000e+00,0.0000,0.0000,0
81,features.5,113,pruned_before,nan,0.000000e+00,0.000000e+00,0.0000,0.0000,0
81,features.5,114,pruned_before,nan,0.000000e+00,0.000000e+00,0.0000,0.0000,0
81,features.5,115,pruned_before,nan,0.000000e+00,0.000000e+00,0.0000,0.0000,0
81,features.5,116,pruned_before,nan,0.000000e+00,0.000000e+00,0.0000,0.0000,0
81,features.5,117,pruned_before,nan,0.000000e+00,0.000000e+00,0.0000,0.0000,0
81,features.5,118,pruned_before,nan,0.000000e+00,0.000000e+00,0.0000,0.0000,0
81,features.5,119,pruned_before,nan,0.000000e+00,0.000000e+00,0.0000,0.0000,0
81,features.5,120,pruned_before,nan,0.000000e+00,0.000000e+00,0.0000,0.0000,0
81,features.5,121,pruned_before,nan,0.000000e+00,0.000000e+00,0.0000,0.0000,0
81,features.5,122,pruned_before,nan,0.000000e+00,0.000000e+00,0.0000,0.0000,0
81,features.5,123,pruned_before,nan,0.000000e+00,0.000000e+00,0.0000,0.0000,0
81,features.5,124,active,-0.064978,6.066898e-09,7.281011e-06,0.0958,0.0070,73
81,features.5,125,pruned_before,nan,0.000000e+00,0.000000e+00,0.0000,0.0000,0
81,features.5,126,pruned_before,nan,0.000000e+00,0.000000e+00,0.0000,0.0000,0
81,features.5,127,pruned_before,nan,0.000000e+00,0.000000e+00,0.0000,0.0000,0
81,features.5,128,pruned_before,nan,0.000000e+00,0.000000e+00,0.0000,0.0000,0
81,features.5,129,pruned_before,nan,0.000000e+00,0.000000e+00,0.0000,0.0000,0
81,features.5,130,pruned_before,nan,0.000000e+00,0.000000e+00,0.0000,0.0000,0
81,features.5,131,pruned_before,nan,0.000000e+00,0.000000e+00,0.0000,0.0000,0
81,features.5,132,pruned_before,nan,0.000000e+00,0.000000e+00,0.0000,0.0000,0
81,features.5,133,pruned_before,nan,0.000000e+00,0.000000e+00,0.0000,0.0000,0
81,features.5,134,pruned_before,nan,0.000000e+00,0.000000e+00,0.0000,0.0000,0
81,features.5,135,active,-0.013289,1.408518e-09,7.907691e-06,0.0222,0.0076,73
81,features.5,136,pruned_before,nan,0.000000e+00,0.000000e+00,0.0000,0.0000,0
81,features.5,137,pruned_before,nan,0.000000e+00,0.000000e+00,0.0000,0.0000,0
81,features.5,138,pruned_before,nan,0.000000e+00,0.000000e+00,0.0000,0.0000,0
81,features.5,139,pruned_before,nan,0.000000e+00,0.000000e+00,0.0000,0.0000,0
81,features.5,140,pruned_before,nan,0.000000e+00,0.000000e+00,0.0000,0.0000,0
81,features.5,141,pruned_before,nan,0.000000e+00,0.000000e+00,0.0000,0.0000,0
81,features.5,142,pruned_before,nan,0.000000e+00,0.000000e+00,0.0000,0.0000,0
81,features.5,143,pruned_before,nan,0.000000e+00,0.000000e+00,0.0000,0.0000,0
81,features.5,144,pruned_before,nan,0.000000e+00,0.000000e+00,0.0000,0.0000,0
81,features.5,145,pruned_before,nan,0.000000e+00,0.000000e+00,0.0000,0.0000,0
81,features.5,146,pruned_before,nan,0.000000e+00,0.000000e+00,0.0000,0.0000,0
81,features.5,147,pruned_before,nan,0.000000e+00,0.000000e+00,0.0000,0.0000,0
81,features.5,148,pruned_before,nan,0.000000e+00,0.000000e+00,0.0000,0.0000,0
81,features.5,149,pruned_before,nan,0.000000e+00,0.000000e+00,0.0000,0.0000,0
81,features.5,150,pruned_before,nan,0.000000e+00,0.000000e+00,0.0000,0.0000,0
81,features.5,151,pruned_before,nan,0.000000e+00,0.000000e+00,0.0000,0.0000,0
81,features.5,152,pruned_before,nan,0.000000e+00,0.000000e+00,0.0000,0.0000,0
81,features.5,153,pruned_before,nan,0.000000e+00,0.000000e+00,0.0000,0.0000,0
81,features.5,154,pruned_before,nan,0.000000e+00,0.000000e+00,0.0000,0.0000,0
81,features.5,155,pruned_before,nan,0.000000e+00,0.000000e+00,0.0000,0.0000,0
81,features.5,156,pruned_before,nan,0.000000e+00,0.000000e+00,0.0000,0.0000,0
81,features.5,157,pruned_before,nan,0.000000e+00,0.000000e+00,0.0000,0.0000,0
81,features.5,158,pruned_before,nan,0.000000e+00,0.000000e+00,0.0000,0.0000,0
81,features.5,159,pruned_before,nan,0.000000e+00,0.000000e+00,0.0000,0.0000,0
81,features.5,160,pruned_before,nan,0.000000e+00,0.000000e+00,0.0000,0.0000,0
81,features.5,161,pruned_before,nan,0.000000e+00,0.000000e+00,0.0000,0.0000,0
81,features.5,162,pruned_before,nan,0.000000e+00,0.000000e+00,0.0000,0.0000,0
81,features.5,163,pruned_before,nan,0.000000e+00,0.000000e+00,0.0000,0.0000,0
81,features.5,164,pruned_before,nan,0.000000e+00,0.000000e+00,0.0000,0.0000,0
81,features.5,165,pruned_before,nan,0.000000e+00,0.000000e+00,0.0000,0.0000,0
81,features.5,166,pruned_before,nan,0.000000e+00,0.000000e+00,0.0000,0.0000,0
81,features.5,167,pruned_before,nan,0.000000e+00,0.000000e+00,0.0000,0.0000,0
81,features.5,168,pruned_before,nan,0.000000e+00,0.000000e+00,0.0000,0.0000,0
81,features.5,169,pruned_before,nan,0.000000e+00,0.000000e+00,0.0000,0.0000,0
81,features.5,170,pruned_before,nan,0.000000e+00,0.000000e+00,0.0000,0.0000,0
81,features.5,171,pruned_before,nan,0.000000e+00,0.000000e+00,0.0000,0.0000,0
81,features.5,172,pruned_before,nan,0.000000e+00,0.000000e+00,0.0000,0.0000,0
81,features.5,173,pruned_before,nan,0.000000e+00,0.000000e+00,0.0000,0.0000,0
81,features.5,174,pruned_before,nan,0.000000e+00,0.000000e+00,0.0000,0.0000,0
81,features.5,175,pruned_before,nan,0.000000e+00,0.000000e+00,0.0000,0.0000,0
81,features.5,176,pruned_before,nan,0.000000e+00,0.000000e+00,0.0000,0.0000,0
81,features.5,177,pruned_before,nan,0.000000e+00,0.000000e+00,0.0000,0.0000,0
81,features.5,178,pruned_before,nan,0.000000e+00,0.000000e+00,0.0000,0.0000,0
81,features.5,179,pruned_before,nan,0.000000e+00,0.000000e+00,0.0000,0.0000,0
81,features.5,180,pruned_before,nan,0.000000e+00,0.000000e+00,0.0000,0.0000,0
81,features.5,181,pruned_before,nan,0.000000e+00,0.000000e+00,0.0000,0.0000,0
81,features.5,182,active,-0.138049,1.323897e-08,2.883734e-05,0.2091,0.0278,73
81,features.5,183,pruned_before,nan,0.000000e+00,0.000000e+00,0.0000,0.0000,0
81,features.5,184,pruned_before,nan,0.000000e+00,0.000000e+00,0.0000,0.0000,0
81,features.5,185,pruned_before,nan,0.000000e+00,0.000000e+00,0.0000,0.0000,0
81,features.5,186,pruned_before,nan,0.000000e+00,0.000000e+00,0.0000,0.0000,0
81,features.5,187,pruned_before,nan,0.000000e+00,0.000000e+00,0.0000,0.0000,0
81,features.5,188,pruned_before,nan,0.000000e+00,0.000000e+00,0.0000,0.0000,0
81,features.5,189,pruned_before,nan,0.000000e+00,0.000000e+00,0.0000,0.0000,0
81,features.5,190,pruned_before,nan,0.000000e+00,0.000000e+00,0.0000,0.0000,0
81,features.5,191,pruned_before,nan,0.000000e+00,0.000000e+00,0.0000,0.0000,0
81,features.6,0,active,-0.046426,2.942270e-08,5.473239e-05,0.1449,0.1834,73
81,features.6,1,pruned_before,nan,0.000000e+00,0.000000e+00,0.0000,0.0000,0
81,features.6,2,pruned_before,nan,0.000000e+00,0.000000e+00,0.0000,0.0000,0
81,features.6,3,pruned_before,nan,0.000000e+00,0.000000e+00,0.0000,0.0000,0
81,features.6,4,pruned_before,nan,0.000000e+00,0.000000e+00,0.0000,0.0000,0
81,features.6,5,pruned_before,nan,0.000000e+00,0.000000e+00,0.0000,0.0000,0
81,features.6,6,pruned_before,nan,0.000000e+00,0.000000e+00,0.0000,0.0000,0
81,features.6,7,pruned_before,nan,0.000000e+00,0.000000e+00,0.0000,0.0000,0
81,features.6,8,pruned_before,nan,0.000000e+00,0.000000e+00,0.0000,0.0000,0
81,features.6,9,pruned_before,nan,0.000000e+00,0.000000e+00,0.0000,0.0000,0
81,features.6,10,pruned_before,nan,0.000000e+00,0.000000e+00,0.0000,0.0000,0
81,features.6,11,pruned_before,nan,0.000000e+00,0.000000e+00,0.0000,0.0000,0
81,features.6,12,pruned_before,nan,0.000000e+00,0.000000e+00,0.0000,0.0000,0
81,features.6,13,pruned_before,nan,0.000000e+00,0.000000e+00,0.0000,0.0000,0
81,features.6,14,pruned_before,nan,0.000000e+00,0.000000e+00,0.0000,0.0000,0
81,features.6,15,pruned_before,nan,0.000000e+00,0.000000e+00,0.0000,0.0000,0
81,features.6,16,pruned_before,nan,0.000000e+00,0.000000e+00,0.0000,0.0000,0
81,features.6,17,pruned_before,nan,0.000000e+00,0.000000e+00,0.0000,0.0000,0
81,features.6,18,pruned_before,nan,0.000000e+00,0.000000e+00,0.0000,0.0000,0
81,features.6,19,pruned_before,nan,0.000000e+00,0.000000e+00,0.0000,0.0000,0
81,features.6,20,pruned_before,nan,0.000000e+00,0.000000e+00,0.0000,0.0000,0
81,features.6,21,pruned_before,nan,0.000000e+00,0.000000e+00,0.0000,0.0000,0
81,features.6,22,pruned_before,nan,0.000000e+00,0.000000e+00,0.0000,0.0000,0
81,features.6,23,pruned_before,nan,0.000000e+00,0.000000e+00,0.0000,0.0000,0
81,features.6,24,pruned_before,nan,0.000000e+00,0.000000e+00,0.0000,0.0000,0
81,features.6,25,pruned_before,nan,0.000000e+00,0.000000e+00,0.0000,0.0000,0
81,features.6,26,pruned_before,nan,0.000000e+00,0.000000e+00,0.0000,0.0000,0
81,features.6,27,pruned_before,nan,0.000000e+00,0.000000e+00,0.0000,0.0000,0
81,features.6,28,pruned_before,nan,0.000000e+00,0.000000e+00,0.0000,0.0000,0
81,features.6,29,pruned_before,nan,0.000000e+00,0.000000e+00,0.0000,0.0000,0
81,features.6,30,pruned_before,nan,0.000000e+00,0.000000e+00,0.0000,0.0000,0
81,features.6,31,pruned_before,nan,0.000000e+00,0.000000e+00,0.0000,0.0000,0
81,features.6,32,pruned_before,nan,0.000000e+00,0.000000e+00,0.0000,0.0000,0
81,features.6,33,pruned_before,nan,0.000000e+00,0.000000e+00,0.0000,0.0000,0
81,features.6,34,pruned_before,nan,0.000000e+00,0.000000e+00,0.0000,0.0000,0
81,features.6,35,pruned_before,nan,0.000000e+00,0.000000e+00,0.0000,0.0000,0
81,features.6,36,pruned_before,nan,0.000000e+00,0.000000e+00,0.0000,0.0000,0
81,features.6,37,pruned_before,nan,0.000000e+00,0.000000e+00,0.0000,0.0000,0
81,features.6,38,pruned_before,nan,0.000000e+00,0.000000e+00,0.0000,0.0000,0
81,features.6,39,pruned_before,nan,0.000000e+00,0.000000e+00,0.0000,0.0000,0
81,features.6,40,pruned_before,nan,0.000000e+00,0.000000e+00,0.0000,0.0000,0
81,features.6,41,pruned_before,nan,0.000000e+00,0.000000e+00,0.0000,0.0000,0
81,features.6,42,pruned_before,nan,0.000000e+00,0.000000e+00,0.0000,0.0000,0
81,features.6,43,pruned_before,nan,0.000000e+00,0.000000e+00,0.0000,0.0000,0
81,features.6,44,pruned_before,nan,0.000000e+00,0.000000e+00,0.0000,0.0000,0
81,features.6,45,pruned_before,nan,0.000000e+00,0.000000e+00,0.0000,0.0000,0
81,features.6,46,pruned_before,nan,0.000000e+00,0.000000e+00,0.0000,0.0000,0
81,features.6,47,pruned_before,nan,0.000000e+00,0.000000e+00,0.0000,0.0000,0
81,features.6,48,pruned_before,nan,0.000000e+00,0.000000e+00,0.0000,0.0000,0
81,features.6,49,pruned_before,nan,0.000000e+00,0.000000e+00,0.0000,0.0000,0
81,features.6,50,pruned_before,nan,0.000000e+00,0.000000e+00,0.0000,0.0000,0
81,features.6,51,pruned_before,nan,0.000000e+00,0.000000e+00,0.0000,0.0000,0
81,features.6,52,pruned_before,nan,0.000000e+00,0.000000e+00,0.0000,0.0000,0
81,features.6,53,pruned_before,nan,0.000000e+00,0.000000e+00,0.0000,0.0000,0
81,features.6,54,pruned_before,nan,0.000000e+00,0.000000e+00,0.0000,0.0000,0
81,features.6,55,pruned_before,nan,0.000000e+00,0.000000e+00,0.0000,0.0000,0
81,features.6,56,pruned_before,nan,0.000000e+00,0.000000e+00,0.0000,0.0000,0
81,features.6,57,pruned_before,nan,0.000000e+00,0.000000e+00,0.0000,0.0000,0
81,features.6,58,pruned_before,nan,0.000000e+00,0.000000e+00,0.0000,0.0000,0
81,features.6,59,pruned_before,nan,0.000000e+00,0.000000e+00,0.0000,0.0000,0
81,features.6,60,pruned_before,nan,0.000000e+00,0.000000e+00,0.0000,0.0000,0
81,features.6,61,pruned_before,nan,0.000000e+00,0.000000e+00,0.0000,0.0000,0
81,features.6,62,pruned_before,nan,0.000000e+00,0.000000e+00,0.0000,0.0000,0
81,features.6,63,pruned_before,nan,0.000000e+00,0.000000e+00,0.0000,0.0000,0
81,features.6,64,pruned_before,nan,0.000000e+00,0.000000e+00,0.0000,0.0000,0
81,features.6,65,pruned_before,nan,0.000000e+00,0.000000e+00,0.0000,0.0000,0
81,features.6,66,pruned_before,nan,0.000000e+00,0.000000e+00,0.0000,0.0000,0
81,features.6,67,pruned_before,nan,0.000000e+00,0.000000e+00,0.0000,0.0000,0
81,features.6,68,pruned_before,nan,0.000000e+00,0.000000e+00,0.0000,0.0000,0
81,features.6,69,pruned_before,nan,0.000000e+00,0.000000e+00,0.0000,0.0000,0
81,features.6,70,pruned_before,nan,0.000000e+00,0.000000e+00,0.0000,0.0000,0
81,features.6,71,active,0.017010,5.417110e-09,3.550644e-05,0.0267,0.1189,73
81,features.6,72,pruned_before,nan,0.000000e+00,0.000000e+00,0.0000,0.0000,0
81,features.6,73,pruned_before,nan,0.000000e+00,0.000000e+00,0.0000,0.0000,0
81,features.6,74,pruned_before,nan,0.000000e+00,0.000000e+00,0.0000,0.0000,0
81,features.6,75,pruned_before,nan,0.000000e+00,0.000000e+00,0.0000,0.0000,0
81,features.6,76,pruned_before,nan,0.000000e+00,0.000000e+00,0.0000,0.0000,0
81,features.6,77,pruned_before,nan,0.000000e+00,0.000000e+00,0.0000,0.0000,0
81,features.6,78,pruned_before,nan,0.000000e+00,0.000000e+00,0.0000,0.0000,0
81,features.6,79,pruned_before,nan,0.000000e+00,0.000000e+00,0.0000,0.0000,0
81,features.6,80,active,0.075686,1.923426e-09,8.190567e-05,0.0095,0.2744,73
81,features.6,81,pruned_before,nan,0.000000e+00,0.000000e+00,0.0000,0.0000,0
81,features.6,82,pruned_before,nan,0.000000e+00,0.000000e+00,0.0000,0.0000,0
81,features.6,83,pruned_before,nan,0.000000e+00,0.000000e+00,0.0000,0.0000,0
81,features.6,84,pruned_before,nan,0.000000e+00,0.000000e+00,0.0000,0.0000,0
81,features.6,85,pruned_before,nan,0.000000e+00,0.000000e+00,0.0000,0.0000,0
81,features.6,86,pruned_before,nan,0.000000e+00,0.000000e+00,0.0000,0.0000,0
81,features.6,87,pruned_before,nan,0.000000e+00,0.000000e+00,0.0000,0.0000,0
81,features.6,88,pruned_before,nan,0.000000e+00,0.000000e+00,0.0000,0.0000,0
81,features.6,89,pruned_before,nan,0.000000e+00,0.000000e+00,0.0000,0.0000,0
81,features.6,90,pruned_before,nan,0.000000e+00,0.000000e+00,0.0000,0.0000,0
81,features.6,91,pruned_before,nan,0.000000e+00,0.000000e+00,0.0000,0.0000,0
81,features.6,92,pruned_before,nan,0.000000e+00,0.000000e+00,0.0000,0.0000,0
81,features.6,93,pruned_before,nan,0.000000e+00,0.000000e+00,0.0000,0.0000,0
81,features.6,94,pruned_before,nan,0.000000e+00,0.000000e+00,0.0000,0.0000,0
81,features.6,95,pruned_before,nan,0.000000e+00,0.000000e+00,0.0000,0.0000,0
81,features.6,96,pruned_before,nan,0.000000e+00,0.000000e+00,0.0000,0.0000,0
81,features.6,97,pruned_before,nan,0.000000e+00,0.000000e+00,0.0000,0.0000,0
81,features.6,98,pruned_before,nan,0.000000e+00,0.000000e+00,0.0000,0.0000,0
81,features.6,99,pruned_before,nan,0.000000e+00,0.000000e+00,0.0000,0.0000,0
81,features.6,100,pruned_before,nan,0.000000e+00,0.000000e+00,0.0000,0.0000,0
81,features.6,101,pruned_before,nan,0.000000e+00,0.000000e+00,0.0000,0.0000,0
81,features.6,102,pruned_before,nan,0.000000e+00,0.000000e+00,0.0000,0.0000,0
81,features.6,103,pruned_before,nan,0.000000e+00,0.000000e+00,0.0000,0.0000,0
81,features.6,104,pruned_before,nan,0.000000e+00,0.000000e+00,0.0000,0.0000,0
81,features.6,105,pruned_before,nan,0.000000e+00,0.000000e+00,0.0000,0.0000,0
81,features.6,106,pruned_before,nan,0.000000e+00,0.000000e+00,0.0000,0.0000,0
81,features.6,107,pruned_before,nan,0.000000e+00,0.000000e+00,0.0000,0.0000,0
81,features.6,108,pruned_before,nan,0.000000e+00,0.000000e+00,0.0000,0.0000,0
81,features.6,109,pruned_before,nan,0.000000e+00,0.000000e+00,0.0000,0.0000,0
81,features.6,110,pruned_before,nan,0.000000e+00,0.000000e+00,0.0000,0.0000,0
81,features.6,111,pruned_before,nan,0.000000e+00,0.000000e+00,0.0000,0.0000,0
81,features.6,112,pruned_before,nan,0.000000e+00,0.000000e+00,0.0000,0.0000,0
81,features.6,113,pruned_before,nan,0.000000e+00,0.000000e+00,0.0000,0.0000,0
81,features.6,114,pruned_before,nan,0.000000e+00,0.000000e+00,0.0000,0.0000,0
81,features.6,115,pruned_before,nan,0.000000e+00,0.000000e+00,0.0000,0.0000,0
81,features.6,116,protected,-0.399997,2.030478e-07,2.985005e-04,1.0000,1.0000,73
81,features.6,117,pruned_before,nan,0.000000e+00,0.000000e+00,0.0000,0.0000,0
81,features.6,118,pruned_before,nan,0.000000e+00,0.000000e+00,0.0000,0.0000,0
81,features.6,119,pruned_before,nan,0.000000e+00,0.000000e+00,0.0000,0.0000,0
81,features.6,120,pruned_before,nan,0.000000e+00,0.000000e+00,0.0000,0.0000,0
81,features.6,121,pruned_before,nan,0.000000e+00,0.000000e+00,0.0000,0.0000,0
81,features.6,122,pruned_before,nan,0.000000e+00,0.000000e+00,0.0000,0.0000,0
81,features.6,123,pruned_before,nan,0.000000e+00,0.000000e+00,0.0000,0.0000,0
81,features.6,124,pruned_before,nan,0.000000e+00,0.000000e+00,0.0000,0.0000,0
81,features.6,125,active,-0.006145,1.247138e-08,3.666491e-05,0.0614,0.1228,73
81,features.6,126,pruned_before,nan,0.000000e+00,0.000000e+00,0.0000,0.0000,0
81,features.6,127,pruned_before,nan,0.000000e+00,0.000000e+00,0.0000,0.0000,0
81,features.6,128,pruned_before,nan,0.000000e+00,0.000000e+00,0.0000,0.0000,0
81,features.6,129,pruned_before,nan,0.000000e+00,0.000000e+00,0.0000,0.0000,0
81,features.6,130,pruned_before,nan,0.000000e+00,0.000000e+00,0.0000,0.0000,0
81,features.6,131,pruned_before,nan,0.000000e+00,0.000000e+00,0.0000,0.0000,0
81,features.6,132,pruned_before,nan,0.000000e+00,0.000000e+00,0.0000,0.0000,0
81,features.6,133,pruned_before,nan,0.000000e+00,0.000000e+00,0.0000,0.0000,0
81,features.6,134,pruned_before,nan,0.000000e+00,0.000000e+00,0.0000,0.0000,0
81,features.6,135,pruned_before,nan,0.000000e+00,0.000000e+00,0.0000,0.0000,0
81,features.6,136,pruned_before,nan,0.000000e+00,0.000000e+00,0.0000,0.0000,0
81,features.6,137,pruned_before,nan,0.000000e+00,0.000000e+00,0.0000,0.0000,0
81,features.6,138,active,0.022633,3.987524e-09,3.619840e-05,0.0196,0.1213,73
81,features.6,139,pruned_before,nan,0.000000e+00,0.000000e+00,0.0000,0.0000,0
81,features.6,140,pruned_before,nan,0.000000e+00,0.000000e+00,0.0000,0.0000,0
81,features.6,141,pruned_before,nan,0.000000e+00,0.000000e+00,0.0000,0.0000,0
81,features.6,142,pruned_before,nan,0.000000e+00,0.000000e+00,0.0000,0.0000,0
81,features.6,143,pruned_before,nan,0.000000e+00,0.000000e+00,0.0000,0.0000,0
81,features.6,144,pruned_before,nan,0.000000e+00,0.000000e+00,0.0000,0.0000,0
81,features.6,145,pruned_before,nan,0.000000e+00,0.000000e+00,0.0000,0.0000,0
81,features.6,146,pruned_before,nan,0.000000e+00,0.000000e+00,0.0000,0.0000,0
81,features.6,147,pruned_before,nan,0.000000e+00,0.000000e+00,0.0000,0.0000,0
81,features.6,148,pruned_before,nan,0.000000e+00,0.000000e+00,0.0000,0.0000,0
81,features.6,149,pruned_before,nan,0.000000e+00,0.000000e+00,0.0000,0.0000,0
81,features.6,150,pruned_before,nan,0.000000e+00,0.000000e+00,0.0000,0.0000,0
81,features.6,151,pruned_before,nan,0.000000e+00,0.000000e+00,0.0000,0.0000,0
81,features.6,152,pruned_before,nan,0.000000e+00,0.000000e+00,0.0000,0.0000,0
81,features.6,153,pruned_before,nan,0.000000e+00,0.000000e+00,0.0000,0.0000,0
81,features.6,154,pruned_before,nan,0.000000e+00,0.000000e+00,0.0000,0.0000,0
81,features.6,155,pruned_before,nan,0.000000e+00,0.000000e+00,0.0000,0.0000,0
81,features.6,156,pruned_before,nan,0.000000e+00,0.000000e+00,0.0000,0.0000,0
81,features.6,157,pruned_before,nan,0.000000e+00,0.000000e+00,0.0000,0.0000,0
81,features.6,158,pruned_before,nan,0.000000e+00,0.000000e+00,0.0000,0.0000,0
81,features.6,159,pruned_before,nan,0.000000e+00,0.000000e+00,0.0000,0.0000,0
81,features.6,160,pruned_before,nan,0.000000e+00,0.000000e+00,0.0000,0.0000,0
81,features.6,161,pruned_before,nan,0.000000e+00,0.000000e+00,0.0000,0.0000,0
81,features.6,162,pruned_before,nan,0.000000e+00,0.000000e+00,0.0000,0.0000,0
81,features.6,163,pruned_before,nan,0.000000e+00,0.000000e+00,0.0000,0.0000,0
81,features.6,164,pruned_before,nan,0.000000e+00,0.000000e+00,0.0000,0.0000,0
81,features.6,165,pruned_before,nan,0.000000e+00,0.000000e+00,0.0000,0.0000,0
81,features.6,166,pruned_before,nan,0.000000e+00,0.000000e+00,0.0000,0.0000,0
81,features.6,167,pruned_before,nan,0.000000e+00,0.000000e+00,0.0000,0.0000,0
81,features.6,168,pruned_before,nan,0.000000e+00,0.000000e+00,0.0000,0.0000,0
81,features.6,169,pruned_before,nan,0.000000e+00,0.000000e+00,0.0000,0.0000,0
81,features.6,170,pruned_before,nan,0.000000e+00,0.000000e+00,0.0000,0.0000,0
81,features.6,171,pruned_before,nan,0.000000e+00,0.000000e+00,0.0000,0.0000,0
81,features.6,172,pruned_before,nan,0.000000e+00,0.000000e+00,0.0000,0.0000,0
81,features.6,173,pruned_before,nan,0.000000e+00,0.000000e+00,0.0000,0.0000,0
81,features.6,174,pruned_before,nan,0.000000e+00,0.000000e+00,0.0000,0.0000,0
81,features.6,175,pruned_before,nan,0.000000e+00,0.000000e+00,0.0000,0.0000,0
81,features.6,176,pruned_before,nan,0.000000e+00,0.000000e+00,0.0000,0.0000,0
81,features.6,177,pruned_before,nan,0.000000e+00,0.000000e+00,0.0000,0.0000,0
81,features.6,178,pruned_before,nan,0.000000e+00,0.000000e+00,0.0000,0.0000,0
81,features.6,179,pruned_before,nan,0.000000e+00,0.000000e+00,0.0000,0.0000,0
81,features.6,180,pruned_before,nan,0.000000e+00,0.000000e+00,0.0000,0.0000,0
81,features.6,181,pruned_before,nan,0.000000e+00,0.000000e+00,0.0000,0.0000,0
81,features.6,182,pruned_before,nan,0.000000e+00,0.000000e+00,0.0000,0.0000,0
81,features.6,183,pruned_before,nan,0.000000e+00,0.000000e+00,0.0000,0.0000,0
81,features.6,184,pruned_before,nan,0.000000e+00,0.000000e+00,0.0000,0.0000,0
81,features.6,185,pruned_before,nan,0.000000e+00,0.000000e+00,0.0000,0.0000,0
81,features.6,186,pruned_before,nan,0.000000e+00,0.000000e+00,0.0000,0.0000,0
81,features.6,187,pruned_before,nan,0.000000e+00,0.000000e+00,0.0000,0.0000,0
81,features.6,188,pruned_before,nan,0.000000e+00,0.000000e+00,0.0000,0.0000,0
81,features.6,189,pruned_before,nan,0.000000e+00,0.000000e+00,0.0000,0.0000,0
81,features.6,190,pruned_before,nan,0.000000e+00,0.000000e+00,0.0000,0.0000,0
81,features.6,191,pruned_before,nan,0.000000e+00,0.000000e+00,0.0000,0.0000,0
81,features.7,0,pruned_before,nan,0.000000e+00,0.000000e+00,0.0000,0.0000,0
81,features.7,1,pruned_before,nan,0.000000e+00,0.000000e+00,0.0000,0.0000,0
81,features.7,2,pruned_before,nan,0.000000e+00,0.000000e+00,0.0000,0.0000,0
81,features.7,3,pruned_before,nan,0.000000e+00,0.000000e+00,0.0000,0.0000,0
81,features.7,4,pruned_before,nan,0.000000e+00,0.000000e+00,0.0000,0.0000,0
81,features.7,5,pruned_before,nan,0.000000e+00,0.000000e+00,0.0000,0.0000,0
81,features.7,6,pruned_before,nan,0.000000e+00,0.000000e+00,0.0000,0.0000,0
81,features.7,7,pruned_before,nan,0.000000e+00,0.000000e+00,0.0000,0.0000,0
81,features.7,8,pruned_before,nan,0.000000e+00,0.000000e+00,0.0000,0.0000,0
81,features.7,9,pruned_before,nan,0.000000e+00,0.000000e+00,0.0000,0.0000,0
81,features.7,10,pruned_before,nan,0.000000e+00,0.000000e+00,0.0000,0.0000,0
81,features.7,11,pruned_before,nan,0.000000e+00,0.000000e+00,0.0000,0.0000,0
81,features.7,12,pruned_before,nan,0.000000e+00,0.000000e+00,0.0000,0.0000,0
81,features.7,13,pruned_before,nan,0.000000e+00,0.000000e+00,0.0000,0.0000,0
81,features.7,14,pruned_before,nan,0.000000e+00,0.000000e+00,0.0000,0.0000,0
81,features.7,15,pruned_before,nan,0.000000e+00,0.000000e+00,0.0000,0.0000,0
81,features.7,16,pruned_before,nan,0.000000e+00,0.000000e+00,0.0000,0.0000,0
81,features.7,17,pruned_before,nan,0.000000e+00,0.000000e+00,0.0000,0.0000,0
81,features.7,18,pruned_before,nan,0.000000e+00,0.000000e+00,0.0000,0.0000,0
81,features.7,19,pruned_before,nan,0.000000e+00,0.000000e+00,0.0000,0.0000,0
81,features.7,20,pruned_before,nan,0.000000e+00,0.000000e+00,0.0000,0.0000,0
81,features.7,21,pruned_before,nan,0.000000e+00,0.000000e+00,0.0000,0.0000,0
81,features.7,22,pruned_before,nan,0.000000e+00,0.000000e+00,0.0000,0.0000,0
81,features.7,23,pruned_before,nan,0.000000e+00,0.000000e+00,0.0000,0.0000,0
81,features.7,24,pruned_before,nan,0.000000e+00,0.000000e+00,0.0000,0.0000,0
81,features.7,25,pruned_before,nan,0.000000e+00,0.000000e+00,0.0000,0.0000,0
81,features.7,26,pruned_before,nan,0.000000e+00,0.000000e+00,0.0000,0.0000,0
81,features.7,27,pruned_before,nan,0.000000e+00,0.000000e+00,0.0000,0.0000,0
81,features.7,28,pruned_before,nan,0.000000e+00,0.000000e+00,0.0000,0.0000,0
81,features.7,29,pruned_before,nan,0.000000e+00,0.000000e+00,0.0000,0.0000,0
81,features.7,30,pruned_before,nan,0.000000e+00,0.000000e+00,0.0000,0.0000,0
81,features.7,31,pruned_before,nan,0.000000e+00,0.000000e+00,0.0000,0.0000,0
81,features.7,32,pruned_before,nan,0.000000e+00,0.000000e+00,0.0000,0.0000,0
81,features.7,33,pruned_before,nan,0.000000e+00,0.000000e+00,0.0000,0.0000,0
81,features.7,34,pruned_before,nan,0.000000e+00,0.000000e+00,0.0000,0.0000,0
81,features.7,35,pruned_before,nan,0.000000e+00,0.000000e+00,0.0000,0.0000,0
81,features.7,36,pruned_before,nan,0.000000e+00,0.000000e+00,0.0000,0.0000,0
81,features.7,37,pruned_before,nan,0.000000e+00,0.000000e+00,0.0000,0.0000,0
81,features.7,38,pruned_before,nan,0.000000e+00,0.000000e+00,0.0000,0.0000,0
81,features.7,39,pruned_before,nan,0.000000e+00,0.000000e+00,0.0000,0.0000,0
81,features.7,40,pruned_before,nan,0.000000e+00,0.000000e+00,0.0000,0.0000,0
81,features.7,41,pruned_before,nan,0.000000e+00,0.000000e+00,0.0000,0.0000,0
81,features.7,42,pruned_before,nan,0.000000e+00,0.000000e+00,0.0000,0.0000,0
81,features.7,43,pruned_before,nan,0.000000e+00,0.000000e+00,0.0000,0.0000,0
81,features.7,44,pruned_before,nan,0.000000e+00,0.000000e+00,0.0000,0.0000,0
81,features.7,45,active,-0.154100,1.010130e-06,8.225002e-04,0.3434,0.2877,105
81,features.7,46,pruned_before,nan,0.000000e+00,0.000000e+00,0.0000,0.0000,0
81,features.7,47,pruned_before,nan,0.000000e+00,0.000000e+00,0.0000,0.0000,0
81,features.7,48,pruned_before,nan,0.000000e+00,0.000000e+00,0.0000,0.0000,0
81,features.7,49,pruned_before,nan,0.000000e+00,0.000000e+00,0.0000,0.0000,0
81,features.7,50,pruned_before,nan,0.000000e+00,0.000000e+00,0.0000,0.0000,0
81,features.7,51,pruned_before,nan,0.000000e+00,0.000000e+00,0.0000,0.0000,0
81,features.7,52,pruned_before,nan,0.000000e+00,0.000000e+00,0.0000,0.0000,0
81,features.7,53,pruned_before,nan,0.000000e+00,0.000000e+00,0.0000,0.0000,0
81,features.7,54,pruned_before,nan,0.000000e+00,0.000000e+00,0.0000,0.0000,0
81,features.7,55,pruned_before,nan,0.000000e+00,0.000000e+00,0.0000,0.0000,0
81,features.7,56,pruned_before,nan,0.000000e+00,0.000000e+00,0.0000,0.0000,0
81,features.7,57,pruned_before,nan,0.000000e+00,0.000000e+00,0.0000,0.0000,0
81,features.7,58,pruned_before,nan,0.000000e+00,0.000000e+00,0.0000,0.0000,0
81,features.7,59,pruned_before,nan,0.000000e+00,0.000000e+00,0.0000,0.0000,0
81,features.7,60,pruned_before,nan,0.000000e+00,0.000000e+00,0.0000,0.0000,0
81,features.7,61,pruned_before,nan,0.000000e+00,0.000000e+00,0.0000,0.0000,0
81,features.7,62,pruned_before,nan,0.000000e+00,0.000000e+00,0.0000,0.0000,0
81,features.7,63,pruned_before,nan,0.000000e+00,0.000000e+00,0.0000,0.0000,0
81,features.7,64,pruned_before,nan,0.000000e+00,0.000000e+00,0.0000,0.0000,0
81,features.7,65,pruned_before,nan,0.000000e+00,0.000000e+00,0.0000,0.0000,0
81,features.7,66,pruned_before,nan,0.000000e+00,0.000000e+00,0.0000,0.0000,0
81,features.7,67,pruned_before,nan,0.000000e+00,0.000000e+00,0.0000,0.0000,0
81,features.7,68,pruned_before,nan,0.000000e+00,0.000000e+00,0.0000,0.0000,0
81,features.7,69,pruned_before,nan,0.000000e+00,0.000000e+00,0.0000,0.0000,0
81,features.7,70,pruned_before,nan,0.000000e+00,0.000000e+00,0.0000,0.0000,0
81,features.7,71,pruned_before,nan,0.000000e+00,0.000000e+00,0.0000,0.0000,0
81,features.7,72,pruned_before,nan,0.000000e+00,0.000000e+00,0.0000,0.0000,0
81,features.7,73,pruned_before,nan,0.000000e+00,0.000000e+00,0.0000,0.0000,0
81,features.7,74,pruned_before,nan,0.000000e+00,0.000000e+00,0.0000,0.0000,0
81,features.7,75,pruned_before,nan,0.000000e+00,0.000000e+00,0.0000,0.0000,0
81,features.7,76,protected,-0.081208,1.601757e-06,2.859046e-03,0.5446,1.0000,105
81,features.7,77,active,-0.263297,1.640559e-06,1.211720e-03,0.5578,0.4238,105
81,features.7,78,pruned_before,nan,0.000000e+00,0.000000e+00,0.0000,0.0000,0
81,features.7,79,pruned_before,nan,0.000000e+00,0.000000e+00,0.0000,0.0000,0
81,features.7,80,pruned_before,nan,0.000000e+00,0.000000e+00,0.0000,0.0000,0
81,features.7,81,pruned_before,nan,0.000000e+00,0.000000e+00,0.0000,0.0000,0
81,features.7,82,pruned_before,nan,0.000000e+00,0.000000e+00,0.0000,0.0000,0
81,features.7,83,pruned_before,nan,0.000000e+00,0.000000e+00,0.0000,0.0000,0
81,features.7,84,pruned_before,nan,0.000000e+00,0.000000e+00,0.0000,0.0000,0
81,features.7,85,active,0.122366,2.263319e-07,1.679511e-03,0.0770,0.5874,105
81,features.7,86,pruned_before,nan,0.000000e+00,0.000000e+00,0.0000,0.0000,0
81,features.7,87,pruned_before,nan,0.000000e+00,0.000000e+00,0.0000,0.0000,0
81,features.7,88,pruned_before,nan,0.000000e+00,0.000000e+00,0.0000,0.0000,0
81,features.7,89,pruned_before,nan,0.000000e+00,0.000000e+00,0.0000,0.0000,0
81,features.7,90,pruned_before,nan,0.000000e+00,0.000000e+00,0.0000,0.0000,0
81,features.7,91,pruned_before,nan,0.000000e+00,0.000000e+00,0.0000,0.0000,0
81,features.7,92,pruned_before,nan,0.000000e+00,0.000000e+00,0.0000,0.0000,0
81,features.7,93,pruned_before,nan,0.000000e+00,0.000000e+00,0.0000,0.0000,0
81,features.7,94,pruned_before,nan,0.000000e+00,0.000000e+00,0.0000,0.0000,0
81,features.7,95,pruned_before,nan,0.000000e+00,0.000000e+00,0.0000,0.0000,0
81,features.7,96,pruned_before,nan,0.000000e+00,0.000000e+00,0.0000,0.0000,0
81,features.7,97,pruned_before,nan,0.000000e+00,0.000000e+00,0.0000,0.0000,0
81,features.7,98,pruned_before,nan,0.000000e+00,0.000000e+00,0.0000,0.0000,0
81,features.7,99,pruned_before,nan,0.000000e+00,0.000000e+00,0.0000,0.0000,0
81,features.7,100,pruned_before,nan,0.000000e+00,0.000000e+00,0.0000,0.0000,0
81,features.7,101,pruned_before,nan,0.000000e+00,0.000000e+00,0.0000,0.0000,0
81,features.7,102,pruned_before,nan,0.000000e+00,0.000000e+00,0.0000,0.0000,0
81,features.7,103,pruned_before,nan,0.000000e+00,0.000000e+00,0.0000,0.0000,0
81,features.7,104,pruned_before,nan,0.000000e+00,0.000000e+00,0.0000,0.0000,0
81,features.7,105,pruned_before,nan,0.000000e+00,0.000000e+00,0.0000,0.0000,0
81,features.7,106,pruned_before,nan,0.000000e+00,0.000000e+00,0.0000,0.0000,0
81,features.7,107,pruned_before,nan,0.000000e+00,0.000000e+00,0.0000,0.0000,0
81,features.7,108,pruned_before,nan,0.000000e+00,0.000000e+00,0.0000,0.0000,0
81,features.7,109,pruned_before,nan,0.000000e+00,0.000000e+00,0.0000,0.0000,0
81,features.7,110,pruned_before,nan,0.000000e+00,0.000000e+00,0.0000,0.0000,0
81,features.7,111,pruned_before,nan,0.000000e+00,0.000000e+00,0.0000,0.0000,0
81,features.7,112,pruned_before,nan,0.000000e+00,0.000000e+00,0.0000,0.0000,0
81,features.7,113,pruned_before,nan,0.000000e+00,0.000000e+00,0.0000,0.0000,0
81,features.7,114,pruned_before,nan,0.000000e+00,0.000000e+00,0.0000,0.0000,0
81,features.7,115,pruned_before,nan,0.000000e+00,0.000000e+00,0.0000,0.0000,0
81,features.7,116,pruned_before,nan,0.000000e+00,0.000000e+00,0.0000,0.0000,0
81,features.7,117,pruned_before,nan,0.000000e+00,0.000000e+00,0.0000,0.0000,0
81,features.7,118,pruned_before,nan,0.000000e+00,0.000000e+00,0.0000,0.0000,0
81,features.7,119,pruned_before,nan,0.000000e+00,0.000000e+00,0.0000,0.0000,0
81,features.7,120,pruned_before,nan,0.000000e+00,0.000000e+00,0.0000,0.0000,0
81,features.7,121,pruned_before,nan,0.000000e+00,0.000000e+00,0.0000,0.0000,0
81,features.7,122,pruned_before,nan,0.000000e+00,0.000000e+00,0.0000,0.0000,0
81,features.7,123,pruned_before,nan,0.000000e+00,0.000000e+00,0.0000,0.0000,0
81,features.7,124,pruned_before,nan,0.000000e+00,0.000000e+00,0.0000,0.0000,0
81,features.7,125,pruned_before,nan,0.000000e+00,0.000000e+00,0.0000,0.0000,0
81,features.7,126,pruned_before,nan,0.000000e+00,0.000000e+00,0.0000,0.0000,0
81,features.7,127,pruned_before,nan,0.000000e+00,0.000000e+00,0.0000,0.0000,0
81,features.7,128,pruned_before,nan,0.000000e+00,0.000000e+00,0.0000,0.0000,0
81,features.7,129,pruned_before,nan,0.000000e+00,0.000000e+00,0.0000,0.0000,0
81,features.7,130,pruned_before,nan,0.000000e+00,0.000000e+00,0.0000,0.0000,0
81,features.7,131,pruned_before,nan,0.000000e+00,0.000000e+00,0.0000,0.0000,0
81,features.7,132,pruned_before,nan,0.000000e+00,0.000000e+00,0.0000,0.0000,0
81,features.7,133,pruned_before,nan,0.000000e+00,0.000000e+00,0.0000,0.0000,0
81,features.7,134,pruned_before,nan,0.000000e+00,0.000000e+00,0.0000,0.0000,0
81,features.7,135,pruned_before,nan,0.000000e+00,0.000000e+00,0.0000,0.0000,0
81,features.7,136,pruned_before,nan,0.000000e+00,0.000000e+00,0.0000,0.0000,0
81,features.7,137,pruned_before,nan,0.000000e+00,0.000000e+00,0.0000,0.0000,0
81,features.7,138,pruned_before,nan,0.000000e+00,0.000000e+00,0.0000,0.0000,0
81,features.7,139,pruned_before,nan,0.000000e+00,0.000000e+00,0.0000,0.0000,0
81,features.7,140,pruned_before,nan,0.000000e+00,0.000000e+00,0.0000,0.0000,0
81,features.7,141,active,0.015787,4.020114e-07,1.062259e-03,0.1367,0.3715,105
81,features.7,142,active,-0.685005,2.941254e-06,1.429053e-04,1.0000,0.0500,105
81,features.7,143,pruned_before,nan,0.000000e+00,0.000000e+00,0.0000,0.0000,0
81,features.7,144,pruned_before,nan,0.000000e+00,0.000000e+00,0.0000,0.0000,0
81,features.7,145,pruned_before,nan,0.000000e+00,0.000000e+00,0.0000,0.0000,0
81,features.7,146,pruned_before,nan,0.000000e+00,0.000000e+00,0.0000,0.0000,0
81,features.7,147,pruned_before,nan,0.000000e+00,0.000000e+00,0.0000,0.0000,0
81,features.7,148,pruned_before,nan,0.000000e+00,0.000000e+00,0.0000,0.0000,0
81,features.7,149,pruned_before,nan,0.000000e+00,0.000000e+00,0.0000,0.0000,0
81,features.7,150,pruned_before,nan,0.000000e+00,0.000000e+00,0.0000,0.0000,0
81,features.7,151,pruned_before,nan,0.000000e+00,0.000000e+00,0.0000,0.0000,0
81,features.7,152,pruned_before,nan,0.000000e+00,0.000000e+00,0.0000,0.0000,0
81,features.7,153,pruned_before,nan,0.000000e+00,0.000000e+00,0.0000,0.0000,0
81,features.7,154,pruned_before,nan,0.000000e+00,0.000000e+00,0.0000,0.0000,0
81,features.7,155,pruned_before,nan,0.000000e+00,0.000000e+00,0.0000,0.0000,0
81,features.7,156,pruned_before,nan,0.000000e+00,0.000000e+00,0.0000,0.0000,0
81,features.7,157,pruned_before,nan,0.000000e+00,0.000000e+00,0.0000,0.0000,0
81,features.7,158,pruned_before,nan,0.000000e+00,0.000000e+00,0.0000,0.0000,0
81,features.7,159,pruned_before,nan,0.000000e+00,0.000000e+00,0.0000,0.0000,0
81,features.7,160,pruned_before,nan,0.000000e+00,0.000000e+00,0.0000,0.0000,0
81,features.7,161,pruned_before,nan,0.000000e+00,0.000000e+00,0.0000,0.0000,0
81,features.7,162,pruned_before,nan,0.000000e+00,0.000000e+00,0.0000,0.0000,0
81,features.7,163,pruned_before,nan,0.000000e+00,0.000000e+00,0.0000,0.0000,0
81,features.7,164,pruned_before,nan,0.000000e+00,0.000000e+00,0.0000,0.0000,0
81,features.7,165,pruned_before,nan,0.000000e+00,0.000000e+00,0.0000,0.0000,0
81,features.7,166,pruned_before,nan,0.000000e+00,0.000000e+00,0.0000,0.0000,0
81,features.7,167,pruned_before,nan,0.000000e+00,0.000000e+00,0.0000,0.0000,0
81,features.7,168,pruned_before,nan,0.000000e+00,0.000000e+00,0.0000,0.0000,0
81,features.7,169,pruned_before,nan,0.000000e+00,0.000000e+00,0.0000,0.0000,0
81,features.7,170,pruned_before,nan,0.000000e+00,0.000000e+00,0.0000,0.0000,0
81,features.7,171,pruned_before,nan,0.000000e+00,0.000000e+00,0.0000,0.0000,0
81,features.7,172,pruned_before,nan,0.000000e+00,0.000000e+00,0.0000,0.0000,0
81,features.7,173,pruned_before,nan,0.000000e+00,0.000000e+00,0.0000,0.0000,0
81,features.7,174,pruned_before,nan,0.000000e+00,0.000000e+00,0.0000,0.0000,0
81,features.7,175,pruned_before,nan,0.000000e+00,0.000000e+00,0.0000,0.0000,0
81,features.7,176,pruned_before,nan,0.000000e+00,0.000000e+00,0.0000,0.0000,0
81,features.7,177,pruned_before,nan,0.000000e+00,0.000000e+00,0.0000,0.0000,0
81,features.7,178,pruned_before,nan,0.000000e+00,0.000000e+00,0.0000,0.0000,0
81,features.7,179,pruned_before,nan,0.000000e+00,0.000000e+00,0.0000,0.0000,0
81,features.7,180,pruned_before,nan,0.000000e+00,0.000000e+00,0.0000,0.0000,0
81,features.7,181,pruned_before,nan,0.000000e+00,0.000000e+00,0.0000,0.0000,0
81,features.7,182,pruned_before,nan,0.000000e+00,0.000000e+00,0.0000,0.0000,0
81,features.7,183,pruned_before,nan,0.000000e+00,0.000000e+00,0.0000,0.0000,0
81,features.7,184,pruned_before,nan,0.000000e+00,0.000000e+00,0.0000,0.0000,0
81,features.7,185,pruned_before,nan,0.000000e+00,0.000000e+00,0.0000,0.0000,0
81,features.7,186,pruned_before,nan,0.000000e+00,0.000000e+00,0.0000,0.0000,0
81,features.7,187,pruned_before,nan,0.000000e+00,0.000000e+00,0.0000,0.0000,0
81,features.7,188,pruned_before,nan,0.000000e+00,0.000000e+00,0.0000,0.0000,0
81,features.7,189,pruned_before,nan,0.000000e+00,0.000000e+00,0.0000,0.0000,0
81,features.7,190,pruned_before,nan,0.000000e+00,0.000000e+00,0.0000,0.0000,0
81,features.7,191,pruned_before,nan,0.000000e+00,0.000000e+00,0.0000,0.0000,0
81,features.8,0,active,0.052421,7.136627e-08,1.937652e-04,0.1406,0.5029,137
81,features.8,1,pruned_before,nan,0.000000e+00,0.000000e+00,0.0000,0.0000,0
81,features.8,2,pruned_before,nan,0.000000e+00,0.000000e+00,0.0000,0.0000,0
81,features.8,3,active,-0.024555,7.289142e-08,9.760079e-05,0.1436,0.2533,137
81,features.8,4,pruned_before,nan,0.000000e+00,0.000000e+00,0.0000,0.0000,0
81,features.8,5,pruned_before,nan,0.000000e+00,0.000000e+00,0.0000,0.0000,0
81,features.8,6,pruned_before,nan,0.000000e+00,0.000000e+00,0.0000,0.0000,0
81,features.8,7,pruned_before,nan,0.000000e+00,0.000000e+00,0.0000,0.0000,0
81,features.8,8,pruned_before,nan,0.000000e+00,0.000000e+00,0.0000,0.0000,0
81,features.8,9,pruned_before,nan,0.000000e+00,0.000000e+00,0.0000,0.0000,0
81,features.8,10,pruned_before,nan,0.000000e+00,0.000000e+00,0.0000,0.0000,0
81,features.8,11,pruned_before,nan,0.000000e+00,0.000000e+00,0.0000,0.0000,0
81,features.8,12,pruned_before,nan,0.000000e+00,0.000000e+00,0.0000,0.0000,0
81,features.8,13,pruned_before,nan,0.000000e+00,0.000000e+00,0.0000,0.0000,0
81,features.8,14,pruned_before,nan,0.000000e+00,0.000000e+00,0.0000,0.0000,0
81,features.8,15,pruned_before,nan,0.000000e+00,0.000000e+00,0.0000,0.0000,0
81,features.8,16,pruned_before,nan,0.000000e+00,0.000000e+00,0.0000,0.0000,0
81,features.8,17,pruned_before,nan,0.000000e+00,0.000000e+00,0.0000,0.0000,0
81,features.8,18,pruned_before,nan,0.000000e+00,0.000000e+00,0.0000,0.0000,0
81,features.8,19,pruned_before,nan,0.000000e+00,0.000000e+00,0.0000,0.0000,0
81,features.8,20,pruned_before,nan,0.000000e+00,0.000000e+00,0.0000,0.0000,0
81,features.8,21,pruned_before,nan,0.000000e+00,0.000000e+00,0.0000,0.0000,0
81,features.8,22,pruned_before,nan,0.000000e+00,0.000000e+00,0.0000,0.0000,0
81,features.8,23,pruned_before,nan,0.000000e+00,0.000000e+00,0.0000,0.0000,0
81,features.8,24,pruned_before,nan,0.000000e+00,0.000000e+00,0.0000,0.0000,0
81,features.8,25,pruned_before,nan,0.000000e+00,0.000000e+00,0.0000,0.0000,0
81,features.8,26,pruned_before,nan,0.000000e+00,0.000000e+00,0.0000,0.0000,0
81,features.8,27,pruned_before,nan,0.000000e+00,0.000000e+00,0.0000,0.0000,0
81,features.8,28,pruned_before,nan,0.000000e+00,0.000000e+00,0.0000,0.0000,0
81,features.8,29,pruned_before,nan,0.000000e+00,0.000000e+00,0.0000,0.0000,0
81,features.8,30,pruned_before,nan,0.000000e+00,0.000000e+00,0.0000,0.0000,0
81,features.8,31,pruned_before,nan,0.000000e+00,0.000000e+00,0.0000,0.0000,0
81,features.8,32,pruned_before,nan,0.000000e+00,0.000000e+00,0.0000,0.0000,0
81,features.8,33,pruned_before,nan,0.000000e+00,0.000000e+00,0.0000,0.0000,0
81,features.8,34,pruned_before,nan,0.000000e+00,0.000000e+00,0.0000,0.0000,0
81,features.8,35,pruned_before,nan,0.000000e+00,0.000000e+00,0.0000,0.0000,0
81,features.8,36,pruned_before,nan,0.000000e+00,0.000000e+00,0.0000,0.0000,0
81,features.8,37,pruned_before,nan,0.000000e+00,0.000000e+00,0.0000,0.0000,0
81,features.8,38,pruned_before,nan,0.000000e+00,0.000000e+00,0.0000,0.0000,0
81,features.8,39,pruned_before,nan,0.000000e+00,0.000000e+00,0.0000,0.0000,0
81,features.8,40,pruned_before,nan,0.000000e+00,0.000000e+00,0.0000,0.0000,0
81,features.8,41,pruned_before,nan,0.000000e+00,0.000000e+00,0.0000,0.0000,0
81,features.8,42,active,0.177523,3.967341e-08,2.982960e-04,0.0782,0.7742,137
81,features.8,43,pruned_before,nan,0.000000e+00,0.000000e+00,0.0000,0.0000,0
81,features.8,44,pruned_before,nan,0.000000e+00,0.000000e+00,0.0000,0.0000,0
81,features.8,45,pruned_before,nan,0.000000e+00,0.000000e+00,0.0000,0.0000,0
81,features.8,46,pruned_before,nan,0.000000e+00,0.000000e+00,0.0000,0.0000,0
81,features.8,47,active,-0.101126,2.151805e-07,2.513413e-04,0.4240,0.6523,137
81,features.8,48,pruned_before,nan,0.000000e+00,0.000000e+00,0.0000,0.0000,0
81,features.8,49,pruned_before,nan,0.000000e+00,0.000000e+00,0.0000,0.0000,0
81,features.8,50,pruned_before,nan,0.000000e+00,0.000000e+00,0.0000,0.0000,0
81,features.8,51,pruned_before,nan,0.000000e+00,0.000000e+00,0.0000,0.0000,0
81,features.8,52,pruned_before,nan,0.000000e+00,0.000000e+00,0.0000,0.0000,0
81,features.8,53,pruned_before,nan,0.000000e+00,0.000000e+00,0.0000,0.0000,0
81,features.8,54,pruned_before,nan,0.000000e+00,0.000000e+00,0.0000,0.0000,0
81,features.8,55,pruned_before,nan,0.000000e+00,0.000000e+00,0.0000,0.0000,0
81,features.8,56,pruned_before,nan,0.000000e+00,0.000000e+00,0.0000,0.0000,0
81,features.8,57,pruned_before,nan,0.000000e+00,0.000000e+00,0.0000,0.0000,0
81,features.8,58,pruned_before,nan,0.000000e+00,0.000000e+00,0.0000,0.0000,0
81,features.8,59,pruned_before,nan,0.000000e+00,0.000000e+00,0.0000,0.0000,0
81,features.8,60,pruned_before,nan,0.000000e+00,0.000000e+00,0.0000,0.0000,0
81,features.8,61,pruned_before,nan,0.000000e+00,0.000000e+00,0.0000,0.0000,0
81,features.8,62,pruned_before,nan,0.000000e+00,0.000000e+00,0.0000,0.0000,0
81,features.8,63,pruned_before,nan,0.000000e+00,0.000000e+00,0.0000,0.0000,0
81,features.8,64,pruned_before,nan,0.000000e+00,0.000000e+00,0.0000,0.0000,0
81,features.8,65,pruned_before,nan,0.000000e+00,0.000000e+00,0.0000,0.0000,0
81,features.8,66,pruned_before,nan,0.000000e+00,0.000000e+00,0.0000,0.0000,0
81,features.8,67,pruned_before,nan,0.000000e+00,0.000000e+00,0.0000,0.0000,0
81,features.8,68,pruned_before,nan,0.000000e+00,0.000000e+00,0.0000,0.0000,0
81,features.8,69,pruned_before,nan,0.000000e+00,0.000000e+00,0.0000,0.0000,0
81,features.8,70,pruned_before,nan,0.000000e+00,0.000000e+00,0.0000,0.0000,0
81,features.8,71,protected,-0.399999,5.074748e-07,3.853172e-04,1.0000,1.0000,137
81,features.8,72,pruned_before,nan,0.000000e+00,0.000000e+00,0.0000,0.0000,0
81,features.8,73,pruned_before,nan,0.000000e+00,0.000000e+00,0.0000,0.0000,0
81,features.8,74,pruned_before,nan,0.000000e+00,0.000000e+00,0.0000,0.0000,0
81,features.8,75,pruned_before,nan,0.000000e+00,0.000000e+00,0.0000,0.0000,0
81,features.8,76,pruned_before,nan,0.000000e+00,0.000000e+00,0.0000,0.0000,0
81,features.8,77,pruned_before,nan,0.000000e+00,0.000000e+00,0.0000,0.0000,0
81,features.8,78,pruned_before,nan,0.000000e+00,0.000000e+00,0.0000,0.0000,0
81,features.8,79,pruned_before,nan,0.000000e+00,0.000000e+00,0.0000,0.0000,0
81,features.8,80,pruned_before,nan,0.000000e+00,0.000000e+00,0.0000,0.0000,0
81,features.8,81,pruned_before,nan,0.000000e+00,0.000000e+00,0.0000,0.0000,0
81,features.8,82,pruned_before,nan,0.000000e+00,0.000000e+00,0.0000,0.0000,0
81,features.8,83,pruned_before,nan,0.000000e+00,0.000000e+00,0.0000,0.0000,0
81,features.8,84,pruned_before,nan,0.000000e+00,0.000000e+00,0.0000,0.0000,0
81,features.8,85,pruned_before,nan,0.000000e+00,0.000000e+00,0.0000,0.0000,0
81,features.8,86,pruned_before,nan,0.000000e+00,0.000000e+00,0.0000,0.0000,0
81,features.8,87,pruned_before,nan,0.000000e+00,0.000000e+00,0.0000,0.0000,0
81,features.8,88,pruned_before,nan,0.000000e+00,0.000000e+00,0.0000,0.0000,0
81,features.8,89,pruned_before,nan,0.000000e+00,0.000000e+00,0.0000,0.0000,0
81,features.8,90,pruned_before,nan,0.000000e+00,0.000000e+00,0.0000,0.0000,0
81,features.8,91,pruned_before,nan,0.000000e+00,0.000000e+00,0.0000,0.0000,0
81,features.8,92,pruned_before,nan,0.000000e+00,0.000000e+00,0.0000,0.0000,0
81,features.8,93,pruned_before,nan,0.000000e+00,0.000000e+00,0.0000,0.0000,0
81,features.8,94,pruned_before,nan,0.000000e+00,0.000000e+00,0.0000,0.0000,0
81,features.8,95,pruned_before,nan,0.000000e+00,0.000000e+00,0.0000,0.0000,0
81,features.8,96,pruned_before,nan,0.000000e+00,0.000000e+00,0.0000,0.0000,0
81,features.8,97,pruned_before,nan,0.000000e+00,0.000000e+00,0.0000,0.0000,0
81,features.8,98,pruned_before,nan,0.000000e+00,0.000000e+00,0.0000,0.0000,0
81,features.8,99,pruned_before,nan,0.000000e+00,0.000000e+00,0.0000,0.0000,0
81,features.8,100,pruned_before,nan,0.000000e+00,0.000000e+00,0.0000,0.0000,0
81,features.8,101,pruned_before,nan,0.000000e+00,0.000000e+00,0.0000,0.0000,0
81,features.8,102,pruned_before,nan,0.000000e+00,0.000000e+00,0.0000,0.0000,0
81,features.8,103,pruned_before,nan,0.000000e+00,0.000000e+00,0.0000,0.0000,0
81,features.8,104,pruned_before,nan,0.000000e+00,0.000000e+00,0.0000,0.0000,0
81,features.8,105,pruned_before,nan,0.000000e+00,0.000000e+00,0.0000,0.0000,0
81,features.8,106,pruned_before,nan,0.000000e+00,0.000000e+00,0.0000,0.0000,0
81,features.8,107,pruned_before,nan,0.000000e+00,0.000000e+00,0.0000,0.0000,0
81,features.8,108,pruned_before,nan,0.000000e+00,0.000000e+00,0.0000,0.0000,0
81,features.8,109,pruned_before,nan,0.000000e+00,0.000000e+00,0.0000,0.0000,0
81,features.8,110,pruned_before,nan,0.000000e+00,0.000000e+00,0.0000,0.0000,0
81,features.8,111,pruned_before,nan,0.000000e+00,0.000000e+00,0.0000,0.0000,0
81,features.8,112,pruned_before,nan,0.000000e+00,0.000000e+00,0.0000,0.0000,0
81,features.8,113,pruned_before,nan,0.000000e+00,0.000000e+00,0.0000,0.0000,0
81,features.8,114,pruned_before,nan,0.000000e+00,0.000000e+00,0.0000,0.0000,0
81,features.8,115,pruned_before,nan,0.000000e+00,0.000000e+00,0.0000,0.0000,0
81,features.8,116,pruned_before,nan,0.000000e+00,0.000000e+00,0.0000,0.0000,0
81,features.8,117,pruned_before,nan,0.000000e+00,0.000000e+00,0.0000,0.0000,0
81,features.8,118,pruned_before,nan,0.000000e+00,0.000000e+00,0.0000,0.0000,0
81,features.8,119,active,-0.119530,9.181182e-08,9.135871e-06,0.1809,0.0237,137
81,features.8,120,pruned_before,nan,0.000000e+00,0.000000e+00,0.0000,0.0000,0
81,features.8,121,pruned_before,nan,0.000000e+00,0.000000e+00,0.0000,0.0000,0
81,features.8,122,pruned_before,nan,0.000000e+00,0.000000e+00,0.0000,0.0000,0
81,features.8,123,pruned_before,nan,0.000000e+00,0.000000e+00,0.0000,0.0000,0
81,features.8,124,pruned_before,nan,0.000000e+00,0.000000e+00,0.0000,0.0000,0
81,features.8,125,pruned_before,nan,0.000000e+00,0.000000e+00,0.0000,0.0000,0
81,features.8,126,pruned_before,nan,0.000000e+00,0.000000e+00,0.0000,0.0000,0
81,features.8,127,pruned_before,nan,0.000000e+00,0.000000e+00,0.0000,0.0000,0
81,features.8,128,pruned_before,nan,0.000000e+00,0.000000e+00,0.0000,0.0000,0
81,features.8,129,pruned_before,nan,0.000000e+00,0.000000e+00,0.0000,0.0000,0
81,features.8,130,pruned_before,nan,0.000000e+00,0.000000e+00,0.0000,0.0000,0
81,features.8,131,pruned_before,nan,0.000000e+00,0.000000e+00,0.0000,0.0000,0
81,features.8,132,pruned_before,nan,0.000000e+00,0.000000e+00,0.0000,0.0000,0
81,features.8,133,pruned_before,nan,0.000000e+00,0.000000e+00,0.0000,0.0000,0
81,features.8,134,pruned_before,nan,0.000000e+00,0.000000e+00,0.0000,0.0000,0
81,features.8,135,pruned_before,nan,0.000000e+00,0.000000e+00,0.0000,0.0000,0
81,features.8,136,pruned_before,nan,0.000000e+00,0.000000e+00,0.0000,0.0000,0
81,features.8,137,pruned_before,nan,0.000000e+00,0.000000e+00,0.0000,0.0000,0
81,features.8,138,pruned_before,nan,0.000000e+00,0.000000e+00,0.0000,0.0000,0
81,features.8,139,pruned_before,nan,0.000000e+00,0.000000e+00,0.0000,0.0000,0
81,features.8,140,pruned_before,nan,0.000000e+00,0.000000e+00,0.0000,0.0000,0
81,features.8,141,pruned_before,nan,0.000000e+00,0.000000e+00,0.0000,0.0000,0
81,features.8,142,pruned_before,nan,0.000000e+00,0.000000e+00,0.0000,0.0000,0
81,features.8,143,pruned_before,nan,0.000000e+00,0.000000e+00,0.0000,0.0000,0
81,features.8,144,pruned_before,nan,0.000000e+00,0.000000e+00,0.0000,0.0000,0
81,features.8,145,pruned_before,nan,0.000000e+00,0.000000e+00,0.0000,0.0000,0
81,features.8,146,pruned_before,nan,0.000000e+00,0.000000e+00,0.0000,0.0000,0
81,features.8,147,pruned_before,nan,0.000000e+00,0.000000e+00,0.0000,0.0000,0
81,features.8,148,pruned_before,nan,0.000000e+00,0.000000e+00,0.0000,0.0000,0
81,features.8,149,pruned_before,nan,0.000000e+00,0.000000e+00,0.0000,0.0000,0
81,features.8,150,pruned_before,nan,0.000000e+00,0.000000e+00,0.0000,0.0000,0
81,features.8,151,pruned_before,nan,0.000000e+00,0.000000e+00,0.0000,0.0000,0
81,features.8,152,pruned_before,nan,0.000000e+00,0.000000e+00,0.0000,0.0000,0
81,features.8,153,pruned_before,nan,0.000000e+00,0.000000e+00,0.0000,0.0000,0
81,features.8,154,pruned_before,nan,0.000000e+00,0.000000e+00,0.0000,0.0000,0
81,features.8,155,pruned_before,nan,0.000000e+00,0.000000e+00,0.0000,0.0000,0
81,features.8,156,pruned_before,nan,0.000000e+00,0.000000e+00,0.0000,0.0000,0
81,features.8,157,pruned_before,nan,0.000000e+00,0.000000e+00,0.0000,0.0000,0
81,features.8,158,pruned_before,nan,0.000000e+00,0.000000e+00,0.0000,0.0000,0
81,features.8,159,pruned_before,nan,0.000000e+00,0.000000e+00,0.0000,0.0000,0
81,features.8,160,pruned_before,nan,0.000000e+00,0.000000e+00,0.0000,0.0000,0
81,features.8,161,pruned_before,nan,0.000000e+00,0.000000e+00,0.0000,0.0000,0
81,features.8,162,pruned_before,nan,0.000000e+00,0.000000e+00,0.0000,0.0000,0
81,features.8,163,pruned_before,nan,0.000000e+00,0.000000e+00,0.0000,0.0000,0
81,features.8,164,pruned_before,nan,0.000000e+00,0.000000e+00,0.0000,0.0000,0
81,features.8,165,active,-0.192410,1.684769e-07,5.135346e-05,0.3320,0.1333,137
81,features.8,166,pruned_before,nan,0.000000e+00,0.000000e+00,0.0000,0.0000,0
81,features.8,167,pruned_before,nan,0.000000e+00,0.000000e+00,0.0000,0.0000,0
81,features.8,168,pruned_before,nan,0.000000e+00,0.000000e+00,0.0000,0.0000,0
81,features.8,169,active,0.093104,1.873198e-08,1.527691e-04,0.0369,0.3965,137
81,features.8,170,pruned_before,nan,0.000000e+00,0.000000e+00,0.0000,0.0000,0
81,features.8,171,pruned_before,nan,0.000000e+00,0.000000e+00,0.0000,0.0000,0
81,features.8,172,pruned_before,nan,0.000000e+00,0.000000e+00,0.0000,0.0000,0
81,features.8,173,pruned_before,nan,0.000000e+00,0.000000e+00,0.0000,0.0000,0
81,features.8,174,pruned_before,nan,0.000000e+00,0.000000e+00,0.0000,0.0000,0
81,features.8,175,pruned_before,nan,0.000000e+00,0.000000e+00,0.0000,0.0000,0
81,features.8,176,pruned_before,nan,0.000000e+00,0.000000e+00,0.0000,0.0000,0
81,features.8,177,pruned_before,nan,0.000000e+00,0.000000e+00,0.0000,0.0000,0
81,features.8,178,pruned_before,nan,0.000000e+00,0.000000e+00,0.0000,0.0000,0
81,features.8,179,pruned_before,nan,0.000000e+00,0.000000e+00,0.0000,0.0000,0
81,features.8,180,pruned_before,nan,0.000000e+00,0.000000e+00,0.0000,0.0000,0
81,features.8,181,pruned_before,nan,0.000000e+00,0.000000e+00,0.0000,0.0000,0
81,features.8,182,pruned_before,nan,0.000000e+00,0.000000e+00,0.0000,0.0000,0
81,features.8,183,pruned_before,nan,0.000000e+00,0.000000e+00,0.0000,0.0000,0
81,features.8,184,pruned_before,nan,0.000000e+00,0.000000e+00,0.0000,0.0000,0
81,features.8,185,pruned_before,nan,0.000000e+00,0.000000e+00,0.0000,0.0000,0
81,features.8,186,pruned_before,nan,0.000000e+00,0.000000e+00,0.0000,0.0000,0
81,features.8,187,pruned_before,nan,0.000000e+00,0.000000e+00,0.0000,0.0000,0
81,features.8,188,pruned_before,nan,0.000000e+00,0.000000e+00,0.0000,0.0000,0
81,features.8,189,pruned_before,nan,0.000000e+00,0.000000e+00,0.0000,0.0000,0
81,features.8,190,pruned_before,nan,0.000000e+00,0.000000e+00,0.0000,0.0000,0
81,features.8,191,pruned_before,nan,0.000000e+00,0.000000e+00,0.0000,0.0000,0
81,features.8,192,pruned_before,nan,0.000000e+00,0.000000e+00,0.0000,0.0000,0
81,features.8,193,pruned_before,nan,0.000000e+00,0.000000e+00,0.0000,0.0000,0
81,features.8,194,pruned_before,nan,0.000000e+00,0.000000e+00,0.0000,0.0000,0
81,features.8,195,pruned_before,nan,0.000000e+00,0.000000e+00,0.0000,0.0000,0
81,features.8,196,pruned_before,nan,0.000000e+00,0.000000e+00,0.0000,0.0000,0
81,features.8,197,pruned_before,nan,0.000000e+00,0.000000e+00,0.0000,0.0000,0
81,features.8,198,pruned_before,nan,0.000000e+00,0.000000e+00,0.0000,0.0000,0
81,features.8,199,pruned_before,nan,0.000000e+00,0.000000e+00,0.0000,0.0000,0
81,features.8,200,pruned_before,nan,0.000000e+00,0.000000e+00,0.0000,0.0000,0
81,features.8,201,pruned_before,nan,0.000000e+00,0.000000e+00,0.0000,0.0000,0
81,features.8,202,pruned_before,nan,0.000000e+00,0.000000e+00,0.0000,0.0000,0
81,features.8,203,pruned_before,nan,0.000000e+00,0.000000e+00,0.0000,0.0000,0
81,features.8,204,pruned_before,nan,0.000000e+00,0.000000e+00,0.0000,0.0000,0
81,features.8,205,pruned_before,nan,0.000000e+00,0.000000e+00,0.0000,0.0000,0
81,features.8,206,pruned_before,nan,0.000000e+00,0.000000e+00,0.0000,0.0000,0
81,features.8,207,pruned_before,nan,0.000000e+00,0.000000e+00,0.0000,0.0000,0
81,features.8,208,pruned_before,nan,0.000000e+00,0.000000e+00,0.0000,0.0000,0
81,features.8,209,pruned_before,nan,0.000000e+00,0.000000e+00,0.0000,0.0000,0
81,features.8,210,pruned_before,nan,0.000000e+00,0.000000e+00,0.0000,0.0000,0
81,features.8,211,pruned_before,nan,0.000000e+00,0.000000e+00,0.0000,0.0000,0
81,features.8,212,pruned_before,nan,0.000000e+00,0.000000e+00,0.0000,0.0000,0
81,features.8,213,pruned_before,nan,0.000000e+00,0.000000e+00,0.0000,0.0000,0
81,features.8,214,pruned_before,nan,0.000000e+00,0.000000e+00,0.0000,0.0000,0
81,features.8,215,pruned_before,nan,0.000000e+00,0.000000e+00,0.0000,0.0000,0
81,features.8,216,pruned_before,nan,0.000000e+00,0.000000e+00,0.0000,0.0000,0
81,features.8,217,pruned_before,nan,0.000000e+00,0.000000e+00,0.0000,0.0000,0
81,features.8,218,pruned_before,nan,0.000000e+00,0.000000e+00,0.0000,0.0000,0
81,features.8,219,pruned_before,nan,0.000000e+00,0.000000e+00,0.0000,0.0000,0
81,features.8,220,pruned_before,nan,0.000000e+00,0.000000e+00,0.0000,0.0000,0
81,features.8,221,pruned_before,nan,0.000000e+00,0.000000e+00,0.0000,0.0000,0
81,features.8,222,pruned_before,nan,0.000000e+00,0.000000e+00,0.0000,0.0000,0
81,features.8,223,pruned_before,nan,0.000000e+00,0.000000e+00,0.0000,0.0000,0
81,features.8,224,pruned_before,nan,0.000000e+00,0.000000e+00,0.0000,0.0000,0
81,features.8,225,pruned_before,nan,0.000000e+00,0.000000e+00,0.0000,0.0000,0
81,features.8,226,pruned_before,nan,0.000000e+00,0.000000e+00,0.0000,0.0000,0
81,features.8,227,pruned_before,nan,0.000000e+00,0.000000e+00,0.0000,0.0000,0
81,features.8,228,pruned_before,nan,0.000000e+00,0.000000e+00,0.0000,0.0000,0
81,features.8,229,pruned_before,nan,0.000000e+00,0.000000e+00,0.0000,0.0000,0
81,features.8,230,pruned_before,nan,0.000000e+00,0.000000e+00,0.0000,0.0000,0
81,features.8,231,pruned_before,nan,0.000000e+00,0.000000e+00,0.0000,0.0000,0
81,features.8,232,pruned_before,nan,0.000000e+00,0.000000e+00,0.0000,0.0000,0
81,features.8,233,pruned_before,nan,0.000000e+00,0.000000e+00,0.0000,0.0000,0
81,features.8,234,pruned_before,nan,0.000000e+00,0.000000e+00,0.0000,0.0000,0
81,features.8,235,pruned_before,nan,0.000000e+00,0.000000e+00,0.0000,0.0000,0
81,features.8,236,pruned_before,nan,0.000000e+00,0.000000e+00,0.0000,0.0000,0
81,features.8,237,pruned_before,nan,0.000000e+00,0.000000e+00,0.0000,0.0000,0
81,features.8,238,active,-0.427406,3.221899e-07,2.185415e-05,0.6349,0.0567,137
81,features.8,239,pruned_before,nan,0.000000e+00,0.000000e+00,0.0000,0.0000,0
81,features.8,240,pruned_before,nan,0.000000e+00,0.000000e+00,0.0000,0.0000,0
81,features.8,241,pruned_before,nan,0.000000e+00,0.000000e+00,0.0000,0.0000,0
81,features.8,242,pruned_before,nan,0.000000e+00,0.000000e+00,0.0000,0.0000,0
81,features.8,243,pruned_before,nan,0.000000e+00,0.000000e+00,0.0000,0.0000,0
81,features.8,244,pruned_before,nan,0.000000e+00,0.000000e+00,0.0000,0.0000,0
81,features.8,245,pruned_before,nan,0.000000e+00,0.000000e+00,0.0000,0.0000,0
81,features.8,246,active,-0.003633,1.987548e-08,3.054573e-05,0.0392,0.0793,137
81,features.8,247,pruned_before,nan,0.000000e+00,0.000000e+00,0.0000,0.0000,0
81,features.8,248,pruned_before,nan,0.000000e+00,0.000000e+00,0.0000,0.0000,0
81,features.8,249,pruned_before,nan,0.000000e+00,0.000000e+00,0.0000,0.0000,0
81,features.8,250,pruned_before,nan,0.000000e+00,0.000000e+00,0.0000,0.0000,0
81,features.8,251,pruned_before,nan,0.000000e+00,0.000000e+00,0.0000,0.0000,0
81,features.8,252,pruned_before,nan,0.000000e+00,0.000000e+00,0.0000,0.0000,0
81,features.8,253,pruned_before,nan,0.000000e+00,0.000000e+00,0.0000,0.0000,0
81,features.8,254,pruned_before,nan,0.000000e+00,0.000000e+00,0.0000,0.0000,0
81,features.8,255,pruned_before,nan,0.000000e+00,0.000000e+00,0.0000,0.0000,0
81,features.8,256,pruned_before,nan,0.000000e+00,0.000000e+00,0.0000,0.0000,0
81,features.8,257,pruned_before,nan,0.000000e+00,0.000000e+00,0.0000,0.0000,0
81,features.8,258,pruned_before,nan,0.000000e+00,0.000000e+00,0.0000,0.0000,0
81,features.8,259,pruned_before,nan,0.000000e+00,0.000000e+00,0.0000,0.0000,0
81,features.8,260,pruned_before,nan,0.000000e+00,0.000000e+00,0.0000,0.0000,0
81,features.8,261,pruned_before,nan,0.000000e+00,0.000000e+00,0.0000,0.0000,0
81,features.8,262,pruned_before,nan,0.000000e+00,0.000000e+00,0.0000,0.0000,0
81,features.8,263,pruned_before,nan,0.000000e+00,0.000000e+00,0.0000,0.0000,0
81,features.8,264,pruned_before,nan,0.000000e+00,0.000000e+00,0.0000,0.0000,0
81,features.8,265,pruned_before,nan,0.000000e+00,0.000000e+00,0.0000,0.0000,0
81,features.8,266,pruned_before,nan,0.000000e+00,0.000000e+00,0.0000,0.0000,0
81,features.8,267,pruned_before,nan,0.000000e+00,0.000000e+00,0.0000,0.0000,0
81,features.8,268,pruned_before,nan,0.000000e+00,0.000000e+00,0.0000,0.0000,0
81,features.8,269,pruned_before,nan,0.000000e+00,0.000000e+00,0.0000,0.0000,0
81,features.8,270,pruned_before,nan,0.000000e+00,0.000000e+00,0.0000,0.0000,0
81,features.8,271,pruned_before,nan,0.000000e+00,0.000000e+00,0.0000,0.0000,0
81,features.8,272,pruned_before,nan,0.000000e+00,0.000000e+00,0.0000,0.0000,0
81,features.8,273,pruned_before,nan,0.000000e+00,0.000000e+00,0.0000,0.0000,0
81,features.8,274,pruned_before,nan,0.000000e+00,0.000000e+00,0.0000,0.0000,0
81,features.8,275,pruned_before,nan,0.000000e+00,0.000000e+00,0.0000,0.0000,0
81,features.8,276,pruned_before,nan,0.000000e+00,0.000000e+00,0.0000,0.0000,0
81,features.8,277,pruned_before,nan,0.000000e+00,0.000000e+00,0.0000,0.0000,0
81,features.8,278,pruned_before,nan,0.000000e+00,0.000000e+00,0.0000,0.0000,0
81,features.8,279,pruned_before,nan,0.000000e+00,0.000000e+00,0.0000,0.0000,0
81,features.8,280,pruned_before,nan,0.000000e+00,0.000000e+00,0.0000,0.0000,0
81,features.8,281,pruned_before,nan,0.000000e+00,0.000000e+00,0.0000,0.0000,0
81,features.8,282,pruned_before,nan,0.000000e+00,0.000000e+00,0.0000,0.0000,0
81,features.8,283,pruned_before,nan,0.000000e+00,0.000000e+00,0.0000,0.0000,0
81,features.8,284,pruned_before,nan,0.000000e+00,0.000000e+00,0.0000,0.0000,0
81,features.8,285,pruned_before,nan,0.000000e+00,0.000000e+00,0.0000,0.0000,0
81,features.8,286,pruned_before,nan,0.000000e+00,0.000000e+00,0.0000,0.0000,0
81,features.8,287,pruned_before,nan,0.000000e+00,0.000000e+00,0.0000,0.0000,0
81,features.8,288,pruned_before,nan,0.000000e+00,0.000000e+00,0.0000,0.0000,0
81,features.8,289,pruned_before,nan,0.000000e+00,0.000000e+00,0.0000,0.0000,0
81,features.8,290,pruned_before,nan,0.000000e+00,0.000000e+00,0.0000,0.0000,0
81,features.8,291,pruned_before,nan,0.000000e+00,0.000000e+00,0.0000,0.0000,0
81,features.8,292,pruned_before,nan,0.000000e+00,0.000000e+00,0.0000,0.0000,0
81,features.8,293,pruned_before,nan,0.000000e+00,0.000000e+00,0.0000,0.0000,0
81,features.8,294,pruned_before,nan,0.000000e+00,0.000000e+00,0.0000,0.0000,0
81,features.8,295,pruned_before,nan,0.000000e+00,0.000000e+00,0.0000,0.0000,0
81,features.8,296,pruned_before,nan,0.000000e+00,0.000000e+00,0.0000,0.0000,0
81,features.8,297,pruned_before,nan,0.000000e+00,0.000000e+00,0.0000,0.0000,0
81,features.8,298,pruned_before,nan,0.000000e+00,0.000000e+00,0.0000,0.0000,0
81,features.8,299,pruned_before,nan,0.000000e+00,0.000000e+00,0.0000,0.0000,0
81,features.8,300,pruned_before,nan,0.000000e+00,0.000000e+00,0.0000,0.0000,0
81,features.8,301,pruned_before,nan,0.000000e+00,0.000000e+00,0.0000,0.0000,0
81,features.8,302,pruned_before,nan,0.000000e+00,0.000000e+00,0.0000,0.0000,0
81,features.8,303,pruned_before,nan,0.000000e+00,0.000000e+00,0.0000,0.0000,0
81,features.8,304,pruned_before,nan,0.000000e+00,0.000000e+00,0.0000,0.0000,0
81,features.8,305,pruned_before,nan,0.000000e+00,0.000000e+00,0.0000,0.0000,0
81,features.8,306,pruned_before,nan,0.000000e+00,0.000000e+00,0.0000,0.0000,0
81,features.8,307,pruned_before,nan,0.000000e+00,0.000000e+00,0.0000,0.0000,0
81,features.8,308,pruned_before,nan,0.000000e+00,0.000000e+00,0.0000,0.0000,0
81,features.8,309,pruned_before,nan,0.000000e+00,0.000000e+00,0.0000,0.0000,0
81,features.8,310,pruned_before,nan,0.000000e+00,0.000000e+00,0.0000,0.0000,0
81,features.8,311,pruned_before,nan,0.000000e+00,0.000000e+00,0.0000,0.0000,0
81,features.8,312,active,-0.015903,1.865483e-08,1.262375e-05,0.0368,0.0328,137
81,features.8,313,pruned_before,nan,0.000000e+00,0.000000e+00,0.0000,0.0000,0
81,features.8,314,pruned_before,nan,0.000000e+00,0.000000e+00,0.0000,0.0000,0
81,features.8,315,pruned_before,nan,0.000000e+00,0.000000e+00,0.0000,0.0000,0
81,features.8,316,pruned_before,nan,0.000000e+00,0.000000e+00,0.0000,0.0000,0
81,features.8,317,pruned_before,nan,0.000000e+00,0.000000e+00,0.0000,0.0000,0
81,features.8,318,pruned_before,nan,0.000000e+00,0.000000e+00,0.0000,0.0000,0
81,features.8,319,pruned_before,nan,0.000000e+00,0.000000e+00,0.0000,0.0000,0
81,features.8,320,pruned_before,nan,0.000000e+00,0.000000e+00,0.0000,0.0000,0
81,features.8,321,pruned_before,nan,0.000000e+00,0.000000e+00,0.0000,0.0000,0
81,features.8,322,pruned_before,nan,0.000000e+00,0.000000e+00,0.0000,0.0000,0
81,features.8,323,pruned_before,nan,0.000000e+00,0.000000e+00,0.0000,0.0000,0
81,features.8,324,pruned_before,nan,0.000000e+00,0.000000e+00,0.0000,0.0000,0
81,features.8,325,pruned_before,nan,0.000000e+00,0.000000e+00,0.0000,0.0000,0
81,features.8,326,pruned_before,nan,0.000000e+00,0.000000e+00,0.0000,0.0000,0
81,features.8,327,pruned_before,nan,0.000000e+00,0.000000e+00,0.0000,0.0000,0
81,features.8,328,pruned_before,nan,0.000000e+00,0.000000e+00,0.0000,0.0000,0
81,features.8,329,pruned_before,nan,0.000000e+00,0.000000e+00,0.0000,0.0000,0
81,features.8,330,pruned_before,nan,0.000000e+00,0.000000e+00,0.0000,0.0000,0
81,features.8,331,pruned_before,nan,0.000000e+00,0.000000e+00,0.0000,0.0000,0
81,features.8,332,active,-0.023683,4.916703e-08,5.668949e-05,0.0969,0.1471,137
81,features.8,333,pruned_before,nan,0.000000e+00,0.000000e+00,0.0000,0.0000,0
81,features.8,334,pruned_before,nan,0.000000e+00,0.000000e+00,0.0000,0.0000,0
81,features.8,335,pruned_before,nan,0.000000e+00,0.000000e+00,0.0000,0.0000,0
81,features.8,336,pruned_before,nan,0.000000e+00,0.000000e+00,0.0000,0.0000,0
81,features.8,337,pruned_before,nan,0.000000e+00,0.000000e+00,0.0000,0.0000,0
81,features.8,338,pruned_before,nan,0.000000e+00,0.000000e+00,0.0000,0.0000,0
81,features.8,339,pruned_before,nan,0.000000e+00,0.000000e+00,0.0000,0.0000,0
81,features.8,340,pruned_before,nan,0.000000e+00,0.000000e+00,0.0000,0.0000,0
81,features.8,341,pruned_before,nan,0.000000e+00,0.000000e+00,0.0000,0.0000,0
81,features.8,342,pruned_before,nan,0.000000e+00,0.000000e+00,0.0000,0.0000,0
81,features.8,343,pruned_before,nan,0.000000e+00,0.000000e+00,0.0000,0.0000,0
81,features.8,344,pruned_before,nan,0.000000e+00,0.000000e+00,0.0000,0.0000,0
81,features.8,345,pruned_before,nan,0.000000e+00,0.000000e+00,0.0000,0.0000,0
81,features.8,346,pruned_before,nan,0.000000e+00,0.000000e+00,0.0000,0.0000,0
81,features.8,347,pruned_before,nan,0.000000e+00,0.000000e+00,0.0000,0.0000,0
81,features.8,348,pruned_before,nan,0.000000e+00,0.000000e+00,0.0000,0.0000,0
81,features.8,349,pruned_before,nan,0.000000e+00,0.000000e+00,0.0000,0.0000,0
81,features.8,350,pruned_before,nan,0.000000e+00,0.000000e+00,0.0000,0.0000,0
81,features.8,351,pruned_before,nan,0.000000e+00,0.000000e+00,0.0000,0.0000,0
81,features.8,352,pruned_before,nan,0.000000e+00,0.000000e+00,0.0000,0.0000,0
81,features.8,353,pruned_before,nan,0.000000e+00,0.000000e+00,0.0000,0.0000,0
81,features.8,354,pruned_before,nan,0.000000e+00,0.000000e+00,0.0000,0.0000,0
81,features.8,355,pruned_before,nan,0.000000e+00,0.000000e+00,0.0000,0.0000,0
81,features.8,356,pruned_before,nan,0.000000e+00,0.000000e+00,0.0000,0.0000,0
81,features.8,357,pruned_before,nan,0.000000e+00,0.000000e+00,0.0000,0.0000,0
81,features.8,358,pruned_before,nan,0.000000e+00,0.000000e+00,0.0000,0.0000,0
81,features.8,359,pruned_before,nan,0.000000e+00,0.000000e+00,0.0000,0.0000,0
81,features.8,360,pruned_before,nan,0.000000e+00,0.000000e+00,0.0000,0.0000,0
81,features.8,361,pruned_before,nan,0.000000e+00,0.000000e+00,0.0000,0.0000,0
81,features.8,362,pruned_before,nan,0.000000e+00,0.000000e+00,0.0000,0.0000,0
81,features.8,363,pruned_before,nan,0.000000e+00,0.000000e+00,0.0000,0.0000,0
81,features.8,364,pruned_before,nan,0.000000e+00,0.000000e+00,0.0000,0.0000,0
81,features.8,365,pruned_before,nan,0.000000e+00,0.000000e+00,0.0000,0.0000,0
81,features.8,366,pruned_before,nan,0.000000e+00,0.000000e+00,0.0000,0.0000,0
81,features.8,367,pruned_before,nan,0.000000e+00,0.000000e+00,0.0000,0.0000,0
81,features.8,368,pruned_before,nan,0.000000e+00,0.000000e+00,0.0000,0.0000,0
81,features.8,369,pruned_before,nan,0.000000e+00,0.000000e+00,0.0000,0.0000,0
81,features.8,370,pruned_before,nan,0.000000e+00,0.000000e+00,0.0000,0.0000,0
81,features.8,371,pruned_before,nan,0.000000e+00,0.000000e+00,0.0000,0.0000,0
81,features.8,372,pruned_before,nan,0.000000e+00,0.000000e+00,0.0000,0.0000,0
81,features.8,373,pruned_before,nan,0.000000e+00,0.000000e+00,0.0000,0.0000,0
81,features.8,374,pruned_before,nan,0.000000e+00,0.000000e+00,0.0000,0.0000,0
81,features.8,375,pruned_before,nan,0.000000e+00,0.000000e+00,0.0000,0.0000,0
81,features.8,376,pruned_before,nan,0.000000e+00,0.000000e+00,0.0000,0.0000,0
81,features.8,377,pruned_before,nan,0.000000e+00,0.000000e+00,0.0000,0.0000,0
81,features.8,378,pruned_before,nan,0.000000e+00,0.000000e+00,0.0000,0.0000,0
81,features.8,379,pruned_before,nan,0.000000e+00,0.000000e+00,0.0000,0.0000,0
81,features.8,380,pruned_before,nan,0.000000e+00,0.000000e+00,0.0000,0.0000,0
81,features.8,381,pruned_before,nan,0.000000e+00,0.000000e+00,0.0000,0.0000,0
81,features.8,382,pruned_before,nan,0.000000e+00,0.000000e+00,0.0000,0.0000,0
81,features.8,383,pruned_before,nan,0.000000e+00,0.000000e+00,0.0000,0.0000,0
81,features.9,0,pruned_before,nan,0.000000e+00,0.000000e+00,0.0000,0.0000,0
81,features.9,1,pruned_before,nan,0.000000e+00,0.000000e+00,0.0000,0.0000,0
81,features.9,2,pruned_before,nan,0.000000e+00,0.000000e+00,0.0000,0.0000,0
81,features.9,3,pruned_before,nan,0.000000e+00,0.000000e+00,0.0000,0.0000,0
81,features.9,4,pruned_before,nan,0.000000e+00,0.000000e+00,0.0000,0.0000,0
81,features.9,5,pruned_before,nan,0.000000e+00,0.000000e+00,0.0000,0.0000,0
81,features.9,6,pruned_before,nan,0.000000e+00,0.000000e+00,0.0000,0.0000,0
81,features.9,7,active,-0.281211,7.375346e-08,1.226413e-05,0.4034,0.0040,137
81,features.9,8,pruned_before,nan,0.000000e+00,0.000000e+00,0.0000,0.0000,0
81,features.9,9,pruned_before,nan,0.000000e+00,0.000000e+00,0.0000,0.0000,0
81,features.9,10,pruned_before,nan,0.000000e+00,0.000000e+00,0.0000,0.0000,0
81,features.9,11,pruned_before,nan,0.000000e+00,0.000000e+00,0.0000,0.0000,0
81,features.9,12,pruned_before,nan,0.000000e+00,0.000000e+00,0.0000,0.0000,0
81,features.9,13,pruned_before,nan,0.000000e+00,0.000000e+00,0.0000,0.0000,0
81,features.9,14,pruned_before,nan,0.000000e+00,0.000000e+00,0.0000,0.0000,0
81,features.9,15,pruned_before,nan,0.000000e+00,0.000000e+00,0.0000,0.0000,0
81,features.9,16,pruned_before,nan,0.000000e+00,0.000000e+00,0.0000,0.0000,0
81,features.9,17,pruned_before,nan,0.000000e+00,0.000000e+00,0.0000,0.0000,0
81,features.9,18,pruned_before,nan,0.000000e+00,0.000000e+00,0.0000,0.0000,0
81,features.9,19,pruned_before,nan,0.000000e+00,0.000000e+00,0.0000,0.0000,0
81,features.9,20,active,-0.158783,4.154148e-08,2.887965e-06,0.2272,0.0009,137
81,features.9,21,pruned_before,nan,0.000000e+00,0.000000e+00,0.0000,0.0000,0
81,features.9,22,pruned_before,nan,0.000000e+00,0.000000e+00,0.0000,0.0000,0
81,features.9,23,pruned_before,nan,0.000000e+00,0.000000e+00,0.0000,0.0000,0
81,features.9,24,pruned_before,nan,0.000000e+00,0.000000e+00,0.0000,0.0000,0
81,features.9,25,pruned_before,nan,0.000000e+00,0.000000e+00,0.0000,0.0000,0
81,features.9,26,pruned_before,nan,0.000000e+00,0.000000e+00,0.0000,0.0000,0
81,features.9,27,pruned_before,nan,0.000000e+00,0.000000e+00,0.0000,0.0000,0
81,features.9,28,pruned_before,nan,0.000000e+00,0.000000e+00,0.0000,0.0000,0
81,features.9,29,pruned_before,nan,0.000000e+00,0.000000e+00,0.0000,0.0000,0
81,features.9,30,pruned_before,nan,0.000000e+00,0.000000e+00,0.0000,0.0000,0
81,features.9,31,pruned_before,nan,0.000000e+00,0.000000e+00,0.0000,0.0000,0
81,features.9,32,pruned_before,nan,0.000000e+00,0.000000e+00,0.0000,0.0000,0
81,features.9,33,pruned_before,nan,0.000000e+00,0.000000e+00,0.0000,0.0000,0
81,features.9,34,pruned_before,nan,0.000000e+00,0.000000e+00,0.0000,0.0000,0
81,features.9,35,pruned_before,nan,0.000000e+00,0.000000e+00,0.0000,0.0000,0
81,features.9,36,pruned_before,nan,0.000000e+00,0.000000e+00,0.0000,0.0000,0
81,features.9,37,pruned_before,nan,0.000000e+00,0.000000e+00,0.0000,0.0000,0
81,features.9,38,pruned_before,nan,0.000000e+00,0.000000e+00,0.0000,0.0000,0
81,features.9,39,pruned_before,nan,0.000000e+00,0.000000e+00,0.0000,0.0000,0
81,features.9,40,pruned_before,nan,0.000000e+00,0.000000e+00,0.0000,0.0000,0
81,features.9,41,pruned_before,nan,0.000000e+00,0.000000e+00,0.0000,0.0000,0
81,features.9,42,pruned_before,nan,0.000000e+00,0.000000e+00,0.0000,0.0000,0
81,features.9,43,pruned_before,nan,0.000000e+00,0.000000e+00,0.0000,0.0000,0
81,features.9,44,pruned_before,nan,0.000000e+00,0.000000e+00,0.0000,0.0000,0
81,features.9,45,pruned_before,nan,0.000000e+00,0.000000e+00,0.0000,0.0000,0
81,features.9,46,pruned_before,nan,0.000000e+00,0.000000e+00,0.0000,0.0000,0
81,features.9,47,pruned_before,nan,0.000000e+00,0.000000e+00,0.0000,0.0000,0
81,features.9,48,pruned_before,nan,0.000000e+00,0.000000e+00,0.0000,0.0000,0
81,features.9,49,pruned_before,nan,0.000000e+00,0.000000e+00,0.0000,0.0000,0
81,features.9,50,pruned_before,nan,0.000000e+00,0.000000e+00,0.0000,0.0000,0
81,features.9,51,pruned_before,nan,0.000000e+00,0.000000e+00,0.0000,0.0000,0
81,features.9,52,pruned_before,nan,0.000000e+00,0.000000e+00,0.0000,0.0000,0
81,features.9,53,pruned_before,nan,0.000000e+00,0.000000e+00,0.0000,0.0000,0
81,features.9,54,pruned_before,nan,0.000000e+00,0.000000e+00,0.0000,0.0000,0
81,features.9,55,pruned_before,nan,0.000000e+00,0.000000e+00,0.0000,0.0000,0
81,features.9,56,active,-0.406472,1.098823e-07,1.465914e-04,0.6011,0.0476,137
81,features.9,57,pruned_before,nan,0.000000e+00,0.000000e+00,0.0000,0.0000,0
81,features.9,58,pruned_before,nan,0.000000e+00,0.000000e+00,0.0000,0.0000,0
81,features.9,59,pruned_before,nan,0.000000e+00,0.000000e+00,0.0000,0.0000,0
81,features.9,60,pruned_before,nan,0.000000e+00,0.000000e+00,0.0000,0.0000,0
81,features.9,61,pruned_before,nan,0.000000e+00,0.000000e+00,0.0000,0.0000,0
81,features.9,62,pruned_before,nan,0.000000e+00,0.000000e+00,0.0000,0.0000,0
81,features.9,63,pruned_before,nan,0.000000e+00,0.000000e+00,0.0000,0.0000,0
81,features.9,64,pruned_before,nan,0.000000e+00,0.000000e+00,0.0000,0.0000,0
81,features.9,65,pruned_before,nan,0.000000e+00,0.000000e+00,0.0000,0.0000,0
81,features.9,66,pruned_before,nan,0.000000e+00,0.000000e+00,0.0000,0.0000,0
81,features.9,67,pruned_before,nan,0.000000e+00,0.000000e+00,0.0000,0.0000,0
81,features.9,68,pruned_before,nan,0.000000e+00,0.000000e+00,0.0000,0.0000,0
81,features.9,69,pruned_before,nan,0.000000e+00,0.000000e+00,0.0000,0.0000,0
81,features.9,70,pruned_before,nan,0.000000e+00,0.000000e+00,0.0000,0.0000,0
81,features.9,71,pruned_before,nan,0.000000e+00,0.000000e+00,0.0000,0.0000,0
81,features.9,72,pruned_before,nan,0.000000e+00,0.000000e+00,0.0000,0.0000,0
81,features.9,73,pruned_before,nan,0.000000e+00,0.000000e+00,0.0000,0.0000,0
81,features.9,74,pruned_before,nan,0.000000e+00,0.000000e+00,0.0000,0.0000,0
81,features.9,75,pruned_before,nan,0.000000e+00,0.000000e+00,0.0000,0.0000,0
81,features.9,76,pruned_before,nan,0.000000e+00,0.000000e+00,0.0000,0.0000,0
81,features.9,77,pruned_before,nan,0.000000e+00,0.000000e+00,0.0000,0.0000,0
81,features.9,78,pruned_before,nan,0.000000e+00,0.000000e+00,0.0000,0.0000,0
81,features.9,79,pruned_before,nan,0.000000e+00,0.000000e+00,0.0000,0.0000,0
81,features.9,80,pruned_before,nan,0.000000e+00,0.000000e+00,0.0000,0.0000,0
81,features.9,81,pruned_before,nan,0.000000e+00,0.000000e+00,0.0000,0.0000,0
81,features.9,82,pruned_before,nan,0.000000e+00,0.000000e+00,0.0000,0.0000,0
81,features.9,83,pruned_before,nan,0.000000e+00,0.000000e+00,0.0000,0.0000,0
81,features.9,84,pruned_before,nan,0.000000e+00,0.000000e+00,0.0000,0.0000,0
81,features.9,85,pruned_before,nan,0.000000e+00,0.000000e+00,0.0000,0.0000,0
81,features.9,86,pruned_before,nan,0.000000e+00,0.000000e+00,0.0000,0.0000,0
81,features.9,87,pruned_before,nan,0.000000e+00,0.000000e+00,0.0000,0.0000,0
81,features.9,88,pruned_before,nan,0.000000e+00,0.000000e+00,0.0000,0.0000,0
81,features.9,89,pruned_before,nan,0.000000e+00,0.000000e+00,0.0000,0.0000,0
81,features.9,90,pruned_before,nan,0.000000e+00,0.000000e+00,0.0000,0.0000,0
81,features.9,91,pruned_before,nan,0.000000e+00,0.000000e+00,0.0000,0.0000,0
81,features.9,92,active,-0.000000,1.111284e-16,0.000000e+00,0.0000,0.0000,137
81,features.9,93,pruned_before,nan,0.000000e+00,0.000000e+00,0.0000,0.0000,0
81,features.9,94,pruned_before,nan,0.000000e+00,0.000000e+00,0.0000,0.0000,0
81,features.9,95,pruned_before,nan,0.000000e+00,0.000000e+00,0.0000,0.0000,0
81,features.9,96,pruned_before,nan,0.000000e+00,0.000000e+00,0.0000,0.0000,0
81,features.9,97,pruned_before,nan,0.000000e+00,0.000000e+00,0.0000,0.0000,0
81,features.9,98,pruned_before,nan,0.000000e+00,0.000000e+00,0.0000,0.0000,0
81,features.9,99,pruned_before,nan,0.000000e+00,0.000000e+00,0.0000,0.0000,0
81,features.9,100,pruned_before,nan,0.000000e+00,0.000000e+00,0.0000,0.0000,0
81,features.9,101,pruned_before,nan,0.000000e+00,0.000000e+00,0.0000,0.0000,0
81,features.9,102,pruned_before,nan,0.000000e+00,0.000000e+00,0.0000,0.0000,0
81,features.9,103,pruned_before,nan,0.000000e+00,0.000000e+00,0.0000,0.0000,0
81,features.9,104,pruned_before,nan,0.000000e+00,0.000000e+00,0.0000,0.0000,0
81,features.9,105,pruned_before,nan,0.000000e+00,0.000000e+00,0.0000,0.0000,0
81,features.9,106,pruned_before,nan,0.000000e+00,0.000000e+00,0.0000,0.0000,0
81,features.9,107,pruned_before,nan,0.000000e+00,0.000000e+00,0.0000,0.0000,0
81,features.9,108,pruned_before,nan,0.000000e+00,0.000000e+00,0.0000,0.0000,0
81,features.9,109,pruned_before,nan,0.000000e+00,0.000000e+00,0.0000,0.0000,0
81,features.9,110,pruned_before,nan,0.000000e+00,0.000000e+00,0.0000,0.0000,0
81,features.9,111,pruned_before,nan,0.000000e+00,0.000000e+00,0.0000,0.0000,0
81,features.9,112,pruned_before,nan,0.000000e+00,0.000000e+00,0.0000,0.0000,0
81,features.9,113,pruned_before,nan,0.000000e+00,0.000000e+00,0.0000,0.0000,0
81,features.9,114,protected,0.042629,6.721569e-08,3.081508e-03,0.3677,1.0000,137
81,features.9,115,pruned_before,nan,0.000000e+00,0.000000e+00,0.0000,0.0000,0
81,features.9,116,pruned_before,nan,0.000000e+00,0.000000e+00,0.0000,0.0000,0
81,features.9,117,pruned_before,nan,0.000000e+00,0.000000e+00,0.0000,0.0000,0
81,features.9,118,pruned_before,nan,0.000000e+00,0.000000e+00,0.0000,0.0000,0
81,features.9,119,pruned_before,nan,0.000000e+00,0.000000e+00,0.0000,0.0000,0
81,features.9,120,pruned_before,nan,0.000000e+00,0.000000e+00,0.0000,0.0000,0
81,features.9,121,pruned_before,nan,0.000000e+00,0.000000e+00,0.0000,0.0000,0
81,features.9,122,pruned_before,nan,0.000000e+00,0.000000e+00,0.0000,0.0000,0
81,features.9,123,pruned_before,nan,0.000000e+00,0.000000e+00,0.0000,0.0000,0
81,features.9,124,pruned_before,nan,0.000000e+00,0.000000e+00,0.0000,0.0000,0
81,features.9,125,pruned_before,nan,0.000000e+00,0.000000e+00,0.0000,0.0000,0
81,features.9,126,pruned_before,nan,0.000000e+00,0.000000e+00,0.0000,0.0000,0
81,features.9,127,pruned_before,nan,0.000000e+00,0.000000e+00,0.0000,0.0000,0
81,features.9,128,pruned_before,nan,0.000000e+00,0.000000e+00,0.0000,0.0000,0
81,features.9,129,pruned_before,nan,0.000000e+00,0.000000e+00,0.0000,0.0000,0
81,features.9,130,pruned_before,nan,0.000000e+00,0.000000e+00,0.0000,0.0000,0
81,features.9,131,pruned_before,nan,0.000000e+00,0.000000e+00,0.0000,0.0000,0
81,features.9,132,pruned_before,nan,0.000000e+00,0.000000e+00,0.0000,0.0000,0
81,features.9,133,pruned_before,nan,0.000000e+00,0.000000e+00,0.0000,0.0000,0
81,features.9,134,pruned_before,nan,0.000000e+00,0.000000e+00,0.0000,0.0000,0
81,features.9,135,pruned_before,nan,0.000000e+00,0.000000e+00,0.0000,0.0000,0
81,features.9,136,pruned_before,nan,0.000000e+00,0.000000e+00,0.0000,0.0000,0
81,features.9,137,pruned_before,nan,0.000000e+00,0.000000e+00,0.0000,0.0000,0
81,features.9,138,pruned_before,nan,0.000000e+00,0.000000e+00,0.0000,0.0000,0
81,features.9,139,pruned_before,nan,0.000000e+00,0.000000e+00,0.0000,0.0000,0
81,features.9,140,pruned_before,nan,0.000000e+00,0.000000e+00,0.0000,0.0000,0
81,features.9,141,pruned_before,nan,0.000000e+00,0.000000e+00,0.0000,0.0000,0
81,features.9,142,pruned_before,nan,0.000000e+00,0.000000e+00,0.0000,0.0000,0
81,features.9,143,pruned_before,nan,0.000000e+00,0.000000e+00,0.0000,0.0000,0
81,features.9,144,pruned_before,nan,0.000000e+00,0.000000e+00,0.0000,0.0000,0
81,features.9,145,pruned_before,nan,0.000000e+00,0.000000e+00,0.0000,0.0000,0
81,features.9,146,pruned_before,nan,0.000000e+00,0.000000e+00,0.0000,0.0000,0
81,features.9,147,pruned_before,nan,0.000000e+00,0.000000e+00,0.0000,0.0000,0
81,features.9,148,pruned_before,nan,0.000000e+00,0.000000e+00,0.0000,0.0000,0
81,features.9,149,pruned_before,nan,0.000000e+00,0.000000e+00,0.0000,0.0000,0
81,features.9,150,pruned_before,nan,0.000000e+00,0.000000e+00,0.0000,0.0000,0
81,features.9,151,pruned_before,nan,0.000000e+00,0.000000e+00,0.0000,0.0000,0
81,features.9,152,pruned_before,nan,0.000000e+00,0.000000e+00,0.0000,0.0000,0
81,features.9,153,pruned_before,nan,0.000000e+00,0.000000e+00,0.0000,0.0000,0
81,features.9,154,pruned_before,nan,0.000000e+00,0.000000e+00,0.0000,0.0000,0
81,features.9,155,pruned_before,nan,0.000000e+00,0.000000e+00,0.0000,0.0000,0
81,features.9,156,pruned_before,nan,0.000000e+00,0.000000e+00,0.0000,0.0000,0
81,features.9,157,pruned_before,nan,0.000000e+00,0.000000e+00,0.0000,0.0000,0
81,features.9,158,pruned_before,nan,0.000000e+00,0.000000e+00,0.0000,0.0000,0
81,features.9,159,pruned_before,nan,0.000000e+00,0.000000e+00,0.0000,0.0000,0
81,features.9,160,pruned_before,nan,0.000000e+00,0.000000e+00,0.0000,0.0000,0
81,features.9,161,pruned_before,nan,0.000000e+00,0.000000e+00,0.0000,0.0000,0
81,features.9,162,pruned_before,nan,0.000000e+00,0.000000e+00,0.0000,0.0000,0
81,features.9,163,pruned_before,nan,0.000000e+00,0.000000e+00,0.0000,0.0000,0
81,features.9,164,pruned_before,nan,0.000000e+00,0.000000e+00,0.0000,0.0000,0
81,features.9,165,pruned_before,nan,0.000000e+00,0.000000e+00,0.0000,0.0000,0
81,features.9,166,pruned_before,nan,0.000000e+00,0.000000e+00,0.0000,0.0000,0
81,features.9,167,pruned_before,nan,0.000000e+00,0.000000e+00,0.0000,0.0000,0
81,features.9,168,pruned_before,nan,0.000000e+00,0.000000e+00,0.0000,0.0000,0
81,features.9,169,pruned_before,nan,0.000000e+00,0.000000e+00,0.0000,0.0000,0
81,features.9,170,pruned_before,nan,0.000000e+00,0.000000e+00,0.0000,0.0000,0
81,features.9,171,pruned_before,nan,0.000000e+00,0.000000e+00,0.0000,0.0000,0
81,features.9,172,pruned_before,nan,0.000000e+00,0.000000e+00,0.0000,0.0000,0
81,features.9,173,pruned_before,nan,0.000000e+00,0.000000e+00,0.0000,0.0000,0
81,features.9,174,pruned_before,nan,0.000000e+00,0.000000e+00,0.0000,0.0000,0
81,features.9,175,pruned_before,nan,0.000000e+00,0.000000e+00,0.0000,0.0000,0
81,features.9,176,pruned_before,nan,0.000000e+00,0.000000e+00,0.0000,0.0000,0
81,features.9,177,pruned_before,nan,0.000000e+00,0.000000e+00,0.0000,0.0000,0
81,features.9,178,pruned_before,nan,0.000000e+00,0.000000e+00,0.0000,0.0000,0
81,features.9,179,pruned_before,nan,0.000000e+00,0.000000e+00,0.0000,0.0000,0
81,features.9,180,active,-0.404264,1.058823e-07,1.194519e-05,0.5792,0.0039,137
81,features.9,181,pruned_before,nan,0.000000e+00,0.000000e+00,0.0000,0.0000,0
81,features.9,182,pruned_before,nan,0.000000e+00,0.000000e+00,0.0000,0.0000,0
81,features.9,183,pruned_before,nan,0.000000e+00,0.000000e+00,0.0000,0.0000,0
81,features.9,184,pruned_before,nan,0.000000e+00,0.000000e+00,0.0000,0.0000,0
81,features.9,185,pruned_before,nan,0.000000e+00,0.000000e+00,0.0000,0.0000,0
81,features.9,186,pruned_before,nan,0.000000e+00,0.000000e+00,0.0000,0.0000,0
81,features.9,187,pruned_before,nan,0.000000e+00,0.000000e+00,0.0000,0.0000,0
81,features.9,188,pruned_before,nan,0.000000e+00,0.000000e+00,0.0000,0.0000,0
81,features.9,189,pruned_before,nan,0.000000e+00,0.000000e+00,0.0000,0.0000,0
81,features.9,190,pruned_before,nan,0.000000e+00,0.000000e+00,0.0000,0.0000,0
81,features.9,191,pruned_before,nan,0.000000e+00,0.000000e+00,0.0000,0.0000,0
81,features.9,192,pruned_before,nan,0.000000e+00,0.000000e+00,0.0000,0.0000,0
81,features.9,193,pruned_before,nan,0.000000e+00,0.000000e+00,0.0000,0.0000,0
81,features.9,194,pruned_before,nan,0.000000e+00,0.000000e+00,0.0000,0.0000,0
81,features.9,195,pruned_before,nan,0.000000e+00,0.000000e+00,0.0000,0.0000,0
81,features.9,196,pruned_before,nan,0.000000e+00,0.000000e+00,0.0000,0.0000,0
81,features.9,197,pruned_before,nan,0.000000e+00,0.000000e+00,0.0000,0.0000,0
81,features.9,198,pruned_before,nan,0.000000e+00,0.000000e+00,0.0000,0.0000,0
81,features.9,199,pruned_before,nan,0.000000e+00,0.000000e+00,0.0000,0.0000,0
81,features.9,200,pruned_before,nan,0.000000e+00,0.000000e+00,0.0000,0.0000,0
81,features.9,201,pruned_before,nan,0.000000e+00,0.000000e+00,0.0000,0.0000,0
81,features.9,202,pruned_before,nan,0.000000e+00,0.000000e+00,0.0000,0.0000,0
81,features.9,203,pruned_before,nan,0.000000e+00,0.000000e+00,0.0000,0.0000,0
81,features.9,204,pruned_before,nan,0.000000e+00,0.000000e+00,0.0000,0.0000,0
81,features.9,205,pruned_before,nan,0.000000e+00,0.000000e+00,0.0000,0.0000,0
81,features.9,206,pruned_before,nan,0.000000e+00,0.000000e+00,0.0000,0.0000,0
81,features.9,207,active,-0.174456,4.672555e-08,4.578884e-05,0.2556,0.0149,137
81,features.9,208,pruned_before,nan,0.000000e+00,0.000000e+00,0.0000,0.0000,0
81,features.9,209,pruned_before,nan,0.000000e+00,0.000000e+00,0.0000,0.0000,0
81,features.9,210,pruned_before,nan,0.000000e+00,0.000000e+00,0.0000,0.0000,0
81,features.9,211,pruned_before,nan,0.000000e+00,0.000000e+00,0.0000,0.0000,0
81,features.9,212,pruned_before,nan,0.000000e+00,0.000000e+00,0.0000,0.0000,0
81,features.9,213,pruned_before,nan,0.000000e+00,0.000000e+00,0.0000,0.0000,0
81,features.9,214,active,-0.169509,4.475208e-08,1.898900e-05,0.2448,0.0062,137
81,features.9,215,pruned_before,nan,0.000000e+00,0.000000e+00,0.0000,0.0000,0
81,features.9,216,pruned_before,nan,0.000000e+00,0.000000e+00,0.0000,0.0000,0
81,features.9,217,pruned_before,nan,0.000000e+00,0.000000e+00,0.0000,0.0000,0
81,features.9,218,pruned_before,nan,0.000000e+00,0.000000e+00,0.0000,0.0000,0
81,features.9,219,pruned_before,nan,0.000000e+00,0.000000e+00,0.0000,0.0000,0
81,features.9,220,pruned_before,nan,0.000000e+00,0.000000e+00,0.0000,0.0000,0
81,features.9,221,pruned_before,nan,0.000000e+00,0.000000e+00,0.0000,0.0000,0
81,features.9,222,pruned_before,nan,0.000000e+00,0.000000e+00,0.0000,0.0000,0
81,features.9,223,pruned_before,nan,0.000000e+00,0.000000e+00,0.0000,0.0000,0
81,features.9,224,pruned_before,nan,0.000000e+00,0.000000e+00,0.0000,0.0000,0
81,features.9,225,pruned_before,nan,0.000000e+00,0.000000e+00,0.0000,0.0000,0
81,features.9,226,pruned_before,nan,0.000000e+00,0.000000e+00,0.0000,0.0000,0
81,features.9,227,pruned_before,nan,0.000000e+00,0.000000e+00,0.0000,0.0000,0
81,features.9,228,pruned_before,nan,0.000000e+00,0.000000e+00,0.0000,0.0000,0
81,features.9,229,pruned_before,nan,0.000000e+00,0.000000e+00,0.0000,0.0000,0
81,features.9,230,pruned_before,nan,0.000000e+00,0.000000e+00,0.0000,0.0000,0
81,features.9,231,pruned_before,nan,0.000000e+00,0.000000e+00,0.0000,0.0000,0
81,features.9,232,pruned_before,nan,0.000000e+00,0.000000e+00,0.0000,0.0000,0
81,features.9,233,pruned_before,nan,0.000000e+00,0.000000e+00,0.0000,0.0000,0
81,features.9,234,pruned_before,nan,0.000000e+00,0.000000e+00,0.0000,0.0000,0
81,features.9,235,pruned_before,nan,0.000000e+00,0.000000e+00,0.0000,0.0000,0
81,features.9,236,pruned_before,nan,0.000000e+00,0.000000e+00,0.0000,0.0000,0
81,features.9,237,pruned_before,nan,0.000000e+00,0.000000e+00,0.0000,0.0000,0
81,features.9,238,pruned_before,nan,0.000000e+00,0.000000e+00,0.0000,0.0000,0
81,features.9,239,pruned_before,nan,0.000000e+00,0.000000e+00,0.0000,0.0000,0
81,features.9,240,pruned_before,nan,0.000000e+00,0.000000e+00,0.0000,0.0000,0
81,features.9,241,pruned_before,nan,0.000000e+00,0.000000e+00,0.0000,0.0000,0
81,features.9,242,pruned_before,nan,0.000000e+00,0.000000e+00,0.0000,0.0000,0
81,features.9,243,pruned_before,nan,0.000000e+00,0.000000e+00,0.0000,0.0000,0
81,features.9,244,pruned_before,nan,0.000000e+00,0.000000e+00,0.0000,0.0000,0
81,features.9,245,pruned_before,nan,0.000000e+00,0.000000e+00,0.0000,0.0000,0
81,features.9,246,pruned_before,nan,0.000000e+00,0.000000e+00,0.0000,0.0000,0
81,features.9,247,pruned_before,nan,0.000000e+00,0.000000e+00,0.0000,0.0000,0
81,features.9,248,pruned_before,nan,0.000000e+00,0.000000e+00,0.0000,0.0000,0
81,features.9,249,pruned_before,nan,0.000000e+00,0.000000e+00,0.0000,0.0000,0
81,features.9,250,pruned_before,nan,0.000000e+00,0.000000e+00,0.0000,0.0000,0
81,features.9,251,pruned_before,nan,0.000000e+00,0.000000e+00,0.0000,0.0000,0
81,features.9,252,pruned_before,nan,0.000000e+00,0.000000e+00,0.0000,0.0000,0
81,features.9,253,pruned_before,nan,0.000000e+00,0.000000e+00,0.0000,0.0000,0
81,features.9,254,pruned_before,nan,0.000000e+00,0.000000e+00,0.0000,0.0000,0
81,features.9,255,pruned_before,nan,0.000000e+00,0.000000e+00,0.0000,0.0000,0
81,features.9,256,pruned_before,nan,0.000000e+00,0.000000e+00,0.0000,0.0000,0
81,features.9,257,pruned_before,nan,0.000000e+00,0.000000e+00,0.0000,0.0000,0
81,features.9,258,pruned_before,nan,0.000000e+00,0.000000e+00,0.0000,0.0000,0
81,features.9,259,pruned_before,nan,0.000000e+00,0.000000e+00,0.0000,0.0000,0
81,features.9,260,pruned_before,nan,0.000000e+00,0.000000e+00,0.0000,0.0000,0
81,features.9,261,pruned_before,nan,0.000000e+00,0.000000e+00,0.0000,0.0000,0
81,features.9,262,pruned_before,nan,0.000000e+00,0.000000e+00,0.0000,0.0000,0
81,features.9,263,pruned_before,nan,0.000000e+00,0.000000e+00,0.0000,0.0000,0
81,features.9,264,pruned_before,nan,0.000000e+00,0.000000e+00,0.0000,0.0000,0
81,features.9,265,pruned_before,nan,0.000000e+00,0.000000e+00,0.0000,0.0000,0
81,features.9,266,active,0.000000,0.000000e+00,0.000000e+00,0.0000,0.0000,137
81,features.9,267,pruned_before,nan,0.000000e+00,0.000000e+00,0.0000,0.0000,0
81,features.9,268,pruned_before,nan,0.000000e+00,0.000000e+00,0.0000,0.0000,0
81,features.9,269,pruned_before,nan,0.000000e+00,0.000000e+00,0.0000,0.0000,0
81,features.9,270,pruned_before,nan,0.000000e+00,0.000000e+00,0.0000,0.0000,0
81,features.9,271,pruned_before,nan,0.000000e+00,0.000000e+00,0.0000,0.0000,0
81,features.9,272,pruned_before,nan,0.000000e+00,0.000000e+00,0.0000,0.0000,0
81,features.9,273,pruned_before,nan,0.000000e+00,0.000000e+00,0.0000,0.0000,0
81,features.9,274,pruned_before,nan,0.000000e+00,0.000000e+00,0.0000,0.0000,0
81,features.9,275,pruned_before,nan,0.000000e+00,0.000000e+00,0.0000,0.0000,0
81,features.9,276,pruned_before,nan,0.000000e+00,0.000000e+00,0.0000,0.0000,0
81,features.9,277,pruned_before,nan,0.000000e+00,0.000000e+00,0.0000,0.0000,0
81,features.9,278,pruned_before,nan,0.000000e+00,0.000000e+00,0.0000,0.0000,0
81,features.9,279,pruned_before,nan,0.000000e+00,0.000000e+00,0.0000,0.0000,0
81,features.9,280,pruned_before,nan,0.000000e+00,0.000000e+00,0.0000,0.0000,0
81,features.9,281,pruned_before,nan,0.000000e+00,0.000000e+00,0.0000,0.0000,0
81,features.9,282,pruned_before,nan,0.000000e+00,0.000000e+00,0.0000,0.0000,0
81,features.9,283,pruned_before,nan,0.000000e+00,0.000000e+00,0.0000,0.0000,0
81,features.9,284,pruned_before,nan,0.000000e+00,0.000000e+00,0.0000,0.0000,0
81,features.9,285,pruned_before,nan,0.000000e+00,0.000000e+00,0.0000,0.0000,0
81,features.9,286,pruned_before,nan,0.000000e+00,0.000000e+00,0.0000,0.0000,0
81,features.9,287,pruned_before,nan,0.000000e+00,0.000000e+00,0.0000,0.0000,0
81,features.9,288,pruned_before,nan,0.000000e+00,0.000000e+00,0.0000,0.0000,0
81,features.9,289,pruned_before,nan,0.000000e+00,0.000000e+00,0.0000,0.0000,0
81,features.9,290,pruned_before,nan,0.000000e+00,0.000000e+00,0.0000,0.0000,0
81,features.9,291,pruned_before,nan,0.000000e+00,0.000000e+00,0.0000,0.0000,0
81,features.9,292,pruned_before,nan,0.000000e+00,0.000000e+00,0.0000,0.0000,0
81,features.9,293,pruned_before,nan,0.000000e+00,0.000000e+00,0.0000,0.0000,0
81,features.9,294,pruned_before,nan,0.000000e+00,0.000000e+00,0.0000,0.0000,0
81,features.9,295,pruned_before,nan,0.000000e+00,0.000000e+00,0.0000,0.0000,0
81,features.9,296,active,-0.697300,1.828127e-07,2.769422e-05,1.0000,0.0090,137
81,features.9,297,pruned_before,nan,0.000000e+00,0.000000e+00,0.0000,0.0000,0
81,features.9,298,pruned_before,nan,0.000000e+00,0.000000e+00,0.0000,0.0000,0
81,features.9,299,pruned_before,nan,0.000000e+00,0.000000e+00,0.0000,0.0000,0
81,features.9,300,pruned_before,nan,0.000000e+00,0.000000e+00,0.0000,0.0000,0
81,features.9,301,pruned_before,nan,0.000000e+00,0.000000e+00,0.0000,0.0000,0
81,features.9,302,pruned_before,nan,0.000000e+00,0.000000e+00,0.0000,0.0000,0
81,features.9,303,pruned_before,nan,0.000000e+00,0.000000e+00,0.0000,0.0000,0
81,features.9,304,pruned_before,nan,0.000000e+00,0.000000e+00,0.0000,0.0000,0
81,features.9,305,pruned_before,nan,0.000000e+00,0.000000e+00,0.0000,0.0000,0
81,features.9,306,pruned_before,nan,0.000000e+00,0.000000e+00,0.0000,0.0000,0
81,features.9,307,pruned_before,nan,0.000000e+00,0.000000e+00,0.0000,0.0000,0
81,features.9,308,pruned_before,nan,0.000000e+00,0.000000e+00,0.0000,0.0000,0
81,features.9,309,pruned_before,nan,0.000000e+00,0.000000e+00,0.0000,0.0000,0
81,features.9,310,pruned_before,nan,0.000000e+00,0.000000e+00,0.0000,0.0000,0
81,features.9,311,pruned_before,nan,0.000000e+00,0.000000e+00,0.0000,0.0000,0
81,features.9,312,pruned_before,nan,0.000000e+00,0.000000e+00,0.0000,0.0000,0
81,features.9,313,pruned_before,nan,0.000000e+00,0.000000e+00,0.0000,0.0000,0
81,features.9,314,active,-0.168043,4.456809e-08,2.680347e-05,0.2438,0.0087,137
81,features.9,315,pruned_before,nan,0.000000e+00,0.000000e+00,0.0000,0.0000,0
81,features.9,316,active,0.000000,0.000000e+00,0.000000e+00,0.0000,0.0000,137
81,features.9,317,pruned_before,nan,0.000000e+00,0.000000e+00,0.0000,0.0000,0
81,features.9,318,pruned_before,nan,0.000000e+00,0.000000e+00,0.0000,0.0000,0
81,features.9,319,pruned_before,nan,0.000000e+00,0.000000e+00,0.0000,0.0000,0
81,features.9,320,pruned_before,nan,0.000000e+00,0.000000e+00,0.0000,0.0000,0
81,features.9,321,pruned_before,nan,0.000000e+00,0.000000e+00,0.0000,0.0000,0
81,features.9,322,pruned_before,nan,0.000000e+00,0.000000e+00,0.0000,0.0000,0
81,features.9,323,pruned_before,nan,0.000000e+00,0.000000e+00,0.0000,0.0000,0
81,features.9,324,pruned_before,nan,0.000000e+00,0.000000e+00,0.0000,0.0000,0
81,features.9,325,pruned_before,nan,0.000000e+00,0.000000e+00,0.0000,0.0000,0
81,features.9,326,pruned_before,nan,0.000000e+00,0.000000e+00,0.0000,0.0000,0
81,features.9,327,pruned_before,nan,0.000000e+00,0.000000e+00,0.0000,0.0000,0
81,features.9,328,pruned_before,nan,0.000000e+00,0.000000e+00,0.0000,0.0000,0
81,features.9,329,pruned_before,nan,0.000000e+00,0.000000e+00,0.0000,0.0000,0
81,features.9,330,pruned_before,nan,0.000000e+00,0.000000e+00,0.0000,0.0000,0
81,features.9,331,pruned_before,nan,0.000000e+00,0.000000e+00,0.0000,0.0000,0
81,features.9,332,pruned_before,nan,0.000000e+00,0.000000e+00,0.0000,0.0000,0
81,features.9,333,pruned_before,nan,0.000000e+00,0.000000e+00,0.0000,0.0000,0
81,features.9,334,pruned_before,nan,0.000000e+00,0.000000e+00,0.0000,0.0000,0
81,features.9,335,pruned_before,nan,0.000000e+00,0.000000e+00,0.0000,0.0000,0
81,features.9,336,pruned_before,nan,0.000000e+00,0.000000e+00,0.0000,0.0000,0
81,features.9,337,pruned_before,nan,0.000000e+00,0.000000e+00,0.0000,0.0000,0
81,features.9,338,pruned_before,nan,0.000000e+00,0.000000e+00,0.0000,0.0000,0
81,features.9,339,pruned_before,nan,0.000000e+00,0.000000e+00,0.0000,0.0000,0
81,features.9,340,pruned_before,nan,0.000000e+00,0.000000e+00,0.0000,0.0000,0
81,features.9,341,pruned_before,nan,0.000000e+00,0.000000e+00,0.0000,0.0000,0
81,features.9,342,pruned_before,nan,0.000000e+00,0.000000e+00,0.0000,0.0000,0
81,features.9,343,pruned_before,nan,0.000000e+00,0.000000e+00,0.0000,0.0000,0
81,features.9,344,pruned_before,nan,0.000000e+00,0.000000e+00,0.0000,0.0000,0
81,features.9,345,pruned_before,nan,0.000000e+00,0.000000e+00,0.0000,0.0000,0
81,features.9,346,pruned_before,nan,0.000000e+00,0.000000e+00,0.0000,0.0000,0
81,features.9,347,pruned_before,nan,0.000000e+00,0.000000e+00,0.0000,0.0000,0
81,features.9,348,pruned_before,nan,0.000000e+00,0.000000e+00,0.0000,0.0000,0
81,features.9,349,pruned_before,nan,0.000000e+00,0.000000e+00,0.0000,0.0000,0
81,features.9,350,pruned_before,nan,0.000000e+00,0.000000e+00,0.0000,0.0000,0
81,features.9,351,pruned_before,nan,0.000000e+00,0.000000e+00,0.0000,0.0000,0
81,features.9,352,pruned_before,nan,0.000000e+00,0.000000e+00,0.0000,0.0000,0
81,features.9,353,pruned_before,nan,0.000000e+00,0.000000e+00,0.0000,0.0000,0
81,features.9,354,pruned_before,nan,0.000000e+00,0.000000e+00,0.0000,0.0000,0
81,features.9,355,pruned_before,nan,0.000000e+00,0.000000e+00,0.0000,0.0000,0
81,features.9,356,pruned_before,nan,0.000000e+00,0.000000e+00,0.0000,0.0000,0
81,features.9,357,pruned_before,nan,0.000000e+00,0.000000e+00,0.0000,0.0000,0
81,features.9,358,pruned_before,nan,0.000000e+00,0.000000e+00,0.0000,0.0000,0
81,features.9,359,pruned_before,nan,0.000000e+00,0.000000e+00,0.0000,0.0000,0
81,features.9,360,pruned_before,nan,0.000000e+00,0.000000e+00,0.0000,0.0000,0
81,features.9,361,pruned_before,nan,0.000000e+00,0.000000e+00,0.0000,0.0000,0
81,features.9,362,pruned_before,nan,0.000000e+00,0.000000e+00,0.0000,0.0000,0
81,features.9,363,pruned_before,nan,0.000000e+00,0.000000e+00,0.0000,0.0000,0
81,features.9,364,pruned_before,nan,0.000000e+00,0.000000e+00,0.0000,0.0000,0
81,features.9,365,pruned_before,nan,0.000000e+00,0.000000e+00,0.0000,0.0000,0
81,features.9,366,pruned_before,nan,0.000000e+00,0.000000e+00,0.0000,0.0000,0
81,features.9,367,pruned_before,nan,0.000000e+00,0.000000e+00,0.0000,0.0000,0
81,features.9,368,pruned_before,nan,0.000000e+00,0.000000e+00,0.0000,0.0000,0
81,features.9,369,pruned_before,nan,0.000000e+00,0.000000e+00,0.0000,0.0000,0
81,features.9,370,pruned_before,nan,0.000000e+00,0.000000e+00,0.0000,0.0000,0
81,features.9,371,pruned_before,nan,0.000000e+00,0.000000e+00,0.0000,0.0000,0
81,features.9,372,pruned_before,nan,0.000000e+00,0.000000e+00,0.0000,0.0000,0
81,features.9,373,pruned_before,nan,0.000000e+00,0.000000e+00,0.0000,0.0000,0
81,features.9,374,pruned_before,nan,0.000000e+00,0.000000e+00,0.0000,0.0000,0
81,features.9,375,pruned_before,nan,0.000000e+00,0.000000e+00,0.0000,0.0000,0
81,features.9,376,pruned_before,nan,0.000000e+00,0.000000e+00,0.0000,0.0000,0
81,features.9,377,pruned_before,nan,0.000000e+00,0.000000e+00,0.0000,0.0000,0
81,features.9,378,pruned_before,nan,0.000000e+00,0.000000e+00,0.0000,0.0000,0
81,features.9,379,pruned_before,nan,0.000000e+00,0.000000e+00,0.0000,0.0000,0
81,features.9,380,pruned_before,nan,0.000000e+00,0.000000e+00,0.0000,0.0000,0
81,features.9,381,pruned_before,nan,0.000000e+00,0.000000e+00,0.0000,0.0000,0
81,features.9,382,pruned_before,nan,0.000000e+00,0.000000e+00,0.0000,0.0000,0
81,features.9,383,pruned_before,nan,0.000000e+00,0.000000e+00,0.0000,0.0000,0
81,features.10,0,active,0.000000,0.000000e+00,0.000000e+00,0.0000,0.0000,137
81,features.10,1,pruned_before,nan,0.000000e+00,0.000000e+00,0.0000,0.0000,0
81,features.10,2,pruned_before,nan,0.000000e+00,0.000000e+00,0.0000,0.0000,0
81,features.10,3,pruned_before,nan,0.000000e+00,0.000000e+00,0.0000,0.0000,0
81,features.10,4,pruned_before,nan,0.000000e+00,0.000000e+00,0.0000,0.0000,0
81,features.10,5,pruned_before,nan,0.000000e+00,0.000000e+00,0.0000,0.0000,0
81,features.10,6,pruned_before,nan,0.000000e+00,0.000000e+00,0.0000,0.0000,0
81,features.10,7,pruned_before,nan,0.000000e+00,0.000000e+00,0.0000,0.0000,0
81,features.10,8,pruned_before,nan,0.000000e+00,0.000000e+00,0.0000,0.0000,0
81,features.10,9,pruned_before,nan,0.000000e+00,0.000000e+00,0.0000,0.0000,0
81,features.10,10,pruned_before,nan,0.000000e+00,0.000000e+00,0.0000,0.0000,0
81,features.10,11,pruned_before,nan,0.000000e+00,0.000000e+00,0.0000,0.0000,0
81,features.10,12,pruned_before,nan,0.000000e+00,0.000000e+00,0.0000,0.0000,0
81,features.10,13,pruned_before,nan,0.000000e+00,0.000000e+00,0.0000,0.0000,0
81,features.10,14,pruned_before,nan,0.000000e+00,0.000000e+00,0.0000,0.0000,0
81,features.10,15,pruned_before,nan,0.000000e+00,0.000000e+00,0.0000,0.0000,0
81,features.10,16,pruned_before,nan,0.000000e+00,0.000000e+00,0.0000,0.0000,0
81,features.10,17,pruned_before,nan,0.000000e+00,0.000000e+00,0.0000,0.0000,0
81,features.10,18,active,-0.021250,2.136400e-08,4.122611e-05,0.0660,0.0832,137
81,features.10,19,pruned_before,nan,0.000000e+00,0.000000e+00,0.0000,0.0000,0
81,features.10,20,pruned_before,nan,0.000000e+00,0.000000e+00,0.0000,0.0000,0
81,features.10,21,pruned_before,nan,0.000000e+00,0.000000e+00,0.0000,0.0000,0
81,features.10,22,pruned_before,nan,0.000000e+00,0.000000e+00,0.0000,0.0000,0
81,features.10,23,pruned_before,nan,0.000000e+00,0.000000e+00,0.0000,0.0000,0
81,features.10,24,pruned_before,nan,0.000000e+00,0.000000e+00,0.0000,0.0000,0
81,features.10,25,pruned_before,nan,0.000000e+00,0.000000e+00,0.0000,0.0000,0
81,features.10,26,pruned_before,nan,0.000000e+00,0.000000e+00,0.0000,0.0000,0
81,features.10,27,pruned_before,nan,0.000000e+00,0.000000e+00,0.0000,0.0000,0
81,features.10,28,pruned_before,nan,0.000000e+00,0.000000e+00,0.0000,0.0000,0
81,features.10,29,pruned_before,nan,0.000000e+00,0.000000e+00,0.0000,0.0000,0
81,features.10,30,pruned_before,nan,0.000000e+00,0.000000e+00,0.0000,0.0000,0
81,features.10,31,pruned_before,nan,0.000000e+00,0.000000e+00,0.0000,0.0000,0
81,features.10,32,pruned_before,nan,0.000000e+00,0.000000e+00,0.0000,0.0000,0
81,features.10,33,pruned_before,nan,0.000000e+00,0.000000e+00,0.0000,0.0000,0
81,features.10,34,pruned_before,nan,0.000000e+00,0.000000e+00,0.0000,0.0000,0
81,features.10,35,pruned_before,nan,0.000000e+00,0.000000e+00,0.0000,0.0000,0
81,features.10,36,pruned_before,nan,0.000000e+00,0.000000e+00,0.0000,0.0000,0
81,features.10,37,pruned_before,nan,0.000000e+00,0.000000e+00,0.0000,0.0000,0
81,features.10,38,pruned_before,nan,0.000000e+00,0.000000e+00,0.0000,0.0000,0
81,features.10,39,pruned_before,nan,0.000000e+00,0.000000e+00,0.0000,0.0000,0
81,features.10,40,pruned_before,nan,0.000000e+00,0.000000e+00,0.0000,0.0000,0
81,features.10,41,pruned_before,nan,0.000000e+00,0.000000e+00,0.0000,0.0000,0
81,features.10,42,pruned_before,nan,0.000000e+00,0.000000e+00,0.0000,0.0000,0
81,features.10,43,pruned_before,nan,0.000000e+00,0.000000e+00,0.0000,0.0000,0
81,features.10,44,pruned_before,nan,0.000000e+00,0.000000e+00,0.0000,0.0000,0
81,features.10,45,pruned_before,nan,0.000000e+00,0.000000e+00,0.0000,0.0000,0
81,features.10,46,pruned_before,nan,0.000000e+00,0.000000e+00,0.0000,0.0000,0
81,features.10,47,pruned_before,nan,0.000000e+00,0.000000e+00,0.0000,0.0000,0
81,features.10,48,pruned_before,nan,0.000000e+00,0.000000e+00,0.0000,0.0000,0
81,features.10,49,pruned_before,nan,0.000000e+00,0.000000e+00,0.0000,0.0000,0
81,features.10,50,pruned_before,nan,0.000000e+00,0.000000e+00,0.0000,0.0000,0
81,features.10,51,pruned_before,nan,0.000000e+00,0.000000e+00,0.0000,0.0000,0
81,features.10,52,pruned_before,nan,0.000000e+00,0.000000e+00,0.0000,0.0000,0
81,features.10,53,pruned_before,nan,0.000000e+00,0.000000e+00,0.0000,0.0000,0
81,features.10,54,pruned_before,nan,0.000000e+00,0.000000e+00,0.0000,0.0000,0
81,features.10,55,pruned_before,nan,0.000000e+00,0.000000e+00,0.0000,0.0000,0
81,features.10,56,pruned_before,nan,0.000000e+00,0.000000e+00,0.0000,0.0000,0
81,features.10,57,pruned_before,nan,0.000000e+00,0.000000e+00,0.0000,0.0000,0
81,features.10,58,pruned_before,nan,0.000000e+00,0.000000e+00,0.0000,0.0000,0
81,features.10,59,pruned_before,nan,0.000000e+00,0.000000e+00,0.0000,0.0000,0
81,features.10,60,pruned_before,nan,0.000000e+00,0.000000e+00,0.0000,0.0000,0
81,features.10,61,pruned_before,nan,0.000000e+00,0.000000e+00,0.0000,0.0000,0
81,features.10,62,pruned_before,nan,0.000000e+00,0.000000e+00,0.0000,0.0000,0
81,features.10,63,pruned_before,nan,0.000000e+00,0.000000e+00,0.0000,0.0000,0
81,features.10,64,pruned_before,nan,0.000000e+00,0.000000e+00,0.0000,0.0000,0
81,features.10,65,active,-0.224344,1.054854e-07,6.358543e-06,0.3260,0.0128,137
81,features.10,66,pruned_before,nan,0.000000e+00,0.000000e+00,0.0000,0.0000,0
81,features.10,67,pruned_before,nan,0.000000e+00,0.000000e+00,0.0000,0.0000,0
81,features.10,68,pruned_before,nan,0.000000e+00,0.000000e+00,0.0000,0.0000,0
81,features.10,69,pruned_before,nan,0.000000e+00,0.000000e+00,0.0000,0.0000,0
81,features.10,70,pruned_before,nan,0.000000e+00,0.000000e+00,0.0000,0.0000,0
81,features.10,71,pruned_before,nan,0.000000e+00,0.000000e+00,0.0000,0.0000,0
81,features.10,72,pruned_before,nan,0.000000e+00,0.000000e+00,0.0000,0.0000,0
81,features.10,73,pruned_before,nan,0.000000e+00,0.000000e+00,0.0000,0.0000,0
81,features.10,74,pruned_before,nan,0.000000e+00,0.000000e+00,0.0000,0.0000,0
81,features.10,75,pruned_before,nan,0.000000e+00,0.000000e+00,0.0000,0.0000,0
81,features.10,76,pruned_before,nan,0.000000e+00,0.000000e+00,0.0000,0.0000,0
81,features.10,77,pruned_before,nan,0.000000e+00,0.000000e+00,0.0000,0.0000,0
81,features.10,78,pruned_before,nan,0.000000e+00,0.000000e+00,0.0000,0.0000,0
81,features.10,79,pruned_before,nan,0.000000e+00,0.000000e+00,0.0000,0.0000,0
81,features.10,80,pruned_before,nan,0.000000e+00,0.000000e+00,0.0000,0.0000,0
81,features.10,81,pruned_before,nan,0.000000e+00,0.000000e+00,0.0000,0.0000,0
81,features.10,82,pruned_before,nan,0.000000e+00,0.000000e+00,0.0000,0.0000,0
81,features.10,83,pruned_before,nan,0.000000e+00,0.000000e+00,0.0000,0.0000,0
81,features.10,84,pruned_before,nan,0.000000e+00,0.000000e+00,0.0000,0.0000,0
81,features.10,85,pruned_before,nan,0.000000e+00,0.000000e+00,0.0000,0.0000,0
81,features.10,86,pruned_before,nan,0.000000e+00,0.000000e+00,0.0000,0.0000,0
81,features.10,87,pruned_before,nan,0.000000e+00,0.000000e+00,0.0000,0.0000,0
81,features.10,88,pruned_before,nan,0.000000e+00,0.000000e+00,0.0000,0.0000,0
81,features.10,89,pruned_before,nan,0.000000e+00,0.000000e+00,0.0000,0.0000,0
81,features.10,90,pruned_before,nan,0.000000e+00,0.000000e+00,0.0000,0.0000,0
81,features.10,91,active,-0.474256,3.235806e-07,3.727562e-04,1.0000,0.7525,137
81,features.10,92,pruned_before,nan,0.000000e+00,0.000000e+00,0.0000,0.0000,0
81,features.10,93,pruned_before,nan,0.000000e+00,0.000000e+00,0.0000,0.0000,0
81,features.10,94,pruned_before,nan,0.000000e+00,0.000000e+00,0.0000,0.0000,0
81,features.10,95,pruned_before,nan,0.000000e+00,0.000000e+00,0.0000,0.0000,0
81,features.10,96,pruned_before,nan,0.000000e+00,0.000000e+00,0.0000,0.0000,0
81,features.10,97,pruned_before,nan,0.000000e+00,0.000000e+00,0.0000,0.0000,0
81,features.10,98,pruned_before,nan,0.000000e+00,0.000000e+00,0.0000,0.0000,0
81,features.10,99,pruned_before,nan,0.000000e+00,0.000000e+00,0.0000,0.0000,0
81,features.10,100,pruned_before,nan,0.000000e+00,0.000000e+00,0.0000,0.0000,0
81,features.10,101,pruned_before,nan,0.000000e+00,0.000000e+00,0.0000,0.0000,0
81,features.10,102,pruned_before,nan,0.000000e+00,0.000000e+00,0.0000,0.0000,0
81,features.10,103,pruned_before,nan,0.000000e+00,0.000000e+00,0.0000,0.0000,0
81,features.10,104,pruned_before,nan,0.000000e+00,0.000000e+00,0.0000,0.0000,0
81,features.10,105,pruned_before,nan,0.000000e+00,0.000000e+00,0.0000,0.0000,0
81,features.10,106,pruned_before,nan,0.000000e+00,0.000000e+00,0.0000,0.0000,0
81,features.10,107,pruned_before,nan,0.000000e+00,0.000000e+00,0.0000,0.0000,0
81,features.10,108,pruned_before,nan,0.000000e+00,0.000000e+00,0.0000,0.0000,0
81,features.10,109,pruned_before,nan,0.000000e+00,0.000000e+00,0.0000,0.0000,0
81,features.10,110,pruned_before,nan,0.000000e+00,0.000000e+00,0.0000,0.0000,0
81,features.10,111,pruned_before,nan,0.000000e+00,0.000000e+00,0.0000,0.0000,0
81,features.10,112,pruned_before,nan,0.000000e+00,0.000000e+00,0.0000,0.0000,0
81,features.10,113,pruned_before,nan,0.000000e+00,0.000000e+00,0.0000,0.0000,0
81,features.10,114,pruned_before,nan,0.000000e+00,0.000000e+00,0.0000,0.0000,0
81,features.10,115,pruned_before,nan,0.000000e+00,0.000000e+00,0.0000,0.0000,0
81,features.10,116,pruned_before,nan,0.000000e+00,0.000000e+00,0.0000,0.0000,0
81,features.10,117,pruned_before,nan,0.000000e+00,0.000000e+00,0.0000,0.0000,0
81,features.10,118,pruned_before,nan,0.000000e+00,0.000000e+00,0.0000,0.0000,0
81,features.10,119,pruned_before,nan,0.000000e+00,0.000000e+00,0.0000,0.0000,0
81,features.10,120,pruned_before,nan,0.000000e+00,0.000000e+00,0.0000,0.0000,0
81,features.10,121,pruned_before,nan,0.000000e+00,0.000000e+00,0.0000,0.0000,0
81,features.10,122,pruned_before,nan,0.000000e+00,0.000000e+00,0.0000,0.0000,0
81,features.10,123,pruned_before,nan,0.000000e+00,0.000000e+00,0.0000,0.0000,0
81,features.10,124,pruned_before,nan,0.000000e+00,0.000000e+00,0.0000,0.0000,0
81,features.10,125,pruned_before,nan,0.000000e+00,0.000000e+00,0.0000,0.0000,0
81,features.10,126,pruned_before,nan,0.000000e+00,0.000000e+00,0.0000,0.0000,0
81,features.10,127,pruned_before,nan,0.000000e+00,0.000000e+00,0.0000,0.0000,0
81,features.10,128,pruned_before,nan,0.000000e+00,0.000000e+00,0.0000,0.0000,0
81,features.10,129,pruned_before,nan,0.000000e+00,0.000000e+00,0.0000,0.0000,0
81,features.10,130,pruned_before,nan,0.000000e+00,0.000000e+00,0.0000,0.0000,0
81,features.10,131,pruned_before,nan,0.000000e+00,0.000000e+00,0.0000,0.0000,0
81,features.10,132,pruned_before,nan,0.000000e+00,0.000000e+00,0.0000,0.0000,0
81,features.10,133,pruned_before,nan,0.000000e+00,0.000000e+00,0.0000,0.0000,0
81,features.10,134,pruned_before,nan,0.000000e+00,0.000000e+00,0.0000,0.0000,0
81,features.10,135,pruned_before,nan,0.000000e+00,0.000000e+00,0.0000,0.0000,0
81,features.10,136,pruned_before,nan,0.000000e+00,0.000000e+00,0.0000,0.0000,0
81,features.10,137,pruned_before,nan,0.000000e+00,0.000000e+00,0.0000,0.0000,0
81,features.10,138,pruned_before,nan,0.000000e+00,0.000000e+00,0.0000,0.0000,0
81,features.10,139,pruned_before,nan,0.000000e+00,0.000000e+00,0.0000,0.0000,0
81,features.10,140,pruned_before,nan,0.000000e+00,0.000000e+00,0.0000,0.0000,0
81,features.10,141,pruned_before,nan,0.000000e+00,0.000000e+00,0.0000,0.0000,0
81,features.10,142,pruned_before,nan,0.000000e+00,0.000000e+00,0.0000,0.0000,0
81,features.10,143,pruned_before,nan,0.000000e+00,0.000000e+00,0.0000,0.0000,0
81,features.10,144,pruned_before,nan,0.000000e+00,0.000000e+00,0.0000,0.0000,0
81,features.10,145,pruned_before,nan,0.000000e+00,0.000000e+00,0.0000,0.0000,0
81,features.10,146,pruned_before,nan,0.000000e+00,0.000000e+00,0.0000,0.0000,0
81,features.10,147,pruned_before,nan,0.000000e+00,0.000000e+00,0.0000,0.0000,0
81,features.10,148,pruned_before,nan,0.000000e+00,0.000000e+00,0.0000,0.0000,0
81,features.10,149,active,0.000000,0.000000e+00,2.262013e-11,0.0000,0.0000,137
81,features.10,150,pruned_before,nan,0.000000e+00,0.000000e+00,0.0000,0.0000,0
81,features.10,151,pruned_before,nan,0.000000e+00,0.000000e+00,0.0000,0.0000,0
81,features.10,152,pruned_before,nan,0.000000e+00,0.000000e+00,0.0000,0.0000,0
81,features.10,153,pruned_before,nan,0.000000e+00,0.000000e+00,0.0000,0.0000,0
81,features.10,154,pruned_before,nan,0.000000e+00,0.000000e+00,0.0000,0.0000,0
81,features.10,155,pruned_before,nan,0.000000e+00,0.000000e+00,0.0000,0.0000,0
81,features.10,156,active,0.000000,6.443035e-18,3.159623e-12,0.0000,0.0000,137
81,features.10,157,pruned_before,nan,0.000000e+00,0.000000e+00,0.0000,0.0000,0
81,features.10,158,pruned_before,nan,0.000000e+00,0.000000e+00,0.0000,0.0000,0
81,features.10,159,pruned_before,nan,0.000000e+00,0.000000e+00,0.0000,0.0000,0
81,features.10,160,pruned_before,nan,0.000000e+00,0.000000e+00,0.0000,0.0000,0
81,features.10,161,pruned_before,nan,0.000000e+00,0.000000e+00,0.0000,0.0000,0
81,features.10,162,pruned_before,nan,0.000000e+00,0.000000e+00,0.0000,0.0000,0
81,features.10,163,pruned_before,nan,0.000000e+00,0.000000e+00,0.0000,0.0000,0
81,features.10,164,pruned_before,nan,0.000000e+00,0.000000e+00,0.0000,0.0000,0
81,features.10,165,pruned_before,nan,0.000000e+00,0.000000e+00,0.0000,0.0000,0
81,features.10,166,pruned_before,nan,0.000000e+00,0.000000e+00,0.0000,0.0000,0
81,features.10,167,pruned_before,nan,0.000000e+00,0.000000e+00,0.0000,0.0000,0
81,features.10,168,pruned_before,nan,0.000000e+00,0.000000e+00,0.0000,0.0000,0
81,features.10,169,pruned_before,nan,0.000000e+00,0.000000e+00,0.0000,0.0000,0
81,features.10,170,pruned_before,nan,0.000000e+00,0.000000e+00,0.0000,0.0000,0
81,features.10,171,pruned_before,nan,0.000000e+00,0.000000e+00,0.0000,0.0000,0
81,features.10,172,pruned_before,nan,0.000000e+00,0.000000e+00,0.0000,0.0000,0
81,features.10,173,pruned_before,nan,0.000000e+00,0.000000e+00,0.0000,0.0000,0
81,features.10,174,pruned_before,nan,0.000000e+00,0.000000e+00,0.0000,0.0000,0
81,features.10,175,pruned_before,nan,0.000000e+00,0.000000e+00,0.0000,0.0000,0
81,features.10,176,pruned_before,nan,0.000000e+00,0.000000e+00,0.0000,0.0000,0
81,features.10,177,pruned_before,nan,0.000000e+00,0.000000e+00,0.0000,0.0000,0
81,features.10,178,pruned_before,nan,0.000000e+00,0.000000e+00,0.0000,0.0000,0
81,features.10,179,pruned_before,nan,0.000000e+00,0.000000e+00,0.0000,0.0000,0
81,features.10,180,pruned_before,nan,0.000000e+00,0.000000e+00,0.0000,0.0000,0
81,features.10,181,pruned_before,nan,0.000000e+00,0.000000e+00,0.0000,0.0000,0
81,features.10,182,active,0.000000,0.000000e+00,0.000000e+00,0.0000,0.0000,137
81,features.10,183,pruned_before,nan,0.000000e+00,0.000000e+00,0.0000,0.0000,0
81,features.10,184,pruned_before,nan,0.000000e+00,0.000000e+00,0.0000,0.0000,0
81,features.10,185,pruned_before,nan,0.000000e+00,0.000000e+00,0.0000,0.0000,0
81,features.10,186,pruned_before,nan,0.000000e+00,0.000000e+00,0.0000,0.0000,0
81,features.10,187,pruned_before,nan,0.000000e+00,0.000000e+00,0.0000,0.0000,0
81,features.10,188,pruned_before,nan,0.000000e+00,0.000000e+00,0.0000,0.0000,0
81,features.10,189,pruned_before,nan,0.000000e+00,0.000000e+00,0.0000,0.0000,0
81,features.10,190,pruned_before,nan,0.000000e+00,0.000000e+00,0.0000,0.0000,0
81,features.10,191,pruned_before,nan,0.000000e+00,0.000000e+00,0.0000,0.0000,0
81,features.10,192,pruned_before,nan,0.000000e+00,0.000000e+00,0.0000,0.0000,0
81,features.10,193,pruned_before,nan,0.000000e+00,0.000000e+00,0.0000,0.0000,0
81,features.10,194,pruned_before,nan,0.000000e+00,0.000000e+00,0.0000,0.0000,0
81,features.10,195,pruned_before,nan,0.000000e+00,0.000000e+00,0.0000,0.0000,0
81,features.10,196,pruned_before,nan,0.000000e+00,0.000000e+00,0.0000,0.0000,0
81,features.10,197,pruned_before,nan,0.000000e+00,0.000000e+00,0.0000,0.0000,0
81,features.10,198,pruned_before,nan,0.000000e+00,0.000000e+00,0.0000,0.0000,0
81,features.10,199,pruned_before,nan,0.000000e+00,0.000000e+00,0.0000,0.0000,0
81,features.10,200,pruned_before,nan,0.000000e+00,0.000000e+00,0.0000,0.0000,0
81,features.10,201,pruned_before,nan,0.000000e+00,0.000000e+00,0.0000,0.0000,0
81,features.10,202,pruned_before,nan,0.000000e+00,0.000000e+00,0.0000,0.0000,0
81,features.10,203,pruned_before,nan,0.000000e+00,0.000000e+00,0.0000,0.0000,0
81,features.10,204,pruned_before,nan,0.000000e+00,0.000000e+00,0.0000,0.0000,0
81,features.10,205,pruned_before,nan,0.000000e+00,0.000000e+00,0.0000,0.0000,0
81,features.10,206,pruned_before,nan,0.000000e+00,0.000000e+00,0.0000,0.0000,0
81,features.10,207,pruned_before,nan,0.000000e+00,0.000000e+00,0.0000,0.0000,0
81,features.10,208,pruned_before,nan,0.000000e+00,0.000000e+00,0.0000,0.0000,0
81,features.10,209,pruned_before,nan,0.000000e+00,0.000000e+00,0.0000,0.0000,0
81,features.10,210,pruned_before,nan,0.000000e+00,0.000000e+00,0.0000,0.0000,0
81,features.10,211,pruned_before,nan,0.000000e+00,0.000000e+00,0.0000,0.0000,0
81,features.10,212,pruned_before,nan,0.000000e+00,0.000000e+00,0.0000,0.0000,0
81,features.10,213,pruned_before,nan,0.000000e+00,0.000000e+00,0.0000,0.0000,0
81,features.10,214,pruned_before,nan,0.000000e+00,0.000000e+00,0.0000,0.0000,0
81,features.10,215,pruned_before,nan,0.000000e+00,0.000000e+00,0.0000,0.0000,0
81,features.10,216,pruned_before,nan,0.000000e+00,0.000000e+00,0.0000,0.0000,0
81,features.10,217,pruned_before,nan,0.000000e+00,0.000000e+00,0.0000,0.0000,0
81,features.10,218,pruned_before,nan,0.000000e+00,0.000000e+00,0.0000,0.0000,0
81,features.10,219,pruned_before,nan,0.000000e+00,0.000000e+00,0.0000,0.0000,0
81,features.10,220,pruned_before,nan,0.000000e+00,0.000000e+00,0.0000,0.0000,0
81,features.10,221,pruned_before,nan,0.000000e+00,0.000000e+00,0.0000,0.0000,0
81,features.10,222,pruned_before,nan,0.000000e+00,0.000000e+00,0.0000,0.0000,0
81,features.10,223,pruned_before,nan,0.000000e+00,0.000000e+00,0.0000,0.0000,0
81,features.10,224,pruned_before,nan,0.000000e+00,0.000000e+00,0.0000,0.0000,0
81,features.10,225,pruned_before,nan,0.000000e+00,0.000000e+00,0.0000,0.0000,0
81,features.10,226,pruned_before,nan,0.000000e+00,0.000000e+00,0.0000,0.0000,0
81,features.10,227,pruned_before,nan,0.000000e+00,0.000000e+00,0.0000,0.0000,0
81,features.10,228,pruned_before,nan,0.000000e+00,0.000000e+00,0.0000,0.0000,0
81,features.10,229,pruned_before,nan,0.000000e+00,0.000000e+00,0.0000,0.0000,0
81,features.10,230,pruned_before,nan,0.000000e+00,0.000000e+00,0.0000,0.0000,0
81,features.10,231,pruned_before,nan,0.000000e+00,0.000000e+00,0.0000,0.0000,0
81,features.10,232,pruned_before,nan,0.000000e+00,0.000000e+00,0.0000,0.0000,0
81,features.10,233,pruned_before,nan,0.000000e+00,0.000000e+00,0.0000,0.0000,0
81,features.10,234,pruned_before,nan,0.000000e+00,0.000000e+00,0.0000,0.0000,0
81,features.10,235,pruned_before,nan,0.000000e+00,0.000000e+00,0.0000,0.0000,0
81,features.10,236,pruned_before,nan,0.000000e+00,0.000000e+00,0.0000,0.0000,0
81,features.10,237,pruned_before,nan,0.000000e+00,0.000000e+00,0.0000,0.0000,0
81,features.10,238,pruned_before,nan,0.000000e+00,0.000000e+00,0.0000,0.0000,0
81,features.10,239,pruned_before,nan,0.000000e+00,0.000000e+00,0.0000,0.0000,0
81,features.10,240,pruned_before,nan,0.000000e+00,0.000000e+00,0.0000,0.0000,0
81,features.10,241,pruned_before,nan,0.000000e+00,0.000000e+00,0.0000,0.0000,0
81,features.10,242,pruned_before,nan,0.000000e+00,0.000000e+00,0.0000,0.0000,0
81,features.10,243,pruned_before,nan,0.000000e+00,0.000000e+00,0.0000,0.0000,0
81,features.10,244,pruned_before,nan,0.000000e+00,0.000000e+00,0.0000,0.0000,0
81,features.10,245,pruned_before,nan,0.000000e+00,0.000000e+00,0.0000,0.0000,0
81,features.10,246,pruned_before,nan,0.000000e+00,0.000000e+00,0.0000,0.0000,0
81,features.10,247,pruned_before,nan,0.000000e+00,0.000000e+00,0.0000,0.0000,0
81,features.10,248,pruned_before,nan,0.000000e+00,0.000000e+00,0.0000,0.0000,0
81,features.10,249,pruned_before,nan,0.000000e+00,0.000000e+00,0.0000,0.0000,0
81,features.10,250,pruned_before,nan,0.000000e+00,0.000000e+00,0.0000,0.0000,0
81,features.10,251,pruned_before,nan,0.000000e+00,0.000000e+00,0.0000,0.0000,0
81,features.10,252,pruned_before,nan,0.000000e+00,0.000000e+00,0.0000,0.0000,0
81,features.10,253,pruned_before,nan,0.000000e+00,0.000000e+00,0.0000,0.0000,0
81,features.10,254,pruned_before,nan,0.000000e+00,0.000000e+00,0.0000,0.0000,0
81,features.10,255,pruned_before,nan,0.000000e+00,0.000000e+00,0.0000,0.0000,0
81,features.10,256,pruned_before,nan,0.000000e+00,0.000000e+00,0.0000,0.0000,0
81,features.10,257,pruned_before,nan,0.000000e+00,0.000000e+00,0.0000,0.0000,0
81,features.10,258,pruned_before,nan,0.000000e+00,0.000000e+00,0.0000,0.0000,0
81,features.10,259,pruned_before,nan,0.000000e+00,0.000000e+00,0.0000,0.0000,0
81,features.10,260,pruned_before,nan,0.000000e+00,0.000000e+00,0.0000,0.0000,0
81,features.10,261,pruned_before,nan,0.000000e+00,0.000000e+00,0.0000,0.0000,0
81,features.10,262,pruned_before,nan,0.000000e+00,0.000000e+00,0.0000,0.0000,0
81,features.10,263,pruned_before,nan,0.000000e+00,0.000000e+00,0.0000,0.0000,0
81,features.10,264,pruned_before,nan,0.000000e+00,0.000000e+00,0.0000,0.0000,0
81,features.10,265,pruned_before,nan,0.000000e+00,0.000000e+00,0.0000,0.0000,0
81,features.10,266,pruned_before,nan,0.000000e+00,0.000000e+00,0.0000,0.0000,0
81,features.10,267,pruned_before,nan,0.000000e+00,0.000000e+00,0.0000,0.0000,0
81,features.10,268,pruned_before,nan,0.000000e+00,0.000000e+00,0.0000,0.0000,0
81,features.10,269,pruned_before,nan,0.000000e+00,0.000000e+00,0.0000,0.0000,0
81,features.10,270,pruned_before,nan,0.000000e+00,0.000000e+00,0.0000,0.0000,0
81,features.10,271,active,0.000000,0.000000e+00,0.000000e+00,0.0000,0.0000,137
81,features.10,272,pruned_before,nan,0.000000e+00,0.000000e+00,0.0000,0.0000,0
81,features.10,273,pruned_before,nan,0.000000e+00,0.000000e+00,0.0000,0.0000,0
81,features.10,274,pruned_before,nan,0.000000e+00,0.000000e+00,0.0000,0.0000,0
81,features.10,275,pruned_before,nan,0.000000e+00,0.000000e+00,0.0000,0.0000,0
81,features.10,276,pruned_before,nan,0.000000e+00,0.000000e+00,0.0000,0.0000,0
81,features.10,277,pruned_before,nan,0.000000e+00,0.000000e+00,0.0000,0.0000,0
81,features.10,278,pruned_before,nan,0.000000e+00,0.000000e+00,0.0000,0.0000,0
81,features.10,279,pruned_before,nan,0.000000e+00,0.000000e+00,0.0000,0.0000,0
81,features.10,280,pruned_before,nan,0.000000e+00,0.000000e+00,0.0000,0.0000,0
81,features.10,281,pruned_before,nan,0.000000e+00,0.000000e+00,0.0000,0.0000,0
81,features.10,282,pruned_before,nan,0.000000e+00,0.000000e+00,0.0000,0.0000,0
81,features.10,283,pruned_before,nan,0.000000e+00,0.000000e+00,0.0000,0.0000,0
81,features.10,284,pruned_before,nan,0.000000e+00,0.000000e+00,0.0000,0.0000,0
81,features.10,285,pruned_before,nan,0.000000e+00,0.000000e+00,0.0000,0.0000,0
81,features.10,286,pruned_before,nan,0.000000e+00,0.000000e+00,0.0000,0.0000,0
81,features.10,287,pruned_before,nan,0.000000e+00,0.000000e+00,0.0000,0.0000,0
81,features.10,288,pruned_before,nan,0.000000e+00,0.000000e+00,0.0000,0.0000,0
81,features.10,289,pruned_before,nan,0.000000e+00,0.000000e+00,0.0000,0.0000,0
81,features.10,290,pruned_before,nan,0.000000e+00,0.000000e+00,0.0000,0.0000,0
81,features.10,291,pruned_before,nan,0.000000e+00,0.000000e+00,0.0000,0.0000,0
81,features.10,292,pruned_before,nan,0.000000e+00,0.000000e+00,0.0000,0.0000,0
81,features.10,293,protected,0.209301,4.192670e-08,4.953757e-04,0.1296,1.0000,137
81,features.10,294,pruned_before,nan,0.000000e+00,0.000000e+00,0.0000,0.0000,0
81,features.10,295,pruned_before,nan,0.000000e+00,0.000000e+00,0.0000,0.0000,0
81,features.10,296,pruned_before,nan,0.000000e+00,0.000000e+00,0.0000,0.0000,0
81,features.10,297,pruned_before,nan,0.000000e+00,0.000000e+00,0.0000,0.0000,0
81,features.10,298,pruned_before,nan,0.000000e+00,0.000000e+00,0.0000,0.0000,0
81,features.10,299,pruned_before,nan,0.000000e+00,0.000000e+00,0.0000,0.0000,0
81,features.10,300,pruned_before,nan,0.000000e+00,0.000000e+00,0.0000,0.0000,0
81,features.10,301,pruned_before,nan,0.000000e+00,0.000000e+00,0.0000,0.0000,0
81,features.10,302,pruned_before,nan,0.000000e+00,0.000000e+00,0.0000,0.0000,0
81,features.10,303,pruned_before,nan,0.000000e+00,0.000000e+00,0.0000,0.0000,0
81,features.10,304,pruned_before,nan,0.000000e+00,0.000000e+00,0.0000,0.0000,0
81,features.10,305,pruned_before,nan,0.000000e+00,0.000000e+00,0.0000,0.0000,0
81,features.10,306,pruned_before,nan,0.000000e+00,0.000000e+00,0.0000,0.0000,0
81,features.10,307,pruned_before,nan,0.000000e+00,0.000000e+00,0.0000,0.0000,0
81,features.10,308,pruned_before,nan,0.000000e+00,0.000000e+00,0.0000,0.0000,0
81,features.10,309,pruned_before,nan,0.000000e+00,0.000000e+00,0.0000,0.0000,0
81,features.10,310,pruned_before,nan,0.000000e+00,0.000000e+00,0.0000,0.0000,0
81,features.10,311,pruned_before,nan,0.000000e+00,0.000000e+00,0.0000,0.0000,0
81,features.10,312,pruned_before,nan,0.000000e+00,0.000000e+00,0.0000,0.0000,0
81,features.10,313,pruned_before,nan,0.000000e+00,0.000000e+00,0.0000,0.0000,0
81,features.10,314,pruned_before,nan,0.000000e+00,0.000000e+00,0.0000,0.0000,0
81,features.10,315,pruned_before,nan,0.000000e+00,0.000000e+00,0.0000,0.0000,0
81,features.10,316,pruned_before,nan,0.000000e+00,0.000000e+00,0.0000,0.0000,0
81,features.10,317,pruned_before,nan,0.000000e+00,0.000000e+00,0.0000,0.0000,0
81,features.10,318,pruned_before,nan,0.000000e+00,0.000000e+00,0.0000,0.0000,0
81,features.10,319,pruned_before,nan,0.000000e+00,0.000000e+00,0.0000,0.0000,0
81,features.10,320,pruned_before,nan,0.000000e+00,0.000000e+00,0.0000,0.0000,0
81,features.10,321,pruned_before,nan,0.000000e+00,0.000000e+00,0.0000,0.0000,0
81,features.10,322,pruned_before,nan,0.000000e+00,0.000000e+00,0.0000,0.0000,0
81,features.10,323,pruned_before,nan,0.000000e+00,0.000000e+00,0.0000,0.0000,0
81,features.10,324,pruned_before,nan,0.000000e+00,0.000000e+00,0.0000,0.0000,0
81,features.10,325,pruned_before,nan,0.000000e+00,0.000000e+00,0.0000,0.0000,0
81,features.10,326,pruned_before,nan,0.000000e+00,0.000000e+00,0.0000,0.0000,0
81,features.10,327,pruned_before,nan,0.000000e+00,0.000000e+00,0.0000,0.0000,0
81,features.10,328,pruned_before,nan,0.000000e+00,0.000000e+00,0.0000,0.0000,0
81,features.10,329,pruned_before,nan,0.000000e+00,0.000000e+00,0.0000,0.0000,0
81,features.10,330,pruned_before,nan,0.000000e+00,0.000000e+00,0.0000,0.0000,0
81,features.10,331,pruned_before,nan,0.000000e+00,0.000000e+00,0.0000,0.0000,0
81,features.10,332,pruned_before,nan,0.000000e+00,0.000000e+00,0.0000,0.0000,0
81,features.10,333,pruned_before,nan,0.000000e+00,0.000000e+00,0.0000,0.0000,0
81,features.10,334,pruned_before,nan,0.000000e+00,0.000000e+00,0.0000,0.0000,0
81,features.10,335,pruned_before,nan,0.000000e+00,0.000000e+00,0.0000,0.0000,0
81,features.10,336,pruned_before,nan,0.000000e+00,0.000000e+00,0.0000,0.0000,0
81,features.10,337,pruned_before,nan,0.000000e+00,0.000000e+00,0.0000,0.0000,0
81,features.10,338,pruned_before,nan,0.000000e+00,0.000000e+00,0.0000,0.0000,0
81,features.10,339,pruned_before,nan,0.000000e+00,0.000000e+00,0.0000,0.0000,0
81,features.10,340,pruned_before,nan,0.000000e+00,0.000000e+00,0.0000,0.0000,0
81,features.10,341,pruned_before,nan,0.000000e+00,0.000000e+00,0.0000,0.0000,0
81,features.10,342,active,-0.207377,9.661385e-08,2.686312e-06,0.2986,0.0054,137
81,features.10,343,pruned_before,nan,0.000000e+00,0.000000e+00,0.0000,0.0000,0
81,features.10,344,pruned_before,nan,0.000000e+00,0.000000e+00,0.0000,0.0000,0
81,features.10,345,pruned_before,nan,0.000000e+00,0.000000e+00,0.0000,0.0000,0
81,features.10,346,pruned_before,nan,0.000000e+00,0.000000e+00,0.0000,0.0000,0
81,features.10,347,pruned_before,nan,0.000000e+00,0.000000e+00,0.0000,0.0000,0
81,features.10,348,active,-0.087572,5.096991e-08,3.746739e-05,0.1575,0.0756,137
81,features.10,349,pruned_before,nan,0.000000e+00,0.000000e+00,0.0000,0.0000,0
81,features.10,350,pruned_before,nan,0.000000e+00,0.000000e+00,0.0000,0.0000,0
81,features.10,351,pruned_before,nan,0.000000e+00,0.000000e+00,0.0000,0.0000,0
81,features.10,352,pruned_before,nan,0.000000e+00,0.000000e+00,0.0000,0.0000,0
81,features.10,353,active,-0.175457,9.092580e-08,3.507491e-05,0.2810,0.0708,137
81,features.10,354,pruned_before,nan,0.000000e+00,0.000000e+00,0.0000,0.0000,0
81,features.10,355,pruned_before,nan,0.000000e+00,0.000000e+00,0.0000,0.0000,0
81,features.10,356,pruned_before,nan,0.000000e+00,0.000000e+00,0.0000,0.0000,0
81,features.10,357,pruned_before,nan,0.000000e+00,0.000000e+00,0.0000,0.0000,0
81,features.10,358,pruned_before,nan,0.000000e+00,0.000000e+00,0.0000,0.0000,0
81,features.10,359,pruned_before,nan,0.000000e+00,0.000000e+00,0.0000,0.0000,0
81,features.10,360,pruned_before,nan,0.000000e+00,0.000000e+00,0.0000,0.0000,0
81,features.10,361,pruned_before,nan,0.000000e+00,0.000000e+00,0.0000,0.0000,0
81,features.10,362,pruned_before,nan,0.000000e+00,0.000000e+00,0.0000,0.0000,0
81,features.10,363,pruned_before,nan,0.000000e+00,0.000000e+00,0.0000,0.0000,0
81,features.10,364,pruned_before,nan,0.000000e+00,0.000000e+00,0.0000,0.0000,0
81,features.10,365,pruned_before,nan,0.000000e+00,0.000000e+00,0.0000,0.0000,0
81,features.10,366,pruned_before,nan,0.000000e+00,0.000000e+00,0.0000,0.0000,0
81,features.10,367,pruned_before,nan,0.000000e+00,0.000000e+00,0.0000,0.0000,0
81,features.10,368,pruned_before,nan,0.000000e+00,0.000000e+00,0.0000,0.0000,0
81,features.10,369,pruned_before,nan,0.000000e+00,0.000000e+00,0.0000,0.0000,0
81,features.10,370,pruned_before,nan,0.000000e+00,0.000000e+00,0.0000,0.0000,0
81,features.10,371,pruned_before,nan,0.000000e+00,0.000000e+00,0.0000,0.0000,0
81,features.10,372,pruned_before,nan,0.000000e+00,0.000000e+00,0.0000,0.0000,0
81,features.10,373,pruned_before,nan,0.000000e+00,0.000000e+00,0.0000,0.0000,0
81,features.10,374,pruned_before,nan,0.000000e+00,0.000000e+00,0.0000,0.0000,0
81,features.10,375,pruned_before,nan,0.000000e+00,0.000000e+00,0.0000,0.0000,0
81,features.10,376,pruned_before,nan,0.000000e+00,0.000000e+00,0.0000,0.0000,0
81,features.10,377,pruned_before,nan,0.000000e+00,0.000000e+00,0.0000,0.0000,0
81,features.10,378,pruned_before,nan,0.000000e+00,0.000000e+00,0.0000,0.0000,0
81,features.10,379,pruned_before,nan,0.000000e+00,0.000000e+00,0.0000,0.0000,0
81,features.10,380,pruned_before,nan,0.000000e+00,0.000000e+00,0.0000,0.0000,0
81,features.10,381,pruned_before,nan,0.000000e+00,0.000000e+00,0.0000,0.0000,0
81,features.10,382,pruned_before,nan,0.000000e+00,0.000000e+00,0.0000,0.0000,0
81,features.10,383,pruned_before,nan,0.000000e+00,0.000000e+00,0.0000,0.0000,0
81,features.11,0,pruned_before,nan,0.000000e+00,0.000000e+00,0.0000,0.0000,0
81,features.11,1,pruned_before,nan,0.000000e+00,0.000000e+00,0.0000,0.0000,0
81,features.11,2,pruned_before,nan,0.000000e+00,0.000000e+00,0.0000,0.0000,0
81,features.11,3,pruned_before,nan,0.000000e+00,0.000000e+00,0.0000,0.0000,0
81,features.11,4,pruned_before,nan,0.000000e+00,0.000000e+00,0.0000,0.0000,0
81,features.11,5,pruned_before,nan,0.000000e+00,0.000000e+00,0.0000,0.0000,0
81,features.11,6,pruned_before,nan,0.000000e+00,0.000000e+00,0.0000,0.0000,0
81,features.11,7,pruned_before,nan,0.000000e+00,0.000000e+00,0.0000,0.0000,0
81,features.11,8,pruned_before,nan,0.000000e+00,0.000000e+00,0.0000,0.0000,0
81,features.11,9,pruned_before,nan,0.000000e+00,0.000000e+00,0.0000,0.0000,0
81,features.11,10,pruned_before,nan,0.000000e+00,0.000000e+00,0.0000,0.0000,0
81,features.11,11,pruned_before,nan,0.000000e+00,0.000000e+00,0.0000,0.0000,0
81,features.11,12,pruned_before,nan,0.000000e+00,0.000000e+00,0.0000,0.0000,0
81,features.11,13,pruned_before,nan,0.000000e+00,0.000000e+00,0.0000,0.0000,0
81,features.11,14,pruned_before,nan,0.000000e+00,0.000000e+00,0.0000,0.0000,0
81,features.11,15,pruned_before,nan,0.000000e+00,0.000000e+00,0.0000,0.0000,0
81,features.11,16,pruned_before,nan,0.000000e+00,0.000000e+00,0.0000,0.0000,0
81,features.11,17,pruned_before,nan,0.000000e+00,0.000000e+00,0.0000,0.0000,0
81,features.11,18,pruned_before,nan,0.000000e+00,0.000000e+00,0.0000,0.0000,0
81,features.11,19,pruned_before,nan,0.000000e+00,0.000000e+00,0.0000,0.0000,0
81,features.11,20,pruned_before,nan,0.000000e+00,0.000000e+00,0.0000,0.0000,0
81,features.11,21,pruned_before,nan,0.000000e+00,0.000000e+00,0.0000,0.0000,0
81,features.11,22,pruned_before,nan,0.000000e+00,0.000000e+00,0.0000,0.0000,0
81,features.11,23,pruned_before,nan,0.000000e+00,0.000000e+00,0.0000,0.0000,0
81,features.11,24,pruned_before,nan,0.000000e+00,0.000000e+00,0.0000,0.0000,0
81,features.11,25,pruned_before,nan,0.000000e+00,0.000000e+00,0.0000,0.0000,0
81,features.11,26,pruned_before,nan,0.000000e+00,0.000000e+00,0.0000,0.0000,0
81,features.11,27,pruned_before,nan,0.000000e+00,0.000000e+00,0.0000,0.0000,0
81,features.11,28,pruned_before,nan,0.000000e+00,0.000000e+00,0.0000,0.0000,0
81,features.11,29,pruned_before,nan,0.000000e+00,0.000000e+00,0.0000,0.0000,0
81,features.11,30,pruned_before,nan,0.000000e+00,0.000000e+00,0.0000,0.0000,0
81,features.11,31,pruned_before,nan,0.000000e+00,0.000000e+00,0.0000,0.0000,0
81,features.11,32,pruned_before,nan,0.000000e+00,0.000000e+00,0.0000,0.0000,0
81,features.11,33,pruned_before,nan,0.000000e+00,0.000000e+00,0.0000,0.0000,0
81,features.11,34,pruned_before,nan,0.000000e+00,0.000000e+00,0.0000,0.0000,0
81,features.11,35,pruned_before,nan,0.000000e+00,0.000000e+00,0.0000,0.0000,0
81,features.11,36,pruned_before,nan,0.000000e+00,0.000000e+00,0.0000,0.0000,0
81,features.11,37,pruned_before,nan,0.000000e+00,0.000000e+00,0.0000,0.0000,0
81,features.11,38,pruned_before,nan,0.000000e+00,0.000000e+00,0.0000,0.0000,0
81,features.11,39,pruned_before,nan,0.000000e+00,0.000000e+00,0.0000,0.0000,0
81,features.11,40,pruned_before,nan,0.000000e+00,0.000000e+00,0.0000,0.0000,0
81,features.11,41,pruned_before,nan,0.000000e+00,0.000000e+00,0.0000,0.0000,0
81,features.11,42,pruned_before,nan,0.000000e+00,0.000000e+00,0.0000,0.0000,0
81,features.11,43,pruned_before,nan,0.000000e+00,0.000000e+00,0.0000,0.0000,0
81,features.11,44,pruned_before,nan,0.000000e+00,0.000000e+00,0.0000,0.0000,0
81,features.11,45,pruned_before,nan,0.000000e+00,0.000000e+00,0.0000,0.0000,0
81,features.11,46,pruned_before,nan,0.000000e+00,0.000000e+00,0.0000,0.0000,0
81,features.11,47,pruned_before,nan,0.000000e+00,0.000000e+00,0.0000,0.0000,0
81,features.11,48,pruned_before,nan,0.000000e+00,0.000000e+00,0.0000,0.0000,0
81,features.11,49,pruned_before,nan,0.000000e+00,0.000000e+00,0.0000,0.0000,0
81,features.11,50,pruned_before,nan,0.000000e+00,0.000000e+00,0.0000,0.0000,0
81,features.11,51,pruned_before,nan,0.000000e+00,0.000000e+00,0.0000,0.0000,0
81,features.11,52,pruned_before,nan,0.000000e+00,0.000000e+00,0.0000,0.0000,0
81,features.11,53,pruned_before,nan,0.000000e+00,0.000000e+00,0.0000,0.0000,0
81,features.11,54,pruned_before,nan,0.000000e+00,0.000000e+00,0.0000,0.0000,0
81,features.11,55,pruned_before,nan,0.000000e+00,0.000000e+00,0.0000,0.0000,0
81,features.11,56,pruned_before,nan,0.000000e+00,0.000000e+00,0.0000,0.0000,0
81,features.11,57,pruned_before,nan,0.000000e+00,0.000000e+00,0.0000,0.0000,0
81,features.11,58,pruned_before,nan,0.000000e+00,0.000000e+00,0.0000,0.0000,0
81,features.11,59,pruned_before,nan,0.000000e+00,0.000000e+00,0.0000,0.0000,0
81,features.11,60,pruned_before,nan,0.000000e+00,0.000000e+00,0.0000,0.0000,0
81,features.11,61,pruned_before,nan,0.000000e+00,0.000000e+00,0.0000,0.0000,0
81,features.11,62,pruned_before,nan,0.000000e+00,0.000000e+00,0.0000,0.0000,0
81,features.11,63,pruned_before,nan,0.000000e+00,0.000000e+00,0.0000,0.0000,0
81,features.11,64,pruned_before,nan,0.000000e+00,0.000000e+00,0.0000,0.0000,0
81,features.11,65,pruned_before,nan,0.000000e+00,0.000000e+00,0.0000,0.0000,0
81,features.11,66,pruned_before,nan,0.000000e+00,0.000000e+00,0.0000,0.0000,0
81,features.11,67,pruned_before,nan,0.000000e+00,0.000000e+00,0.0000,0.0000,0
81,features.11,68,pruned_before,nan,0.000000e+00,0.000000e+00,0.0000,0.0000,0
81,features.11,69,pruned_before,nan,0.000000e+00,0.000000e+00,0.0000,0.0000,0
81,features.11,70,pruned_before,nan,0.000000e+00,0.000000e+00,0.0000,0.0000,0
81,features.11,71,pruned_before,nan,0.000000e+00,0.000000e+00,0.0000,0.0000,0
81,features.11,72,pruned_before,nan,0.000000e+00,0.000000e+00,0.0000,0.0000,0
81,features.11,73,pruned_before,nan,0.000000e+00,0.000000e+00,0.0000,0.0000,0
81,features.11,74,pruned_before,nan,0.000000e+00,0.000000e+00,0.0000,0.0000,0
81,features.11,75,pruned_before,nan,0.000000e+00,0.000000e+00,0.0000,0.0000,0
81,features.11,76,pruned_before,nan,0.000000e+00,0.000000e+00,0.0000,0.0000,0
81,features.11,77,pruned_before,nan,0.000000e+00,0.000000e+00,0.0000,0.0000,0
81,features.11,78,pruned_before,nan,0.000000e+00,0.000000e+00,0.0000,0.0000,0
81,features.11,79,pruned_before,nan,0.000000e+00,0.000000e+00,0.0000,0.0000,0
81,features.11,80,pruned_before,nan,0.000000e+00,0.000000e+00,0.0000,0.0000,0
81,features.11,81,pruned_before,nan,0.000000e+00,0.000000e+00,0.0000,0.0000,0
81,features.11,82,pruned_before,nan,0.000000e+00,0.000000e+00,0.0000,0.0000,0
81,features.11,83,pruned_before,nan,0.000000e+00,0.000000e+00,0.0000,0.0000,0
81,features.11,84,pruned_before,nan,0.000000e+00,0.000000e+00,0.0000,0.0000,0
81,features.11,85,pruned_before,nan,0.000000e+00,0.000000e+00,0.0000,0.0000,0
81,features.11,86,pruned_before,nan,0.000000e+00,0.000000e+00,0.0000,0.0000,0
81,features.11,87,pruned_before,nan,0.000000e+00,0.000000e+00,0.0000,0.0000,0
81,features.11,88,pruned_before,nan,0.000000e+00,0.000000e+00,0.0000,0.0000,0
81,features.11,89,pruned_before,nan,0.000000e+00,0.000000e+00,0.0000,0.0000,0
81,features.11,90,pruned_before,nan,0.000000e+00,0.000000e+00,0.0000,0.0000,0
81,features.11,91,pruned_before,nan,0.000000e+00,0.000000e+00,0.0000,0.0000,0
81,features.11,92,pruned_before,nan,0.000000e+00,0.000000e+00,0.0000,0.0000,0
81,features.11,93,pruned_before,nan,0.000000e+00,0.000000e+00,0.0000,0.0000,0
81,features.11,94,pruned_before,nan,0.000000e+00,0.000000e+00,0.0000,0.0000,0
81,features.11,95,pruned_before,nan,0.000000e+00,0.000000e+00,0.0000,0.0000,0
81,features.11,96,pruned_before,nan,0.000000e+00,0.000000e+00,0.0000,0.0000,0
81,features.11,97,pruned_before,nan,0.000000e+00,0.000000e+00,0.0000,0.0000,0
81,features.11,98,pruned_before,nan,0.000000e+00,0.000000e+00,0.0000,0.0000,0
81,features.11,99,pruned_before,nan,0.000000e+00,0.000000e+00,0.0000,0.0000,0
81,features.11,100,pruned_before,nan,0.000000e+00,0.000000e+00,0.0000,0.0000,0
81,features.11,101,active,-0.005539,4.466145e-08,1.369736e-04,0.0086,0.0016,169
81,features.11,102,pruned_before,nan,0.000000e+00,0.000000e+00,0.0000,0.0000,0
81,features.11,103,pruned_before,nan,0.000000e+00,0.000000e+00,0.0000,0.0000,0
81,features.11,104,pruned_before,nan,0.000000e+00,0.000000e+00,0.0000,0.0000,0
81,features.11,105,pruned_before,nan,0.000000e+00,0.000000e+00,0.0000,0.0000,0
81,features.11,106,pruned_before,nan,0.000000e+00,0.000000e+00,0.0000,0.0000,0
81,features.11,107,pruned_before,nan,0.000000e+00,0.000000e+00,0.0000,0.0000,0
81,features.11,108,pruned_before,nan,0.000000e+00,0.000000e+00,0.0000,0.0000,0
81,features.11,109,pruned_before,nan,0.000000e+00,0.000000e+00,0.0000,0.0000,0
81,features.11,110,pruned_before,nan,0.000000e+00,0.000000e+00,0.0000,0.0000,0
81,features.11,111,pruned_before,nan,0.000000e+00,0.000000e+00,0.0000,0.0000,0
81,features.11,112,pruned_before,nan,0.000000e+00,0.000000e+00,0.0000,0.0000,0
81,features.11,113,pruned_before,nan,0.000000e+00,0.000000e+00,0.0000,0.0000,0
81,features.11,114,pruned_before,nan,0.000000e+00,0.000000e+00,0.0000,0.0000,0
81,features.11,115,active,-0.185821,1.393916e-06,5.441567e-04,0.2682,0.0063,169
81,features.11,116,pruned_before,nan,0.000000e+00,0.000000e+00,0.0000,0.0000,0
81,features.11,117,pruned_before,nan,0.000000e+00,0.000000e+00,0.0000,0.0000,0
81,features.11,118,pruned_before,nan,0.000000e+00,0.000000e+00,0.0000,0.0000,0
81,features.11,119,pruned_before,nan,0.000000e+00,0.000000e+00,0.0000,0.0000,0
81,features.11,120,pruned_before,nan,0.000000e+00,0.000000e+00,0.0000,0.0000,0
81,features.11,121,pruned_before,nan,0.000000e+00,0.000000e+00,0.0000,0.0000,0
81,features.11,122,pruned_before,nan,0.000000e+00,0.000000e+00,0.0000,0.0000,0
81,features.11,123,pruned_before,nan,0.000000e+00,0.000000e+00,0.0000,0.0000,0
81,features.11,124,active,-0.347244,2.670592e-06,3.571327e-03,0.5138,0.0413,169
81,features.11,125,pruned_before,nan,0.000000e+00,0.000000e+00,0.0000,0.0000,0
81,features.11,126,pruned_before,nan,0.000000e+00,0.000000e+00,0.0000,0.0000,0
81,features.11,127,pruned_before,nan,0.000000e+00,0.000000e+00,0.0000,0.0000,0
81,features.11,128,pruned_before,nan,0.000000e+00,0.000000e+00,0.0000,0.0000,0
81,features.11,129,pruned_before,nan,0.000000e+00,0.000000e+00,0.0000,0.0000,0
81,features.11,130,pruned_before,nan,0.000000e+00,0.000000e+00,0.0000,0.0000,0
81,features.11,131,pruned_before,nan,0.000000e+00,0.000000e+00,0.0000,0.0000,0
81,features.11,132,active,-0.014273,1.105573e-07,1.772941e-04,0.0213,0.0020,169
81,features.11,133,pruned_before,nan,0.000000e+00,0.000000e+00,0.0000,0.0000,0
81,features.11,134,pruned_before,nan,0.000000e+00,0.000000e+00,0.0000,0.0000,0
81,features.11,135,pruned_before,nan,0.000000e+00,0.000000e+00,0.0000,0.0000,0
81,features.11,136,pruned_before,nan,0.000000e+00,0.000000e+00,0.0000,0.0000,0
81,features.11,137,pruned_before,nan,0.000000e+00,0.000000e+00,0.0000,0.0000,0
81,features.11,138,pruned_before,nan,0.000000e+00,0.000000e+00,0.0000,0.0000,0
81,features.11,139,pruned_before,nan,0.000000e+00,0.000000e+00,0.0000,0.0000,0
81,features.11,140,pruned_before,nan,0.000000e+00,0.000000e+00,0.0000,0.0000,0
81,features.11,141,pruned_before,nan,0.000000e+00,0.000000e+00,0.0000,0.0000,0
81,features.11,142,pruned_before,nan,0.000000e+00,0.000000e+00,0.0000,0.0000,0
81,features.11,143,pruned_before,nan,0.000000e+00,0.000000e+00,0.0000,0.0000,0
81,features.11,144,pruned_before,nan,0.000000e+00,0.000000e+00,0.0000,0.0000,0
81,features.11,145,pruned_before,nan,0.000000e+00,0.000000e+00,0.0000,0.0000,0
81,features.11,146,pruned_before,nan,0.000000e+00,0.000000e+00,0.0000,0.0000,0
81,features.11,147,pruned_before,nan,0.000000e+00,0.000000e+00,0.0000,0.0000,0
81,features.11,148,pruned_before,nan,0.000000e+00,0.000000e+00,0.0000,0.0000,0
81,features.11,149,pruned_before,nan,0.000000e+00,0.000000e+00,0.0000,0.0000,0
81,features.11,150,pruned_before,nan,0.000000e+00,0.000000e+00,0.0000,0.0000,0
81,features.11,151,pruned_before,nan,0.000000e+00,0.000000e+00,0.0000,0.0000,0
81,features.11,152,pruned_before,nan,0.000000e+00,0.000000e+00,0.0000,0.0000,0
81,features.11,153,pruned_before,nan,0.000000e+00,0.000000e+00,0.0000,0.0000,0
81,features.11,154,pruned_before,nan,0.000000e+00,0.000000e+00,0.0000,0.0000,0
81,features.11,155,pruned_before,nan,0.000000e+00,0.000000e+00,0.0000,0.0000,0
81,features.11,156,pruned_before,nan,0.000000e+00,0.000000e+00,0.0000,0.0000,0
81,features.11,157,pruned_before,nan,0.000000e+00,0.000000e+00,0.0000,0.0000,0
81,features.11,158,pruned_before,nan,0.000000e+00,0.000000e+00,0.0000,0.0000,0
81,features.11,159,pruned_before,nan,0.000000e+00,0.000000e+00,0.0000,0.0000,0
81,features.11,160,pruned_before,nan,0.000000e+00,0.000000e+00,0.0000,0.0000,0
81,features.11,161,pruned_before,nan,0.000000e+00,0.000000e+00,0.0000,0.0000,0
81,features.11,162,pruned_before,nan,0.000000e+00,0.000000e+00,0.0000,0.0000,0
81,features.11,163,pruned_before,nan,0.000000e+00,0.000000e+00,0.0000,0.0000,0
81,features.11,164,pruned_before,nan,0.000000e+00,0.000000e+00,0.0000,0.0000,0
81,features.11,165,pruned_before,nan,0.000000e+00,0.000000e+00,0.0000,0.0000,0
81,features.11,166,pruned_before,nan,0.000000e+00,0.000000e+00,0.0000,0.0000,0
81,features.11,167,pruned_before,nan,0.000000e+00,0.000000e+00,0.0000,0.0000,0
81,features.11,168,pruned_before,nan,0.000000e+00,0.000000e+00,0.0000,0.0000,0
81,features.11,169,pruned_before,nan,0.000000e+00,0.000000e+00,0.0000,0.0000,0
81,features.11,170,pruned_before,nan,0.000000e+00,0.000000e+00,0.0000,0.0000,0
81,features.11,171,pruned_before,nan,0.000000e+00,0.000000e+00,0.0000,0.0000,0
81,features.11,172,pruned_before,nan,0.000000e+00,0.000000e+00,0.0000,0.0000,0
81,features.11,173,pruned_before,nan,0.000000e+00,0.000000e+00,0.0000,0.0000,0
81,features.11,174,pruned_before,nan,0.000000e+00,0.000000e+00,0.0000,0.0000,0
81,features.11,175,pruned_before,nan,0.000000e+00,0.000000e+00,0.0000,0.0000,0
81,features.11,176,pruned_before,nan,0.000000e+00,0.000000e+00,0.0000,0.0000,0
81,features.11,177,pruned_before,nan,0.000000e+00,0.000000e+00,0.0000,0.0000,0
81,features.11,178,pruned_before,nan,0.000000e+00,0.000000e+00,0.0000,0.0000,0
81,features.11,179,pruned_before,nan,0.000000e+00,0.000000e+00,0.0000,0.0000,0
81,features.11,180,pruned_before,nan,0.000000e+00,0.000000e+00,0.0000,0.0000,0
81,features.11,181,pruned_before,nan,0.000000e+00,0.000000e+00,0.0000,0.0000,0
81,features.11,182,pruned_before,nan,0.000000e+00,0.000000e+00,0.0000,0.0000,0
81,features.11,183,pruned_before,nan,0.000000e+00,0.000000e+00,0.0000,0.0000,0
81,features.11,184,pruned_before,nan,0.000000e+00,0.000000e+00,0.0000,0.0000,0
81,features.11,185,pruned_before,nan,0.000000e+00,0.000000e+00,0.0000,0.0000,0
81,features.11,186,pruned_before,nan,0.000000e+00,0.000000e+00,0.0000,0.0000,0
81,features.11,187,pruned_before,nan,0.000000e+00,0.000000e+00,0.0000,0.0000,0
81,features.11,188,pruned_before,nan,0.000000e+00,0.000000e+00,0.0000,0.0000,0
81,features.11,189,pruned_before,nan,0.000000e+00,0.000000e+00,0.0000,0.0000,0
81,features.11,190,pruned_before,nan,0.000000e+00,0.000000e+00,0.0000,0.0000,0
81,features.11,191,pruned_before,nan,0.000000e+00,0.000000e+00,0.0000,0.0000,0
81,features.11,192,pruned_before,nan,0.000000e+00,0.000000e+00,0.0000,0.0000,0
81,features.11,193,pruned_before,nan,0.000000e+00,0.000000e+00,0.0000,0.0000,0
81,features.11,194,pruned_before,nan,0.000000e+00,0.000000e+00,0.0000,0.0000,0
81,features.11,195,pruned_before,nan,0.000000e+00,0.000000e+00,0.0000,0.0000,0
81,features.11,196,pruned_before,nan,0.000000e+00,0.000000e+00,0.0000,0.0000,0
81,features.11,197,pruned_before,nan,0.000000e+00,0.000000e+00,0.0000,0.0000,0
81,features.11,198,pruned_before,nan,0.000000e+00,0.000000e+00,0.0000,0.0000,0
81,features.11,199,pruned_before,nan,0.000000e+00,0.000000e+00,0.0000,0.0000,0
81,features.11,200,pruned_before,nan,0.000000e+00,0.000000e+00,0.0000,0.0000,0
81,features.11,201,pruned_before,nan,0.000000e+00,0.000000e+00,0.0000,0.0000,0
81,features.11,202,pruned_before,nan,0.000000e+00,0.000000e+00,0.0000,0.0000,0
81,features.11,203,active,-0.097839,7.284286e-07,7.282008e-05,0.1401,0.0008,169
81,features.11,204,pruned_before,nan,0.000000e+00,0.000000e+00,0.0000,0.0000,0
81,features.11,205,pruned_before,nan,0.000000e+00,0.000000e+00,0.0000,0.0000,0
81,features.11,206,pruned_before,nan,0.000000e+00,0.000000e+00,0.0000,0.0000,0
81,features.11,207,active,-0.093875,9.096935e-07,8.254765e-03,0.1750,0.0954,169
81,features.11,208,pruned_before,nan,0.000000e+00,0.000000e+00,0.0000,0.0000,0
81,features.11,209,pruned_before,nan,0.000000e+00,0.000000e+00,0.0000,0.0000,0
81,features.11,210,pruned_before,nan,0.000000e+00,0.000000e+00,0.0000,0.0000,0
81,features.11,211,pruned_before,nan,0.000000e+00,0.000000e+00,0.0000,0.0000,0
81,features.11,212,pruned_before,nan,0.000000e+00,0.000000e+00,0.0000,0.0000,0
81,features.11,213,pruned_before,nan,0.000000e+00,0.000000e+00,0.0000,0.0000,0
81,features.11,214,pruned_before,nan,0.000000e+00,0.000000e+00,0.0000,0.0000,0
81,features.11,215,pruned_before,nan,0.000000e+00,0.000000e+00,0.0000,0.0000,0
81,features.11,216,pruned_before,nan,0.000000e+00,0.000000e+00,0.0000,0.0000,0
81,features.11,217,pruned_before,nan,0.000000e+00,0.000000e+00,0.0000,0.0000,0
81,features.11,218,pruned_before,nan,0.000000e+00,0.000000e+00,0.0000,0.0000,0
81,features.11,219,pruned_before,nan,0.000000e+00,0.000000e+00,0.0000,0.0000,0
81,features.11,220,pruned_before,nan,0.000000e+00,0.000000e+00,0.0000,0.0000,0
81,features.11,221,pruned_before,nan,0.000000e+00,0.000000e+00,0.0000,0.0000,0
81,features.11,222,pruned_before,nan,0.000000e+00,0.000000e+00,0.0000,0.0000,0
81,features.11,223,pruned_before,nan,0.000000e+00,0.000000e+00,0.0000,0.0000,0
81,features.11,224,active,-0.071467,5.343951e-07,1.428946e-04,0.1028,0.0017,169
81,features.11,225,pruned_before,nan,0.000000e+00,0.000000e+00,0.0000,0.0000,0
81,features.11,226,pruned_before,nan,0.000000e+00,0.000000e+00,0.0000,0.0000,0
81,features.11,227,pruned_before,nan,0.000000e+00,0.000000e+00,0.0000,0.0000,0
81,features.11,228,pruned_before,nan,0.000000e+00,0.000000e+00,0.0000,0.0000,0
81,features.11,229,pruned_before,nan,0.000000e+00,0.000000e+00,0.0000,0.0000,0
81,features.11,230,pruned_before,nan,0.000000e+00,0.000000e+00,0.0000,0.0000,0
81,features.11,231,pruned_before,nan,0.000000e+00,0.000000e+00,0.0000,0.0000,0
81,features.11,232,pruned_before,nan,0.000000e+00,0.000000e+00,0.0000,0.0000,0
81,features.11,233,pruned_before,nan,0.000000e+00,0.000000e+00,0.0000,0.0000,0
81,features.11,234,pruned_before,nan,0.000000e+00,0.000000e+00,0.0000,0.0000,0
81,features.11,235,pruned_before,nan,0.000000e+00,0.000000e+00,0.0000,0.0000,0
81,features.11,236,pruned_before,nan,0.000000e+00,0.000000e+00,0.0000,0.0000,0
81,features.11,237,pruned_before,nan,0.000000e+00,0.000000e+00,0.0000,0.0000,0
81,features.11,238,pruned_before,nan,0.000000e+00,0.000000e+00,0.0000,0.0000,0
81,features.11,239,pruned_before,nan,0.000000e+00,0.000000e+00,0.0000,0.0000,0
81,features.11,240,pruned_before,nan,0.000000e+00,0.000000e+00,0.0000,0.0000,0
81,features.11,241,pruned_before,nan,0.000000e+00,0.000000e+00,0.0000,0.0000,0
81,features.11,242,pruned_before,nan,0.000000e+00,0.000000e+00,0.0000,0.0000,0
81,features.11,243,pruned_before,nan,0.000000e+00,0.000000e+00,0.0000,0.0000,0
81,features.11,244,pruned_before,nan,0.000000e+00,0.000000e+00,0.0000,0.0000,0
81,features.11,245,pruned_before,nan,0.000000e+00,0.000000e+00,0.0000,0.0000,0
81,features.11,246,pruned_before,nan,0.000000e+00,0.000000e+00,0.0000,0.0000,0
81,features.11,247,pruned_before,nan,0.000000e+00,0.000000e+00,0.0000,0.0000,0
81,features.11,248,pruned_before,nan,0.000000e+00,0.000000e+00,0.0000,0.0000,0
81,features.11,249,pruned_before,nan,0.000000e+00,0.000000e+00,0.0000,0.0000,0
81,features.11,250,pruned_before,nan,0.000000e+00,0.000000e+00,0.0000,0.0000,0
81,features.11,251,pruned_before,nan,0.000000e+00,0.000000e+00,0.0000,0.0000,0
81,features.11,252,pruned_before,nan,0.000000e+00,0.000000e+00,0.0000,0.0000,0
81,features.11,253,pruned_before,nan,0.000000e+00,0.000000e+00,0.0000,0.0000,0
81,features.11,254,pruned_before,nan,0.000000e+00,0.000000e+00,0.0000,0.0000,0
81,features.11,255,pruned_before,nan,0.000000e+00,0.000000e+00,0.0000,0.0000,0
81,features.11,256,pruned_before,nan,0.000000e+00,0.000000e+00,0.0000,0.0000,0
81,features.11,257,pruned_before,nan,0.000000e+00,0.000000e+00,0.0000,0.0000,0
81,features.11,258,pruned_before,nan,0.000000e+00,0.000000e+00,0.0000,0.0000,0
81,features.11,259,pruned_before,nan,0.000000e+00,0.000000e+00,0.0000,0.0000,0
81,features.11,260,pruned_before,nan,0.000000e+00,0.000000e+00,0.0000,0.0000,0
81,features.11,261,pruned_before,nan,0.000000e+00,0.000000e+00,0.0000,0.0000,0
81,features.11,262,pruned_before,nan,0.000000e+00,0.000000e+00,0.0000,0.0000,0
81,features.11,263,pruned_before,nan,0.000000e+00,0.000000e+00,0.0000,0.0000,0
81,features.11,264,pruned_before,nan,0.000000e+00,0.000000e+00,0.0000,0.0000,0
81,features.11,265,pruned_before,nan,0.000000e+00,0.000000e+00,0.0000,0.0000,0
81,features.11,266,pruned_before,nan,0.000000e+00,0.000000e+00,0.0000,0.0000,0
81,features.11,267,pruned_before,nan,0.000000e+00,0.000000e+00,0.0000,0.0000,0
81,features.11,268,pruned_before,nan,0.000000e+00,0.000000e+00,0.0000,0.0000,0
81,features.11,269,pruned_before,nan,0.000000e+00,0.000000e+00,0.0000,0.0000,0
81,features.11,270,pruned_before,nan,0.000000e+00,0.000000e+00,0.0000,0.0000,0
81,features.11,271,pruned_before,nan,0.000000e+00,0.000000e+00,0.0000,0.0000,0
81,features.11,272,pruned_before,nan,0.000000e+00,0.000000e+00,0.0000,0.0000,0
81,features.11,273,pruned_before,nan,0.000000e+00,0.000000e+00,0.0000,0.0000,0
81,features.11,274,pruned_before,nan,0.000000e+00,0.000000e+00,0.0000,0.0000,0
81,features.11,275,pruned_before,nan,0.000000e+00,0.000000e+00,0.0000,0.0000,0
81,features.11,276,pruned_before,nan,0.000000e+00,0.000000e+00,0.0000,0.0000,0
81,features.11,277,pruned_before,nan,0.000000e+00,0.000000e+00,0.0000,0.0000,0
81,features.11,278,pruned_before,nan,0.000000e+00,0.000000e+00,0.0000,0.0000,0
81,features.11,279,pruned_before,nan,0.000000e+00,0.000000e+00,0.0000,0.0000,0
81,features.11,280,pruned_before,nan,0.000000e+00,0.000000e+00,0.0000,0.0000,0
81,features.11,281,pruned_before,nan,0.000000e+00,0.000000e+00,0.0000,0.0000,0
81,features.11,282,pruned_before,nan,0.000000e+00,0.000000e+00,0.0000,0.0000,0
81,features.11,283,pruned_before,nan,0.000000e+00,0.000000e+00,0.0000,0.0000,0
81,features.11,284,pruned_before,nan,0.000000e+00,0.000000e+00,0.0000,0.0000,0
81,features.11,285,pruned_before,nan,0.000000e+00,0.000000e+00,0.0000,0.0000,0
81,features.11,286,pruned_before,nan,0.000000e+00,0.000000e+00,0.0000,0.0000,0
81,features.11,287,pruned_before,nan,0.000000e+00,0.000000e+00,0.0000,0.0000,0
81,features.11,288,pruned_before,nan,0.000000e+00,0.000000e+00,0.0000,0.0000,0
81,features.11,289,pruned_before,nan,0.000000e+00,0.000000e+00,0.0000,0.0000,0
81,features.11,290,pruned_before,nan,0.000000e+00,0.000000e+00,0.0000,0.0000,0
81,features.11,291,pruned_before,nan,0.000000e+00,0.000000e+00,0.0000,0.0000,0
81,features.11,292,pruned_before,nan,0.000000e+00,0.000000e+00,0.0000,0.0000,0
81,features.11,293,active,-0.047679,3.599457e-07,2.284346e-04,0.0692,0.0026,169
81,features.11,294,pruned_before,nan,0.000000e+00,0.000000e+00,0.0000,0.0000,0
81,features.11,295,active,-0.030777,2.297192e-07,4.541509e-05,0.0442,0.0005,169
81,features.11,296,pruned_before,nan,0.000000e+00,0.000000e+00,0.0000,0.0000,0
81,features.11,297,pruned_before,nan,0.000000e+00,0.000000e+00,0.0000,0.0000,0
81,features.11,298,pruned_before,nan,0.000000e+00,0.000000e+00,0.0000,0.0000,0
81,features.11,299,pruned_before,nan,0.000000e+00,0.000000e+00,0.0000,0.0000,0
81,features.11,300,pruned_before,nan,0.000000e+00,0.000000e+00,0.0000,0.0000,0
81,features.11,301,pruned_before,nan,0.000000e+00,0.000000e+00,0.0000,0.0000,0
81,features.11,302,pruned_before,nan,0.000000e+00,0.000000e+00,0.0000,0.0000,0
81,features.11,303,pruned_before,nan,0.000000e+00,0.000000e+00,0.0000,0.0000,0
81,features.11,304,pruned_before,nan,0.000000e+00,0.000000e+00,0.0000,0.0000,0
81,features.11,305,pruned_before,nan,0.000000e+00,0.000000e+00,0.0000,0.0000,0
81,features.11,306,pruned_before,nan,0.000000e+00,0.000000e+00,0.0000,0.0000,0
81,features.11,307,pruned_before,nan,0.000000e+00,0.000000e+00,0.0000,0.0000,0
81,features.11,308,pruned_before,nan,0.000000e+00,0.000000e+00,0.0000,0.0000,0
81,features.11,309,pruned_before,nan,0.000000e+00,0.000000e+00,0.0000,0.0000,0
81,features.11,310,pruned_before,nan,0.000000e+00,0.000000e+00,0.0000,0.0000,0
81,features.11,311,pruned_before,nan,0.000000e+00,0.000000e+00,0.0000,0.0000,0
81,features.11,312,pruned_before,nan,0.000000e+00,0.000000e+00,0.0000,0.0000,0
81,features.11,313,pruned_before,nan,0.000000e+00,0.000000e+00,0.0000,0.0000,0
81,features.11,314,pruned_before,nan,0.000000e+00,0.000000e+00,0.0000,0.0000,0
81,features.11,315,pruned_before,nan,0.000000e+00,0.000000e+00,0.0000,0.0000,0
81,features.11,316,pruned_before,nan,0.000000e+00,0.000000e+00,0.0000,0.0000,0
81,features.11,317,pruned_before,nan,0.000000e+00,0.000000e+00,0.0000,0.0000,0
81,features.11,318,pruned_before,nan,0.000000e+00,0.000000e+00,0.0000,0.0000,0
81,features.11,319,pruned_before,nan,0.000000e+00,0.000000e+00,0.0000,0.0000,0
81,features.11,320,pruned_before,nan,0.000000e+00,0.000000e+00,0.0000,0.0000,0
81,features.11,321,pruned_before,nan,0.000000e+00,0.000000e+00,0.0000,0.0000,0
81,features.11,322,pruned_before,nan,0.000000e+00,0.000000e+00,0.0000,0.0000,0
81,features.11,323,pruned_before,nan,0.000000e+00,0.000000e+00,0.0000,0.0000,0
81,features.11,324,pruned_before,nan,0.000000e+00,0.000000e+00,0.0000,0.0000,0
81,features.11,325,pruned_before,nan,0.000000e+00,0.000000e+00,0.0000,0.0000,0
81,features.11,326,pruned_before,nan,0.000000e+00,0.000000e+00,0.0000,0.0000,0
81,features.11,327,pruned_before,nan,0.000000e+00,0.000000e+00,0.0000,0.0000,0
81,features.11,328,pruned_before,nan,0.000000e+00,0.000000e+00,0.0000,0.0000,0
81,features.11,329,pruned_before,nan,0.000000e+00,0.000000e+00,0.0000,0.0000,0
81,features.11,330,pruned_before,nan,0.000000e+00,0.000000e+00,0.0000,0.0000,0
81,features.11,331,pruned_before,nan,0.000000e+00,0.000000e+00,0.0000,0.0000,0
81,features.11,332,pruned_before,nan,0.000000e+00,0.000000e+00,0.0000,0.0000,0
81,features.11,333,pruned_before,nan,0.000000e+00,0.000000e+00,0.0000,0.0000,0
81,features.11,334,pruned_before,nan,0.000000e+00,0.000000e+00,0.0000,0.0000,0
81,features.11,335,pruned_before,nan,0.000000e+00,0.000000e+00,0.0000,0.0000,0
81,features.11,336,pruned_before,nan,0.000000e+00,0.000000e+00,0.0000,0.0000,0
81,features.11,337,pruned_before,nan,0.000000e+00,0.000000e+00,0.0000,0.0000,0
81,features.11,338,pruned_before,nan,0.000000e+00,0.000000e+00,0.0000,0.0000,0
81,features.11,339,pruned_before,nan,0.000000e+00,0.000000e+00,0.0000,0.0000,0
81,features.11,340,pruned_before,nan,0.000000e+00,0.000000e+00,0.0000,0.0000,0
81,features.11,341,pruned_before,nan,0.000000e+00,0.000000e+00,0.0000,0.0000,0
81,features.11,342,protected,0.237639,4.630945e-07,8.650926e-02,0.0891,1.0000,169
81,features.11,343,pruned_before,nan,0.000000e+00,0.000000e+00,0.0000,0.0000,0
81,features.11,344,pruned_before,nan,0.000000e+00,0.000000e+00,0.0000,0.0000,0
81,features.11,345,pruned_before,nan,0.000000e+00,0.000000e+00,0.0000,0.0000,0
81,features.11,346,pruned_before,nan,0.000000e+00,0.000000e+00,0.0000,0.0000,0
81,features.11,347,pruned_before,nan,0.000000e+00,0.000000e+00,0.0000,0.0000,0
81,features.11,348,pruned_before,nan,0.000000e+00,0.000000e+00,0.0000,0.0000,0
81,features.11,349,pruned_before,nan,0.000000e+00,0.000000e+00,0.0000,0.0000,0
81,features.11,350,active,-0.533473,5.198185e-06,4.802039e-02,1.0000,0.5551,169
81,features.11,351,pruned_before,nan,0.000000e+00,0.000000e+00,0.0000,0.0000,0
81,features.11,352,pruned_before,nan,0.000000e+00,0.000000e+00,0.0000,0.0000,0
81,features.11,353,pruned_before,nan,0.000000e+00,0.000000e+00,0.0000,0.0000,0
81,features.11,354,pruned_before,nan,0.000000e+00,0.000000e+00,0.0000,0.0000,0
81,features.11,355,pruned_before,nan,0.000000e+00,0.000000e+00,0.0000,0.0000,0
81,features.11,356,pruned_before,nan,0.000000e+00,0.000000e+00,0.0000,0.0000,0
81,features.11,357,pruned_before,nan,0.000000e+00,0.000000e+00,0.0000,0.0000,0
81,features.11,358,pruned_before,nan,0.000000e+00,0.000000e+00,0.0000,0.0000,0
81,features.11,359,pruned_before,nan,0.000000e+00,0.000000e+00,0.0000,0.0000,0
81,features.11,360,pruned_before,nan,0.000000e+00,0.000000e+00,0.0000,0.0000,0
81,features.11,361,pruned_before,nan,0.000000e+00,0.000000e+00,0.0000,0.0000,0
81,features.11,362,active,-0.133210,1.066924e-06,3.017488e-03,0.2052,0.0349,169
81,features.11,363,pruned_before,nan,0.000000e+00,0.000000e+00,0.0000,0.0000,0
81,features.11,364,pruned_before,nan,0.000000e+00,0.000000e+00,0.0000,0.0000,0
81,features.11,365,pruned_before,nan,0.000000e+00,0.000000e+00,0.0000,0.0000,0
81,features.11,366,pruned_before,nan,0.000000e+00,0.000000e+00,0.0000,0.0000,0
81,features.11,367,pruned_before,nan,0.000000e+00,0.000000e+00,0.0000,0.0000,0
81,features.11,368,pruned_before,nan,0.000000e+00,0.000000e+00,0.0000,0.0000,0
81,features.11,369,pruned_before,nan,0.000000e+00,0.000000e+00,0.0000,0.0000,0
81,features.11,370,pruned_before,nan,0.000000e+00,0.000000e+00,0.0000,0.0000,0
81,features.11,371,pruned_before,nan,0.000000e+00,0.000000e+00,0.0000,0.0000,0
81,features.11,372,pruned_before,nan,0.000000e+00,0.000000e+00,0.0000,0.0000,0
81,features.11,373,pruned_before,nan,0.000000e+00,0.000000e+00,0.0000,0.0000,0
81,features.11,374,pruned_before,nan,0.000000e+00,0.000000e+00,0.0000,0.0000,0
81,features.11,375,pruned_before,nan,0.000000e+00,0.000000e+00,0.0000,0.0000,0
81,features.11,376,pruned_before,nan,0.000000e+00,0.000000e+00,0.0000,0.0000,0
81,features.11,377,pruned_before,nan,0.000000e+00,0.000000e+00,0.0000,0.0000,0
81,features.11,378,pruned_before,nan,0.000000e+00,0.000000e+00,0.0000,0.0000,0
81,features.11,379,pruned_before,nan,0.000000e+00,0.000000e+00,0.0000,0.0000,0
81,features.11,380,pruned_before,nan,0.000000e+00,0.000000e+00,0.0000,0.0000,0
81,features.11,381,pruned_before,nan,0.000000e+00,0.000000e+00,0.0000,0.0000,0
81,features.11,382,pruned_before,nan,0.000000e+00,0.000000e+00,0.0000,0.0000,0
81,features.11,383,pruned_before,nan,0.000000e+00,0.000000e+00,0.0000,0.0000,0
81,features.12,0,pruned_before,nan,0.000000e+00,0.000000e+00,0.0000,0.0000,0
81,features.12,1,pruned_before,nan,0.000000e+00,0.000000e+00,0.0000,0.0000,0
81,features.12,2,pruned_before,nan,0.000000e+00,0.000000e+00,0.0000,0.0000,0
81,features.12,3,pruned_before,nan,0.000000e+00,0.000000e+00,0.0000,0.0000,0
81,features.12,4,pruned_before,nan,0.000000e+00,0.000000e+00,0.0000,0.0000,0
81,features.12,5,pruned_before,nan,0.000000e+00,0.000000e+00,0.0000,0.0000,0
81,features.12,6,pruned_before,nan,0.000000e+00,0.000000e+00,0.0000,0.0000,0
81,features.12,7,pruned_before,nan,0.000000e+00,0.000000e+00,0.0000,0.0000,0
81,features.12,8,pruned_before,nan,0.000000e+00,0.000000e+00,0.0000,0.0000,0
81,features.12,9,pruned_before,nan,0.000000e+00,0.000000e+00,0.0000,0.0000,0
81,features.12,10,pruned_before,nan,0.000000e+00,0.000000e+00,0.0000,0.0000,0
81,features.12,11,pruned_before,nan,0.000000e+00,0.000000e+00,0.0000,0.0000,0
81,features.12,12,pruned_before,nan,0.000000e+00,0.000000e+00,0.0000,0.0000,0
81,features.12,13,pruned_before,nan,0.000000e+00,0.000000e+00,0.0000,0.0000,0
81,features.12,14,pruned_before,nan,0.000000e+00,0.000000e+00,0.0000,0.0000,0
81,features.12,15,pruned_before,nan,0.000000e+00,0.000000e+00,0.0000,0.0000,0
81,features.12,16,pruned_before,nan,0.000000e+00,0.000000e+00,0.0000,0.0000,0
81,features.12,17,pruned_before,nan,0.000000e+00,0.000000e+00,0.0000,0.0000,0
81,features.12,18,pruned_before,nan,0.000000e+00,0.000000e+00,0.0000,0.0000,0
81,features.12,19,pruned_before,nan,0.000000e+00,0.000000e+00,0.0000,0.0000,0
81,features.12,20,pruned_before,nan,0.000000e+00,0.000000e+00,0.0000,0.0000,0
81,features.12,21,pruned_before,nan,0.000000e+00,0.000000e+00,0.0000,0.0000,0
81,features.12,22,pruned_before,nan,0.000000e+00,0.000000e+00,0.0000,0.0000,0
81,features.12,23,pruned_before,nan,0.000000e+00,0.000000e+00,0.0000,0.0000,0
81,features.12,24,pruned_before,nan,0.000000e+00,0.000000e+00,0.0000,0.0000,0
81,features.12,25,pruned_before,nan,0.000000e+00,0.000000e+00,0.0000,0.0000,0
81,features.12,26,pruned_before,nan,0.000000e+00,0.000000e+00,0.0000,0.0000,0
81,features.12,27,pruned_before,nan,0.000000e+00,0.000000e+00,0.0000,0.0000,0
81,features.12,28,pruned_before,nan,0.000000e+00,0.000000e+00,0.0000,0.0000,0
81,features.12,29,pruned_before,nan,0.000000e+00,0.000000e+00,0.0000,0.0000,0
81,features.12,30,pruned_before,nan,0.000000e+00,0.000000e+00,0.0000,0.0000,0
81,features.12,31,pruned_before,nan,0.000000e+00,0.000000e+00,0.0000,0.0000,0
81,features.12,32,pruned_before,nan,0.000000e+00,0.000000e+00,0.0000,0.0000,0
81,features.12,33,pruned_before,nan,0.000000e+00,0.000000e+00,0.0000,0.0000,0
81,features.12,34,protected,-0.399997,2.479736e-07,1.705275e-03,1.0000,1.0000,201
81,features.12,35,pruned_before,nan,0.000000e+00,0.000000e+00,0.0000,0.0000,0
81,features.12,36,pruned_before,nan,0.000000e+00,0.000000e+00,0.0000,0.0000,0
81,features.12,37,pruned_before,nan,0.000000e+00,0.000000e+00,0.0000,0.0000,0
81,features.12,38,pruned_before,nan,0.000000e+00,0.000000e+00,0.0000,0.0000,0
81,features.12,39,pruned_before,nan,0.000000e+00,0.000000e+00,0.0000,0.0000,0
81,features.12,40,pruned_before,nan,0.000000e+00,0.000000e+00,0.0000,0.0000,0
81,features.12,41,pruned_before,nan,0.000000e+00,0.000000e+00,0.0000,0.0000,0
81,features.12,42,pruned_before,nan,0.000000e+00,0.000000e+00,0.0000,0.0000,0
81,features.12,43,pruned_before,nan,0.000000e+00,0.000000e+00,0.0000,0.0000,0
81,features.12,44,pruned_before,nan,0.000000e+00,0.000000e+00,0.0000,0.0000,0
81,features.12,45,pruned_before,nan,0.000000e+00,0.000000e+00,0.0000,0.0000,0
81,features.12,46,active,0.000000,0.000000e+00,0.000000e+00,0.0000,0.0000,201
81,features.12,47,pruned_before,nan,0.000000e+00,0.000000e+00,0.0000,0.0000,0
81,features.12,48,active,-0.000915,3.404351e-10,2.623810e-07,0.0014,0.0002,201
81,features.12,49,pruned_before,nan,0.000000e+00,0.000000e+00,0.0000,0.0000,0
81,features.12,50,pruned_before,nan,0.000000e+00,0.000000e+00,0.0000,0.0000,0
81,features.12,51,pruned_before,nan,0.000000e+00,0.000000e+00,0.0000,0.0000,0
81,features.12,52,pruned_before,nan,0.000000e+00,0.000000e+00,0.0000,0.0000,0
81,features.12,53,pruned_before,nan,0.000000e+00,0.000000e+00,0.0000,0.0000,0
81,features.12,54,pruned_before,nan,0.000000e+00,0.000000e+00,0.0000,0.0000,0
81,features.12,55,pruned_before,nan,0.000000e+00,0.000000e+00,0.0000,0.0000,0
81,features.12,56,pruned_before,nan,0.000000e+00,0.000000e+00,0.0000,0.0000,0
81,features.12,57,pruned_before,nan,0.000000e+00,0.000000e+00,0.0000,0.0000,0
81,features.12,58,pruned_before,nan,0.000000e+00,0.000000e+00,0.0000,0.0000,0
81,features.12,59,pruned_before,nan,0.000000e+00,0.000000e+00,0.0000,0.0000,0
81,features.12,60,pruned_before,nan,0.000000e+00,0.000000e+00,0.0000,0.0000,0
81,features.12,61,pruned_before,nan,0.000000e+00,0.000000e+00,0.0000,0.0000,0
81,features.12,62,pruned_before,nan,0.000000e+00,0.000000e+00,0.0000,0.0000,0
81,features.12,63,pruned_before,nan,0.000000e+00,0.000000e+00,0.0000,0.0000,0
81,features.12,64,pruned_before,nan,0.000000e+00,0.000000e+00,0.0000,0.0000,0
81,features.12,65,pruned_before,nan,0.000000e+00,0.000000e+00,0.0000,0.0000,0
81,features.12,66,pruned_before,nan,0.000000e+00,0.000000e+00,0.0000,0.0000,0
81,features.12,67,pruned_before,nan,0.000000e+00,0.000000e+00,0.0000,0.0000,0
81,features.12,68,pruned_before,nan,0.000000e+00,0.000000e+00,0.0000,0.0000,0
81,features.12,69,pruned_before,nan,0.000000e+00,0.000000e+00,0.0000,0.0000,0
81,features.12,70,pruned_before,nan,0.000000e+00,0.000000e+00,0.0000,0.0000,0
81,features.12,71,pruned_before,nan,0.000000e+00,0.000000e+00,0.0000,0.0000,0
81,features.12,72,pruned_before,nan,0.000000e+00,0.000000e+00,0.0000,0.0000,0
81,features.12,73,pruned_before,nan,0.000000e+00,0.000000e+00,0.0000,0.0000,0
81,features.12,74,pruned_before,nan,0.000000e+00,0.000000e+00,0.0000,0.0000,0
81,features.12,75,pruned_before,nan,0.000000e+00,0.000000e+00,0.0000,0.0000,0
81,features.12,76,pruned_before,nan,0.000000e+00,0.000000e+00,0.0000,0.0000,0
81,features.12,77,pruned_before,nan,0.000000e+00,0.000000e+00,0.0000,0.0000,0
81,features.12,78,pruned_before,nan,0.000000e+00,0.000000e+00,0.0000,0.0000,0
81,features.12,79,pruned_before,nan,0.000000e+00,0.000000e+00,0.0000,0.0000,0
81,features.12,80,pruned_before,nan,0.000000e+00,0.000000e+00,0.0000,0.0000,0
81,features.12,81,pruned_before,nan,0.000000e+00,0.000000e+00,0.0000,0.0000,0
81,features.12,82,pruned_before,nan,0.000000e+00,0.000000e+00,0.0000,0.0000,0
81,features.12,83,pruned_before,nan,0.000000e+00,0.000000e+00,0.0000,0.0000,0
81,features.12,84,pruned_before,nan,0.000000e+00,0.000000e+00,0.0000,0.0000,0
81,features.12,85,pruned_before,nan,0.000000e+00,0.000000e+00,0.0000,0.0000,0
81,features.12,86,pruned_before,nan,0.000000e+00,0.000000e+00,0.0000,0.0000,0
81,features.12,87,pruned_before,nan,0.000000e+00,0.000000e+00,0.0000,0.0000,0
81,features.12,88,pruned_before,nan,0.000000e+00,0.000000e+00,0.0000,0.0000,0
81,features.12,89,active,0.000000,0.000000e+00,0.000000e+00,0.0000,0.0000,201
81,features.12,90,active,0.000000,0.000000e+00,0.000000e+00,0.0000,0.0000,201
81,features.12,91,pruned_before,nan,0.000000e+00,0.000000e+00,0.0000,0.0000,0
81,features.12,92,pruned_before,nan,0.000000e+00,0.000000e+00,0.0000,0.0000,0
81,features.12,93,pruned_before,nan,0.000000e+00,0.000000e+00,0.0000,0.0000,0
81,features.12,94,pruned_before,nan,0.000000e+00,0.000000e+00,0.0000,0.0000,0
81,features.12,95,pruned_before,nan,0.000000e+00,0.000000e+00,0.0000,0.0000,0
81,features.12,96,pruned_before,nan,0.000000e+00,0.000000e+00,0.0000,0.0000,0
81,features.12,97,pruned_before,nan,0.000000e+00,0.000000e+00,0.0000,0.0000,0
81,features.12,98,pruned_before,nan,0.000000e+00,0.000000e+00,0.0000,0.0000,0
81,features.12,99,active,-0.000123,4.503982e-11,2.561973e-08,0.0002,0.0000,201
81,features.12,100,pruned_before,nan,0.000000e+00,0.000000e+00,0.0000,0.0000,0
81,features.12,101,pruned_before,nan,0.000000e+00,0.000000e+00,0.0000,0.0000,0
81,features.12,102,pruned_before,nan,0.000000e+00,0.000000e+00,0.0000,0.0000,0
81,features.12,103,pruned_before,nan,0.000000e+00,0.000000e+00,0.0000,0.0000,0
81,features.12,104,pruned_before,nan,0.000000e+00,0.000000e+00,0.0000,0.0000,0
81,features.12,105,pruned_before,nan,0.000000e+00,0.000000e+00,0.0000,0.0000,0
81,features.12,106,pruned_before,nan,0.000000e+00,0.000000e+00,0.0000,0.0000,0
81,features.12,107,pruned_before,nan,0.000000e+00,0.000000e+00,0.0000,0.0000,0
81,features.12,108,pruned_before,nan,0.000000e+00,0.000000e+00,0.0000,0.0000,0
81,features.12,109,pruned_before,nan,0.000000e+00,0.000000e+00,0.0000,0.0000,0
81,features.12,110,pruned_before,nan,0.000000e+00,0.000000e+00,0.0000,0.0000,0
81,features.12,111,pruned_before,nan,0.000000e+00,0.000000e+00,0.0000,0.0000,0
81,features.12,112,pruned_before,nan,0.000000e+00,0.000000e+00,0.0000,0.0000,0
81,features.12,113,pruned_before,nan,0.000000e+00,0.000000e+00,0.0000,0.0000,0
81,features.12,114,pruned_before,nan,0.000000e+00,0.000000e+00,0.0000,0.0000,0
81,features.12,115,pruned_before,nan,0.000000e+00,0.000000e+00,0.0000,0.0000,0
81,features.12,116,pruned_before,nan,0.000000e+00,0.000000e+00,0.0000,0.0000,0
81,features.12,117,active,0.000000,0.000000e+00,0.000000e+00,0.0000,0.0000,201
81,features.12,118,pruned_before,nan,0.000000e+00,0.000000e+00,0.0000,0.0000,0
81,features.12,119,pruned_before,nan,0.000000e+00,0.000000e+00,0.0000,0.0000,0
81,features.12,120,pruned_before,nan,0.000000e+00,0.000000e+00,0.0000,0.0000,0
81,features.12,121,pruned_before,nan,0.000000e+00,0.000000e+00,0.0000,0.0000,0
81,features.12,122,pruned_before,nan,0.000000e+00,0.000000e+00,0.0000,0.0000,0
81,features.12,123,pruned_before,nan,0.000000e+00,0.000000e+00,0.0000,0.0000,0
81,features.12,124,pruned_before,nan,0.000000e+00,0.000000e+00,0.0000,0.0000,0
81,features.12,125,pruned_before,nan,0.000000e+00,0.000000e+00,0.0000,0.0000,0
81,features.12,126,pruned_before,nan,0.000000e+00,0.000000e+00,0.0000,0.0000,0
81,features.12,127,pruned_before,nan,0.000000e+00,0.000000e+00,0.0000,0.0000,0
81,features.12,128,pruned_before,nan,0.000000e+00,0.000000e+00,0.0000,0.0000,0
81,features.12,129,pruned_before,nan,0.000000e+00,0.000000e+00,0.0000,0.0000,0
81,features.12,130,pruned_before,nan,0.000000e+00,0.000000e+00,0.0000,0.0000,0
81,features.12,131,active,0.000000,0.000000e+00,0.000000e+00,0.0000,0.0000,201
81,features.12,132,pruned_before,nan,0.000000e+00,0.000000e+00,0.0000,0.0000,0
81,features.12,133,active,-0.031396,1.914441e-08,1.287250e-04,0.0772,0.0755,201
81,features.12,134,pruned_before,nan,0.000000e+00,0.000000e+00,0.0000,0.0000,0
81,features.12,135,pruned_before,nan,0.000000e+00,0.000000e+00,0.0000,0.0000,0
81,features.12,136,pruned_before,nan,0.000000e+00,0.000000e+00,0.0000,0.0000,0
81,features.12,137,pruned_before,nan,0.000000e+00,0.000000e+00,0.0000,0.0000,0
81,features.12,138,active,-0.030081,1.315317e-08,4.006844e-05,0.0530,0.0235,201
81,features.12,139,pruned_before,nan,0.000000e+00,0.000000e+00,0.0000,0.0000,0
81,features.12,140,pruned_before,nan,0.000000e+00,0.000000e+00,0.0000,0.0000,0
81,features.12,141,pruned_before,nan,0.000000e+00,0.000000e+00,0.0000,0.0000,0
81,features.12,142,pruned_before,nan,0.000000e+00,0.000000e+00,0.0000,0.0000,0
81,features.12,143,pruned_before,nan,0.000000e+00,0.000000e+00,0.0000,0.0000,0
81,features.12,144,pruned_before,nan,0.000000e+00,0.000000e+00,0.0000,0.0000,0
81,features.12,145,pruned_before,nan,0.000000e+00,0.000000e+00,0.0000,0.0000,0
81,features.12,146,pruned_before,nan,0.000000e+00,0.000000e+00,0.0000,0.0000,0
81,features.12,147,pruned_before,nan,0.000000e+00,0.000000e+00,0.0000,0.0000,0
81,features.12,148,pruned_before,nan,0.000000e+00,0.000000e+00,0.0000,0.0000,0
81,features.12,149,pruned_before,nan,0.000000e+00,0.000000e+00,0.0000,0.0000,0
81,features.12,150,pruned_before,nan,0.000000e+00,0.000000e+00,0.0000,0.0000,0
81,features.12,151,pruned_before,nan,0.000000e+00,0.000000e+00,0.0000,0.0000,0
81,features.12,152,pruned_before,nan,0.000000e+00,0.000000e+00,0.0000,0.0000,0
81,features.12,153,pruned_before,nan,0.000000e+00,0.000000e+00,0.0000,0.0000,0
81,features.12,154,pruned_before,nan,0.000000e+00,0.000000e+00,0.0000,0.0000,0
81,features.12,155,pruned_before,nan,0.000000e+00,0.000000e+00,0.0000,0.0000,0
81,features.12,156,pruned_before,nan,0.000000e+00,0.000000e+00,0.0000,0.0000,0
81,features.12,157,pruned_before,nan,0.000000e+00,0.000000e+00,0.0000,0.0000,0
81,features.12,158,pruned_before,nan,0.000000e+00,0.000000e+00,0.0000,0.0000,0
81,features.12,159,pruned_before,nan,0.000000e+00,0.000000e+00,0.0000,0.0000,0
81,features.12,160,pruned_before,nan,0.000000e+00,0.000000e+00,0.0000,0.0000,0
81,features.12,161,pruned_before,nan,0.000000e+00,0.000000e+00,0.0000,0.0000,0
81,features.12,162,pruned_before,nan,0.000000e+00,0.000000e+00,0.0000,0.0000,0
81,features.12,163,active,0.000000,0.000000e+00,0.000000e+00,0.0000,0.0000,201
81,features.12,164,pruned_before,nan,0.000000e+00,0.000000e+00,0.0000,0.0000,0
81,features.12,165,pruned_before,nan,0.000000e+00,0.000000e+00,0.0000,0.0000,0
81,features.12,166,pruned_before,nan,0.000000e+00,0.000000e+00,0.0000,0.0000,0
81,features.12,167,pruned_before,nan,0.000000e+00,0.000000e+00,0.0000,0.0000,0
81,features.12,168,pruned_before,nan,0.000000e+00,0.000000e+00,0.0000,0.0000,0
81,features.12,169,pruned_before,nan,0.000000e+00,0.000000e+00,0.0000,0.0000,0
81,features.12,170,pruned_before,nan,0.000000e+00,0.000000e+00,0.0000,0.0000,0
81,features.12,171,pruned_before,nan,0.000000e+00,0.000000e+00,0.0000,0.0000,0
81,features.12,172,pruned_before,nan,0.000000e+00,0.000000e+00,0.0000,0.0000,0
81,features.12,173,pruned_before,nan,0.000000e+00,0.000000e+00,0.0000,0.0000,0
81,features.12,174,pruned_before,nan,0.000000e+00,0.000000e+00,0.0000,0.0000,0
81,features.12,175,pruned_before,nan,0.000000e+00,0.000000e+00,0.0000,0.0000,0
81,features.12,176,pruned_before,nan,0.000000e+00,0.000000e+00,0.0000,0.0000,0
81,features.12,177,pruned_before,nan,0.000000e+00,0.000000e+00,0.0000,0.0000,0
81,features.12,178,pruned_before,nan,0.000000e+00,0.000000e+00,0.0000,0.0000,0
81,features.12,179,pruned_before,nan,0.000000e+00,0.000000e+00,0.0000,0.0000,0
81,features.12,180,pruned_before,nan,0.000000e+00,0.000000e+00,0.0000,0.0000,0
81,features.12,181,pruned_before,nan,0.000000e+00,0.000000e+00,0.0000,0.0000,0
81,features.12,182,pruned_before,nan,0.000000e+00,0.000000e+00,0.0000,0.0000,0
81,features.12,183,pruned_before,nan,0.000000e+00,0.000000e+00,0.0000,0.0000,0
81,features.12,184,pruned_before,nan,0.000000e+00,0.000000e+00,0.0000,0.0000,0
81,features.12,185,pruned_before,nan,0.000000e+00,0.000000e+00,0.0000,0.0000,0
81,features.12,186,pruned_before,nan,0.000000e+00,0.000000e+00,0.0000,0.0000,0
81,features.12,187,pruned_before,nan,0.000000e+00,0.000000e+00,0.0000,0.0000,0
81,features.12,188,pruned_before,nan,0.000000e+00,0.000000e+00,0.0000,0.0000,0
81,features.12,189,pruned_before,nan,0.000000e+00,0.000000e+00,0.0000,0.0000,0
81,features.12,190,pruned_before,nan,0.000000e+00,0.000000e+00,0.0000,0.0000,0
81,features.12,191,pruned_before,nan,0.000000e+00,0.000000e+00,0.0000,0.0000,0
81,features.12,192,pruned_before,nan,0.000000e+00,0.000000e+00,0.0000,0.0000,0
81,features.12,193,pruned_before,nan,0.000000e+00,0.000000e+00,0.0000,0.0000,0
81,features.12,194,pruned_before,nan,0.000000e+00,0.000000e+00,0.0000,0.0000,0
81,features.12,195,pruned_before,nan,0.000000e+00,0.000000e+00,0.0000,0.0000,0
81,features.12,196,pruned_before,nan,0.000000e+00,0.000000e+00,0.0000,0.0000,0
81,features.12,197,pruned_before,nan,0.000000e+00,0.000000e+00,0.0000,0.0000,0
81,features.12,198,pruned_before,nan,0.000000e+00,0.000000e+00,0.0000,0.0000,0
81,features.12,199,pruned_before,nan,0.000000e+00,0.000000e+00,0.0000,0.0000,0
81,features.12,200,pruned_before,nan,0.000000e+00,0.000000e+00,0.0000,0.0000,0
81,features.12,201,pruned_before,nan,0.000000e+00,0.000000e+00,0.0000,0.0000,0
81,features.12,202,pruned_before,nan,0.000000e+00,0.000000e+00,0.0000,0.0000,0
81,features.12,203,pruned_before,nan,0.000000e+00,0.000000e+00,0.0000,0.0000,0
81,features.12,204,pruned_before,nan,0.000000e+00,0.000000e+00,0.0000,0.0000,0
81,features.12,205,pruned_before,nan,0.000000e+00,0.000000e+00,0.0000,0.0000,0
81,features.12,206,pruned_before,nan,0.000000e+00,0.000000e+00,0.0000,0.0000,0
81,features.12,207,pruned_before,nan,0.000000e+00,0.000000e+00,0.0000,0.0000,0
81,features.12,208,pruned_before,nan,0.000000e+00,0.000000e+00,0.0000,0.0000,0
81,features.12,209,pruned_before,nan,0.000000e+00,0.000000e+00,0.0000,0.0000,0
81,features.12,210,pruned_before,nan,0.000000e+00,0.000000e+00,0.0000,0.0000,0
81,features.12,211,pruned_before,nan,0.000000e+00,0.000000e+00,0.0000,0.0000,0
81,features.12,212,pruned_before,nan,0.000000e+00,0.000000e+00,0.0000,0.0000,0
81,features.12,213,pruned_before,nan,0.000000e+00,0.000000e+00,0.0000,0.0000,0
81,features.12,214,pruned_before,nan,0.000000e+00,0.000000e+00,0.0000,0.0000,0
81,features.12,215,pruned_before,nan,0.000000e+00,0.000000e+00,0.0000,0.0000,0
81,features.12,216,pruned_before,nan,0.000000e+00,0.000000e+00,0.0000,0.0000,0
81,features.12,217,pruned_before,nan,0.000000e+00,0.000000e+00,0.0000,0.0000,0
81,features.12,218,pruned_before,nan,0.000000e+00,0.000000e+00,0.0000,0.0000,0
81,features.12,219,pruned_before,nan,0.000000e+00,0.000000e+00,0.0000,0.0000,0
81,features.12,220,pruned_before,nan,0.000000e+00,0.000000e+00,0.0000,0.0000,0
81,features.12,221,pruned_before,nan,0.000000e+00,0.000000e+00,0.0000,0.0000,0
81,features.12,222,pruned_before,nan,0.000000e+00,0.000000e+00,0.0000,0.0000,0
81,features.12,223,pruned_before,nan,0.000000e+00,0.000000e+00,0.0000,0.0000,0
81,features.12,224,pruned_before,nan,0.000000e+00,0.000000e+00,0.0000,0.0000,0
81,features.12,225,pruned_before,nan,0.000000e+00,0.000000e+00,0.0000,0.0000,0
81,features.12,226,pruned_before,nan,0.000000e+00,0.000000e+00,0.0000,0.0000,0
81,features.12,227,pruned_before,nan,0.000000e+00,0.000000e+00,0.0000,0.0000,0
81,features.12,228,pruned_before,nan,0.000000e+00,0.000000e+00,0.0000,0.0000,0
81,features.12,229,pruned_before,nan,0.000000e+00,0.000000e+00,0.0000,0.0000,0
81,features.12,230,pruned_before,nan,0.000000e+00,0.000000e+00,0.0000,0.0000,0
81,features.12,231,pruned_before,nan,0.000000e+00,0.000000e+00,0.0000,0.0000,0
81,features.12,232,active,0.000000,0.000000e+00,0.000000e+00,0.0000,0.0000,201
81,features.12,233,pruned_before,nan,0.000000e+00,0.000000e+00,0.0000,0.0000,0
81,features.12,234,pruned_before,nan,0.000000e+00,0.000000e+00,0.0000,0.0000,0
81,features.12,235,active,0.000000,0.000000e+00,0.000000e+00,0.0000,0.0000,201
81,features.12,236,pruned_before,nan,0.000000e+00,0.000000e+00,0.0000,0.0000,0
81,features.12,237,pruned_before,nan,0.000000e+00,0.000000e+00,0.0000,0.0000,0
81,features.12,238,pruned_before,nan,0.000000e+00,0.000000e+00,0.0000,0.0000,0
81,features.12,239,pruned_before,nan,0.000000e+00,0.000000e+00,0.0000,0.0000,0
81,features.12,240,pruned_before,nan,0.000000e+00,0.000000e+00,0.0000,0.0000,0
81,features.12,241,pruned_before,nan,0.000000e+00,0.000000e+00,0.0000,0.0000,0
81,features.12,242,pruned_before,nan,0.000000e+00,0.000000e+00,0.0000,0.0000,0
81,features.12,243,pruned_before,nan,0.000000e+00,0.000000e+00,0.0000,0.0000,0
81,features.12,244,pruned_before,nan,0.000000e+00,0.000000e+00,0.0000,0.0000,0
81,features.12,245,pruned_before,nan,0.000000e+00,0.000000e+00,0.0000,0.0000,0
81,features.12,246,pruned_before,nan,0.000000e+00,0.000000e+00,0.0000,0.0000,0
81,features.12,247,pruned_before,nan,0.000000e+00,0.000000e+00,0.0000,0.0000,0
81,features.12,248,pruned_before,nan,0.000000e+00,0.000000e+00,0.0000,0.0000,0
81,features.12,249,pruned_before,nan,0.000000e+00,0.000000e+00,0.0000,0.0000,0
81,features.12,250,pruned_before,nan,0.000000e+00,0.000000e+00,0.0000,0.0000,0
81,features.12,251,pruned_before,nan,0.000000e+00,0.000000e+00,0.0000,0.0000,0
81,features.12,252,pruned_before,nan,0.000000e+00,0.000000e+00,0.0000,0.0000,0
81,features.12,253,pruned_before,nan,0.000000e+00,0.000000e+00,0.0000,0.0000,0
81,features.12,254,pruned_before,nan,0.000000e+00,0.000000e+00,0.0000,0.0000,0
81,features.12,255,pruned_before,nan,0.000000e+00,0.000000e+00,0.0000,0.0000,0
81,features.12,256,pruned_before,nan,0.000000e+00,0.000000e+00,0.0000,0.0000,0
81,features.12,257,pruned_before,nan,0.000000e+00,0.000000e+00,0.0000,0.0000,0
81,features.12,258,pruned_before,nan,0.000000e+00,0.000000e+00,0.0000,0.0000,0
81,features.12,259,pruned_before,nan,0.000000e+00,0.000000e+00,0.0000,0.0000,0
81,features.12,260,pruned_before,nan,0.000000e+00,0.000000e+00,0.0000,0.0000,0
81,features.12,261,pruned_before,nan,0.000000e+00,0.000000e+00,0.0000,0.0000,0
81,features.12,262,pruned_before,nan,0.000000e+00,0.000000e+00,0.0000,0.0000,0
81,features.12,263,pruned_before,nan,0.000000e+00,0.000000e+00,0.0000,0.0000,0
81,features.12,264,pruned_before,nan,0.000000e+00,0.000000e+00,0.0000,0.0000,0
81,features.12,265,pruned_before,nan,0.000000e+00,0.000000e+00,0.0000,0.0000,0
81,features.12,266,pruned_before,nan,0.000000e+00,0.000000e+00,0.0000,0.0000,0
81,features.12,267,pruned_before,nan,0.000000e+00,0.000000e+00,0.0000,0.0000,0
81,features.12,268,pruned_before,nan,0.000000e+00,0.000000e+00,0.0000,0.0000,0
81,features.12,269,pruned_before,nan,0.000000e+00,0.000000e+00,0.0000,0.0000,0
81,features.12,270,pruned_before,nan,0.000000e+00,0.000000e+00,0.0000,0.0000,0
81,features.12,271,pruned_before,nan,0.000000e+00,0.000000e+00,0.0000,0.0000,0
81,features.12,272,pruned_before,nan,0.000000e+00,0.000000e+00,0.0000,0.0000,0
81,features.12,273,pruned_before,nan,0.000000e+00,0.000000e+00,0.0000,0.0000,0
81,features.12,274,pruned_before,nan,0.000000e+00,0.000000e+00,0.0000,0.0000,0
81,features.12,275,pruned_before,nan,0.000000e+00,0.000000e+00,0.0000,0.0000,0
81,features.12,276,pruned_before,nan,0.000000e+00,0.000000e+00,0.0000,0.0000,0
81,features.12,277,pruned_before,nan,0.000000e+00,0.000000e+00,0.0000,0.0000,0
81,features.12,278,pruned_before,nan,0.000000e+00,0.000000e+00,0.0000,0.0000,0
81,features.12,279,pruned_before,nan,0.000000e+00,0.000000e+00,0.0000,0.0000,0
81,features.12,280,pruned_before,nan,0.000000e+00,0.000000e+00,0.0000,0.0000,0
81,features.12,281,pruned_before,nan,0.000000e+00,0.000000e+00,0.0000,0.0000,0
81,features.12,282,pruned_before,nan,0.000000e+00,0.000000e+00,0.0000,0.0000,0
81,features.12,283,pruned_before,nan,0.000000e+00,0.000000e+00,0.0000,0.0000,0
81,features.12,284,pruned_before,nan,0.000000e+00,0.000000e+00,0.0000,0.0000,0
81,features.12,285,pruned_before,nan,0.000000e+00,0.000000e+00,0.0000,0.0000,0
81,features.12,286,pruned_before,nan,0.000000e+00,0.000000e+00,0.0000,0.0000,0
81,features.12,287,pruned_before,nan,0.000000e+00,0.000000e+00,0.0000,0.0000,0
81,features.12,288,pruned_before,nan,0.000000e+00,0.000000e+00,0.0000,0.0000,0
81,features.12,289,pruned_before,nan,0.000000e+00,0.000000e+00,0.0000,0.0000,0
81,features.12,290,pruned_before,nan,0.000000e+00,0.000000e+00,0.0000,0.0000,0
81,features.12,291,pruned_before,nan,0.000000e+00,0.000000e+00,0.0000,0.0000,0
81,features.12,292,pruned_before,nan,0.000000e+00,0.000000e+00,0.0000,0.0000,0
81,features.12,293,pruned_before,nan,0.000000e+00,0.000000e+00,0.0000,0.0000,0
81,features.12,294,pruned_before,nan,0.000000e+00,0.000000e+00,0.0000,0.0000,0
81,features.12,295,pruned_before,nan,0.000000e+00,0.000000e+00,0.0000,0.0000,0
81,features.12,296,pruned_before,nan,0.000000e+00,0.000000e+00,0.0000,0.0000,0
81,features.12,297,pruned_before,nan,0.000000e+00,0.000000e+00,0.0000,0.0000,0
81,features.12,298,pruned_before,nan,0.000000e+00,0.000000e+00,0.0000,0.0000,0
81,features.12,299,pruned_before,nan,0.000000e+00,0.000000e+00,0.0000,0.0000,0
81,features.12,300,pruned_before,nan,0.000000e+00,0.000000e+00,0.0000,0.0000,0
81,features.12,301,pruned_before,nan,0.000000e+00,0.000000e+00,0.0000,0.0000,0
81,features.12,302,pruned_before,nan,0.000000e+00,0.000000e+00,0.0000,0.0000,0
81,features.12,303,pruned_before,nan,0.000000e+00,0.000000e+00,0.0000,0.0000,0
81,features.12,304,pruned_before,nan,0.000000e+00,0.000000e+00,0.0000,0.0000,0
81,features.12,305,pruned_before,nan,0.000000e+00,0.000000e+00,0.0000,0.0000,0
81,features.12,306,pruned_before,nan,0.000000e+00,0.000000e+00,0.0000,0.0000,0
81,features.12,307,pruned_before,nan,0.000000e+00,0.000000e+00,0.0000,0.0000,0
81,features.12,308,pruned_before,nan,0.000000e+00,0.000000e+00,0.0000,0.0000,0
81,features.12,309,pruned_before,nan,0.000000e+00,0.000000e+00,0.0000,0.0000,0
81,features.12,310,pruned_before,nan,0.000000e+00,0.000000e+00,0.0000,0.0000,0
81,features.12,311,pruned_before,nan,0.000000e+00,0.000000e+00,0.0000,0.0000,0
81,features.12,312,pruned_before,nan,0.000000e+00,0.000000e+00,0.0000,0.0000,0
81,features.12,313,pruned_before,nan,0.000000e+00,0.000000e+00,0.0000,0.0000,0
81,features.12,314,pruned_before,nan,0.000000e+00,0.000000e+00,0.0000,0.0000,0
81,features.12,315,pruned_before,nan,0.000000e+00,0.000000e+00,0.0000,0.0000,0
81,features.12,316,pruned_before,nan,0.000000e+00,0.000000e+00,0.0000,0.0000,0
81,features.12,317,pruned_before,nan,0.000000e+00,0.000000e+00,0.0000,0.0000,0
81,features.12,318,pruned_before,nan,0.000000e+00,0.000000e+00,0.0000,0.0000,0
81,features.12,319,pruned_before,nan,0.000000e+00,0.000000e+00,0.0000,0.0000,0
81,features.12,320,pruned_before,nan,0.000000e+00,0.000000e+00,0.0000,0.0000,0
81,features.12,321,pruned_before,nan,0.000000e+00,0.000000e+00,0.0000,0.0000,0
81,features.12,322,pruned_before,nan,0.000000e+00,0.000000e+00,0.0000,0.0000,0
81,features.12,323,pruned_before,nan,0.000000e+00,0.000000e+00,0.0000,0.0000,0
81,features.12,324,pruned_before,nan,0.000000e+00,0.000000e+00,0.0000,0.0000,0
81,features.12,325,pruned_before,nan,0.000000e+00,0.000000e+00,0.0000,0.0000,0
81,features.12,326,pruned_before,nan,0.000000e+00,0.000000e+00,0.0000,0.0000,0
81,features.12,327,pruned_before,nan,0.000000e+00,0.000000e+00,0.0000,0.0000,0
81,features.12,328,pruned_before,nan,0.000000e+00,0.000000e+00,0.0000,0.0000,0
81,features.12,329,pruned_before,nan,0.000000e+00,0.000000e+00,0.0000,0.0000,0
81,features.12,330,pruned_before,nan,0.000000e+00,0.000000e+00,0.0000,0.0000,0
81,features.12,331,pruned_before,nan,0.000000e+00,0.000000e+00,0.0000,0.0000,0
81,features.12,332,pruned_before,nan,0.000000e+00,0.000000e+00,0.0000,0.0000,0
81,features.12,333,pruned_before,nan,0.000000e+00,0.000000e+00,0.0000,0.0000,0
81,features.12,334,pruned_before,nan,0.000000e+00,0.000000e+00,0.0000,0.0000,0
81,features.12,335,pruned_before,nan,0.000000e+00,0.000000e+00,0.0000,0.0000,0
81,features.12,336,pruned_before,nan,0.000000e+00,0.000000e+00,0.0000,0.0000,0
81,features.12,337,pruned_before,nan,0.000000e+00,0.000000e+00,0.0000,0.0000,0
81,features.12,338,pruned_before,nan,0.000000e+00,0.000000e+00,0.0000,0.0000,0
81,features.12,339,pruned_before,nan,0.000000e+00,0.000000e+00,0.0000,0.0000,0
81,features.12,340,pruned_before,nan,0.000000e+00,0.000000e+00,0.0000,0.0000,0
81,features.12,341,pruned_before,nan,0.000000e+00,0.000000e+00,0.0000,0.0000,0
81,features.12,342,pruned_before,nan,0.000000e+00,0.000000e+00,0.0000,0.0000,0
81,features.12,343,pruned_before,nan,0.000000e+00,0.000000e+00,0.0000,0.0000,0
81,features.12,344,pruned_before,nan,0.000000e+00,0.000000e+00,0.0000,0.0000,0
81,features.12,345,pruned_before,nan,0.000000e+00,0.000000e+00,0.0000,0.0000,0
81,features.12,346,pruned_before,nan,0.000000e+00,0.000000e+00,0.0000,0.0000,0
81,features.12,347,pruned_before,nan,0.000000e+00,0.000000e+00,0.0000,0.0000,0
81,features.12,348,pruned_before,nan,0.000000e+00,0.000000e+00,0.0000,0.0000,0
81,features.12,349,pruned_before,nan,0.000000e+00,0.000000e+00,0.0000,0.0000,0
81,features.12,350,pruned_before,nan,0.000000e+00,0.000000e+00,0.0000,0.0000,0
81,features.12,351,pruned_before,nan,0.000000e+00,0.000000e+00,0.0000,0.0000,0
81,features.12,352,pruned_before,nan,0.000000e+00,0.000000e+00,0.0000,0.0000,0
81,features.12,353,pruned_before,nan,0.000000e+00,0.000000e+00,0.0000,0.0000,0
81,features.12,354,pruned_before,nan,0.000000e+00,0.000000e+00,0.0000,0.0000,0
81,features.12,355,pruned_before,nan,0.000000e+00,0.000000e+00,0.0000,0.0000,0
81,features.12,356,pruned_before,nan,0.000000e+00,0.000000e+00,0.0000,0.0000,0
81,features.12,357,pruned_before,nan,0.000000e+00,0.000000e+00,0.0000,0.0000,0
81,features.12,358,pruned_before,nan,0.000000e+00,0.000000e+00,0.0000,0.0000,0
81,features.12,359,pruned_before,nan,0.000000e+00,0.000000e+00,0.0000,0.0000,0
81,features.12,360,pruned_before,nan,0.000000e+00,0.000000e+00,0.0000,0.0000,0
81,features.12,361,pruned_now,-0.036900,1.666033e-08,5.758028e-05,0.0672,0.0338,201
81,features.12,362,pruned_before,nan,0.000000e+00,0.000000e+00,0.0000,0.0000,0
81,features.12,363,pruned_before,nan,0.000000e+00,0.000000e+00,0.0000,0.0000,0
81,features.12,364,pruned_before,nan,0.000000e+00,0.000000e+00,0.0000,0.0000,0
81,features.12,365,pruned_before,nan,0.000000e+00,0.000000e+00,0.0000,0.0000,0
81,features.12,366,pruned_before,nan,0.000000e+00,0.000000e+00,0.0000,0.0000,0
81,features.12,367,pruned_before,nan,0.000000e+00,0.000000e+00,0.0000,0.0000,0
81,features.12,368,pruned_before,nan,0.000000e+00,0.000000e+00,0.0000,0.0000,0
81,features.12,369,active,0.000000,0.000000e+00,0.000000e+00,0.0000,0.0000,201
81,features.12,370,pruned_before,nan,0.000000e+00,0.000000e+00,0.0000,0.0000,0
81,features.12,371,pruned_before,nan,0.000000e+00,0.000000e+00,0.0000,0.0000,0
81,features.12,372,pruned_before,nan,0.000000e+00,0.000000e+00,0.0000,0.0000,0
81,features.12,373,pruned_before,nan,0.000000e+00,0.000000e+00,0.0000,0.0000,0
81,features.12,374,pruned_before,nan,0.000000e+00,0.000000e+00,0.0000,0.0000,0
81,features.12,375,pruned_before,nan,0.000000e+00,0.000000e+00,0.0000,0.0000,0
81,features.12,376,pruned_before,nan,0.000000e+00,0.000000e+00,0.0000,0.0000,0
81,features.12,377,pruned_before,nan,0.000000e+00,0.000000e+00,0.0000,0.0000,0
81,features.12,378,pruned_before,nan,0.000000e+00,0.000000e+00,0.0000,0.0000,0
81,features.12,379,pruned_before,nan,0.000000e+00,0.000000e+00,0.0000,0.0000,0
81,features.12,380,pruned_before,nan,0.000000e+00,0.000000e+00,0.0000,0.0000,0
81,features.12,381,pruned_before,nan,0.000000e+00,0.000000e+00,0.0000,0.0000,0
81,features.12,382,pruned_before,nan,0.000000e+00,0.000000e+00,0.0000,0.0000,0
81,features.12,383,pruned_before,nan,0.000000e+00,0.000000e+00,0.0000,0.0000,0
81,features.12,384,pruned_before,nan,0.000000e+00,0.000000e+00,0.0000,0.0000,0
81,features.12,385,pruned_before,nan,0.000000e+00,0.000000e+00,0.0000,0.0000,0
81,features.12,386,pruned_before,nan,0.000000e+00,0.000000e+00,0.0000,0.0000,0
81,features.12,387,pruned_before,nan,0.000000e+00,0.000000e+00,0.0000,0.0000,0
81,features.12,388,pruned_before,nan,0.000000e+00,0.000000e+00,0.0000,0.0000,0
81,features.12,389,pruned_before,nan,0.000000e+00,0.000000e+00,0.0000,0.0000,0
81,features.12,390,pruned_before,nan,0.000000e+00,0.000000e+00,0.0000,0.0000,0
81,features.12,391,pruned_before,nan,0.000000e+00,0.000000e+00,0.0000,0.0000,0
81,features.12,392,pruned_before,nan,0.000000e+00,0.000000e+00,0.0000,0.0000,0
81,features.12,393,pruned_before,nan,0.000000e+00,0.000000e+00,0.0000,0.0000,0
81,features.12,394,pruned_before,nan,0.000000e+00,0.000000e+00,0.0000,0.0000,0
81,features.12,395,pruned_before,nan,0.000000e+00,0.000000e+00,0.0000,0.0000,0
81,features.12,396,pruned_before,nan,0.000000e+00,0.000000e+00,0.0000,0.0000,0
81,features.12,397,pruned_before,nan,0.000000e+00,0.000000e+00,0.0000,0.0000,0
81,features.12,398,pruned_before,nan,0.000000e+00,0.000000e+00,0.0000,0.0000,0
81,features.12,399,pruned_before,nan,0.000000e+00,0.000000e+00,0.0000,0.0000,0
81,features.12,400,pruned_before,nan,0.000000e+00,0.000000e+00,0.0000,0.0000,0
81,features.12,401,pruned_before,nan,0.000000e+00,0.000000e+00,0.0000,0.0000,0
81,features.12,402,pruned_before,nan,0.000000e+00,0.000000e+00,0.0000,0.0000,0
81,features.12,403,active,-0.024215,8.723813e-09,2.335570e-06,0.0352,0.0014,201
81,features.12,404,pruned_before,nan,0.000000e+00,0.000000e+00,0.0000,0.0000,0
81,features.12,405,pruned_before,nan,0.000000e+00,0.000000e+00,0.0000,0.0000,0
81,features.12,406,pruned_before,nan,0.000000e+00,0.000000e+00,0.0000,0.0000,0
81,features.12,407,pruned_before,nan,0.000000e+00,0.000000e+00,0.0000,0.0000,0
81,features.12,408,pruned_before,nan,0.000000e+00,0.000000e+00,0.0000,0.0000,0
81,features.12,409,pruned_before,nan,0.000000e+00,0.000000e+00,0.0000,0.0000,0
81,features.12,410,pruned_before,nan,0.000000e+00,0.000000e+00,0.0000,0.0000,0
81,features.12,411,pruned_before,nan,0.000000e+00,0.000000e+00,0.0000,0.0000,0
81,features.12,412,pruned_before,nan,0.000000e+00,0.000000e+00,0.0000,0.0000,0
81,features.12,413,pruned_before,nan,0.000000e+00,0.000000e+00,0.0000,0.0000,0
81,features.12,414,pruned_before,nan,0.000000e+00,0.000000e+00,0.0000,0.0000,0
81,features.12,415,pruned_before,nan,0.000000e+00,0.000000e+00,0.0000,0.0000,0
81,features.12,416,pruned_before,nan,0.000000e+00,0.000000e+00,0.0000,0.0000,0
81,features.12,417,pruned_before,nan,0.000000e+00,0.000000e+00,0.0000,0.0000,0
81,features.12,418,pruned_before,nan,0.000000e+00,0.000000e+00,0.0000,0.0000,0
81,features.12,419,pruned_before,nan,0.000000e+00,0.000000e+00,0.0000,0.0000,0
81,features.12,420,pruned_before,nan,0.000000e+00,0.000000e+00,0.0000,0.0000,0
81,features.12,421,pruned_before,nan,0.000000e+00,0.000000e+00,0.0000,0.0000,0
81,features.12,422,pruned_before,nan,0.000000e+00,0.000000e+00,0.0000,0.0000,0
81,features.12,423,pruned_before,nan,0.000000e+00,0.000000e+00,0.0000,0.0000,0
81,features.12,424,pruned_before,nan,0.000000e+00,0.000000e+00,0.0000,0.0000,0
81,features.12,425,pruned_before,nan,0.000000e+00,0.000000e+00,0.0000,0.0000,0
81,features.12,426,pruned_before,nan,0.000000e+00,0.000000e+00,0.0000,0.0000,0
81,features.12,427,pruned_before,nan,0.000000e+00,0.000000e+00,0.0000,0.0000,0
81,features.12,428,pruned_before,nan,0.000000e+00,0.000000e+00,0.0000,0.0000,0
81,features.12,429,pruned_before,nan,0.000000e+00,0.000000e+00,0.0000,0.0000,0
81,features.12,430,pruned_before,nan,0.000000e+00,0.000000e+00,0.0000,0.0000,0
81,features.12,431,pruned_before,nan,0.000000e+00,0.000000e+00,0.0000,0.0000,0
81,features.12,432,pruned_before,nan,0.000000e+00,0.000000e+00,0.0000,0.0000,0
81,features.12,433,pruned_before,nan,0.000000e+00,0.000000e+00,0.0000,0.0000,0
81,features.12,434,pruned_before,nan,0.000000e+00,0.000000e+00,0.0000,0.0000,0
81,features.12,435,pruned_before,nan,0.000000e+00,0.000000e+00,0.0000,0.0000,0
81,features.12,436,pruned_before,nan,0.000000e+00,0.000000e+00,0.0000,0.0000,0
81,features.12,437,pruned_before,nan,0.000000e+00,0.000000e+00,0.0000,0.0000,0
81,features.12,438,pruned_before,nan,0.000000e+00,0.000000e+00,0.0000,0.0000,0
81,features.12,439,pruned_before,nan,0.000000e+00,0.000000e+00,0.0000,0.0000,0
81,features.12,440,pruned_before,nan,0.000000e+00,0.000000e+00,0.0000,0.0000,0
81,features.12,441,pruned_before,nan,0.000000e+00,0.000000e+00,0.0000,0.0000,0
81,features.12,442,pruned_before,nan,0.000000e+00,0.000000e+00,0.0000,0.0000,0
81,features.12,443,pruned_before,nan,0.000000e+00,0.000000e+00,0.0000,0.0000,0
81,features.12,444,pruned_before,nan,0.000000e+00,0.000000e+00,0.0000,0.0000,0
81,features.12,445,pruned_before,nan,0.000000e+00,0.000000e+00,0.0000,0.0000,0
81,features.12,446,pruned_before,nan,0.000000e+00,0.000000e+00,0.0000,0.0000,0
81,features.12,447,pruned_before,nan,0.000000e+00,0.000000e+00,0.0000,0.0000,0
81,features.12,448,pruned_before,nan,0.000000e+00,0.000000e+00,0.0000,0.0000,0
81,features.12,449,pruned_before,nan,0.000000e+00,0.000000e+00,0.0000,0.0000,0
81,features.12,450,pruned_before,nan,0.000000e+00,0.000000e+00,0.0000,0.0000,0
81,features.12,451,pruned_before,nan,0.000000e+00,0.000000e+00,0.0000,0.0000,0
81,features.12,452,pruned_before,nan,0.000000e+00,0.000000e+00,0.0000,0.0000,0
81,features.12,453,pruned_before,nan,0.000000e+00,0.000000e+00,0.0000,0.0000,0
81,features.12,454,pruned_before,nan,0.000000e+00,0.000000e+00,0.0000,0.0000,0
81,features.12,455,pruned_before,nan,0.000000e+00,0.000000e+00,0.0000,0.0000,0
81,features.12,456,pruned_before,nan,0.000000e+00,0.000000e+00,0.0000,0.0000,0
81,features.12,457,pruned_before,nan,0.000000e+00,0.000000e+00,0.0000,0.0000,0
81,features.12,458,pruned_before,nan,0.000000e+00,0.000000e+00,0.0000,0.0000,0
81,features.12,459,pruned_before,nan,0.000000e+00,0.000000e+00,0.0000,0.0000,0
81,features.12,460,pruned_before,nan,0.000000e+00,0.000000e+00,0.0000,0.0000,0
81,features.12,461,pruned_before,nan,0.000000e+00,0.000000e+00,0.0000,0.0000,0
81,features.12,462,pruned_before,nan,0.000000e+00,0.000000e+00,0.0000,0.0000,0
81,features.12,463,pruned_before,nan,0.000000e+00,0.000000e+00,0.0000,0.0000,0
81,features.12,464,pruned_before,nan,0.000000e+00,0.000000e+00,0.0000,0.0000,0
81,features.12,465,pruned_before,nan,0.000000e+00,0.000000e+00,0.0000,0.0000,0
81,features.12,466,pruned_before,nan,0.000000e+00,0.000000e+00,0.0000,0.0000,0
81,features.12,467,pruned_before,nan,0.000000e+00,0.000000e+00,0.0000,0.0000,0
81,features.12,468,pruned_before,nan,0.000000e+00,0.000000e+00,0.0000,0.0000,0
81,features.12,469,pruned_before,nan,0.000000e+00,0.000000e+00,0.0000,0.0000,0
81,features.12,470,pruned_before,nan,0.000000e+00,0.000000e+00,0.0000,0.0000,0
81,features.12,471,pruned_before,nan,0.000000e+00,0.000000e+00,0.0000,0.0000,0
81,features.12,472,pruned_before,nan,0.000000e+00,0.000000e+00,0.0000,0.0000,0
81,features.12,473,pruned_before,nan,0.000000e+00,0.000000e+00,0.0000,0.0000,0
81,features.12,474,pruned_before,nan,0.000000e+00,0.000000e+00,0.0000,0.0000,0
81,features.12,475,pruned_before,nan,0.000000e+00,0.000000e+00,0.0000,0.0000,0
81,features.12,476,pruned_before,nan,0.000000e+00,0.000000e+00,0.0000,0.0000,0
81,features.12,477,pruned_before,nan,0.000000e+00,0.000000e+00,0.0000,0.0000,0
81,features.12,478,pruned_before,nan,0.000000e+00,0.000000e+00,0.0000,0.0000,0
81,features.12,479,pruned_before,nan,0.000000e+00,0.000000e+00,0.0000,0.0000,0
81,features.12,480,pruned_before,nan,0.000000e+00,0.000000e+00,0.0000,0.0000,0
81,features.12,481,active,-0.035348,1.811277e-08,8.970806e-05,0.0730,0.0526,201
81,features.12,482,pruned_before,nan,0.000000e+00,0.000000e+00,0.0000,0.0000,0
81,features.12,483,pruned_before,nan,0.000000e+00,0.000000e+00,0.0000,0.0000,0
81,features.12,484,pruned_before,nan,0.000000e+00,0.000000e+00,0.0000,0.0000,0
81,features.12,485,pruned_before,nan,0.000000e+00,0.000000e+00,0.0000,0.0000,0
81,features.12,486,pruned_before,nan,0.000000e+00,0.000000e+00,0.0000,0.0000,0
81,features.12,487,pruned_before,nan,0.000000e+00,0.000000e+00,0.0000,0.0000,0
81,features.12,488,pruned_before,nan,0.000000e+00,0.000000e+00,0.0000,0.0000,0
81,features.12,489,pruned_before,nan,0.000000e+00,0.000000e+00,0.0000,0.0000,0
81,features.12,490,pruned_before,nan,0.000000e+00,0.000000e+00,0.0000,0.0000,0
81,features.12,491,pruned_before,nan,0.000000e+00,0.000000e+00,0.0000,0.0000,0
81,features.12,492,pruned_before,nan,0.000000e+00,0.000000e+00,0.0000,0.0000,0
81,features.12,493,active,-0.000132,5.188224e-11,8.107052e-08,0.0002,0.0000,201
81,features.12,494,pruned_before,nan,0.000000e+00,0.000000e+00,0.0000,0.0000,0
81,features.12,495,pruned_before,nan,0.000000e+00,0.000000e+00,0.0000,0.0000,0
81,features.12,496,pruned_before,nan,0.000000e+00,0.000000e+00,0.0000,0.0000,0
81,features.12,497,pruned_before,nan,0.000000e+00,0.000000e+00,0.0000,0.0000,0
81,features.12,498,pruned_before,nan,0.000000e+00,0.000000e+00,0.0000,0.0000,0
81,features.12,499,pruned_before,nan,0.000000e+00,0.000000e+00,0.0000,0.0000,0
81,features.12,500,pruned_before,nan,0.000000e+00,0.000000e+00,0.0000,0.0000,0
81,features.12,501,pruned_before,nan,0.000000e+00,0.000000e+00,0.0000,0.0000,0
81,features.12,502,pruned_before,nan,0.000000e+00,0.000000e+00,0.0000,0.0000,0
81,features.12,503,pruned_before,nan,0.000000e+00,0.000000e+00,0.0000,0.0000,0
81,features.12,504,pruned_before,nan,0.000000e+00,0.000000e+00,0.0000,0.0000,0
81,features.12,505,pruned_before,nan,0.000000e+00,0.000000e+00,0.0000,0.0000,0
81,features.12,506,pruned_before,nan,0.000000e+00,0.000000e+00,0.0000,0.0000,0
81,features.12,507,pruned_before,nan,0.000000e+00,0.000000e+00,0.0000,0.0000,0
81,features.12,508,pruned_before,nan,0.000000e+00,0.000000e+00,0.0000,0.0000,0
81,features.12,509,pruned_before,nan,0.000000e+00,0.000000e+00,0.0000,0.0000,0
81,features.12,510,pruned_before,nan,0.000000e+00,0.000000e+00,0.0000,0.0000,0
81,features.12,511,pruned_before,nan,0.000000e+00,0.000000e+00,0.0000,0.0000,0
81,features.12,512,active,-0.010193,4.814514e-09,1.931233e-05,0.0194,0.0113,201
81,features.12,513,pruned_before,nan,0.000000e+00,0.000000e+00,0.0000,0.0000,0
81,features.12,514,pruned_before,nan,0.000000e+00,0.000000e+00,0.0000,0.0000,0
81,features.12,515,pruned_before,nan,0.000000e+00,0.000000e+00,0.0000,0.0000,0
81,features.12,516,pruned_before,nan,0.000000e+00,0.000000e+00,0.0000,0.0000,0
81,features.12,517,pruned_before,nan,0.000000e+00,0.000000e+00,0.0000,0.0000,0
81,features.12,518,pruned_before,nan,0.000000e+00,0.000000e+00,0.0000,0.0000,0
81,features.12,519,pruned_before,nan,0.000000e+00,0.000000e+00,0.0000,0.0000,0
81,features.12,520,pruned_before,nan,0.000000e+00,0.000000e+00,0.0000,0.0000,0
81,features.12,521,pruned_before,nan,0.000000e+00,0.000000e+00,0.0000,0.0000,0
81,features.12,522,pruned_before,nan,0.000000e+00,0.000000e+00,0.0000,0.0000,0
81,features.12,523,pruned_before,nan,0.000000e+00,0.000000e+00,0.0000,0.0000,0
81,features.12,524,pruned_before,nan,0.000000e+00,0.000000e+00,0.0000,0.0000,0
81,features.12,525,pruned_before,nan,0.000000e+00,0.000000e+00,0.0000,0.0000,0
81,features.12,526,pruned_before,nan,0.000000e+00,0.000000e+00,0.0000,0.0000,0
81,features.12,527,pruned_before,nan,0.000000e+00,0.000000e+00,0.0000,0.0000,0
81,features.12,528,pruned_before,nan,0.000000e+00,0.000000e+00,0.0000,0.0000,0
81,features.12,529,pruned_before,nan,0.000000e+00,0.000000e+00,0.0000,0.0000,0
81,features.12,530,pruned_before,nan,0.000000e+00,0.000000e+00,0.0000,0.0000,0
81,features.12,531,pruned_before,nan,0.000000e+00,0.000000e+00,0.0000,0.0000,0
81,features.12,532,pruned_before,nan,0.000000e+00,0.000000e+00,0.0000,0.0000,0
81,features.12,533,pruned_before,nan,0.000000e+00,0.000000e+00,0.0000,0.0000,0
81,features.12,534,pruned_before,nan,0.000000e+00,0.000000e+00,0.0000,0.0000,0
81,features.12,535,pruned_before,nan,0.000000e+00,0.000000e+00,0.0000,0.0000,0
81,features.12,536,pruned_before,nan,0.000000e+00,0.000000e+00,0.0000,0.0000,0
81,features.12,537,pruned_before,nan,0.000000e+00,0.000000e+00,0.0000,0.0000,0
81,features.12,538,pruned_before,nan,0.000000e+00,0.000000e+00,0.0000,0.0000,0
81,features.12,539,pruned_before,nan,0.000000e+00,0.000000e+00,0.0000,0.0000,0
81,features.12,540,pruned_before,nan,0.000000e+00,0.000000e+00,0.0000,0.0000,0
81,features.12,541,pruned_before,nan,0.000000e+00,0.000000e+00,0.0000,0.0000,0
81,features.12,542,pruned_before,nan,0.000000e+00,0.000000e+00,0.0000,0.0000,0
81,features.12,543,pruned_before,nan,0.000000e+00,0.000000e+00,0.0000,0.0000,0
81,features.12,544,pruned_before,nan,0.000000e+00,0.000000e+00,0.0000,0.0000,0
81,features.12,545,pruned_before,nan,0.000000e+00,0.000000e+00,0.0000,0.0000,0
81,features.12,546,pruned_before,nan,0.000000e+00,0.000000e+00,0.0000,0.0000,0
81,features.12,547,pruned_before,nan,0.000000e+00,0.000000e+00,0.0000,0.0000,0
81,features.12,548,pruned_before,nan,0.000000e+00,0.000000e+00,0.0000,0.0000,0
81,features.12,549,pruned_before,nan,0.000000e+00,0.000000e+00,0.0000,0.0000,0
81,features.12,550,pruned_before,nan,0.000000e+00,0.000000e+00,0.0000,0.0000,0
81,features.12,551,active,-0.022504,8.474968e-09,8.069250e-06,0.0342,0.0047,201
81,features.12,552,pruned_before,nan,0.000000e+00,0.000000e+00,0.0000,0.0000,0
81,features.12,553,pruned_before,nan,0.000000e+00,0.000000e+00,0.0000,0.0000,0
81,features.12,554,pruned_before,nan,0.000000e+00,0.000000e+00,0.0000,0.0000,0
81,features.12,555,pruned_before,nan,0.000000e+00,0.000000e+00,0.0000,0.0000,0
81,features.12,556,pruned_before,nan,0.000000e+00,0.000000e+00,0.0000,0.0000,0
81,features.12,557,pruned_before,nan,0.000000e+00,0.000000e+00,0.0000,0.0000,0
81,features.12,558,pruned_before,nan,0.000000e+00,0.000000e+00,0.0000,0.0000,0
81,features.12,559,pruned_before,nan,0.000000e+00,0.000000e+00,0.0000,0.0000,0
81,features.12,560,pruned_before,nan,0.000000e+00,0.000000e+00,0.0000,0.0000,0
81,features.12,561,pruned_before,nan,0.000000e+00,0.000000e+00,0.0000,0.0000,0
81,features.12,562,pruned_before,nan,0.000000e+00,0.000000e+00,0.0000,0.0000,0
81,features.12,563,pruned_before,nan,0.000000e+00,0.000000e+00,0.0000,0.0000,0
81,features.12,564,pruned_before,nan,0.000000e+00,0.000000e+00,0.0000,0.0000,0
81,features.12,565,pruned_before,nan,0.000000e+00,0.000000e+00,0.0000,0.0000,0
81,features.12,566,pruned_before,nan,0.000000e+00,0.000000e+00,0.0000,0.0000,0
81,features.12,567,pruned_before,nan,0.000000e+00,0.000000e+00,0.0000,0.0000,0
81,features.12,568,pruned_before,nan,0.000000e+00,0.000000e+00,0.0000,0.0000,0
81,features.12,569,pruned_before,nan,0.000000e+00,0.000000e+00,0.0000,0.0000,0
81,features.12,570,pruned_before,nan,0.000000e+00,0.000000e+00,0.0000,0.0000,0
81,features.12,571,pruned_before,nan,0.000000e+00,0.000000e+00,0.0000,0.0000,0
81,features.12,572,pruned_before,nan,0.000000e+00,0.000000e+00,0.0000,0.0000,0
81,features.12,573,pruned_before,nan,0.000000e+00,0.000000e+00,0.0000,0.0000,0
81,features.12,574,pruned_before,nan,0.000000e+00,0.000000e+00,0.0000,0.0000,0
81,features.12,575,pruned_before,nan,0.000000e+00,0.000000e+00,0.0000,0.0000,0
81,features.13,0,pruned_before,nan,0.000000e+00,0.000000e+00,0.0000,0.0000,0
81,features.13,1,pruned_before,nan,0.000000e+00,0.000000e+00,0.0000,0.0000,0
81,features.13,2,pruned_before,nan,0.000000e+00,0.000000e+00,0.0000,0.0000,0
81,features.13,3,pruned_before,nan,0.000000e+00,0.000000e+00,0.0000,0.0000,0
81,features.13,4,pruned_before,nan,0.000000e+00,0.000000e+00,0.0000,0.0000,0
81,features.13,5,pruned_before,nan,0.000000e+00,0.000000e+00,0.0000,0.0000,0
81,features.13,6,pruned_before,nan,0.000000e+00,0.000000e+00,0.0000,0.0000,0
81,features.13,7,pruned_before,nan,0.000000e+00,0.000000e+00,0.0000,0.0000,0
81,features.13,8,pruned_before,nan,0.000000e+00,0.000000e+00,0.0000,0.0000,0
81,features.13,9,pruned_before,nan,0.000000e+00,0.000000e+00,0.0000,0.0000,0
81,features.13,10,pruned_before,nan,0.000000e+00,0.000000e+00,0.0000,0.0000,0
81,features.13,11,pruned_before,nan,0.000000e+00,0.000000e+00,0.0000,0.0000,0
81,features.13,12,pruned_before,nan,0.000000e+00,0.000000e+00,0.0000,0.0000,0
81,features.13,13,pruned_before,nan,0.000000e+00,0.000000e+00,0.0000,0.0000,0
81,features.13,14,pruned_before,nan,0.000000e+00,0.000000e+00,0.0000,0.0000,0
81,features.13,15,pruned_before,nan,0.000000e+00,0.000000e+00,0.0000,0.0000,0
81,features.13,16,pruned_before,nan,0.000000e+00,0.000000e+00,0.0000,0.0000,0
81,features.13,17,pruned_before,nan,0.000000e+00,0.000000e+00,0.0000,0.0000,0
81,features.13,18,pruned_before,nan,0.000000e+00,0.000000e+00,0.0000,0.0000,0
81,features.13,19,pruned_before,nan,0.000000e+00,0.000000e+00,0.0000,0.0000,0
81,features.13,20,pruned_before,nan,0.000000e+00,0.000000e+00,0.0000,0.0000,0
81,features.13,21,pruned_before,nan,0.000000e+00,0.000000e+00,0.0000,0.0000,0
81,features.13,22,pruned_before,nan,0.000000e+00,0.000000e+00,0.0000,0.0000,0
81,features.13,23,pruned_before,nan,0.000000e+00,0.000000e+00,0.0000,0.0000,0
81,features.13,24,pruned_before,nan,0.000000e+00,0.000000e+00,0.0000,0.0000,0
81,features.13,25,active,0.000000,0.000000e+00,0.000000e+00,0.0000,0.0000,201
81,features.13,26,pruned_before,nan,0.000000e+00,0.000000e+00,0.0000,0.0000,0
81,features.13,27,pruned_before,nan,0.000000e+00,0.000000e+00,0.0000,0.0000,0
81,features.13,28,pruned_before,nan,0.000000e+00,0.000000e+00,0.0000,0.0000,0
81,features.13,29,pruned_before,nan,0.000000e+00,0.000000e+00,0.0000,0.0000,0
81,features.13,30,pruned_before,nan,0.000000e+00,0.000000e+00,0.0000,0.0000,0
81,features.13,31,pruned_before,nan,0.000000e+00,0.000000e+00,0.0000,0.0000,0
81,features.13,32,pruned_before,nan,0.000000e+00,0.000000e+00,0.0000,0.0000,0
81,features.13,33,pruned_before,nan,0.000000e+00,0.000000e+00,0.0000,0.0000,0
81,features.13,34,pruned_before,nan,0.000000e+00,0.000000e+00,0.0000,0.0000,0
81,features.13,35,pruned_before,nan,0.000000e+00,0.000000e+00,0.0000,0.0000,0
81,features.13,36,pruned_before,nan,0.000000e+00,0.000000e+00,0.0000,0.0000,0
81,features.13,37,pruned_before,nan,0.000000e+00,0.000000e+00,0.0000,0.0000,0
81,features.13,38,pruned_before,nan,0.000000e+00,0.000000e+00,0.0000,0.0000,0
81,features.13,39,pruned_before,nan,0.000000e+00,0.000000e+00,0.0000,0.0000,0
81,features.13,40,pruned_before,nan,0.000000e+00,0.000000e+00,0.0000,0.0000,0
81,features.13,41,pruned_before,nan,0.000000e+00,0.000000e+00,0.0000,0.0000,0
81,features.13,42,pruned_before,nan,0.000000e+00,0.000000e+00,0.0000,0.0000,0
81,features.13,43,pruned_before,nan,0.000000e+00,0.000000e+00,0.0000,0.0000,0
81,features.13,44,active,0.010209,4.062321e-10,4.048726e-05,0.0003,0.0347,201
81,features.13,45,pruned_before,nan,0.000000e+00,0.000000e+00,0.0000,0.0000,0
81,features.13,46,pruned_before,nan,0.000000e+00,0.000000e+00,0.0000,0.0000,0
81,features.13,47,pruned_before,nan,0.000000e+00,0.000000e+00,0.0000,0.0000,0
81,features.13,48,pruned_before,nan,0.000000e+00,0.000000e+00,0.0000,0.0000,0
81,features.13,49,pruned_before,nan,0.000000e+00,0.000000e+00,0.0000,0.0000,0
81,features.13,50,pruned_before,nan,0.000000e+00,0.000000e+00,0.0000,0.0000,0
81,features.13,51,pruned_before,nan,0.000000e+00,0.000000e+00,0.0000,0.0000,0
81,features.13,52,pruned_before,nan,0.000000e+00,0.000000e+00,0.0000,0.0000,0
81,features.13,53,pruned_before,nan,0.000000e+00,0.000000e+00,0.0000,0.0000,0
81,features.13,54,pruned_before,nan,0.000000e+00,0.000000e+00,0.0000,0.0000,0
81,features.13,55,pruned_before,nan,0.000000e+00,0.000000e+00,0.0000,0.0000,0
81,features.13,56,pruned_before,nan,0.000000e+00,0.000000e+00,0.0000,0.0000,0
81,features.13,57,pruned_before,nan,0.000000e+00,0.000000e+00,0.0000,0.0000,0
81,features.13,58,pruned_before,nan,0.000000e+00,0.000000e+00,0.0000,0.0000,0
81,features.13,59,pruned_before,nan,0.000000e+00,0.000000e+00,0.0000,0.0000,0
81,features.13,60,pruned_before,nan,0.000000e+00,0.000000e+00,0.0000,0.0000,0
81,features.13,61,pruned_before,nan,0.000000e+00,0.000000e+00,0.0000,0.0000,0
81,features.13,62,pruned_before,nan,0.000000e+00,0.000000e+00,0.0000,0.0000,0
81,features.13,63,pruned_before,nan,0.000000e+00,0.000000e+00,0.0000,0.0000,0
81,features.13,64,pruned_before,nan,0.000000e+00,0.000000e+00,0.0000,0.0000,0
81,features.13,65,pruned_before,nan,0.000000e+00,0.000000e+00,0.0000,0.0000,0
81,features.13,66,pruned_before,nan,0.000000e+00,0.000000e+00,0.0000,0.0000,0
81,features.13,67,pruned_before,nan,0.000000e+00,0.000000e+00,0.0000,0.0000,0
81,features.13,68,pruned_before,nan,0.000000e+00,0.000000e+00,0.0000,0.0000,0
81,features.13,69,pruned_before,nan,0.000000e+00,0.000000e+00,0.0000,0.0000,0
81,features.13,70,pruned_before,nan,0.000000e+00,0.000000e+00,0.0000,0.0000,0
81,features.13,71,pruned_before,nan,0.000000e+00,0.000000e+00,0.0000,0.0000,0
81,features.13,72,pruned_before,nan,0.000000e+00,0.000000e+00,0.0000,0.0000,0
81,features.13,73,pruned_before,nan,0.000000e+00,0.000000e+00,0.0000,0.0000,0
81,features.13,74,pruned_before,nan,0.000000e+00,0.000000e+00,0.0000,0.0000,0
81,features.13,75,pruned_before,nan,0.000000e+00,0.000000e+00,0.0000,0.0000,0
81,features.13,76,pruned_before,nan,0.000000e+00,0.000000e+00,0.0000,0.0000,0
81,features.13,77,pruned_before,nan,0.000000e+00,0.000000e+00,0.0000,0.0000,0
81,features.13,78,pruned_before,nan,0.000000e+00,0.000000e+00,0.0000,0.0000,0
81,features.13,79,pruned_before,nan,0.000000e+00,0.000000e+00,0.0000,0.0000,0
81,features.13,80,pruned_before,nan,0.000000e+00,0.000000e+00,0.0000,0.0000,0
81,features.13,81,pruned_before,nan,0.000000e+00,0.000000e+00,0.0000,0.0000,0
81,features.13,82,pruned_before,nan,0.000000e+00,0.000000e+00,0.0000,0.0000,0
81,features.13,83,pruned_before,nan,0.000000e+00,0.000000e+00,0.0000,0.0000,0
81,features.13,84,pruned_before,nan,0.000000e+00,0.000000e+00,0.0000,0.0000,0
81,features.13,85,pruned_before,nan,0.000000e+00,0.000000e+00,0.0000,0.0000,0
81,features.13,86,pruned_before,nan,0.000000e+00,0.000000e+00,0.0000,0.0000,0
81,features.13,87,pruned_before,nan,0.000000e+00,0.000000e+00,0.0000,0.0000,0
81,features.13,88,pruned_before,nan,0.000000e+00,0.000000e+00,0.0000,0.0000,0
81,features.13,89,pruned_before,nan,0.000000e+00,0.000000e+00,0.0000,0.0000,0
81,features.13,90,pruned_before,nan,0.000000e+00,0.000000e+00,0.0000,0.0000,0
81,features.13,91,pruned_before,nan,0.000000e+00,0.000000e+00,0.0000,0.0000,0
81,features.13,92,pruned_before,nan,0.000000e+00,0.000000e+00,0.0000,0.0000,0
81,features.13,93,pruned_before,nan,0.000000e+00,0.000000e+00,0.0000,0.0000,0
81,features.13,94,pruned_before,nan,0.000000e+00,0.000000e+00,0.0000,0.0000,0
81,features.13,95,pruned_before,nan,0.000000e+00,0.000000e+00,0.0000,0.0000,0
81,features.13,96,pruned_before,nan,0.000000e+00,0.000000e+00,0.0000,0.0000,0
81,features.13,97,pruned_before,nan,0.000000e+00,0.000000e+00,0.0000,0.0000,0
81,features.13,98,pruned_before,nan,0.000000e+00,0.000000e+00,0.0000,0.0000,0
81,features.13,99,pruned_before,nan,0.000000e+00,0.000000e+00,0.0000,0.0000,0
81,features.13,100,pruned_before,nan,0.000000e+00,0.000000e+00,0.0000,0.0000,0
81,features.13,101,pruned_before,nan,0.000000e+00,0.000000e+00,0.0000,0.0000,0
81,features.13,102,pruned_before,nan,0.000000e+00,0.000000e+00,0.0000,0.0000,0
81,features.13,103,pruned_before,nan,0.000000e+00,0.000000e+00,0.0000,0.0000,0
81,features.13,104,pruned_before,nan,0.000000e+00,0.000000e+00,0.0000,0.0000,0
81,features.13,105,pruned_before,nan,0.000000e+00,0.000000e+00,0.0000,0.0000,0
81,features.13,106,pruned_before,nan,0.000000e+00,0.000000e+00,0.0000,0.0000,0
81,features.13,107,pruned_before,nan,0.000000e+00,0.000000e+00,0.0000,0.0000,0
81,features.13,108,pruned_before,nan,0.000000e+00,0.000000e+00,0.0000,0.0000,0
81,features.13,109,pruned_before,nan,0.000000e+00,0.000000e+00,0.0000,0.0000,0
81,features.13,110,pruned_before,nan,0.000000e+00,0.000000e+00,0.0000,0.0000,0
81,features.13,111,pruned_before,nan,0.000000e+00,0.000000e+00,0.0000,0.0000,0
81,features.13,112,pruned_before,nan,0.000000e+00,0.000000e+00,0.0000,0.0000,0
81,features.13,113,pruned_before,nan,0.000000e+00,0.000000e+00,0.0000,0.0000,0
81,features.13,114,pruned_before,nan,0.000000e+00,0.000000e+00,0.0000,0.0000,0
81,features.13,115,pruned_before,nan,0.000000e+00,0.000000e+00,0.0000,0.0000,0
81,features.13,116,pruned_before,nan,0.000000e+00,0.000000e+00,0.0000,0.0000,0
81,features.13,117,pruned_before,nan,0.000000e+00,0.000000e+00,0.0000,0.0000,0
81,features.13,118,pruned_before,nan,0.000000e+00,0.000000e+00,0.0000,0.0000,0
81,features.13,119,pruned_before,nan,0.000000e+00,0.000000e+00,0.0000,0.0000,0
81,features.13,120,pruned_before,nan,0.000000e+00,0.000000e+00,0.0000,0.0000,0
81,features.13,121,pruned_before,nan,0.000000e+00,0.000000e+00,0.0000,0.0000,0
81,features.13,122,active,0.000000,0.000000e+00,0.000000e+00,0.0000,0.0000,201
81,features.13,123,pruned_before,nan,0.000000e+00,0.000000e+00,0.0000,0.0000,0
81,features.13,124,pruned_before,nan,0.000000e+00,0.000000e+00,0.0000,0.0000,0
81,features.13,125,pruned_before,nan,0.000000e+00,0.000000e+00,0.0000,0.0000,0
81,features.13,126,pruned_before,nan,0.000000e+00,0.000000e+00,0.0000,0.0000,0
81,features.13,127,pruned_before,nan,0.000000e+00,0.000000e+00,0.0000,0.0000,0
81,features.13,128,pruned_before,nan,0.000000e+00,0.000000e+00,0.0000,0.0000,0
81,features.13,129,pruned_before,nan,0.000000e+00,0.000000e+00,0.0000,0.0000,0
81,features.13,130,active,0.001573,1.183073e-10,6.339313e-06,0.0001,0.0054,201
81,features.13,131,pruned_before,nan,0.000000e+00,0.000000e+00,0.0000,0.0000,0
81,features.13,132,active,0.000000,0.000000e+00,0.000000e+00,0.0000,0.0000,201
81,features.13,133,pruned_before,nan,0.000000e+00,0.000000e+00,0.0000,0.0000,0
81,features.13,134,pruned_before,nan,0.000000e+00,0.000000e+00,0.0000,0.0000,0
81,features.13,135,pruned_before,nan,0.000000e+00,0.000000e+00,0.0000,0.0000,0
81,features.13,136,pruned_before,nan,0.000000e+00,0.000000e+00,0.0000,0.0000,0
81,features.13,137,pruned_before,nan,0.000000e+00,0.000000e+00,0.0000,0.0000,0
81,features.13,138,pruned_before,nan,0.000000e+00,0.000000e+00,0.0000,0.0000,0
81,features.13,139,pruned_before,nan,0.000000e+00,0.000000e+00,0.0000,0.0000,0
81,features.13,140,pruned_before,nan,0.000000e+00,0.000000e+00,0.0000,0.0000,0
81,features.13,141,pruned_before,nan,0.000000e+00,0.000000e+00,0.0000,0.0000,0
81,features.13,142,pruned_before,nan,0.000000e+00,0.000000e+00,0.0000,0.0000,0
81,features.13,143,pruned_before,nan,0.000000e+00,0.000000e+00,0.0000,0.0000,0
81,features.13,144,pruned_before,nan,0.000000e+00,0.000000e+00,0.0000,0.0000,0
81,features.13,145,active,0.000111,8.310824e-11,5.856631e-07,0.0001,0.0005,201
81,features.13,146,pruned_before,nan,0.000000e+00,0.000000e+00,0.0000,0.0000,0
81,features.13,147,pruned_before,nan,0.000000e+00,0.000000e+00,0.0000,0.0000,0
81,features.13,148,pruned_before,nan,0.000000e+00,0.000000e+00,0.0000,0.0000,0
81,features.13,149,pruned_before,nan,0.000000e+00,0.000000e+00,0.0000,0.0000,0
81,features.13,150,pruned_before,nan,0.000000e+00,0.000000e+00,0.0000,0.0000,0
81,features.13,151,pruned_before,nan,0.000000e+00,0.000000e+00,0.0000,0.0000,0
81,features.13,152,pruned_before,nan,0.000000e+00,0.000000e+00,0.0000,0.0000,0
81,features.13,153,pruned_before,nan,0.000000e+00,0.000000e+00,0.0000,0.0000,0
81,features.13,154,pruned_before,nan,0.000000e+00,0.000000e+00,0.0000,0.0000,0
81,features.13,155,pruned_before,nan,0.000000e+00,0.000000e+00,0.0000,0.0000,0
81,features.13,156,pruned_before,nan,0.000000e+00,0.000000e+00,0.0000,0.0000,0
81,features.13,157,pruned_before,nan,0.000000e+00,0.000000e+00,0.0000,0.0000,0
81,features.13,158,pruned_before,nan,0.000000e+00,0.000000e+00,0.0000,0.0000,0
81,features.13,159,pruned_before,nan,0.000000e+00,0.000000e+00,0.0000,0.0000,0
81,features.13,160,pruned_before,nan,0.000000e+00,0.000000e+00,0.0000,0.0000,0
81,features.13,161,pruned_before,nan,0.000000e+00,0.000000e+00,0.0000,0.0000,0
81,features.13,162,pruned_before,nan,0.000000e+00,0.000000e+00,0.0000,0.0000,0
81,features.13,163,pruned_before,nan,0.000000e+00,0.000000e+00,0.0000,0.0000,0
81,features.13,164,pruned_before,nan,0.000000e+00,0.000000e+00,0.0000,0.0000,0
81,features.13,165,pruned_before,nan,0.000000e+00,0.000000e+00,0.0000,0.0000,0
81,features.13,166,pruned_before,nan,0.000000e+00,0.000000e+00,0.0000,0.0000,0
81,features.13,167,pruned_before,nan,0.000000e+00,0.000000e+00,0.0000,0.0000,0
81,features.13,168,pruned_before,nan,0.000000e+00,0.000000e+00,0.0000,0.0000,0
81,features.13,169,pruned_before,nan,0.000000e+00,0.000000e+00,0.0000,0.0000,0
81,features.13,170,pruned_before,nan,0.000000e+00,0.000000e+00,0.0000,0.0000,0
81,features.13,171,pruned_before,nan,0.000000e+00,0.000000e+00,0.0000,0.0000,0
81,features.13,172,pruned_before,nan,0.000000e+00,0.000000e+00,0.0000,0.0000,0
81,features.13,173,pruned_before,nan,0.000000e+00,0.000000e+00,0.0000,0.0000,0
81,features.13,174,pruned_before,nan,0.000000e+00,0.000000e+00,0.0000,0.0000,0
81,features.13,175,pruned_before,nan,0.000000e+00,0.000000e+00,0.0000,0.0000,0
81,features.13,176,pruned_before,nan,0.000000e+00,0.000000e+00,0.0000,0.0000,0
81,features.13,177,pruned_before,nan,0.000000e+00,0.000000e+00,0.0000,0.0000,0
81,features.13,178,pruned_before,nan,0.000000e+00,0.000000e+00,0.0000,0.0000,0
81,features.13,179,pruned_before,nan,0.000000e+00,0.000000e+00,0.0000,0.0000,0
81,features.13,180,pruned_before,nan,0.000000e+00,0.000000e+00,0.0000,0.0000,0
81,features.13,181,pruned_before,nan,0.000000e+00,0.000000e+00,0.0000,0.0000,0
81,features.13,182,pruned_before,nan,0.000000e+00,0.000000e+00,0.0000,0.0000,0
81,features.13,183,pruned_before,nan,0.000000e+00,0.000000e+00,0.0000,0.0000,0
81,features.13,184,pruned_before,nan,0.000000e+00,0.000000e+00,0.0000,0.0000,0
81,features.13,185,pruned_before,nan,0.000000e+00,0.000000e+00,0.0000,0.0000,0
81,features.13,186,pruned_before,nan,0.000000e+00,0.000000e+00,0.0000,0.0000,0
81,features.13,187,pruned_before,nan,0.000000e+00,0.000000e+00,0.0000,0.0000,0
81,features.13,188,pruned_before,nan,0.000000e+00,0.000000e+00,0.0000,0.0000,0
81,features.13,189,pruned_before,nan,0.000000e+00,0.000000e+00,0.0000,0.0000,0
81,features.13,190,pruned_before,nan,0.000000e+00,0.000000e+00,0.0000,0.0000,0
81,features.13,191,pruned_before,nan,0.000000e+00,0.000000e+00,0.0000,0.0000,0
81,features.13,192,active,0.000000,4.117856e-14,4.024286e-10,0.0000,0.0000,201
81,features.13,193,pruned_before,nan,0.000000e+00,0.000000e+00,0.0000,0.0000,0
81,features.13,194,pruned_before,nan,0.000000e+00,0.000000e+00,0.0000,0.0000,0
81,features.13,195,pruned_before,nan,0.000000e+00,0.000000e+00,0.0000,0.0000,0
81,features.13,196,pruned_before,nan,0.000000e+00,0.000000e+00,0.0000,0.0000,0
81,features.13,197,pruned_before,nan,0.000000e+00,0.000000e+00,0.0000,0.0000,0
81,features.13,198,pruned_before,nan,0.000000e+00,0.000000e+00,0.0000,0.0000,0
81,features.13,199,pruned_before,nan,0.000000e+00,0.000000e+00,0.0000,0.0000,0
81,features.13,200,pruned_before,nan,0.000000e+00,0.000000e+00,0.0000,0.0000,0
81,features.13,201,pruned_before,nan,0.000000e+00,0.000000e+00,0.0000,0.0000,0
81,features.13,202,pruned_before,nan,0.000000e+00,0.000000e+00,0.0000,0.0000,0
81,features.13,203,pruned_before,nan,0.000000e+00,0.000000e+00,0.0000,0.0000,0
81,features.13,204,pruned_before,nan,0.000000e+00,0.000000e+00,0.0000,0.0000,0
81,features.13,205,protected,0.253739,9.857838e-08,1.167931e-03,0.0661,1.0000,201
81,features.13,206,pruned_before,nan,0.000000e+00,0.000000e+00,0.0000,0.0000,0
81,features.13,207,pruned_before,nan,0.000000e+00,0.000000e+00,0.0000,0.0000,0
81,features.13,208,pruned_before,nan,0.000000e+00,0.000000e+00,0.0000,0.0000,0
81,features.13,209,pruned_before,nan,0.000000e+00,0.000000e+00,0.0000,0.0000,0
81,features.13,210,pruned_before,nan,0.000000e+00,0.000000e+00,0.0000,0.0000,0
81,features.13,211,pruned_before,nan,0.000000e+00,0.000000e+00,0.0000,0.0000,0
81,features.13,212,pruned_before,nan,0.000000e+00,0.000000e+00,0.0000,0.0000,0
81,features.13,213,pruned_before,nan,0.000000e+00,0.000000e+00,0.0000,0.0000,0
81,features.13,214,pruned_before,nan,0.000000e+00,0.000000e+00,0.0000,0.0000,0
81,features.13,215,pruned_before,nan,0.000000e+00,0.000000e+00,0.0000,0.0000,0
81,features.13,216,pruned_before,nan,0.000000e+00,0.000000e+00,0.0000,0.0000,0
81,features.13,217,pruned_before,nan,0.000000e+00,0.000000e+00,0.0000,0.0000,0
81,features.13,218,pruned_before,nan,0.000000e+00,0.000000e+00,0.0000,0.0000,0
81,features.13,219,pruned_before,nan,0.000000e+00,0.000000e+00,0.0000,0.0000,0
81,features.13,220,pruned_before,nan,0.000000e+00,0.000000e+00,0.0000,0.0000,0
81,features.13,221,pruned_before,nan,0.000000e+00,0.000000e+00,0.0000,0.0000,0
81,features.13,222,pruned_before,nan,0.000000e+00,0.000000e+00,0.0000,0.0000,0
81,features.13,223,pruned_before,nan,0.000000e+00,0.000000e+00,0.0000,0.0000,0
81,features.13,224,pruned_before,nan,0.000000e+00,0.000000e+00,0.0000,0.0000,0
81,features.13,225,active,0.015395,4.286055e-09,6.776543e-05,0.0029,0.0580,201
81,features.13,226,pruned_before,nan,0.000000e+00,0.000000e+00,0.0000,0.0000,0
81,features.13,227,pruned_before,nan,0.000000e+00,0.000000e+00,0.0000,0.0000,0
81,features.13,228,pruned_before,nan,0.000000e+00,0.000000e+00,0.0000,0.0000,0
81,features.13,229,pruned_before,nan,0.000000e+00,0.000000e+00,0.0000,0.0000,0
81,features.13,230,pruned_before,nan,0.000000e+00,0.000000e+00,0.0000,0.0000,0
81,features.13,231,pruned_before,nan,0.000000e+00,0.000000e+00,0.0000,0.0000,0
81,features.13,232,pruned_before,nan,0.000000e+00,0.000000e+00,0.0000,0.0000,0
81,features.13,233,pruned_before,nan,0.000000e+00,0.000000e+00,0.0000,0.0000,0
81,features.13,234,pruned_before,nan,0.000000e+00,0.000000e+00,0.0000,0.0000,0
81,features.13,235,pruned_before,nan,0.000000e+00,0.000000e+00,0.0000,0.0000,0
81,features.13,236,pruned_before,nan,0.000000e+00,0.000000e+00,0.0000,0.0000,0
81,features.13,237,pruned_before,nan,0.000000e+00,0.000000e+00,0.0000,0.0000,0
81,features.13,238,pruned_before,nan,0.000000e+00,0.000000e+00,0.0000,0.0000,0
81,features.13,239,pruned_before,nan,0.000000e+00,0.000000e+00,0.0000,0.0000,0
81,features.13,240,pruned_before,nan,0.000000e+00,0.000000e+00,0.0000,0.0000,0
81,features.13,241,pruned_before,nan,0.000000e+00,0.000000e+00,0.0000,0.0000,0
81,features.13,242,pruned_before,nan,0.000000e+00,0.000000e+00,0.0000,0.0000,0
81,features.13,243,pruned_before,nan,0.000000e+00,0.000000e+00,0.0000,0.0000,0
81,features.13,244,pruned_before,nan,0.000000e+00,0.000000e+00,0.0000,0.0000,0
81,features.13,245,pruned_before,nan,0.000000e+00,0.000000e+00,0.0000,0.0000,0
81,features.13,246,pruned_before,nan,0.000000e+00,0.000000e+00,0.0000,0.0000,0
81,features.13,247,pruned_before,nan,0.000000e+00,0.000000e+00,0.0000,0.0000,0
81,features.13,248,pruned_before,nan,0.000000e+00,0.000000e+00,0.0000,0.0000,0
81,features.13,249,pruned_before,nan,0.000000e+00,0.000000e+00,0.0000,0.0000,0
81,features.13,250,pruned_before,nan,0.000000e+00,0.000000e+00,0.0000,0.0000,0
81,features.13,251,pruned_before,nan,0.000000e+00,0.000000e+00,0.0000,0.0000,0
81,features.13,252,pruned_before,nan,0.000000e+00,0.000000e+00,0.0000,0.0000,0
81,features.13,253,pruned_before,nan,0.000000e+00,0.000000e+00,0.0000,0.0000,0
81,features.13,254,pruned_before,nan,0.000000e+00,0.000000e+00,0.0000,0.0000,0
81,features.13,255,pruned_before,nan,0.000000e+00,0.000000e+00,0.0000,0.0000,0
81,features.13,256,pruned_before,nan,0.000000e+00,0.000000e+00,0.0000,0.0000,0
81,features.13,257,pruned_before,nan,0.000000e+00,0.000000e+00,0.0000,0.0000,0
81,features.13,258,pruned_before,nan,0.000000e+00,0.000000e+00,0.0000,0.0000,0
81,features.13,259,pruned_before,nan,0.000000e+00,0.000000e+00,0.0000,0.0000,0
81,features.13,260,pruned_before,nan,0.000000e+00,0.000000e+00,0.0000,0.0000,0
81,features.13,261,pruned_before,nan,0.000000e+00,0.000000e+00,0.0000,0.0000,0
81,features.13,262,pruned_before,nan,0.000000e+00,0.000000e+00,0.0000,0.0000,0
81,features.13,263,pruned_before,nan,0.000000e+00,0.000000e+00,0.0000,0.0000,0
81,features.13,264,pruned_before,nan,0.000000e+00,0.000000e+00,0.0000,0.0000,0
81,features.13,265,pruned_before,nan,0.000000e+00,0.000000e+00,0.0000,0.0000,0
81,features.13,266,pruned_before,nan,0.000000e+00,0.000000e+00,0.0000,0.0000,0
81,features.13,267,pruned_before,nan,0.000000e+00,0.000000e+00,0.0000,0.0000,0
81,features.13,268,pruned_before,nan,0.000000e+00,0.000000e+00,0.0000,0.0000,0
81,features.13,269,pruned_before,nan,0.000000e+00,0.000000e+00,0.0000,0.0000,0
81,features.13,270,pruned_before,nan,0.000000e+00,0.000000e+00,0.0000,0.0000,0
81,features.13,271,pruned_before,nan,0.000000e+00,0.000000e+00,0.0000,0.0000,0
81,features.13,272,pruned_before,nan,0.000000e+00,0.000000e+00,0.0000,0.0000,0
81,features.13,273,pruned_before,nan,0.000000e+00,0.000000e+00,0.0000,0.0000,0
81,features.13,274,pruned_before,nan,0.000000e+00,0.000000e+00,0.0000,0.0000,0
81,features.13,275,pruned_before,nan,0.000000e+00,0.000000e+00,0.0000,0.0000,0
81,features.13,276,pruned_before,nan,0.000000e+00,0.000000e+00,0.0000,0.0000,0
81,features.13,277,pruned_before,nan,0.000000e+00,0.000000e+00,0.0000,0.0000,0
81,features.13,278,pruned_before,nan,0.000000e+00,0.000000e+00,0.0000,0.0000,0
81,features.13,279,active,-0.003262,1.889837e-08,2.182576e-05,0.0127,0.0187,201
81,features.13,280,active,0.000000,0.000000e+00,0.000000e+00,0.0000,0.0000,201
81,features.13,281,active,0.000000,0.000000e+00,0.000000e+00,0.0000,0.0000,201
81,features.13,282,pruned_before,nan,0.000000e+00,0.000000e+00,0.0000,0.0000,0
81,features.13,283,pruned_before,nan,0.000000e+00,0.000000e+00,0.0000,0.0000,0
81,features.13,284,pruned_before,nan,0.000000e+00,0.000000e+00,0.0000,0.0000,0
81,features.13,285,pruned_before,nan,0.000000e+00,0.000000e+00,0.0000,0.0000,0
81,features.13,286,pruned_before,nan,0.000000e+00,0.000000e+00,0.0000,0.0000,0
81,features.13,287,pruned_before,nan,0.000000e+00,0.000000e+00,0.0000,0.0000,0
81,features.13,288,pruned_before,nan,0.000000e+00,0.000000e+00,0.0000,0.0000,0
81,features.13,289,pruned_before,nan,0.000000e+00,0.000000e+00,0.0000,0.0000,0
81,features.13,290,pruned_before,nan,0.000000e+00,0.000000e+00,0.0000,0.0000,0
81,features.13,291,pruned_before,nan,0.000000e+00,0.000000e+00,0.0000,0.0000,0
81,features.13,292,pruned_before,nan,0.000000e+00,0.000000e+00,0.0000,0.0000,0
81,features.13,293,pruned_before,nan,0.000000e+00,0.000000e+00,0.0000,0.0000,0
81,features.13,294,pruned_before,nan,0.000000e+00,0.000000e+00,0.0000,0.0000,0
81,features.13,295,pruned_before,nan,0.000000e+00,0.000000e+00,0.0000,0.0000,0
81,features.13,296,pruned_before,nan,0.000000e+00,0.000000e+00,0.0000,0.0000,0
81,features.13,297,pruned_before,nan,0.000000e+00,0.000000e+00,0.0000,0.0000,0
81,features.13,298,pruned_before,nan,0.000000e+00,0.000000e+00,0.0000,0.0000,0
81,features.13,299,pruned_before,nan,0.000000e+00,0.000000e+00,0.0000,0.0000,0
81,features.13,300,pruned_before,nan,0.000000e+00,0.000000e+00,0.0000,0.0000,0
81,features.13,301,pruned_before,nan,0.000000e+00,0.000000e+00,0.0000,0.0000,0
81,features.13,302,pruned_before,nan,0.000000e+00,0.000000e+00,0.0000,0.0000,0
81,features.13,303,pruned_before,nan,0.000000e+00,0.000000e+00,0.0000,0.0000,0
81,features.13,304,pruned_before,nan,0.000000e+00,0.000000e+00,0.0000,0.0000,0
81,features.13,305,pruned_before,nan,0.000000e+00,0.000000e+00,0.0000,0.0000,0
81,features.13,306,pruned_before,nan,0.000000e+00,0.000000e+00,0.0000,0.0000,0
81,features.13,307,pruned_before,nan,0.000000e+00,0.000000e+00,0.0000,0.0000,0
81,features.13,308,pruned_before,nan,0.000000e+00,0.000000e+00,0.0000,0.0000,0
81,features.13,309,pruned_before,nan,0.000000e+00,0.000000e+00,0.0000,0.0000,0
81,features.13,310,pruned_before,nan,0.000000e+00,0.000000e+00,0.0000,0.0000,0
81,features.13,311,pruned_before,nan,0.000000e+00,0.000000e+00,0.0000,0.0000,0
81,features.13,312,pruned_before,nan,0.000000e+00,0.000000e+00,0.0000,0.0000,0
81,features.13,313,pruned_before,nan,0.000000e+00,0.000000e+00,0.0000,0.0000,0
81,features.13,314,pruned_before,nan,0.000000e+00,0.000000e+00,0.0000,0.0000,0
81,features.13,315,pruned_before,nan,0.000000e+00,0.000000e+00,0.0000,0.0000,0
81,features.13,316,pruned_before,nan,0.000000e+00,0.000000e+00,0.0000,0.0000,0
81,features.13,317,pruned_before,nan,0.000000e+00,0.000000e+00,0.0000,0.0000,0
81,features.13,318,pruned_before,nan,0.000000e+00,0.000000e+00,0.0000,0.0000,0
81,features.13,319,pruned_before,nan,0.000000e+00,0.000000e+00,0.0000,0.0000,0
81,features.13,320,pruned_before,nan,0.000000e+00,0.000000e+00,0.0000,0.0000,0
81,features.13,321,pruned_before,nan,0.000000e+00,0.000000e+00,0.0000,0.0000,0
81,features.13,322,pruned_before,nan,0.000000e+00,0.000000e+00,0.0000,0.0000,0
81,features.13,323,pruned_before,nan,0.000000e+00,0.000000e+00,0.0000,0.0000,0
81,features.13,324,pruned_before,nan,0.000000e+00,0.000000e+00,0.0000,0.0000,0
81,features.13,325,pruned_before,nan,0.000000e+00,0.000000e+00,0.0000,0.0000,0
81,features.13,326,pruned_before,nan,0.000000e+00,0.000000e+00,0.0000,0.0000,0
81,features.13,327,pruned_before,nan,0.000000e+00,0.000000e+00,0.0000,0.0000,0
81,features.13,328,pruned_before,nan,0.000000e+00,0.000000e+00,0.0000,0.0000,0
81,features.13,329,pruned_before,nan,0.000000e+00,0.000000e+00,0.0000,0.0000,0
81,features.13,330,pruned_before,nan,0.000000e+00,0.000000e+00,0.0000,0.0000,0
81,features.13,331,pruned_before,nan,0.000000e+00,0.000000e+00,0.0000,0.0000,0
81,features.13,332,pruned_before,nan,0.000000e+00,0.000000e+00,0.0000,0.0000,0
81,features.13,333,pruned_before,nan,0.000000e+00,0.000000e+00,0.0000,0.0000,0
81,features.13,334,pruned_before,nan,0.000000e+00,0.000000e+00,0.0000,0.0000,0
81,features.13,335,pruned_before,nan,0.000000e+00,0.000000e+00,0.0000,0.0000,0
81,features.13,336,pruned_before,nan,0.000000e+00,0.000000e+00,0.0000,0.0000,0
81,features.13,337,pruned_before,nan,0.000000e+00,0.000000e+00,0.0000,0.0000,0
81,features.13,338,pruned_before,nan,0.000000e+00,0.000000e+00,0.0000,0.0000,0
81,features.13,339,pruned_before,nan,0.000000e+00,0.000000e+00,0.0000,0.0000,0
81,features.13,340,pruned_before,nan,0.000000e+00,0.000000e+00,0.0000,0.0000,0
81,features.13,341,pruned_before,nan,0.000000e+00,0.000000e+00,0.0000,0.0000,0
81,features.13,342,pruned_before,nan,0.000000e+00,0.000000e+00,0.0000,0.0000,0
81,features.13,343,pruned_before,nan,0.000000e+00,0.000000e+00,0.0000,0.0000,0
81,features.13,344,pruned_before,nan,0.000000e+00,0.000000e+00,0.0000,0.0000,0
81,features.13,345,pruned_before,nan,0.000000e+00,0.000000e+00,0.0000,0.0000,0
81,features.13,346,pruned_before,nan,0.000000e+00,0.000000e+00,0.0000,0.0000,0
81,features.13,347,pruned_before,nan,0.000000e+00,0.000000e+00,0.0000,0.0000,0
81,features.13,348,pruned_before,nan,0.000000e+00,0.000000e+00,0.0000,0.0000,0
81,features.13,349,pruned_before,nan,0.000000e+00,0.000000e+00,0.0000,0.0000,0
81,features.13,350,pruned_before,nan,0.000000e+00,0.000000e+00,0.0000,0.0000,0
81,features.13,351,pruned_before,nan,0.000000e+00,0.000000e+00,0.0000,0.0000,0
81,features.13,352,pruned_before,nan,0.000000e+00,0.000000e+00,0.0000,0.0000,0
81,features.13,353,active,-0.678182,1.491637e-06,8.493794e-05,1.0000,0.0727,201
81,features.13,354,pruned_before,nan,0.000000e+00,0.000000e+00,0.0000,0.0000,0
81,features.13,355,pruned_before,nan,0.000000e+00,0.000000e+00,0.0000,0.0000,0
81,features.13,356,pruned_before,nan,0.000000e+00,0.000000e+00,0.0000,0.0000,0
81,features.13,357,pruned_before,nan,0.000000e+00,0.000000e+00,0.0000,0.0000,0
81,features.13,358,pruned_before,nan,0.000000e+00,0.000000e+00,0.0000,0.0000,0
81,features.13,359,pruned_before,nan,0.000000e+00,0.000000e+00,0.0000,0.0000,0
81,features.13,360,pruned_before,nan,0.000000e+00,0.000000e+00,0.0000,0.0000,0
81,features.13,361,pruned_before,nan,0.000000e+00,0.000000e+00,0.0000,0.0000,0
81,features.13,362,pruned_before,nan,0.000000e+00,0.000000e+00,0.0000,0.0000,0
81,features.13,363,pruned_before,nan,0.000000e+00,0.000000e+00,0.0000,0.0000,0
81,features.13,364,pruned_before,nan,0.000000e+00,0.000000e+00,0.0000,0.0000,0
81,features.13,365,pruned_before,nan,0.000000e+00,0.000000e+00,0.0000,0.0000,0
81,features.13,366,pruned_before,nan,0.000000e+00,0.000000e+00,0.0000,0.0000,0
81,features.13,367,pruned_before,nan,0.000000e+00,0.000000e+00,0.0000,0.0000,0
81,features.13,368,pruned_before,nan,0.000000e+00,0.000000e+00,0.0000,0.0000,0
81,features.13,369,pruned_before,nan,0.000000e+00,0.000000e+00,0.0000,0.0000,0
81,features.13,370,pruned_before,nan,0.000000e+00,0.000000e+00,0.0000,0.0000,0
81,features.13,371,pruned_before,nan,0.000000e+00,0.000000e+00,0.0000,0.0000,0
81,features.13,372,pruned_before,nan,0.000000e+00,0.000000e+00,0.0000,0.0000,0
81,features.13,373,pruned_before,nan,0.000000e+00,0.000000e+00,0.0000,0.0000,0
81,features.13,374,pruned_before,nan,0.000000e+00,0.000000e+00,0.0000,0.0000,0
81,features.13,375,pruned_before,nan,0.000000e+00,0.000000e+00,0.0000,0.0000,0
81,features.13,376,pruned_before,nan,0.000000e+00,0.000000e+00,0.0000,0.0000,0
81,features.13,377,pruned_before,nan,0.000000e+00,0.000000e+00,0.0000,0.0000,0
81,features.13,378,pruned_before,nan,0.000000e+00,0.000000e+00,0.0000,0.0000,0
81,features.13,379,pruned_before,nan,0.000000e+00,0.000000e+00,0.0000,0.0000,0
81,features.13,380,pruned_before,nan,0.000000e+00,0.000000e+00,0.0000,0.0000,0
81,features.13,381,pruned_before,nan,0.000000e+00,0.000000e+00,0.0000,0.0000,0
81,features.13,382,pruned_before,nan,0.000000e+00,0.000000e+00,0.0000,0.0000,0
81,features.13,383,pruned_before,nan,0.000000e+00,0.000000e+00,0.0000,0.0000,0
81,features.13,384,pruned_before,nan,0.000000e+00,0.000000e+00,0.0000,0.0000,0
81,features.13,385,pruned_before,nan,0.000000e+00,0.000000e+00,0.0000,0.0000,0
81,features.13,386,pruned_before,nan,0.000000e+00,0.000000e+00,0.0000,0.0000,0
81,features.13,387,pruned_before,nan,0.000000e+00,0.000000e+00,0.0000,0.0000,0
81,features.13,388,pruned_before,nan,0.000000e+00,0.000000e+00,0.0000,0.0000,0
81,features.13,389,pruned_before,nan,0.000000e+00,0.000000e+00,0.0000,0.0000,0
81,features.13,390,pruned_before,nan,0.000000e+00,0.000000e+00,0.0000,0.0000,0
81,features.13,391,pruned_before,nan,0.000000e+00,0.000000e+00,0.0000,0.0000,0
81,features.13,392,pruned_before,nan,0.000000e+00,0.000000e+00,0.0000,0.0000,0
81,features.13,393,pruned_before,nan,0.000000e+00,0.000000e+00,0.0000,0.0000,0
81,features.13,394,pruned_before,nan,0.000000e+00,0.000000e+00,0.0000,0.0000,0
81,features.13,395,pruned_before,nan,0.000000e+00,0.000000e+00,0.0000,0.0000,0
81,features.13,396,pruned_before,nan,0.000000e+00,0.000000e+00,0.0000,0.0000,0
81,features.13,397,pruned_before,nan,0.000000e+00,0.000000e+00,0.0000,0.0000,0
81,features.13,398,pruned_before,nan,0.000000e+00,0.000000e+00,0.0000,0.0000,0
81,features.13,399,pruned_before,nan,0.000000e+00,0.000000e+00,0.0000,0.0000,0
81,features.13,400,pruned_before,nan,0.000000e+00,0.000000e+00,0.0000,0.0000,0
81,features.13,401,pruned_before,nan,0.000000e+00,0.000000e+00,0.0000,0.0000,0
81,features.13,402,pruned_before,nan,0.000000e+00,0.000000e+00,0.0000,0.0000,0
81,features.13,403,pruned_before,nan,0.000000e+00,0.000000e+00,0.0000,0.0000,0
81,features.13,404,pruned_before,nan,0.000000e+00,0.000000e+00,0.0000,0.0000,0
81,features.13,405,pruned_before,nan,0.000000e+00,0.000000e+00,0.0000,0.0000,0
81,features.13,406,pruned_before,nan,0.000000e+00,0.000000e+00,0.0000,0.0000,0
81,features.13,407,pruned_before,nan,0.000000e+00,0.000000e+00,0.0000,0.0000,0
81,features.13,408,pruned_before,nan,0.000000e+00,0.000000e+00,0.0000,0.0000,0
81,features.13,409,pruned_before,nan,0.000000e+00,0.000000e+00,0.0000,0.0000,0
81,features.13,410,pruned_before,nan,0.000000e+00,0.000000e+00,0.0000,0.0000,0
81,features.13,411,pruned_before,nan,0.000000e+00,0.000000e+00,0.0000,0.0000,0
81,features.13,412,pruned_before,nan,0.000000e+00,0.000000e+00,0.0000,0.0000,0
81,features.13,413,pruned_before,nan,0.000000e+00,0.000000e+00,0.0000,0.0000,0
81,features.13,414,pruned_before,nan,0.000000e+00,0.000000e+00,0.0000,0.0000,0
81,features.13,415,pruned_before,nan,0.000000e+00,0.000000e+00,0.0000,0.0000,0
81,features.13,416,pruned_before,nan,0.000000e+00,0.000000e+00,0.0000,0.0000,0
81,features.13,417,pruned_before,nan,0.000000e+00,0.000000e+00,0.0000,0.0000,0
81,features.13,418,pruned_before,nan,0.000000e+00,0.000000e+00,0.0000,0.0000,0
81,features.13,419,pruned_before,nan,0.000000e+00,0.000000e+00,0.0000,0.0000,0
81,features.13,420,pruned_before,nan,0.000000e+00,0.000000e+00,0.0000,0.0000,0
81,features.13,421,pruned_before,nan,0.000000e+00,0.000000e+00,0.0000,0.0000,0
81,features.13,422,pruned_before,nan,0.000000e+00,0.000000e+00,0.0000,0.0000,0
81,features.13,423,pruned_before,nan,0.000000e+00,0.000000e+00,0.0000,0.0000,0
81,features.13,424,pruned_before,nan,0.000000e+00,0.000000e+00,0.0000,0.0000,0
81,features.13,425,pruned_before,nan,0.000000e+00,0.000000e+00,0.0000,0.0000,0
81,features.13,426,pruned_before,nan,0.000000e+00,0.000000e+00,0.0000,0.0000,0
81,features.13,427,pruned_before,nan,0.000000e+00,0.000000e+00,0.0000,0.0000,0
81,features.13,428,pruned_before,nan,0.000000e+00,0.000000e+00,0.0000,0.0000,0
81,features.13,429,pruned_before,nan,0.000000e+00,0.000000e+00,0.0000,0.0000,0
81,features.13,430,pruned_before,nan,0.000000e+00,0.000000e+00,0.0000,0.0000,0
81,features.13,431,pruned_before,nan,0.000000e+00,0.000000e+00,0.0000,0.0000,0
81,features.13,432,pruned_before,nan,0.000000e+00,0.000000e+00,0.0000,0.0000,0
81,features.13,433,pruned_before,nan,0.000000e+00,0.000000e+00,0.0000,0.0000,0
81,features.13,434,pruned_before,nan,0.000000e+00,0.000000e+00,0.0000,0.0000,0
81,features.13,435,pruned_before,nan,0.000000e+00,0.000000e+00,0.0000,0.0000,0
81,features.13,436,pruned_before,nan,0.000000e+00,0.000000e+00,0.0000,0.0000,0
81,features.13,437,pruned_before,nan,0.000000e+00,0.000000e+00,0.0000,0.0000,0
81,features.13,438,pruned_before,nan,0.000000e+00,0.000000e+00,0.0000,0.0000,0
81,features.13,439,pruned_before,nan,0.000000e+00,0.000000e+00,0.0000,0.0000,0
81,features.13,440,pruned_before,nan,0.000000e+00,0.000000e+00,0.0000,0.0000,0
81,features.13,441,pruned_before,nan,0.000000e+00,0.000000e+00,0.0000,0.0000,0
81,features.13,442,pruned_before,nan,0.000000e+00,0.000000e+00,0.0000,0.0000,0
81,features.13,443,pruned_before,nan,0.000000e+00,0.000000e+00,0.0000,0.0000,0
81,features.13,444,pruned_before,nan,0.000000e+00,0.000000e+00,0.0000,0.0000,0
81,features.13,445,pruned_before,nan,0.000000e+00,0.000000e+00,0.0000,0.0000,0
81,features.13,446,pruned_before,nan,0.000000e+00,0.000000e+00,0.0000,0.0000,0
81,features.13,447,pruned_before,nan,0.000000e+00,0.000000e+00,0.0000,0.0000,0
81,features.13,448,pruned_before,nan,0.000000e+00,0.000000e+00,0.0000,0.0000,0
81,features.13,449,pruned_before,nan,0.000000e+00,0.000000e+00,0.0000,0.0000,0
81,features.13,450,pruned_before,nan,0.000000e+00,0.000000e+00,0.0000,0.0000,0
81,features.13,451,pruned_before,nan,0.000000e+00,0.000000e+00,0.0000,0.0000,0
81,features.13,452,pruned_before,nan,0.000000e+00,0.000000e+00,0.0000,0.0000,0
81,features.13,453,pruned_before,nan,0.000000e+00,0.000000e+00,0.0000,0.0000,0
81,features.13,454,active,-0.001313,5.590250e-09,5.102381e-06,0.0037,0.0044,201
81,features.13,455,pruned_before,nan,0.000000e+00,0.000000e+00,0.0000,0.0000,0
81,features.13,456,pruned_before,nan,0.000000e+00,0.000000e+00,0.0000,0.0000,0
81,features.13,457,pruned_before,nan,0.000000e+00,0.000000e+00,0.0000,0.0000,0
81,features.13,458,pruned_before,nan,0.000000e+00,0.000000e+00,0.0000,0.0000,0
81,features.13,459,pruned_before,nan,0.000000e+00,0.000000e+00,0.0000,0.0000,0
81,features.13,460,pruned_before,nan,0.000000e+00,0.000000e+00,0.0000,0.0000,0
81,features.13,461,pruned_before,nan,0.000000e+00,0.000000e+00,0.0000,0.0000,0
81,features.13,462,pruned_before,nan,0.000000e+00,0.000000e+00,0.0000,0.0000,0
81,features.13,463,pruned_before,nan,0.000000e+00,0.000000e+00,0.0000,0.0000,0
81,features.13,464,pruned_before,nan,0.000000e+00,0.000000e+00,0.0000,0.0000,0
81,features.13,465,pruned_before,nan,0.000000e+00,0.000000e+00,0.0000,0.0000,0
81,features.13,466,pruned_before,nan,0.000000e+00,0.000000e+00,0.0000,0.0000,0
81,features.13,467,pruned_before,nan,0.000000e+00,0.000000e+00,0.0000,0.0000,0
81,features.13,468,pruned_before,nan,0.000000e+00,0.000000e+00,0.0000,0.0000,0
81,features.13,469,pruned_before,nan,0.000000e+00,0.000000e+00,0.0000,0.0000,0
81,features.13,470,pruned_before,nan,0.000000e+00,0.000000e+00,0.0000,0.0000,0
81,features.13,471,pruned_before,nan,0.000000e+00,0.000000e+00,0.0000,0.0000,0
81,features.13,472,pruned_before,nan,0.000000e+00,0.000000e+00,0.0000,0.0000,0
81,features.13,473,pruned_before,nan,0.000000e+00,0.000000e+00,0.0000,0.0000,0
81,features.13,474,pruned_before,nan,0.000000e+00,0.000000e+00,0.0000,0.0000,0
81,features.13,475,pruned_before,nan,0.000000e+00,0.000000e+00,0.0000,0.0000,0
81,features.13,476,pruned_before,nan,0.000000e+00,0.000000e+00,0.0000,0.0000,0
81,features.13,477,pruned_before,nan,0.000000e+00,0.000000e+00,0.0000,0.0000,0
81,features.13,478,pruned_before,nan,0.000000e+00,0.000000e+00,0.0000,0.0000,0
81,features.13,479,pruned_before,nan,0.000000e+00,0.000000e+00,0.0000,0.0000,0
81,features.13,480,pruned_before,nan,0.000000e+00,0.000000e+00,0.0000,0.0000,0
81,features.13,481,pruned_before,nan,0.000000e+00,0.000000e+00,0.0000,0.0000,0
81,features.13,482,pruned_before,nan,0.000000e+00,0.000000e+00,0.0000,0.0000,0
81,features.13,483,pruned_before,nan,0.000000e+00,0.000000e+00,0.0000,0.0000,0
81,features.13,484,pruned_before,nan,0.000000e+00,0.000000e+00,0.0000,0.0000,0
81,features.13,485,pruned_before,nan,0.000000e+00,0.000000e+00,0.0000,0.0000,0
81,features.13,486,pruned_before,nan,0.000000e+00,0.000000e+00,0.0000,0.0000,0
81,features.13,487,pruned_before,nan,0.000000e+00,0.000000e+00,0.0000,0.0000,0
81,features.13,488,pruned_before,nan,0.000000e+00,0.000000e+00,0.0000,0.0000,0
81,features.13,489,pruned_before,nan,0.000000e+00,0.000000e+00,0.0000,0.0000,0
81,features.13,490,active,0.000005,2.026295e-10,3.906797e-07,0.0001,0.0003,201
81,features.13,491,pruned_before,nan,0.000000e+00,0.000000e+00,0.0000,0.0000,0
81,features.13,492,pruned_before,nan,0.000000e+00,0.000000e+00,0.0000,0.0000,0
81,features.13,493,active,0.003300,9.154457e-09,2.957257e-05,0.0061,0.0253,201
81,features.13,494,pruned_before,nan,0.000000e+00,0.000000e+00,0.0000,0.0000,0
81,features.13,495,pruned_before,nan,0.000000e+00,0.000000e+00,0.0000,0.0000,0
81,features.13,496,pruned_before,nan,0.000000e+00,0.000000e+00,0.0000,0.0000,0
81,features.13,497,pruned_before,nan,0.000000e+00,0.000000e+00,0.0000,0.0000,0
81,features.13,498,pruned_before,nan,0.000000e+00,0.000000e+00,0.0000,0.0000,0
81,features.13,499,pruned_before,nan,0.000000e+00,0.000000e+00,0.0000,0.0000,0
81,features.13,500,pruned_before,nan,0.000000e+00,0.000000e+00,0.0000,0.0000,0
81,features.13,501,pruned_before,nan,0.000000e+00,0.000000e+00,0.0000,0.0000,0
81,features.13,502,pruned_before,nan,0.000000e+00,0.000000e+00,0.0000,0.0000,0
81,features.13,503,pruned_before,nan,0.000000e+00,0.000000e+00,0.0000,0.0000,0
81,features.13,504,pruned_before,nan,0.000000e+00,0.000000e+00,0.0000,0.0000,0
81,features.13,505,pruned_before,nan,0.000000e+00,0.000000e+00,0.0000,0.0000,0
81,features.13,506,pruned_before,nan,0.000000e+00,0.000000e+00,0.0000,0.0000,0
81,features.13,507,pruned_before,nan,0.000000e+00,0.000000e+00,0.0000,0.0000,0
81,features.13,508,pruned_before,nan,0.000000e+00,0.000000e+00,0.0000,0.0000,0
81,features.13,509,pruned_before,nan,0.000000e+00,0.000000e+00,0.0000,0.0000,0
81,features.13,510,pruned_before,nan,0.000000e+00,0.000000e+00,0.0000,0.0000,0
81,features.13,511,pruned_before,nan,0.000000e+00,0.000000e+00,0.0000,0.0000,0
81,features.13,512,pruned_before,nan,0.000000e+00,0.000000e+00,0.0000,0.0000,0
81,features.13,513,pruned_before,nan,0.000000e+00,0.000000e+00,0.0000,0.0000,0
81,features.13,514,pruned_before,nan,0.000000e+00,0.000000e+00,0.0000,0.0000,0
81,features.13,515,pruned_before,nan,0.000000e+00,0.000000e+00,0.0000,0.0000,0
81,features.13,516,pruned_before,nan,0.000000e+00,0.000000e+00,0.0000,0.0000,0
81,features.13,517,pruned_before,nan,0.000000e+00,0.000000e+00,0.0000,0.0000,0
81,features.13,518,pruned_before,nan,0.000000e+00,0.000000e+00,0.0000,0.0000,0
81,features.13,519,pruned_before,nan,0.000000e+00,0.000000e+00,0.0000,0.0000,0
81,features.13,520,pruned_before,nan,0.000000e+00,0.000000e+00,0.0000,0.0000,0
81,features.13,521,pruned_before,nan,0.000000e+00,0.000000e+00,0.0000,0.0000,0
81,features.13,522,pruned_before,nan,0.000000e+00,0.000000e+00,0.0000,0.0000,0
81,features.13,523,pruned_before,nan,0.000000e+00,0.000000e+00,0.0000,0.0000,0
81,features.13,524,pruned_before,nan,0.000000e+00,0.000000e+00,0.0000,0.0000,0
81,features.13,525,pruned_before,nan,0.000000e+00,0.000000e+00,0.0000,0.0000,0
81,features.13,526,pruned_before,nan,0.000000e+00,0.000000e+00,0.0000,0.0000,0
81,features.13,527,pruned_before,nan,0.000000e+00,0.000000e+00,0.0000,0.0000,0
81,features.13,528,pruned_before,nan,0.000000e+00,0.000000e+00,0.0000,0.0000,0
81,features.13,529,pruned_before,nan,0.000000e+00,0.000000e+00,0.0000,0.0000,0
81,features.13,530,pruned_before,nan,0.000000e+00,0.000000e+00,0.0000,0.0000,0
81,features.13,531,pruned_before,nan,0.000000e+00,0.000000e+00,0.0000,0.0000,0
81,features.13,532,pruned_before,nan,0.000000e+00,0.000000e+00,0.0000,0.0000,0
81,features.13,533,pruned_before,nan,0.000000e+00,0.000000e+00,0.0000,0.0000,0
81,features.13,534,active,0.000000,0.000000e+00,0.000000e+00,0.0000,0.0000,201
81,features.13,535,pruned_before,nan,0.000000e+00,0.000000e+00,0.0000,0.0000,0
81,features.13,536,pruned_before,nan,0.000000e+00,0.000000e+00,0.0000,0.0000,0
81,features.13,537,pruned_before,nan,0.000000e+00,0.000000e+00,0.0000,0.0000,0
81,features.13,538,pruned_before,nan,0.000000e+00,0.000000e+00,0.0000,0.0000,0
81,features.13,539,pruned_before,nan,0.000000e+00,0.000000e+00,0.0000,0.0000,0
81,features.13,540,pruned_before,nan,0.000000e+00,0.000000e+00,0.0000,0.0000,0
81,features.13,541,pruned_before,nan,0.000000e+00,0.000000e+00,0.0000,0.0000,0
81,features.13,542,pruned_before,nan,0.000000e+00,0.000000e+00,0.0000,0.0000,0
81,features.13,543,pruned_before,nan,0.000000e+00,0.000000e+00,0.0000,0.0000,0
81,features.13,544,active,0.000000,0.000000e+00,0.000000e+00,0.0000,0.0000,201
81,features.13,545,pruned_before,nan,0.000000e+00,0.000000e+00,0.0000,0.0000,0
81,features.13,546,pruned_before,nan,0.000000e+00,0.000000e+00,0.0000,0.0000,0
81,features.13,547,pruned_before,nan,0.000000e+00,0.000000e+00,0.0000,0.0000,0
81,features.13,548,pruned_before,nan,0.000000e+00,0.000000e+00,0.0000,0.0000,0
81,features.13,549,pruned_before,nan,0.000000e+00,0.000000e+00,0.0000,0.0000,0
81,features.13,550,pruned_before,nan,0.000000e+00,0.000000e+00,0.0000,0.0000,0
81,features.13,551,pruned_before,nan,0.000000e+00,0.000000e+00,0.0000,0.0000,0
81,features.13,552,pruned_before,nan,0.000000e+00,0.000000e+00,0.0000,0.0000,0
81,features.13,553,pruned_before,nan,0.000000e+00,0.000000e+00,0.0000,0.0000,0
81,features.13,554,pruned_before,nan,0.000000e+00,0.000000e+00,0.0000,0.0000,0
81,features.13,555,pruned_before,nan,0.000000e+00,0.000000e+00,0.0000,0.0000,0
81,features.13,556,pruned_before,nan,0.000000e+00,0.000000e+00,0.0000,0.0000,0
81,features.13,557,pruned_before,nan,0.000000e+00,0.000000e+00,0.0000,0.0000,0
81,features.13,558,pruned_before,nan,0.000000e+00,0.000000e+00,0.0000,0.0000,0
81,features.13,559,pruned_before,nan,0.000000e+00,0.000000e+00,0.0000,0.0000,0
81,features.13,560,pruned_before,nan,0.000000e+00,0.000000e+00,0.0000,0.0000,0
81,features.13,561,pruned_before,nan,0.000000e+00,0.000000e+00,0.0000,0.0000,0
81,features.13,562,pruned_before,nan,0.000000e+00,0.000000e+00,0.0000,0.0000,0
81,features.13,563,pruned_before,nan,0.000000e+00,0.000000e+00,0.0000,0.0000,0
81,features.13,564,pruned_before,nan,0.000000e+00,0.000000e+00,0.0000,0.0000,0
81,features.13,565,pruned_before,nan,0.000000e+00,0.000000e+00,0.0000,0.0000,0
81,features.13,566,pruned_before,nan,0.000000e+00,0.000000e+00,0.0000,0.0000,0
81,features.13,567,pruned_before,nan,0.000000e+00,0.000000e+00,0.0000,0.0000,0
81,features.13,568,pruned_before,nan,0.000000e+00,0.000000e+00,0.0000,0.0000,0
81,features.13,569,pruned_before,nan,0.000000e+00,0.000000e+00,0.0000,0.0000,0
81,features.13,570,pruned_before,nan,0.000000e+00,0.000000e+00,0.0000,0.0000,0
81,features.13,571,pruned_before,nan,0.000000e+00,0.000000e+00,0.0000,0.0000,0
81,features.13,572,pruned_before,nan,0.000000e+00,0.000000e+00,0.0000,0.0000,0
81,features.13,573,pruned_before,nan,0.000000e+00,0.000000e+00,0.0000,0.0000,0
81,features.13,574,pruned_before,nan,0.000000e+00,0.000000e+00,0.0000,0.0000,0
81,features.13,575,pruned_before,nan,0.000000e+00,0.000000e+00,0.0000,0.0000,0
81,features.14,0,pruned_before,nan,0.000000e+00,0.000000e+00,0.0000,0.0000,0
81,features.14,1,pruned_before,nan,0.000000e+00,0.000000e+00,0.0000,0.0000,0
81,features.14,2,active,0.004112,1.068121e-07,9.659414e-05,0.0030,0.0207,265
81,features.14,3,pruned_before,nan,0.000000e+00,0.000000e+00,0.0000,0.0000,0
81,features.14,4,pruned_before,nan,0.000000e+00,0.000000e+00,0.0000,0.0000,0
81,features.14,5,pruned_before,nan,0.000000e+00,0.000000e+00,0.0000,0.0000,0
81,features.14,6,pruned_before,nan,0.000000e+00,0.000000e+00,0.0000,0.0000,0
81,features.14,7,pruned_before,nan,0.000000e+00,0.000000e+00,0.0000,0.0000,0
81,features.14,8,pruned_before,nan,0.000000e+00,0.000000e+00,0.0000,0.0000,0
81,features.14,9,pruned_before,nan,0.000000e+00,0.000000e+00,0.0000,0.0000,0
81,features.14,10,pruned_before,nan,0.000000e+00,0.000000e+00,0.0000,0.0000,0
81,features.14,11,pruned_before,nan,0.000000e+00,0.000000e+00,0.0000,0.0000,0
81,features.14,12,pruned_before,nan,0.000000e+00,0.000000e+00,0.0000,0.0000,0
81,features.14,13,pruned_before,nan,0.000000e+00,0.000000e+00,0.0000,0.0000,0
81,features.14,14,pruned_before,nan,0.000000e+00,0.000000e+00,0.0000,0.0000,0
81,features.14,15,pruned_before,nan,0.000000e+00,0.000000e+00,0.0000,0.0000,0
81,features.14,16,pruned_before,nan,0.000000e+00,0.000000e+00,0.0000,0.0000,0
81,features.14,17,pruned_before,nan,0.000000e+00,0.000000e+00,0.0000,0.0000,0
81,features.14,18,pruned_before,nan,0.000000e+00,0.000000e+00,0.0000,0.0000,0
81,features.14,19,pruned_before,nan,0.000000e+00,0.000000e+00,0.0000,0.0000,0
81,features.14,20,pruned_before,nan,0.000000e+00,0.000000e+00,0.0000,0.0000,0
81,features.14,21,pruned_before,nan,0.000000e+00,0.000000e+00,0.0000,0.0000,0
81,features.14,22,pruned_before,nan,0.000000e+00,0.000000e+00,0.0000,0.0000,0
81,features.14,23,pruned_before,nan,0.000000e+00,0.000000e+00,0.0000,0.0000,0
81,features.14,24,pruned_before,nan,0.000000e+00,0.000000e+00,0.0000,0.0000,0
81,features.14,25,pruned_before,nan,0.000000e+00,0.000000e+00,0.0000,0.0000,0
81,features.14,26,pruned_before,nan,0.000000e+00,0.000000e+00,0.0000,0.0000,0
81,features.14,27,pruned_before,nan,0.000000e+00,0.000000e+00,0.0000,0.0000,0
81,features.14,28,pruned_before,nan,0.000000e+00,0.000000e+00,0.0000,0.0000,0
81,features.14,29,pruned_before,nan,0.000000e+00,0.000000e+00,0.0000,0.0000,0
81,features.14,30,pruned_before,nan,0.000000e+00,0.000000e+00,0.0000,0.0000,0
81,features.14,31,pruned_before,nan,0.000000e+00,0.000000e+00,0.0000,0.0000,0
81,features.14,32,pruned_before,nan,0.000000e+00,0.000000e+00,0.0000,0.0000,0
81,features.14,33,active,0.000132,3.331177e-08,1.227093e-05,0.0009,0.0026,265
81,features.14,34,pruned_before,nan,0.000000e+00,0.000000e+00,0.0000,0.0000,0
81,features.14,35,pruned_before,nan,0.000000e+00,0.000000e+00,0.0000,0.0000,0
81,features.14,36,pruned_before,nan,0.000000e+00,0.000000e+00,0.0000,0.0000,0
81,features.14,37,pruned_before,nan,0.000000e+00,0.000000e+00,0.0000,0.0000,0
81,features.14,38,pruned_before,nan,0.000000e+00,0.000000e+00,0.0000,0.0000,0
81,features.14,39,pruned_before,nan,0.000000e+00,0.000000e+00,0.0000,0.0000,0
81,features.14,40,pruned_before,nan,0.000000e+00,0.000000e+00,0.0000,0.0000,0
81,features.14,41,pruned_before,nan,0.000000e+00,0.000000e+00,0.0000,0.0000,0
81,features.14,42,pruned_before,nan,0.000000e+00,0.000000e+00,0.0000,0.0000,0
81,features.14,43,pruned_before,nan,0.000000e+00,0.000000e+00,0.0000,0.0000,0
81,features.14,44,pruned_before,nan,0.000000e+00,0.000000e+00,0.0000,0.0000,0
81,features.14,45,pruned_before,nan,0.000000e+00,0.000000e+00,0.0000,0.0000,0
81,features.14,46,pruned_before,nan,0.000000e+00,0.000000e+00,0.0000,0.0000,0
81,features.14,47,pruned_before,nan,0.000000e+00,0.000000e+00,0.0000,0.0000,0
81,features.14,48,pruned_before,nan,0.000000e+00,0.000000e+00,0.0000,0.0000,0
81,features.14,49,pruned_before,nan,0.000000e+00,0.000000e+00,0.0000,0.0000,0
81,features.14,50,pruned_before,nan,0.000000e+00,0.000000e+00,0.0000,0.0000,0
81,features.14,51,pruned_before,nan,0.000000e+00,0.000000e+00,0.0000,0.0000,0
81,features.14,52,pruned_before,nan,0.000000e+00,0.000000e+00,0.0000,0.0000,0
81,features.14,53,pruned_before,nan,0.000000e+00,0.000000e+00,0.0000,0.0000,0
81,features.14,54,pruned_before,nan,0.000000e+00,0.000000e+00,0.0000,0.0000,0
81,features.14,55,pruned_before,nan,0.000000e+00,0.000000e+00,0.0000,0.0000,0
81,features.14,56,pruned_before,nan,0.000000e+00,0.000000e+00,0.0000,0.0000,0
81,features.14,57,pruned_before,nan,0.000000e+00,0.000000e+00,0.0000,0.0000,0
81,features.14,58,pruned_before,nan,0.000000e+00,0.000000e+00,0.0000,0.0000,0
81,features.14,59,pruned_before,nan,0.000000e+00,0.000000e+00,0.0000,0.0000,0
81,features.14,60,pruned_before,nan,0.000000e+00,0.000000e+00,0.0000,0.0000,0
81,features.14,61,pruned_before,nan,0.000000e+00,0.000000e+00,0.0000,0.0000,0
81,features.14,62,pruned_before,nan,0.000000e+00,0.000000e+00,0.0000,0.0000,0
81,features.14,63,pruned_before,nan,0.000000e+00,0.000000e+00,0.0000,0.0000,0
81,features.14,64,pruned_before,nan,0.000000e+00,0.000000e+00,0.0000,0.0000,0
81,features.14,65,pruned_before,nan,0.000000e+00,0.000000e+00,0.0000,0.0000,0
81,features.14,66,pruned_before,nan,0.000000e+00,0.000000e+00,0.0000,0.0000,0
81,features.14,67,pruned_before,nan,0.000000e+00,0.000000e+00,0.0000,0.0000,0
81,features.14,68,pruned_before,nan,0.000000e+00,0.000000e+00,0.0000,0.0000,0
81,features.14,69,pruned_before,nan,0.000000e+00,0.000000e+00,0.0000,0.0000,0
81,features.14,70,pruned_before,nan,0.000000e+00,0.000000e+00,0.0000,0.0000,0
81,features.14,71,pruned_before,nan,0.000000e+00,0.000000e+00,0.0000,0.0000,0
81,features.14,72,pruned_before,nan,0.000000e+00,0.000000e+00,0.0000,0.0000,0
81,features.14,73,pruned_before,nan,0.000000e+00,0.000000e+00,0.0000,0.0000,0
81,features.14,74,pruned_before,nan,0.000000e+00,0.000000e+00,0.0000,0.0000,0
81,features.14,75,pruned_before,nan,0.000000e+00,0.000000e+00,0.0000,0.0000,0
81,features.14,76,pruned_before,nan,0.000000e+00,0.000000e+00,0.0000,0.0000,0
81,features.14,77,pruned_before,nan,0.000000e+00,0.000000e+00,0.0000,0.0000,0
81,features.14,78,pruned_before,nan,0.000000e+00,0.000000e+00,0.0000,0.0000,0
81,features.14,79,pruned_before,nan,0.000000e+00,0.000000e+00,0.0000,0.0000,0
81,features.14,80,pruned_before,nan,0.000000e+00,0.000000e+00,0.0000,0.0000,0
81,features.14,81,pruned_before,nan,0.000000e+00,0.000000e+00,0.0000,0.0000,0
81,features.14,82,pruned_before,nan,0.000000e+00,0.000000e+00,0.0000,0.0000,0
81,features.14,83,pruned_before,nan,0.000000e+00,0.000000e+00,0.0000,0.0000,0
81,features.14,84,pruned_before,nan,0.000000e+00,0.000000e+00,0.0000,0.0000,0
81,features.14,85,pruned_before,nan,0.000000e+00,0.000000e+00,0.0000,0.0000,0
81,features.14,86,pruned_before,nan,0.000000e+00,0.000000e+00,0.0000,0.0000,0
81,features.14,87,pruned_before,nan,0.000000e+00,0.000000e+00,0.0000,0.0000,0
81,features.14,88,pruned_before,nan,0.000000e+00,0.000000e+00,0.0000,0.0000,0
81,features.14,89,pruned_before,nan,0.000000e+00,0.000000e+00,0.0000,0.0000,0
81,features.14,90,pruned_before,nan,0.000000e+00,0.000000e+00,0.0000,0.0000,0
81,features.14,91,active,-0.004809,2.975863e-07,1.671636e-05,0.0084,0.0036,265
81,features.14,92,pruned_before,nan,0.000000e+00,0.000000e+00,0.0000,0.0000,0
81,features.14,93,pruned_before,nan,0.000000e+00,0.000000e+00,0.0000,0.0000,0
81,features.14,94,pruned_before,nan,0.000000e+00,0.000000e+00,0.0000,0.0000,0
81,features.14,95,pruned_before,nan,0.000000e+00,0.000000e+00,0.0000,0.0000,0
81,features.14,96,pruned_before,nan,0.000000e+00,0.000000e+00,0.0000,0.0000,0
81,features.14,97,pruned_before,nan,0.000000e+00,0.000000e+00,0.0000,0.0000,0
81,features.14,98,pruned_before,nan,0.000000e+00,0.000000e+00,0.0000,0.0000,0
81,features.14,99,pruned_before,nan,0.000000e+00,0.000000e+00,0.0000,0.0000,0
81,features.14,100,pruned_before,nan,0.000000e+00,0.000000e+00,0.0000,0.0000,0
81,features.14,101,pruned_before,nan,0.000000e+00,0.000000e+00,0.0000,0.0000,0
81,features.14,102,pruned_before,nan,0.000000e+00,0.000000e+00,0.0000,0.0000,0
81,features.14,103,active,0.003412,1.539488e-08,5.766958e-05,0.0004,0.0124,265
81,features.14,104,pruned_before,nan,0.000000e+00,0.000000e+00,0.0000,0.0000,0
81,features.14,105,pruned_before,nan,0.000000e+00,0.000000e+00,0.0000,0.0000,0
81,features.14,106,pruned_before,nan,0.000000e+00,0.000000e+00,0.0000,0.0000,0
81,features.14,107,pruned_before,nan,0.000000e+00,0.000000e+00,0.0000,0.0000,0
81,features.14,108,pruned_before,nan,0.000000e+00,0.000000e+00,0.0000,0.0000,0
81,features.14,109,active,-0.014555,8.502122e-07,3.511113e-05,0.0240,0.0075,265
81,features.14,110,pruned_before,nan,0.000000e+00,0.000000e+00,0.0000,0.0000,0
81,features.14,111,active,-0.020424,1.325396e-06,8.990400e-05,0.0375,0.0193,265
81,features.14,112,pruned_before,nan,0.000000e+00,0.000000e+00,0.0000,0.0000,0
81,features.14,113,pruned_before,nan,0.000000e+00,0.000000e+00,0.0000,0.0000,0
81,features.14,114,pruned_before,nan,0.000000e+00,0.000000e+00,0.0000,0.0000,0
81,features.14,115,pruned_before,nan,0.000000e+00,0.000000e+00,0.0000,0.0000,0
81,features.14,116,pruned_before,nan,0.000000e+00,0.000000e+00,0.0000,0.0000,0
81,features.14,117,pruned_before,nan,0.000000e+00,0.000000e+00,0.0000,0.0000,0
81,features.14,118,pruned_before,nan,0.000000e+00,0.000000e+00,0.0000,0.0000,0
81,features.14,119,pruned_before,nan,0.000000e+00,0.000000e+00,0.0000,0.0000,0
81,features.14,120,pruned_before,nan,0.000000e+00,0.000000e+00,0.0000,0.0000,0
81,features.14,121,pruned_before,nan,0.000000e+00,0.000000e+00,0.0000,0.0000,0
81,features.14,122,pruned_before,nan,0.000000e+00,0.000000e+00,0.0000,0.0000,0
81,features.14,123,pruned_before,nan,0.000000e+00,0.000000e+00,0.0000,0.0000,0
81,features.14,124,pruned_before,nan,0.000000e+00,0.000000e+00,0.0000,0.0000,0
81,features.14,125,pruned_before,nan,0.000000e+00,0.000000e+00,0.0000,0.0000,0
81,features.14,126,pruned_before,nan,0.000000e+00,0.000000e+00,0.0000,0.0000,0
81,features.14,127,pruned_before,nan,0.000000e+00,0.000000e+00,0.0000,0.0000,0
81,features.14,128,pruned_before,nan,0.000000e+00,0.000000e+00,0.0000,0.0000,0
81,features.14,129,pruned_before,nan,0.000000e+00,0.000000e+00,0.0000,0.0000,0
81,features.14,130,active,-0.026131,1.867949e-06,1.678826e-04,0.0528,0.0361,265
81,features.14,131,pruned_before,nan,0.000000e+00,0.000000e+00,0.0000,0.0000,0
81,features.14,132,pruned_before,nan,0.000000e+00,0.000000e+00,0.0000,0.0000,0
81,features.14,133,pruned_before,nan,0.000000e+00,0.000000e+00,0.0000,0.0000,0
81,features.14,134,pruned_before,nan,0.000000e+00,0.000000e+00,0.0000,0.0000,0
81,features.14,135,pruned_before,nan,0.000000e+00,0.000000e+00,0.0000,0.0000,0
81,features.14,136,pruned_before,nan,0.000000e+00,0.000000e+00,0.0000,0.0000,0
81,features.14,137,pruned_before,nan,0.000000e+00,0.000000e+00,0.0000,0.0000,0
81,features.14,138,pruned_before,nan,0.000000e+00,0.000000e+00,0.0000,0.0000,0
81,features.14,139,pruned_before,nan,0.000000e+00,0.000000e+00,0.0000,0.0000,0
81,features.14,140,pruned_before,nan,0.000000e+00,0.000000e+00,0.0000,0.0000,0
81,features.14,141,pruned_before,nan,0.000000e+00,0.000000e+00,0.0000,0.0000,0
81,features.14,142,active,-0.005886,3.101607e-07,3.869288e-06,0.0088,0.0008,265
81,features.14,143,pruned_before,nan,0.000000e+00,0.000000e+00,0.0000,0.0000,0
81,features.14,144,pruned_before,nan,0.000000e+00,0.000000e+00,0.0000,0.0000,0
81,features.14,145,pruned_before,nan,0.000000e+00,0.000000e+00,0.0000,0.0000,0
81,features.14,146,pruned_before,nan,0.000000e+00,0.000000e+00,0.0000,0.0000,0
81,features.14,147,pruned_before,nan,0.000000e+00,0.000000e+00,0.0000,0.0000,0
81,features.14,148,pruned_before,nan,0.000000e+00,0.000000e+00,0.0000,0.0000,0
81,features.14,149,pruned_before,nan,0.000000e+00,0.000000e+00,0.0000,0.0000,0
81,features.14,150,pruned_before,nan,0.000000e+00,0.000000e+00,0.0000,0.0000,0
81,features.14,151,pruned_before,nan,0.000000e+00,0.000000e+00,0.0000,0.0000,0
81,features.14,152,pruned_before,nan,0.000000e+00,0.000000e+00,0.0000,0.0000,0
81,features.14,153,pruned_before,nan,0.000000e+00,0.000000e+00,0.0000,0.0000,0
81,features.14,154,pruned_before,nan,0.000000e+00,0.000000e+00,0.0000,0.0000,0
81,features.14,155,pruned_before,nan,0.000000e+00,0.000000e+00,0.0000,0.0000,0
81,features.14,156,pruned_before,nan,0.000000e+00,0.000000e+00,0.0000,0.0000,0
81,features.14,157,pruned_before,nan,0.000000e+00,0.000000e+00,0.0000,0.0000,0
81,features.14,158,pruned_before,nan,0.000000e+00,0.000000e+00,0.0000,0.0000,0
81,features.14,159,pruned_before,nan,0.000000e+00,0.000000e+00,0.0000,0.0000,0
81,features.14,160,pruned_before,nan,0.000000e+00,0.000000e+00,0.0000,0.0000,0
81,features.14,161,pruned_before,nan,0.000000e+00,0.000000e+00,0.0000,0.0000,0
81,features.14,162,pruned_before,nan,0.000000e+00,0.000000e+00,0.0000,0.0000,0
81,features.14,163,pruned_before,nan,0.000000e+00,0.000000e+00,0.0000,0.0000,0
81,features.14,164,pruned_before,nan,0.000000e+00,0.000000e+00,0.0000,0.0000,0
81,features.14,165,pruned_before,nan,0.000000e+00,0.000000e+00,0.0000,0.0000,0
81,features.14,166,pruned_before,nan,0.000000e+00,0.000000e+00,0.0000,0.0000,0
81,features.14,167,pruned_before,nan,0.000000e+00,0.000000e+00,0.0000,0.0000,0
81,features.14,168,pruned_before,nan,0.000000e+00,0.000000e+00,0.0000,0.0000,0
81,features.14,169,pruned_before,nan,0.000000e+00,0.000000e+00,0.0000,0.0000,0
81,features.14,170,pruned_before,nan,0.000000e+00,0.000000e+00,0.0000,0.0000,0
81,features.14,171,pruned_before,nan,0.000000e+00,0.000000e+00,0.0000,0.0000,0
81,features.14,172,pruned_before,nan,0.000000e+00,0.000000e+00,0.0000,0.0000,0
81,features.14,173,pruned_before,nan,0.000000e+00,0.000000e+00,0.0000,0.0000,0
81,features.14,174,pruned_before,nan,0.000000e+00,0.000000e+00,0.0000,0.0000,0
81,features.14,175,pruned_before,nan,0.000000e+00,0.000000e+00,0.0000,0.0000,0
81,features.14,176,pruned_before,nan,0.000000e+00,0.000000e+00,0.0000,0.0000,0
81,features.14,177,pruned_before,nan,0.000000e+00,0.000000e+00,0.0000,0.0000,0
81,features.14,178,pruned_before,nan,0.000000e+00,0.000000e+00,0.0000,0.0000,0
81,features.14,179,pruned_before,nan,0.000000e+00,0.000000e+00,0.0000,0.0000,0
81,features.14,180,active,-0.029892,2.476278e-06,2.962586e-04,0.0700,0.0636,265
81,features.14,181,pruned_before,nan,0.000000e+00,0.000000e+00,0.0000,0.0000,0
81,features.14,182,pruned_before,nan,0.000000e+00,0.000000e+00,0.0000,0.0000,0
81,features.14,183,pruned_before,nan,0.000000e+00,0.000000e+00,0.0000,0.0000,0
81,features.14,184,pruned_before,nan,0.000000e+00,0.000000e+00,0.0000,0.0000,0
81,features.14,185,pruned_before,nan,0.000000e+00,0.000000e+00,0.0000,0.0000,0
81,features.14,186,pruned_before,nan,0.000000e+00,0.000000e+00,0.0000,0.0000,0
81,features.14,187,pruned_before,nan,0.000000e+00,0.000000e+00,0.0000,0.0000,0
81,features.14,188,pruned_before,nan,0.000000e+00,0.000000e+00,0.0000,0.0000,0
81,features.14,189,pruned_before,nan,0.000000e+00,0.000000e+00,0.0000,0.0000,0
81,features.14,190,pruned_before,nan,0.000000e+00,0.000000e+00,0.0000,0.0000,0
81,features.14,191,pruned_before,nan,0.000000e+00,0.000000e+00,0.0000,0.0000,0
81,features.14,192,pruned_before,nan,0.000000e+00,0.000000e+00,0.0000,0.0000,0
81,features.14,193,pruned_before,nan,0.000000e+00,0.000000e+00,0.0000,0.0000,0
81,features.14,194,pruned_before,nan,0.000000e+00,0.000000e+00,0.0000,0.0000,0
81,features.14,195,pruned_before,nan,0.000000e+00,0.000000e+00,0.0000,0.0000,0
81,features.14,196,pruned_before,nan,0.000000e+00,0.000000e+00,0.0000,0.0000,0
81,features.14,197,pruned_before,nan,0.000000e+00,0.000000e+00,0.0000,0.0000,0
81,features.14,198,pruned_before,nan,0.000000e+00,0.000000e+00,0.0000,0.0000,0
81,features.14,199,pruned_before,nan,0.000000e+00,0.000000e+00,0.0000,0.0000,0
81,features.14,200,pruned_before,nan,0.000000e+00,0.000000e+00,0.0000,0.0000,0
81,features.14,201,pruned_before,nan,0.000000e+00,0.000000e+00,0.0000,0.0000,0
81,features.14,202,pruned_before,nan,0.000000e+00,0.000000e+00,0.0000,0.0000,0
81,features.14,203,pruned_before,nan,0.000000e+00,0.000000e+00,0.0000,0.0000,0
81,features.14,204,active,-0.004927,3.169077e-07,2.081784e-05,0.0090,0.0045,265
81,features.14,205,pruned_before,nan,0.000000e+00,0.000000e+00,0.0000,0.0000,0
81,features.14,206,pruned_before,nan,0.000000e+00,0.000000e+00,0.0000,0.0000,0
81,features.14,207,pruned_before,nan,0.000000e+00,0.000000e+00,0.0000,0.0000,0
81,features.14,208,pruned_before,nan,0.000000e+00,0.000000e+00,0.0000,0.0000,0
81,features.14,209,pruned_before,nan,0.000000e+00,0.000000e+00,0.0000,0.0000,0
81,features.14,210,pruned_before,nan,0.000000e+00,0.000000e+00,0.0000,0.0000,0
81,features.14,211,pruned_before,nan,0.000000e+00,0.000000e+00,0.0000,0.0000,0
81,features.14,212,pruned_before,nan,0.000000e+00,0.000000e+00,0.0000,0.0000,0
81,features.14,213,pruned_before,nan,0.000000e+00,0.000000e+00,0.0000,0.0000,0
81,features.14,214,pruned_before,nan,0.000000e+00,0.000000e+00,0.0000,0.0000,0
81,features.14,215,pruned_before,nan,0.000000e+00,0.000000e+00,0.0000,0.0000,0
81,features.14,216,pruned_before,nan,0.000000e+00,0.000000e+00,0.0000,0.0000,0
81,features.14,217,active,-0.004670,2.737603e-07,1.156050e-05,0.0077,0.0025,265
81,features.14,218,pruned_before,nan,0.000000e+00,0.000000e+00,0.0000,0.0000,0
81,features.14,219,active,0.000002,2.983153e-08,9.186828e-06,0.0008,0.0020,265
81,features.14,220,pruned_before,nan,0.000000e+00,0.000000e+00,0.0000,0.0000,0
81,features.14,221,pruned_before,nan,0.000000e+00,0.000000e+00,0.0000,0.0000,0
81,features.14,222,pruned_before,nan,0.000000e+00,0.000000e+00,0.0000,0.0000,0
81,features.14,223,pruned_before,nan,0.000000e+00,0.000000e+00,0.0000,0.0000,0
81,features.14,224,pruned_before,nan,0.000000e+00,0.000000e+00,0.0000,0.0000,0
81,features.14,225,pruned_before,nan,0.000000e+00,0.000000e+00,0.0000,0.0000,0
81,features.14,226,pruned_before,nan,0.000000e+00,0.000000e+00,0.0000,0.0000,0
81,features.14,227,pruned_before,nan,0.000000e+00,0.000000e+00,0.0000,0.0000,0
81,features.14,228,pruned_before,nan,0.000000e+00,0.000000e+00,0.0000,0.0000,0
81,features.14,229,pruned_before,nan,0.000000e+00,0.000000e+00,0.0000,0.0000,0
81,features.14,230,pruned_before,nan,0.000000e+00,0.000000e+00,0.0000,0.0000,0
81,features.14,231,pruned_before,nan,0.000000e+00,0.000000e+00,0.0000,0.0000,0
81,features.14,232,pruned_before,nan,0.000000e+00,0.000000e+00,0.0000,0.0000,0
81,features.14,233,pruned_before,nan,0.000000e+00,0.000000e+00,0.0000,0.0000,0
81,features.14,234,pruned_before,nan,0.000000e+00,0.000000e+00,0.0000,0.0000,0
81,features.14,235,pruned_before,nan,0.000000e+00,0.000000e+00,0.0000,0.0000,0
81,features.14,236,pruned_before,nan,0.000000e+00,0.000000e+00,0.0000,0.0000,0
81,features.14,237,pruned_before,nan,0.000000e+00,0.000000e+00,0.0000,0.0000,0
81,features.14,238,pruned_before,nan,0.000000e+00,0.000000e+00,0.0000,0.0000,0
81,features.14,239,pruned_before,nan,0.000000e+00,0.000000e+00,0.0000,0.0000,0
81,features.14,240,pruned_before,nan,0.000000e+00,0.000000e+00,0.0000,0.0000,0
81,features.14,241,pruned_before,nan,0.000000e+00,0.000000e+00,0.0000,0.0000,0
81,features.14,242,pruned_before,nan,0.000000e+00,0.000000e+00,0.0000,0.0000,0
81,features.14,243,pruned_before,nan,0.000000e+00,0.000000e+00,0.0000,0.0000,0
81,features.14,244,pruned_before,nan,0.000000e+00,0.000000e+00,0.0000,0.0000,0
81,features.14,245,pruned_before,nan,0.000000e+00,0.000000e+00,0.0000,0.0000,0
81,features.14,246,pruned_before,nan,0.000000e+00,0.000000e+00,0.0000,0.0000,0
81,features.14,247,pruned_before,nan,0.000000e+00,0.000000e+00,0.0000,0.0000,0
81,features.14,248,pruned_before,nan,0.000000e+00,0.000000e+00,0.0000,0.0000,0
81,features.14,249,pruned_before,nan,0.000000e+00,0.000000e+00,0.0000,0.0000,0
81,features.14,250,pruned_before,nan,0.000000e+00,0.000000e+00,0.0000,0.0000,0
81,features.14,251,pruned_before,nan,0.000000e+00,0.000000e+00,0.0000,0.0000,0
81,features.14,252,pruned_before,nan,0.000000e+00,0.000000e+00,0.0000,0.0000,0
81,features.14,253,pruned_before,nan,0.000000e+00,0.000000e+00,0.0000,0.0000,0
81,features.14,254,pruned_before,nan,0.000000e+00,0.000000e+00,0.0000,0.0000,0
81,features.14,255,pruned_before,nan,0.000000e+00,0.000000e+00,0.0000,0.0000,0
81,features.14,256,pruned_before,nan,0.000000e+00,0.000000e+00,0.0000,0.0000,0
81,features.14,257,pruned_before,nan,0.000000e+00,0.000000e+00,0.0000,0.0000,0
81,features.14,258,pruned_before,nan,0.000000e+00,0.000000e+00,0.0000,0.0000,0
81,features.14,259,pruned_before,nan,0.000000e+00,0.000000e+00,0.0000,0.0000,0
81,features.14,260,pruned_before,nan,0.000000e+00,0.000000e+00,0.0000,0.0000,0
81,features.14,261,pruned_before,nan,0.000000e+00,0.000000e+00,0.0000,0.0000,0
81,features.14,262,pruned_before,nan,0.000000e+00,0.000000e+00,0.0000,0.0000,0
81,features.14,263,pruned_before,nan,0.000000e+00,0.000000e+00,0.0000,0.0000,0
81,features.14,264,pruned_before,nan,0.000000e+00,0.000000e+00,0.0000,0.0000,0
81,features.14,265,pruned_before,nan,0.000000e+00,0.000000e+00,0.0000,0.0000,0
81,features.14,266,pruned_before,nan,0.000000e+00,0.000000e+00,0.0000,0.0000,0
81,features.14,267,pruned_before,nan,0.000000e+00,0.000000e+00,0.0000,0.0000,0
81,features.14,268,pruned_before,nan,0.000000e+00,0.000000e+00,0.0000,0.0000,0
81,features.14,269,pruned_before,nan,0.000000e+00,0.000000e+00,0.0000,0.0000,0
81,features.14,270,pruned_before,nan,0.000000e+00,0.000000e+00,0.0000,0.0000,0
81,features.14,271,pruned_before,nan,0.000000e+00,0.000000e+00,0.0000,0.0000,0
81,features.14,272,pruned_before,nan,0.000000e+00,0.000000e+00,0.0000,0.0000,0
81,features.14,273,pruned_before,nan,0.000000e+00,0.000000e+00,0.0000,0.0000,0
81,features.14,274,pruned_before,nan,0.000000e+00,0.000000e+00,0.0000,0.0000,0
81,features.14,275,pruned_before,nan,0.000000e+00,0.000000e+00,0.0000,0.0000,0
81,features.14,276,pruned_before,nan,0.000000e+00,0.000000e+00,0.0000,0.0000,0
81,features.14,277,pruned_before,nan,0.000000e+00,0.000000e+00,0.0000,0.0000,0
81,features.14,278,pruned_before,nan,0.000000e+00,0.000000e+00,0.0000,0.0000,0
81,features.14,279,pruned_before,nan,0.000000e+00,0.000000e+00,0.0000,0.0000,0
81,features.14,280,pruned_before,nan,0.000000e+00,0.000000e+00,0.0000,0.0000,0
81,features.14,281,pruned_before,nan,0.000000e+00,0.000000e+00,0.0000,0.0000,0
81,features.14,282,pruned_before,nan,0.000000e+00,0.000000e+00,0.0000,0.0000,0
81,features.14,283,pruned_before,nan,0.000000e+00,0.000000e+00,0.0000,0.0000,0
81,features.14,284,pruned_before,nan,0.000000e+00,0.000000e+00,0.0000,0.0000,0
81,features.14,285,pruned_before,nan,0.000000e+00,0.000000e+00,0.0000,0.0000,0
81,features.14,286,pruned_before,nan,0.000000e+00,0.000000e+00,0.0000,0.0000,0
81,features.14,287,pruned_before,nan,0.000000e+00,0.000000e+00,0.0000,0.0000,0
81,features.14,288,pruned_before,nan,0.000000e+00,0.000000e+00,0.0000,0.0000,0
81,features.14,289,pruned_before,nan,0.000000e+00,0.000000e+00,0.0000,0.0000,0
81,features.14,290,pruned_before,nan,0.000000e+00,0.000000e+00,0.0000,0.0000,0
81,features.14,291,pruned_before,nan,0.000000e+00,0.000000e+00,0.0000,0.0000,0
81,features.14,292,pruned_before,nan,0.000000e+00,0.000000e+00,0.0000,0.0000,0
81,features.14,293,pruned_before,nan,0.000000e+00,0.000000e+00,0.0000,0.0000,0
81,features.14,294,pruned_before,nan,0.000000e+00,0.000000e+00,0.0000,0.0000,0
81,features.14,295,pruned_before,nan,0.000000e+00,0.000000e+00,0.0000,0.0000,0
81,features.14,296,pruned_before,nan,0.000000e+00,0.000000e+00,0.0000,0.0000,0
81,features.14,297,pruned_before,nan,0.000000e+00,0.000000e+00,0.0000,0.0000,0
81,features.14,298,pruned_before,nan,0.000000e+00,0.000000e+00,0.0000,0.0000,0
81,features.14,299,pruned_before,nan,0.000000e+00,0.000000e+00,0.0000,0.0000,0
81,features.14,300,pruned_before,nan,0.000000e+00,0.000000e+00,0.0000,0.0000,0
81,features.14,301,pruned_before,nan,0.000000e+00,0.000000e+00,0.0000,0.0000,0
81,features.14,302,pruned_before,nan,0.000000e+00,0.000000e+00,0.0000,0.0000,0
81,features.14,303,pruned_before,nan,0.000000e+00,0.000000e+00,0.0000,0.0000,0
81,features.14,304,active,0.000000,0.000000e+00,1.780212e-09,0.0000,0.0000,265
81,features.14,305,pruned_before,nan,0.000000e+00,0.000000e+00,0.0000,0.0000,0
81,features.14,306,pruned_before,nan,0.000000e+00,0.000000e+00,0.0000,0.0000,0
81,features.14,307,pruned_before,nan,0.000000e+00,0.000000e+00,0.0000,0.0000,0
81,features.14,308,pruned_before,nan,0.000000e+00,0.000000e+00,0.0000,0.0000,0
81,features.14,309,pruned_before,nan,0.000000e+00,0.000000e+00,0.0000,0.0000,0
81,features.14,310,pruned_before,nan,0.000000e+00,0.000000e+00,0.0000,0.0000,0
81,features.14,311,pruned_before,nan,0.000000e+00,0.000000e+00,0.0000,0.0000,0
81,features.14,312,pruned_before,nan,0.000000e+00,0.000000e+00,0.0000,0.0000,0
81,features.14,313,pruned_before,nan,0.000000e+00,0.000000e+00,0.0000,0.0000,0
81,features.14,314,pruned_before,nan,0.000000e+00,0.000000e+00,0.0000,0.0000,0
81,features.14,315,pruned_before,nan,0.000000e+00,0.000000e+00,0.0000,0.0000,0
81,features.14,316,pruned_before,nan,0.000000e+00,0.000000e+00,0.0000,0.0000,0
81,features.14,317,pruned_before,nan,0.000000e+00,0.000000e+00,0.0000,0.0000,0
81,features.14,318,pruned_before,nan,0.000000e+00,0.000000e+00,0.0000,0.0000,0
81,features.14,319,pruned_before,nan,0.000000e+00,0.000000e+00,0.0000,0.0000,0
81,features.14,320,pruned_before,nan,0.000000e+00,0.000000e+00,0.0000,0.0000,0
81,features.14,321,pruned_before,nan,0.000000e+00,0.000000e+00,0.0000,0.0000,0
81,features.14,322,pruned_before,nan,0.000000e+00,0.000000e+00,0.0000,0.0000,0
81,features.14,323,pruned_before,nan,0.000000e+00,0.000000e+00,0.0000,0.0000,0
81,features.14,324,pruned_before,nan,0.000000e+00,0.000000e+00,0.0000,0.0000,0
81,features.14,325,pruned_before,nan,0.000000e+00,0.000000e+00,0.0000,0.0000,0
81,features.14,326,pruned_before,nan,0.000000e+00,0.000000e+00,0.0000,0.0000,0
81,features.14,327,pruned_before,nan,0.000000e+00,0.000000e+00,0.0000,0.0000,0
81,features.14,328,pruned_before,nan,0.000000e+00,0.000000e+00,0.0000,0.0000,0
81,features.14,329,pruned_before,nan,0.000000e+00,0.000000e+00,0.0000,0.0000,0
81,features.14,330,pruned_before,nan,0.000000e+00,0.000000e+00,0.0000,0.0000,0
81,features.14,331,pruned_before,nan,0.000000e+00,0.000000e+00,0.0000,0.0000,0
81,features.14,332,pruned_before,nan,0.000000e+00,0.000000e+00,0.0000,0.0000,0
81,features.14,333,pruned_before,nan,0.000000e+00,0.000000e+00,0.0000,0.0000,0
81,features.14,334,protected,-0.400000,3.538781e-05,4.655598e-03,1.0000,1.0000,265
81,features.14,335,pruned_before,nan,0.000000e+00,0.000000e+00,0.0000,0.0000,0
81,features.14,336,pruned_before,nan,0.000000e+00,0.000000e+00,0.0000,0.0000,0
81,features.14,337,pruned_before,nan,0.000000e+00,0.000000e+00,0.0000,0.0000,0
81,features.14,338,pruned_before,nan,0.000000e+00,0.000000e+00,0.0000,0.0000,0
81,features.14,339,pruned_before,nan,0.000000e+00,0.000000e+00,0.0000,0.0000,0
81,features.14,340,pruned_before,nan,0.000000e+00,0.000000e+00,0.0000,0.0000,0
81,features.14,341,pruned_before,nan,0.000000e+00,0.000000e+00,0.0000,0.0000,0
81,features.14,342,pruned_before,nan,0.000000e+00,0.000000e+00,0.0000,0.0000,0
81,features.14,343,pruned_before,nan,0.000000e+00,0.000000e+00,0.0000,0.0000,0
81,features.14,344,pruned_before,nan,0.000000e+00,0.000000e+00,0.0000,0.0000,0
81,features.14,345,pruned_before,nan,0.000000e+00,0.000000e+00,0.0000,0.0000,0
81,features.14,346,pruned_before,nan,0.000000e+00,0.000000e+00,0.0000,0.0000,0
81,features.14,347,pruned_before,nan,0.000000e+00,0.000000e+00,0.0000,0.0000,0
81,features.14,348,pruned_before,nan,0.000000e+00,0.000000e+00,0.0000,0.0000,0
81,features.14,349,pruned_before,nan,0.000000e+00,0.000000e+00,0.0000,0.0000,0
81,features.14,350,pruned_before,nan,0.000000e+00,0.000000e+00,0.0000,0.0000,0
81,features.14,351,pruned_before,nan,0.000000e+00,0.000000e+00,0.0000,0.0000,0
81,features.14,352,pruned_before,nan,0.000000e+00,0.000000e+00,0.0000,0.0000,0
81,features.14,353,pruned_before,nan,0.000000e+00,0.000000e+00,0.0000,0.0000,0
81,features.14,354,pruned_before,nan,0.000000e+00,0.000000e+00,0.0000,0.0000,0
81,features.14,355,pruned_before,nan,0.000000e+00,0.000000e+00,0.0000,0.0000,0
81,features.14,356,pruned_before,nan,0.000000e+00,0.000000e+00,0.0000,0.0000,0
81,features.14,357,pruned_before,nan,0.000000e+00,0.000000e+00,0.0000,0.0000,0
81,features.14,358,pruned_before,nan,0.000000e+00,0.000000e+00,0.0000,0.0000,0
81,features.14,359,pruned_before,nan,0.000000e+00,0.000000e+00,0.0000,0.0000,0
81,features.14,360,pruned_before,nan,0.000000e+00,0.000000e+00,0.0000,0.0000,0
81,features.14,361,pruned_before,nan,0.000000e+00,0.000000e+00,0.0000,0.0000,0
81,features.14,362,pruned_before,nan,0.000000e+00,0.000000e+00,0.0000,0.0000,0
81,features.14,363,pruned_before,nan,0.000000e+00,0.000000e+00,0.0000,0.0000,0
81,features.14,364,pruned_before,nan,0.000000e+00,0.000000e+00,0.0000,0.0000,0
81,features.14,365,pruned_before,nan,0.000000e+00,0.000000e+00,0.0000,0.0000,0
81,features.14,366,pruned_before,nan,0.000000e+00,0.000000e+00,0.0000,0.0000,0
81,features.14,367,pruned_before,nan,0.000000e+00,0.000000e+00,0.0000,0.0000,0
81,features.14,368,pruned_before,nan,0.000000e+00,0.000000e+00,0.0000,0.0000,0
81,features.14,369,pruned_before,nan,0.000000e+00,0.000000e+00,0.0000,0.0000,0
81,features.14,370,pruned_before,nan,0.000000e+00,0.000000e+00,0.0000,0.0000,0
81,features.14,371,pruned_before,nan,0.000000e+00,0.000000e+00,0.0000,0.0000,0
81,features.14,372,pruned_before,nan,0.000000e+00,0.000000e+00,0.0000,0.0000,0
81,features.14,373,pruned_before,nan,0.000000e+00,0.000000e+00,0.0000,0.0000,0
81,features.14,374,pruned_before,nan,0.000000e+00,0.000000e+00,0.0000,0.0000,0
81,features.14,375,pruned_before,nan,0.000000e+00,0.000000e+00,0.0000,0.0000,0
81,features.14,376,pruned_before,nan,0.000000e+00,0.000000e+00,0.0000,0.0000,0
81,features.14,377,pruned_before,nan,0.000000e+00,0.000000e+00,0.0000,0.0000,0
81,features.14,378,pruned_before,nan,0.000000e+00,0.000000e+00,0.0000,0.0000,0
81,features.14,379,pruned_before,nan,0.000000e+00,0.000000e+00,0.0000,0.0000,0
81,features.14,380,pruned_before,nan,0.000000e+00,0.000000e+00,0.0000,0.0000,0
81,features.14,381,pruned_before,nan,0.000000e+00,0.000000e+00,0.0000,0.0000,0
81,features.14,382,pruned_before,nan,0.000000e+00,0.000000e+00,0.0000,0.0000,0
81,features.14,383,pruned_before,nan,0.000000e+00,0.000000e+00,0.0000,0.0000,0
81,features.14,384,pruned_before,nan,0.000000e+00,0.000000e+00,0.0000,0.0000,0
81,features.14,385,pruned_before,nan,0.000000e+00,0.000000e+00,0.0000,0.0000,0
81,features.14,386,pruned_before,nan,0.000000e+00,0.000000e+00,0.0000,0.0000,0
81,features.14,387,pruned_before,nan,0.000000e+00,0.000000e+00,0.0000,0.0000,0
81,features.14,388,pruned_before,nan,0.000000e+00,0.000000e+00,0.0000,0.0000,0
81,features.14,389,pruned_before,nan,0.000000e+00,0.000000e+00,0.0000,0.0000,0
81,features.14,390,pruned_before,nan,0.000000e+00,0.000000e+00,0.0000,0.0000,0
81,features.14,391,pruned_before,nan,0.000000e+00,0.000000e+00,0.0000,0.0000,0
81,features.14,392,pruned_before,nan,0.000000e+00,0.000000e+00,0.0000,0.0000,0
81,features.14,393,pruned_before,nan,0.000000e+00,0.000000e+00,0.0000,0.0000,0
81,features.14,394,pruned_before,nan,0.000000e+00,0.000000e+00,0.0000,0.0000,0
81,features.14,395,pruned_before,nan,0.000000e+00,0.000000e+00,0.0000,0.0000,0
81,features.14,396,pruned_before,nan,0.000000e+00,0.000000e+00,0.0000,0.0000,0
81,features.14,397,pruned_before,nan,0.000000e+00,0.000000e+00,0.0000,0.0000,0
81,features.14,398,pruned_before,nan,0.000000e+00,0.000000e+00,0.0000,0.0000,0
81,features.14,399,pruned_before,nan,0.000000e+00,0.000000e+00,0.0000,0.0000,0
81,features.14,400,pruned_before,nan,0.000000e+00,0.000000e+00,0.0000,0.0000,0
81,features.14,401,pruned_before,nan,0.000000e+00,0.000000e+00,0.0000,0.0000,0
81,features.14,402,active,-0.008057,6.616538e-07,7.808048e-05,0.0187,0.0168,265
81,features.14,403,pruned_before,nan,0.000000e+00,0.000000e+00,0.0000,0.0000,0
81,features.14,404,pruned_before,nan,0.000000e+00,0.000000e+00,0.0000,0.0000,0
81,features.14,405,pruned_before,nan,0.000000e+00,0.000000e+00,0.0000,0.0000,0
81,features.14,406,pruned_before,nan,0.000000e+00,0.000000e+00,0.0000,0.0000,0
81,features.14,407,pruned_before,nan,0.000000e+00,0.000000e+00,0.0000,0.0000,0
81,features.14,408,pruned_before,nan,0.000000e+00,0.000000e+00,0.0000,0.0000,0
81,features.14,409,pruned_before,nan,0.000000e+00,0.000000e+00,0.0000,0.0000,0
81,features.14,410,pruned_before,nan,0.000000e+00,0.000000e+00,0.0000,0.0000,0
81,features.14,411,pruned_before,nan,0.000000e+00,0.000000e+00,0.0000,0.0000,0
81,features.14,412,pruned_before,nan,0.000000e+00,0.000000e+00,0.0000,0.0000,0
81,features.14,413,pruned_before,nan,0.000000e+00,0.000000e+00,0.0000,0.0000,0
81,features.14,414,pruned_before,nan,0.000000e+00,0.000000e+00,0.0000,0.0000,0
81,features.14,415,pruned_before,nan,0.000000e+00,0.000000e+00,0.0000,0.0000,0
81,features.14,416,pruned_before,nan,0.000000e+00,0.000000e+00,0.0000,0.0000,0
81,features.14,417,pruned_before,nan,0.000000e+00,0.000000e+00,0.0000,0.0000,0
81,features.14,418,pruned_before,nan,0.000000e+00,0.000000e+00,0.0000,0.0000,0
81,features.14,419,pruned_before,nan,0.000000e+00,0.000000e+00,0.0000,0.0000,0
81,features.14,420,pruned_before,nan,0.000000e+00,0.000000e+00,0.0000,0.0000,0
81,features.14,421,pruned_before,nan,0.000000e+00,0.000000e+00,0.0000,0.0000,0
81,features.14,422,pruned_before,nan,0.000000e+00,0.000000e+00,0.0000,0.0000,0
81,features.14,423,active,0.002862,4.254780e-08,5.746909e-05,0.0012,0.0123,265
81,features.14,424,pruned_before,nan,0.000000e+00,0.000000e+00,0.0000,0.0000,0
81,features.14,425,pruned_before,nan,0.000000e+00,0.000000e+00,0.0000,0.0000,0
81,features.14,426,pruned_before,nan,0.000000e+00,0.000000e+00,0.0000,0.0000,0
81,features.14,427,pruned_before,nan,0.000000e+00,0.000000e+00,0.0000,0.0000,0
81,features.14,428,pruned_before,nan,0.000000e+00,0.000000e+00,0.0000,0.0000,0
81,features.14,429,pruned_before,nan,0.000000e+00,0.000000e+00,0.0000,0.0000,0
81,features.14,430,pruned_before,nan,0.000000e+00,0.000000e+00,0.0000,0.0000,0
81,features.14,431,pruned_before,nan,0.000000e+00,0.000000e+00,0.0000,0.0000,0
81,features.14,432,active,-0.001558,8.157517e-08,8.630662e-07,0.0023,0.0002,265
81,features.14,433,pruned_before,nan,0.000000e+00,0.000000e+00,0.0000,0.0000,0
81,features.14,434,pruned_before,nan,0.000000e+00,0.000000e+00,0.0000,0.0000,0
81,features.14,435,pruned_before,nan,0.000000e+00,0.000000e+00,0.0000,0.0000,0
81,features.14,436,pruned_before,nan,0.000000e+00,0.000000e+00,0.0000,0.0000,0
81,features.14,437,pruned_before,nan,0.000000e+00,0.000000e+00,0.0000,0.0000,0
81,features.14,438,pruned_before,nan,0.000000e+00,0.000000e+00,0.0000,0.0000,0
81,features.14,439,pruned_before,nan,0.000000e+00,0.000000e+00,0.0000,0.0000,0
81,features.14,440,pruned_before,nan,0.000000e+00,0.000000e+00,0.0000,0.0000,0
81,features.14,441,pruned_before,nan,0.000000e+00,0.000000e+00,0.0000,0.0000,0
81,features.14,442,pruned_before,nan,0.000000e+00,0.000000e+00,0.0000,0.0000,0
81,features.14,443,pruned_before,nan,0.000000e+00,0.000000e+00,0.0000,0.0000,0
81,features.14,444,pruned_before,nan,0.000000e+00,0.000000e+00,0.0000,0.0000,0
81,features.14,445,pruned_before,nan,0.000000e+00,0.000000e+00,0.0000,0.0000,0
81,features.14,446,pruned_before,nan,0.000000e+00,0.000000e+00,0.0000,0.0000,0
81,features.14,447,pruned_before,nan,0.000000e+00,0.000000e+00,0.0000,0.0000,0
81,features.14,448,pruned_before,nan,0.000000e+00,0.000000e+00,0.0000,0.0000,0
81,features.14,449,pruned_before,nan,0.000000e+00,0.000000e+00,0.0000,0.0000,0
81,features.14,450,pruned_before,nan,0.000000e+00,0.000000e+00,0.0000,0.0000,0
81,features.14,451,pruned_before,nan,0.000000e+00,0.000000e+00,0.0000,0.0000,0
81,features.14,452,pruned_before,nan,0.000000e+00,0.000000e+00,0.0000,0.0000,0
81,features.14,453,pruned_before,nan,0.000000e+00,0.000000e+00,0.0000,0.0000,0
81,features.14,454,pruned_before,nan,0.000000e+00,0.000000e+00,0.0000,0.0000,0
81,features.14,455,pruned_before,nan,0.000000e+00,0.000000e+00,0.0000,0.0000,0
81,features.14,456,pruned_before,nan,0.000000e+00,0.000000e+00,0.0000,0.0000,0
81,features.14,457,pruned_before,nan,0.000000e+00,0.000000e+00,0.0000,0.0000,0
81,features.14,458,pruned_before,nan,0.000000e+00,0.000000e+00,0.0000,0.0000,0
81,features.14,459,pruned_before,nan,0.000000e+00,0.000000e+00,0.0000,0.0000,0
81,features.14,460,pruned_before,nan,0.000000e+00,0.000000e+00,0.0000,0.0000,0
81,features.14,461,pruned_before,nan,0.000000e+00,0.000000e+00,0.0000,0.0000,0
81,features.14,462,pruned_before,nan,0.000000e+00,0.000000e+00,0.0000,0.0000,0
81,features.14,463,pruned_before,nan,0.000000e+00,0.000000e+00,0.0000,0.0000,0
81,features.14,464,pruned_before,nan,0.000000e+00,0.000000e+00,0.0000,0.0000,0
81,features.14,465,pruned_before,nan,0.000000e+00,0.000000e+00,0.0000,0.0000,0
81,features.14,466,pruned_before,nan,0.000000e+00,0.000000e+00,0.0000,0.0000,0
81,features.14,467,pruned_before,nan,0.000000e+00,0.000000e+00,0.0000,0.0000,0
81,features.14,468,pruned_before,nan,0.000000e+00,0.000000e+00,0.0000,0.0000,0
81,features.14,469,pruned_before,nan,0.000000e+00,0.000000e+00,0.0000,0.0000,0
81,features.14,470,pruned_before,nan,0.000000e+00,0.000000e+00,0.0000,0.0000,0
81,features.14,471,pruned_before,nan,0.000000e+00,0.000000e+00,0.0000,0.0000,0
81,features.14,472,pruned_before,nan,0.000000e+00,0.000000e+00,0.0000,0.0000,0
81,features.14,473,pruned_before,nan,0.000000e+00,0.000000e+00,0.0000,0.0000,0
81,features.14,474,pruned_before,nan,0.000000e+00,0.000000e+00,0.0000,0.0000,0
81,features.14,475,pruned_before,nan,0.000000e+00,0.000000e+00,0.0000,0.0000,0
81,features.14,476,pruned_before,nan,0.000000e+00,0.000000e+00,0.0000,0.0000,0
81,features.14,477,pruned_before,nan,0.000000e+00,0.000000e+00,0.0000,0.0000,0
81,features.14,478,pruned_before,nan,0.000000e+00,0.000000e+00,0.0000,0.0000,0
81,features.14,479,pruned_before,nan,0.000000e+00,0.000000e+00,0.0000,0.0000,0
81,features.14,480,pruned_before,nan,0.000000e+00,0.000000e+00,0.0000,0.0000,0
81,features.14,481,pruned_before,nan,0.000000e+00,0.000000e+00,0.0000,0.0000,0
81,features.14,482,pruned_before,nan,0.000000e+00,0.000000e+00,0.0000,0.0000,0
81,features.14,483,pruned_before,nan,0.000000e+00,0.000000e+00,0.0000,0.0000,0
81,features.14,484,pruned_before,nan,0.000000e+00,0.000000e+00,0.0000,0.0000,0
81,features.14,485,pruned_before,nan,0.000000e+00,0.000000e+00,0.0000,0.0000,0
81,features.14,486,pruned_before,nan,0.000000e+00,0.000000e+00,0.0000,0.0000,0
81,features.14,487,pruned_before,nan,0.000000e+00,0.000000e+00,0.0000,0.0000,0
81,features.14,488,pruned_before,nan,0.000000e+00,0.000000e+00,0.0000,0.0000,0
81,features.14,489,pruned_before,nan,0.000000e+00,0.000000e+00,0.0000,0.0000,0
81,features.14,490,pruned_before,nan,0.000000e+00,0.000000e+00,0.0000,0.0000,0
81,features.14,491,pruned_before,nan,0.000000e+00,0.000000e+00,0.0000,0.0000,0
81,features.14,492,pruned_before,nan,0.000000e+00,0.000000e+00,0.0000,0.0000,0
81,features.14,493,pruned_before,nan,0.000000e+00,0.000000e+00,0.0000,0.0000,0
81,features.14,494,pruned_before,nan,0.000000e+00,0.000000e+00,0.0000,0.0000,0
81,features.14,495,pruned_before,nan,0.000000e+00,0.000000e+00,0.0000,0.0000,0
81,features.14,496,pruned_before,nan,0.000000e+00,0.000000e+00,0.0000,0.0000,0
81,features.14,497,pruned_before,nan,0.000000e+00,0.000000e+00,0.0000,0.0000,0
81,features.14,498,pruned_before,nan,0.000000e+00,0.000000e+00,0.0000,0.0000,0
81,features.14,499,pruned_before,nan,0.000000e+00,0.000000e+00,0.0000,0.0000,0
81,features.14,500,pruned_before,nan,0.000000e+00,0.000000e+00,0.0000,0.0000,0
81,features.14,501,pruned_before,nan,0.000000e+00,0.000000e+00,0.0000,0.0000,0
81,features.14,502,pruned_before,nan,0.000000e+00,0.000000e+00,0.0000,0.0000,0
81,features.14,503,pruned_before,nan,0.000000e+00,0.000000e+00,0.0000,0.0000,0
81,features.14,504,pruned_before,nan,0.000000e+00,0.000000e+00,0.0000,0.0000,0
81,features.14,505,pruned_before,nan,0.000000e+00,0.000000e+00,0.0000,0.0000,0
81,features.14,506,pruned_before,nan,0.000000e+00,0.000000e+00,0.0000,0.0000,0
81,features.14,507,pruned_before,nan,0.000000e+00,0.000000e+00,0.0000,0.0000,0
81,features.14,508,active,0.005972,9.776129e-07,3.927708e-04,0.0276,0.0844,265
81,features.14,509,pruned_before,nan,0.000000e+00,0.000000e+00,0.0000,0.0000,0
81,features.14,510,pruned_before,nan,0.000000e+00,0.000000e+00,0.0000,0.0000,0
81,features.14,511,pruned_before,nan,0.000000e+00,0.000000e+00,0.0000,0.0000,0
81,features.14,512,pruned_before,nan,0.000000e+00,0.000000e+00,0.0000,0.0000,0
81,features.14,513,pruned_before,nan,0.000000e+00,0.000000e+00,0.0000,0.0000,0
81,features.14,514,pruned_before,nan,0.000000e+00,0.000000e+00,0.0000,0.0000,0
81,features.14,515,pruned_before,nan,0.000000e+00,0.000000e+00,0.0000,0.0000,0
81,features.14,516,pruned_before,nan,0.000000e+00,0.000000e+00,0.0000,0.0000,0
81,features.14,517,pruned_before,nan,0.000000e+00,0.000000e+00,0.0000,0.0000,0
81,features.14,518,pruned_before,nan,0.000000e+00,0.000000e+00,0.0000,0.0000,0
81,features.14,519,pruned_before,nan,0.000000e+00,0.000000e+00,0.0000,0.0000,0
81,features.14,520,pruned_before,nan,0.000000e+00,0.000000e+00,0.0000,0.0000,0
81,features.14,521,pruned_before,nan,0.000000e+00,0.000000e+00,0.0000,0.0000,0
81,features.14,522,pruned_before,nan,0.000000e+00,0.000000e+00,0.0000,0.0000,0
81,features.14,523,pruned_before,nan,0.000000e+00,0.000000e+00,0.0000,0.0000,0
81,features.14,524,pruned_before,nan,0.000000e+00,0.000000e+00,0.0000,0.0000,0
81,features.14,525,pruned_before,nan,0.000000e+00,0.000000e+00,0.0000,0.0000,0
81,features.14,526,pruned_before,nan,0.000000e+00,0.000000e+00,0.0000,0.0000,0
81,features.14,527,pruned_before,nan,0.000000e+00,0.000000e+00,0.0000,0.0000,0
81,features.14,528,pruned_before,nan,0.000000e+00,0.000000e+00,0.0000,0.0000,0
81,features.14,529,pruned_before,nan,0.000000e+00,0.000000e+00,0.0000,0.0000,0
81,features.14,530,pruned_before,nan,0.000000e+00,0.000000e+00,0.0000,0.0000,0
81,features.14,531,pruned_before,nan,0.000000e+00,0.000000e+00,0.0000,0.0000,0
81,features.14,532,pruned_before,nan,0.000000e+00,0.000000e+00,0.0000,0.0000,0
81,features.14,533,pruned_before,nan,0.000000e+00,0.000000e+00,0.0000,0.0000,0
81,features.14,534,pruned_before,nan,0.000000e+00,0.000000e+00,0.0000,0.0000,0
81,features.14,535,pruned_before,nan,0.000000e+00,0.000000e+00,0.0000,0.0000,0
81,features.14,536,pruned_before,nan,0.000000e+00,0.000000e+00,0.0000,0.0000,0
81,features.14,537,pruned_before,nan,0.000000e+00,0.000000e+00,0.0000,0.0000,0
81,features.14,538,pruned_before,nan,0.000000e+00,0.000000e+00,0.0000,0.0000,0
81,features.14,539,pruned_before,nan,0.000000e+00,0.000000e+00,0.0000,0.0000,0
81,features.14,540,pruned_before,nan,0.000000e+00,0.000000e+00,0.0000,0.0000,0
81,features.14,541,pruned_before,nan,0.000000e+00,0.000000e+00,0.0000,0.0000,0
81,features.14,542,pruned_before,nan,0.000000e+00,0.000000e+00,0.0000,0.0000,0
81,features.14,543,active,0.000000,0.000000e+00,0.000000e+00,0.0000,0.0000,265
81,features.14,544,pruned_before,nan,0.000000e+00,0.000000e+00,0.0000,0.0000,0
81,features.14,545,pruned_before,nan,0.000000e+00,0.000000e+00,0.0000,0.0000,0
81,features.14,546,pruned_before,nan,0.000000e+00,0.000000e+00,0.0000,0.0000,0
81,features.14,547,pruned_before,nan,0.000000e+00,0.000000e+00,0.0000,0.0000,0
81,features.14,548,pruned_before,nan,0.000000e+00,0.000000e+00,0.0000,0.0000,0
81,features.14,549,pruned_before,nan,0.000000e+00,0.000000e+00,0.0000,0.0000,0
81,features.14,550,pruned_before,nan,0.000000e+00,0.000000e+00,0.0000,0.0000,0
81,features.14,551,pruned_before,nan,0.000000e+00,0.000000e+00,0.0000,0.0000,0
81,features.14,552,pruned_before,nan,0.000000e+00,0.000000e+00,0.0000,0.0000,0
81,features.14,553,pruned_before,nan,0.000000e+00,0.000000e+00,0.0000,0.0000,0
81,features.14,554,pruned_before,nan,0.000000e+00,0.000000e+00,0.0000,0.0000,0
81,features.14,555,pruned_before,nan,0.000000e+00,0.000000e+00,0.0000,0.0000,0
81,features.14,556,pruned_before,nan,0.000000e+00,0.000000e+00,0.0000,0.0000,0
81,features.14,557,pruned_before,nan,0.000000e+00,0.000000e+00,0.0000,0.0000,0
81,features.14,558,pruned_before,nan,0.000000e+00,0.000000e+00,0.0000,0.0000,0
81,features.14,559,pruned_before,nan,0.000000e+00,0.000000e+00,0.0000,0.0000,0
81,features.14,560,pruned_before,nan,0.000000e+00,0.000000e+00,0.0000,0.0000,0
81,features.14,561,pruned_before,nan,0.000000e+00,0.000000e+00,0.0000,0.0000,0
81,features.14,562,pruned_before,nan,0.000000e+00,0.000000e+00,0.0000,0.0000,0
81,features.14,563,pruned_before,nan,0.000000e+00,0.000000e+00,0.0000,0.0000,0
81,features.14,564,pruned_before,nan,0.000000e+00,0.000000e+00,0.0000,0.0000,0
81,features.14,565,pruned_before,nan,0.000000e+00,0.000000e+00,0.0000,0.0000,0
81,features.14,566,pruned_before,nan,0.000000e+00,0.000000e+00,0.0000,0.0000,0
81,features.14,567,pruned_before,nan,0.000000e+00,0.000000e+00,0.0000,0.0000,0
81,features.14,568,pruned_before,nan,0.000000e+00,0.000000e+00,0.0000,0.0000,0
81,features.14,569,pruned_before,nan,0.000000e+00,0.000000e+00,0.0000,0.0000,0
81,features.14,570,pruned_before,nan,0.000000e+00,0.000000e+00,0.0000,0.0000,0
81,features.14,571,pruned_before,nan,0.000000e+00,0.000000e+00,0.0000,0.0000,0
81,features.14,572,pruned_before,nan,0.000000e+00,0.000000e+00,0.0000,0.0000,0
81,features.14,573,pruned_before,nan,0.000000e+00,0.000000e+00,0.0000,0.0000,0
81,features.14,574,pruned_before,nan,0.000000e+00,0.000000e+00,0.0000,0.0000,0
81,features.14,575,pruned_before,nan,0.000000e+00,0.000000e+00,0.0000,0.0000,0
81,features.15,0,pruned_before,nan,0.000000e+00,0.000000e+00,0.0000,0.0000,0
81,features.15,1,pruned_now,-0.050291,2.474251e-07,2.209857e-05,0.0722,0.0008,329
81,features.15,2,pruned_before,nan,0.000000e+00,0.000000e+00,0.0000,0.0000,0
81,features.15,3,pruned_before,nan,0.000000e+00,0.000000e+00,0.0000,0.0000,0
81,features.15,4,pruned_before,nan,0.000000e+00,0.000000e+00,0.0000,0.0000,0
81,features.15,5,pruned_before,nan,0.000000e+00,0.000000e+00,0.0000,0.0000,0
81,features.15,6,pruned_before,nan,0.000000e+00,0.000000e+00,0.0000,0.0000,0
81,features.15,7,protected,-0.400000,3.427826e-06,2.809468e-02,1.0000,1.0000,329
81,features.15,8,pruned_before,nan,0.000000e+00,0.000000e+00,0.0000,0.0000,0
81,features.15,9,pruned_before,nan,0.000000e+00,0.000000e+00,0.0000,0.0000,0
81,features.15,10,pruned_before,nan,0.000000e+00,0.000000e+00,0.0000,0.0000,0
81,features.15,11,active,-0.028525,1.397458e-07,1.166272e-06,0.0408,0.0000,329
81,features.15,12,pruned_before,nan,0.000000e+00,0.000000e+00,0.0000,0.0000,0
81,features.15,13,pruned_before,nan,0.000000e+00,0.000000e+00,0.0000,0.0000,0
81,features.15,14,pruned_before,nan,0.000000e+00,0.000000e+00,0.0000,0.0000,0
81,features.15,15,pruned_before,nan,0.000000e+00,0.000000e+00,0.0000,0.0000,0
81,features.15,16,pruned_before,nan,0.000000e+00,0.000000e+00,0.0000,0.0000,0
81,features.15,17,pruned_before,nan,0.000000e+00,0.000000e+00,0.0000,0.0000,0
81,features.15,18,pruned_before,nan,0.000000e+00,0.000000e+00,0.0000,0.0000,0
81,features.15,19,pruned_before,nan,0.000000e+00,0.000000e+00,0.0000,0.0000,0
81,features.15,20,pruned_before,nan,0.000000e+00,0.000000e+00,0.0000,0.0000,0
81,features.15,21,pruned_before,nan,0.000000e+00,0.000000e+00,0.0000,0.0000,0
81,features.15,22,pruned_before,nan,0.000000e+00,0.000000e+00,0.0000,0.0000,0
81,features.15,23,pruned_before,nan,0.000000e+00,0.000000e+00,0.0000,0.0000,0
81,features.15,24,pruned_before,nan,0.000000e+00,0.000000e+00,0.0000,0.0000,0
81,features.15,25,pruned_before,nan,0.000000e+00,0.000000e+00,0.0000,0.0000,0
81,features.15,26,pruned_before,nan,0.000000e+00,0.000000e+00,0.0000,0.0000,0
81,features.15,27,pruned_before,nan,0.000000e+00,0.000000e+00,0.0000,0.0000,0
81,features.15,28,pruned_before,nan,0.000000e+00,0.000000e+00,0.0000,0.0000,0
81,features.15,29,pruned_before,nan,0.000000e+00,0.000000e+00,0.0000,0.0000,0
81,features.15,30,pruned_before,nan,0.000000e+00,0.000000e+00,0.0000,0.0000,0
81,features.15,31,pruned_before,nan,0.000000e+00,0.000000e+00,0.0000,0.0000,0
81,features.15,32,pruned_before,nan,0.000000e+00,0.000000e+00,0.0000,0.0000,0
81,features.15,33,pruned_before,nan,0.000000e+00,0.000000e+00,0.0000,0.0000,0
81,features.15,34,pruned_before,nan,0.000000e+00,0.000000e+00,0.0000,0.0000,0
81,features.15,35,pruned_before,nan,0.000000e+00,0.000000e+00,0.0000,0.0000,0
81,features.15,36,pruned_before,nan,0.000000e+00,0.000000e+00,0.0000,0.0000,0
81,features.15,37,pruned_before,nan,0.000000e+00,0.000000e+00,0.0000,0.0000,0
81,features.15,38,pruned_before,nan,0.000000e+00,0.000000e+00,0.0000,0.0000,0
81,features.15,39,pruned_before,nan,0.000000e+00,0.000000e+00,0.0000,0.0000,0
81,features.15,40,pruned_before,nan,0.000000e+00,0.000000e+00,0.0000,0.0000,0
81,features.15,41,active,-0.013965,6.891436e-08,1.014107e-05,0.0201,0.0004,329
81,features.15,42,pruned_before,nan,0.000000e+00,0.000000e+00,0.0000,0.0000,0
81,features.15,43,pruned_before,nan,0.000000e+00,0.000000e+00,0.0000,0.0000,0
81,features.15,44,pruned_before,nan,0.000000e+00,0.000000e+00,0.0000,0.0000,0
81,features.15,45,pruned_before,nan,0.000000e+00,0.000000e+00,0.0000,0.0000,0
81,features.15,46,pruned_before,nan,0.000000e+00,0.000000e+00,0.0000,0.0000,0
81,features.15,47,pruned_before,nan,0.000000e+00,0.000000e+00,0.0000,0.0000,0
81,features.15,48,pruned_before,nan,0.000000e+00,0.000000e+00,0.0000,0.0000,0
81,features.15,49,pruned_before,nan,0.000000e+00,0.000000e+00,0.0000,0.0000,0
81,features.15,50,pruned_before,nan,0.000000e+00,0.000000e+00,0.0000,0.0000,0
81,features.15,51,pruned_before,nan,0.000000e+00,0.000000e+00,0.0000,0.0000,0
81,features.15,52,pruned_before,nan,0.000000e+00,0.000000e+00,0.0000,0.0000,0
81,features.15,53,pruned_before,nan,0.000000e+00,0.000000e+00,0.0000,0.0000,0
81,features.15,54,pruned_before,nan,0.000000e+00,0.000000e+00,0.0000,0.0000,0
81,features.15,55,pruned_before,nan,0.000000e+00,0.000000e+00,0.0000,0.0000,0
81,features.15,56,pruned_before,nan,0.000000e+00,0.000000e+00,0.0000,0.0000,0
81,features.15,57,pruned_before,nan,0.000000e+00,0.000000e+00,0.0000,0.0000,0
81,features.15,58,pruned_before,nan,0.000000e+00,0.000000e+00,0.0000,0.0000,0
81,features.15,59,pruned_before,nan,0.000000e+00,0.000000e+00,0.0000,0.0000,0
81,features.15,60,pruned_before,nan,0.000000e+00,0.000000e+00,0.0000,0.0000,0
81,features.15,61,pruned_before,nan,0.000000e+00,0.000000e+00,0.0000,0.0000,0
81,features.15,62,pruned_before,nan,0.000000e+00,0.000000e+00,0.0000,0.0000,0
81,features.15,63,pruned_before,nan,0.000000e+00,0.000000e+00,0.0000,0.0000,0
81,features.15,64,pruned_before,nan,0.000000e+00,0.000000e+00,0.0000,0.0000,0
81,features.15,65,pruned_before,nan,0.000000e+00,0.000000e+00,0.0000,0.0000,0
81,features.15,66,pruned_before,nan,0.000000e+00,0.000000e+00,0.0000,0.0000,0
81,features.15,67,pruned_before,nan,0.000000e+00,0.000000e+00,0.0000,0.0000,0
81,features.15,68,pruned_before,nan,0.000000e+00,0.000000e+00,0.0000,0.0000,0
81,features.15,69,pruned_before,nan,0.000000e+00,0.000000e+00,0.0000,0.0000,0
81,features.15,70,pruned_before,nan,0.000000e+00,0.000000e+00,0.0000,0.0000,0
81,features.15,71,pruned_before,nan,0.000000e+00,0.000000e+00,0.0000,0.0000,0
81,features.15,72,pruned_before,nan,0.000000e+00,0.000000e+00,0.0000,0.0000,0
81,features.15,73,pruned_before,nan,0.000000e+00,0.000000e+00,0.0000,0.0000,0
81,features.15,74,pruned_before,nan,0.000000e+00,0.000000e+00,0.0000,0.0000,0
81,features.15,75,pruned_before,nan,0.000000e+00,0.000000e+00,0.0000,0.0000,0
81,features.15,76,pruned_before,nan,0.000000e+00,0.000000e+00,0.0000,0.0000,0
81,features.15,77,pruned_before,nan,0.000000e+00,0.000000e+00,0.0000,0.0000,0
81,features.15,78,pruned_before,nan,0.000000e+00,0.000000e+00,0.0000,0.0000,0
81,features.15,79,pruned_before,nan,0.000000e+00,0.000000e+00,0.0000,0.0000,0
81,features.15,80,pruned_before,nan,0.000000e+00,0.000000e+00,0.0000,0.0000,0
81,features.15,81,pruned_before,nan,0.000000e+00,0.000000e+00,0.0000,0.0000,0
81,features.15,82,pruned_before,nan,0.000000e+00,0.000000e+00,0.0000,0.0000,0
81,features.15,83,pruned_before,nan,0.000000e+00,0.000000e+00,0.0000,0.0000,0
81,features.15,84,pruned_before,nan,0.000000e+00,0.000000e+00,0.0000,0.0000,0
81,features.15,85,pruned_before,nan,0.000000e+00,0.000000e+00,0.0000,0.0000,0
81,features.15,86,pruned_before,nan,0.000000e+00,0.000000e+00,0.0000,0.0000,0
81,features.15,87,pruned_before,nan,0.000000e+00,0.000000e+00,0.0000,0.0000,0
81,features.15,88,pruned_before,nan,0.000000e+00,0.000000e+00,0.0000,0.0000,0
81,features.15,89,pruned_before,nan,0.000000e+00,0.000000e+00,0.0000,0.0000,0
81,features.15,90,pruned_before,nan,0.000000e+00,0.000000e+00,0.0000,0.0000,0
81,features.15,91,pruned_before,nan,0.000000e+00,0.000000e+00,0.0000,0.0000,0
81,features.15,92,active,-0.015682,7.800291e-08,2.318128e-05,0.0228,0.0008,329
81,features.15,93,pruned_before,nan,0.000000e+00,0.000000e+00,0.0000,0.0000,0
81,features.15,94,pruned_before,nan,0.000000e+00,0.000000e+00,0.0000,0.0000,0
81,features.15,95,pruned_before,nan,0.000000e+00,0.000000e+00,0.0000,0.0000,0
81,features.15,96,pruned_before,nan,0.000000e+00,0.000000e+00,0.0000,0.0000,0
81,features.15,97,active,-0.001223,6.608549e-09,1.182995e-05,0.0019,0.0004,329
81,features.15,98,active,-0.002699,1.323823e-08,4.093977e-07,0.0039,0.0000,329
81,features.15,99,pruned_before,nan,0.000000e+00,0.000000e+00,0.0000,0.0000,0
81,features.15,100,pruned_before,nan,0.000000e+00,0.000000e+00,0.0000,0.0000,0
81,features.15,101,pruned_before,nan,0.000000e+00,0.000000e+00,0.0000,0.0000,0
81,features.15,102,active,-0.036207,1.780359e-07,1.403054e-05,0.0519,0.0005,329
81,features.15,103,active,-0.001252,6.214979e-09,1.569408e-06,0.0018,0.0001,329
81,features.15,104,pruned_before,nan,0.000000e+00,0.000000e+00,0.0000,0.0000,0
81,features.15,105,pruned_before,nan,0.000000e+00,0.000000e+00,0.0000,0.0000,0
81,features.15,106,pruned_before,nan,0.000000e+00,0.000000e+00,0.0000,0.0000,0
81,features.15,107,pruned_before,nan,0.000000e+00,0.000000e+00,0.0000,0.0000,0
81,features.15,108,pruned_before,nan,0.000000e+00,0.000000e+00,0.0000,0.0000,0
81,features.15,109,pruned_before,nan,0.000000e+00,0.000000e+00,0.0000,0.0000,0
81,features.15,110,pruned_before,nan,0.000000e+00,0.000000e+00,0.0000,0.0000,0
81,features.15,111,pruned_before,nan,0.000000e+00,0.000000e+00,0.0000,0.0000,0
81,features.15,112,pruned_before,nan,0.000000e+00,0.000000e+00,0.0000,0.0000,0
81,features.15,113,pruned_before,nan,0.000000e+00,0.000000e+00,0.0000,0.0000,0
81,features.15,114,active,-0.004130,2.038625e-08,3.055259e-06,0.0059,0.0001,329
81,features.15,115,pruned_before,nan,0.000000e+00,0.000000e+00,0.0000,0.0000,0
81,features.15,116,pruned_before,nan,0.000000e+00,0.000000e+00,0.0000,0.0000,0
81,features.15,117,pruned_before,nan,0.000000e+00,0.000000e+00,0.0000,0.0000,0
81,features.15,118,pruned_before,nan,0.000000e+00,0.000000e+00,0.0000,0.0000,0
81,features.15,119,pruned_before,nan,0.000000e+00,0.000000e+00,0.0000,0.0000,0
81,features.15,120,pruned_before,nan,0.000000e+00,0.000000e+00,0.0000,0.0000,0
81,features.15,121,pruned_before,nan,0.000000e+00,0.000000e+00,0.0000,0.0000,0
81,features.15,122,pruned_before,nan,0.000000e+00,0.000000e+00,0.0000,0.0000,0
81,features.15,123,pruned_before,nan,0.000000e+00,0.000000e+00,0.0000,0.0000,0
81,features.15,124,pruned_before,nan,0.000000e+00,0.000000e+00,0.0000,0.0000,0
81,features.15,125,pruned_before,nan,0.000000e+00,0.000000e+00,0.0000,0.0000,0
81,features.15,126,pruned_before,nan,0.000000e+00,0.000000e+00,0.0000,0.0000,0
81,features.15,127,pruned_before,nan,0.000000e+00,0.000000e+00,0.0000,0.0000,0
81,features.15,128,pruned_before,nan,0.000000e+00,0.000000e+00,0.0000,0.0000,0
81,features.15,129,pruned_before,nan,0.000000e+00,0.000000e+00,0.0000,0.0000,0
81,features.15,130,pruned_before,nan,0.000000e+00,0.000000e+00,0.0000,0.0000,0
81,features.15,131,pruned_before,nan,0.000000e+00,0.000000e+00,0.0000,0.0000,0
81,features.15,132,active,-0.015631,7.699484e-08,8.637419e-06,0.0225,0.0003,329
81,features.15,133,pruned_before,nan,0.000000e+00,0.000000e+00,0.0000,0.0000,0
81,features.15,134,pruned_before,nan,0.000000e+00,0.000000e+00,0.0000,0.0000,0
81,features.15,135,pruned_before,nan,0.000000e+00,0.000000e+00,0.0000,0.0000,0
81,features.15,136,pruned_before,nan,0.000000e+00,0.000000e+00,0.0000,0.0000,0
81,features.15,137,pruned_before,nan,0.000000e+00,0.000000e+00,0.0000,0.0000,0
81,features.15,138,pruned_before,nan,0.000000e+00,0.000000e+00,0.0000,0.0000,0
81,features.15,139,pruned_before,nan,0.000000e+00,0.000000e+00,0.0000,0.0000,0
81,features.15,140,pruned_before,nan,0.000000e+00,0.000000e+00,0.0000,0.0000,0
81,features.15,141,pruned_before,nan,0.000000e+00,0.000000e+00,0.0000,0.0000,0
81,features.15,142,pruned_before,nan,0.000000e+00,0.000000e+00,0.0000,0.0000,0
81,features.15,143,pruned_before,nan,0.000000e+00,0.000000e+00,0.0000,0.0000,0
81,features.15,144,pruned_before,nan,0.000000e+00,0.000000e+00,0.0000,0.0000,0
81,features.15,145,pruned_before,nan,0.000000e+00,0.000000e+00,0.0000,0.0000,0
81,features.15,146,pruned_before,nan,0.000000e+00,0.000000e+00,0.0000,0.0000,0
81,features.15,147,pruned_before,nan,0.000000e+00,0.000000e+00,0.0000,0.0000,0
81,features.15,148,pruned_before,nan,0.000000e+00,0.000000e+00,0.0000,0.0000,0
81,features.15,149,pruned_before,nan,0.000000e+00,0.000000e+00,0.0000,0.0000,0
81,features.15,150,pruned_before,nan,0.000000e+00,0.000000e+00,0.0000,0.0000,0
81,features.15,151,pruned_before,nan,0.000000e+00,0.000000e+00,0.0000,0.0000,0
81,features.15,152,pruned_before,nan,0.000000e+00,0.000000e+00,0.0000,0.0000,0
81,features.15,153,pruned_before,nan,0.000000e+00,0.000000e+00,0.0000,0.0000,0
81,features.15,154,pruned_before,nan,0.000000e+00,0.000000e+00,0.0000,0.0000,0
81,features.15,155,pruned_before,nan,0.000000e+00,0.000000e+00,0.0000,0.0000,0
81,features.15,156,pruned_before,nan,0.000000e+00,0.000000e+00,0.0000,0.0000,0
81,features.15,157,pruned_before,nan,0.000000e+00,0.000000e+00,0.0000,0.0000,0
81,features.15,158,pruned_before,nan,0.000000e+00,0.000000e+00,0.0000,0.0000,0
81,features.15,159,pruned_before,nan,0.000000e+00,0.000000e+00,0.0000,0.0000,0
81,features.15,160,pruned_before,nan,0.000000e+00,0.000000e+00,0.0000,0.0000,0
81,features.15,161,pruned_before,nan,0.000000e+00,0.000000e+00,0.0000,0.0000,0
81,features.15,162,pruned_before,nan,0.000000e+00,0.000000e+00,0.0000,0.0000,0
81,features.15,163,pruned_before,nan,0.000000e+00,0.000000e+00,0.0000,0.0000,0
81,features.15,164,pruned_before,nan,0.000000e+00,0.000000e+00,0.0000,0.0000,0
81,features.15,165,pruned_before,nan,0.000000e+00,0.000000e+00,0.0000,0.0000,0
81,features.15,166,pruned_before,nan,0.000000e+00,0.000000e+00,0.0000,0.0000,0
81,features.15,167,pruned_before,nan,0.000000e+00,0.000000e+00,0.0000,0.0000,0
81,features.15,168,pruned_before,nan,0.000000e+00,0.000000e+00,0.0000,0.0000,0
81,features.15,169,pruned_before,nan,0.000000e+00,0.000000e+00,0.0000,0.0000,0
81,features.15,170,pruned_before,nan,0.000000e+00,0.000000e+00,0.0000,0.0000,0
81,features.15,171,pruned_before,nan,0.000000e+00,0.000000e+00,0.0000,0.0000,0
81,features.15,172,pruned_before,nan,0.000000e+00,0.000000e+00,0.0000,0.0000,0
81,features.15,173,pruned_before,nan,0.000000e+00,0.000000e+00,0.0000,0.0000,0
81,features.15,174,pruned_before,nan,0.000000e+00,0.000000e+00,0.0000,0.0000,0
81,features.15,175,pruned_before,nan,0.000000e+00,0.000000e+00,0.0000,0.0000,0
81,features.15,176,pruned_before,nan,0.000000e+00,0.000000e+00,0.0000,0.0000,0
81,features.15,177,pruned_before,nan,0.000000e+00,0.000000e+00,0.0000,0.0000,0
81,features.15,178,pruned_before,nan,0.000000e+00,0.000000e+00,0.0000,0.0000,0
81,features.15,179,pruned_before,nan,0.000000e+00,0.000000e+00,0.0000,0.0000,0
81,features.15,180,pruned_before,nan,0.000000e+00,0.000000e+00,0.0000,0.0000,0
81,features.15,181,pruned_before,nan,0.000000e+00,0.000000e+00,0.0000,0.0000,0
81,features.15,182,pruned_before,nan,0.000000e+00,0.000000e+00,0.0000,0.0000,0
81,features.15,183,pruned_before,nan,0.000000e+00,0.000000e+00,0.0000,0.0000,0
81,features.15,184,pruned_before,nan,0.000000e+00,0.000000e+00,0.0000,0.0000,0
81,features.15,185,pruned_before,nan,0.000000e+00,0.000000e+00,0.0000,0.0000,0
81,features.15,186,pruned_before,nan,0.000000e+00,0.000000e+00,0.0000,0.0000,0
81,features.15,187,pruned_before,nan,0.000000e+00,0.000000e+00,0.0000,0.0000,0
81,features.15,188,pruned_before,nan,0.000000e+00,0.000000e+00,0.0000,0.0000,0
81,features.15,189,pruned_before,nan,0.000000e+00,0.000000e+00,0.0000,0.0000,0
81,features.15,190,active,-0.006057,3.060575e-08,1.807001e-05,0.0089,0.0006,329
81,features.15,191,pruned_before,nan,0.000000e+00,0.000000e+00,0.0000,0.0000,0
81,features.15,192,pruned_before,nan,0.000000e+00,0.000000e+00,0.0000,0.0000,0
81,features.15,193,pruned_before,nan,0.000000e+00,0.000000e+00,0.0000,0.0000,0
81,features.15,194,pruned_before,nan,0.000000e+00,0.000000e+00,0.0000,0.0000,0
81,features.15,195,pruned_before,nan,0.000000e+00,0.000000e+00,0.0000,0.0000,0
81,features.15,196,pruned_before,nan,0.000000e+00,0.000000e+00,0.0000,0.0000,0
81,features.15,197,pruned_before,nan,0.000000e+00,0.000000e+00,0.0000,0.0000,0
81,features.15,198,pruned_before,nan,0.000000e+00,0.000000e+00,0.0000,0.0000,0
81,features.15,199,pruned_before,nan,0.000000e+00,0.000000e+00,0.0000,0.0000,0
81,features.15,200,pruned_before,nan,0.000000e+00,0.000000e+00,0.0000,0.0000,0
81,features.15,201,pruned_before,nan,0.000000e+00,0.000000e+00,0.0000,0.0000,0
81,features.15,202,pruned_before,nan,0.000000e+00,0.000000e+00,0.0000,0.0000,0
81,features.15,203,pruned_before,nan,0.000000e+00,0.000000e+00,0.0000,0.0000,0
81,features.15,204,pruned_before,nan,0.000000e+00,0.000000e+00,0.0000,0.0000,0
81,features.15,205,pruned_before,nan,0.000000e+00,0.000000e+00,0.0000,0.0000,0
81,features.15,206,pruned_before,nan,0.000000e+00,0.000000e+00,0.0000,0.0000,0
81,features.15,207,pruned_before,nan,0.000000e+00,0.000000e+00,0.0000,0.0000,0
81,features.15,208,pruned_before,nan,0.000000e+00,0.000000e+00,0.0000,0.0000,0
81,features.15,209,pruned_before,nan,0.000000e+00,0.000000e+00,0.0000,0.0000,0
81,features.15,210,active,-0.013007,6.385184e-08,3.039750e-06,0.0186,0.0001,329
81,features.15,211,pruned_before,nan,0.000000e+00,0.000000e+00,0.0000,0.0000,0
81,features.15,212,pruned_before,nan,0.000000e+00,0.000000e+00,0.0000,0.0000,0
81,features.15,213,pruned_before,nan,0.000000e+00,0.000000e+00,0.0000,0.0000,0
81,features.15,214,pruned_before,nan,0.000000e+00,0.000000e+00,0.0000,0.0000,0
81,features.15,215,pruned_before,nan,0.000000e+00,0.000000e+00,0.0000,0.0000,0
81,features.15,216,pruned_before,nan,0.000000e+00,0.000000e+00,0.0000,0.0000,0
81,features.15,217,pruned_before,nan,0.000000e+00,0.000000e+00,0.0000,0.0000,0
81,features.15,218,pruned_before,nan,0.000000e+00,0.000000e+00,0.0000,0.0000,0
81,features.15,219,pruned_before,nan,0.000000e+00,0.000000e+00,0.0000,0.0000,0
81,features.15,220,pruned_before,nan,0.000000e+00,0.000000e+00,0.0000,0.0000,0
81,features.15,221,pruned_before,nan,0.000000e+00,0.000000e+00,0.0000,0.0000,0
81,features.15,222,pruned_before,nan,0.000000e+00,0.000000e+00,0.0000,0.0000,0
81,features.15,223,pruned_before,nan,0.000000e+00,0.000000e+00,0.0000,0.0000,0
81,features.15,224,pruned_before,nan,0.000000e+00,0.000000e+00,0.0000,0.0000,0
81,features.15,225,pruned_before,nan,0.000000e+00,0.000000e+00,0.0000,0.0000,0
81,features.15,226,pruned_before,nan,0.000000e+00,0.000000e+00,0.0000,0.0000,0
81,features.15,227,pruned_before,nan,0.000000e+00,0.000000e+00,0.0000,0.0000,0
81,features.15,228,pruned_before,nan,0.000000e+00,0.000000e+00,0.0000,0.0000,0
81,features.15,229,active,-0.028255,1.385427e-07,3.435968e-06,0.0404,0.0001,329
81,features.15,230,pruned_before,nan,0.000000e+00,0.000000e+00,0.0000,0.0000,0
81,features.15,231,pruned_before,nan,0.000000e+00,0.000000e+00,0.0000,0.0000,0
81,features.15,232,pruned_before,nan,0.000000e+00,0.000000e+00,0.0000,0.0000,0
81,features.15,233,pruned_before,nan,0.000000e+00,0.000000e+00,0.0000,0.0000,0
81,features.15,234,pruned_before,nan,0.000000e+00,0.000000e+00,0.0000,0.0000,0
81,features.15,235,pruned_before,nan,0.000000e+00,0.000000e+00,0.0000,0.0000,0
81,features.15,236,pruned_before,nan,0.000000e+00,0.000000e+00,0.0000,0.0000,0
81,features.15,237,pruned_before,nan,0.000000e+00,0.000000e+00,0.0000,0.0000,0
81,features.15,238,pruned_before,nan,0.000000e+00,0.000000e+00,0.0000,0.0000,0
81,features.15,239,pruned_before,nan,0.000000e+00,0.000000e+00,0.0000,0.0000,0
81,features.15,240,active,-0.002054,1.029360e-08,4.508798e-06,0.0030,0.0002,329
81,features.15,241,active,-0.024098,1.193889e-07,2.649754e-05,0.0348,0.0009,329
81,features.15,242,pruned_before,nan,0.000000e+00,0.000000e+00,0.0000,0.0000,0
81,features.15,243,pruned_before,nan,0.000000e+00,0.000000e+00,0.0000,0.0000,0
81,features.15,244,pruned_before,nan,0.000000e+00,0.000000e+00,0.0000,0.0000,0
81,features.15,245,pruned_before,nan,0.000000e+00,0.000000e+00,0.0000,0.0000,0
81,features.15,246,pruned_before,nan,0.000000e+00,0.000000e+00,0.0000,0.0000,0
81,features.15,247,pruned_before,nan,0.000000e+00,0.000000e+00,0.0000,0.0000,0
81,features.15,248,pruned_before,nan,0.000000e+00,0.000000e+00,0.0000,0.0000,0
81,features.15,249,pruned_before,nan,0.000000e+00,0.000000e+00,0.0000,0.0000,0
81,features.15,250,active,-0.001779,8.955855e-09,4.628697e-06,0.0026,0.0002,329
81,features.15,251,pruned_before,nan,0.000000e+00,0.000000e+00,0.0000,0.0000,0
81,features.15,252,pruned_before,nan,0.000000e+00,0.000000e+00,0.0000,0.0000,0
81,features.15,253,pruned_before,nan,0.000000e+00,0.000000e+00,0.0000,0.0000,0
81,features.15,254,pruned_before,nan,0.000000e+00,0.000000e+00,0.0000,0.0000,0
81,features.15,255,pruned_before,nan,0.000000e+00,0.000000e+00,0.0000,0.0000,0
81,features.15,256,pruned_before,nan,0.000000e+00,0.000000e+00,0.0000,0.0000,0
81,features.15,257,pruned_before,nan,0.000000e+00,0.000000e+00,0.0000,0.0000,0
81,features.15,258,pruned_before,nan,0.000000e+00,0.000000e+00,0.0000,0.0000,0
81,features.15,259,active,-0.015883,7.788722e-08,2.079049e-06,0.0227,0.0001,329
81,features.15,260,pruned_before,nan,0.000000e+00,0.000000e+00,0.0000,0.0000,0
81,features.15,261,active,-0.023219,1.138108e-07,2.087944e-06,0.0332,0.0001,329
81,features.15,262,pruned_before,nan,0.000000e+00,0.000000e+00,0.0000,0.0000,0
81,features.15,263,pruned_before,nan,0.000000e+00,0.000000e+00,0.0000,0.0000,0
81,features.15,264,pruned_before,nan,0.000000e+00,0.000000e+00,0.0000,0.0000,0
81,features.15,265,pruned_before,nan,0.000000e+00,0.000000e+00,0.0000,0.0000,0
81,features.15,266,pruned_before,nan,0.000000e+00,0.000000e+00,0.0000,0.0000,0
81,features.15,267,pruned_before,nan,0.000000e+00,0.000000e+00,0.0000,0.0000,0
81,features.15,268,pruned_before,nan,0.000000e+00,0.000000e+00,0.0000,0.0000,0
81,features.15,269,pruned_before,nan,0.000000e+00,0.000000e+00,0.0000,0.0000,0
81,features.15,270,pruned_before,nan,0.000000e+00,0.000000e+00,0.0000,0.0000,0
81,features.15,271,pruned_before,nan,0.000000e+00,0.000000e+00,0.0000,0.0000,0
81,features.15,272,pruned_before,nan,0.000000e+00,0.000000e+00,0.0000,0.0000,0
81,features.15,273,pruned_before,nan,0.000000e+00,0.000000e+00,0.0000,0.0000,0
81,features.15,274,pruned_before,nan,0.000000e+00,0.000000e+00,0.0000,0.0000,0
81,features.15,275,pruned_before,nan,0.000000e+00,0.000000e+00,0.0000,0.0000,0
81,features.15,276,pruned_before,nan,0.000000e+00,0.000000e+00,0.0000,0.0000,0
81,features.15,277,pruned_before,nan,0.000000e+00,0.000000e+00,0.0000,0.0000,0
81,features.15,278,active,-0.001418,6.952254e-09,1.583262e-07,0.0020,0.0000,329
81,features.15,279,pruned_before,nan,0.000000e+00,0.000000e+00,0.0000,0.0000,0
81,features.15,280,pruned_before,nan,0.000000e+00,0.000000e+00,0.0000,0.0000,0
81,features.15,281,pruned_before,nan,0.000000e+00,0.000000e+00,0.0000,0.0000,0
81,features.15,282,pruned_before,nan,0.000000e+00,0.000000e+00,0.0000,0.0000,0
81,features.15,283,pruned_before,nan,0.000000e+00,0.000000e+00,0.0000,0.0000,0
81,features.15,284,pruned_before,nan,0.000000e+00,0.000000e+00,0.0000,0.0000,0
81,features.15,285,active,-0.005706,2.827437e-08,6.373650e-06,0.0082,0.0002,329
81,features.15,286,pruned_before,nan,0.000000e+00,0.000000e+00,0.0000,0.0000,0
81,features.15,287,pruned_before,nan,0.000000e+00,0.000000e+00,0.0000,0.0000,0
81,features.15,288,pruned_before,nan,0.000000e+00,0.000000e+00,0.0000,0.0000,0
81,features.15,289,pruned_before,nan,0.000000e+00,0.000000e+00,0.0000,0.0000,0
81,features.15,290,pruned_before,nan,0.000000e+00,0.000000e+00,0.0000,0.0000,0
81,features.15,291,pruned_before,nan,0.000000e+00,0.000000e+00,0.0000,0.0000,0
81,features.15,292,active,-0.000152,9.785215e-10,4.482317e-06,0.0003,0.0002,329
81,features.15,293,pruned_before,nan,0.000000e+00,0.000000e+00,0.0000,0.0000,0
81,features.15,294,pruned_before,nan,0.000000e+00,0.000000e+00,0.0000,0.0000,0
81,features.15,295,pruned_before,nan,0.000000e+00,0.000000e+00,0.0000,0.0000,0
81,features.15,296,pruned_before,nan,0.000000e+00,0.000000e+00,0.0000,0.0000,0
81,features.15,297,pruned_before,nan,0.000000e+00,0.000000e+00,0.0000,0.0000,0
81,features.15,298,pruned_before,nan,0.000000e+00,0.000000e+00,0.0000,0.0000,0
81,features.15,299,active,-0.027375,1.341538e-07,1.903288e-06,0.0391,0.0001,329
81,features.15,300,pruned_before,nan,0.000000e+00,0.000000e+00,0.0000,0.0000,0
81,features.15,301,pruned_before,nan,0.000000e+00,0.000000e+00,0.0000,0.0000,0
81,features.15,302,pruned_before,nan,0.000000e+00,0.000000e+00,0.0000,0.0000,0
81,features.15,303,pruned_before,nan,0.000000e+00,0.000000e+00,0.0000,0.0000,0
81,features.15,304,pruned_before,nan,0.000000e+00,0.000000e+00,0.0000,0.0000,0
81,features.15,305,pruned_before,nan,0.000000e+00,0.000000e+00,0.0000,0.0000,0
81,features.15,306,pruned_before,nan,0.000000e+00,0.000000e+00,0.0000,0.0000,0
81,features.15,307,pruned_before,nan,0.000000e+00,0.000000e+00,0.0000,0.0000,0
81,features.15,308,pruned_before,nan,0.000000e+00,0.000000e+00,0.0000,0.0000,0
81,features.15,309,pruned_before,nan,0.000000e+00,0.000000e+00,0.0000,0.0000,0
81,features.15,310,pruned_before,nan,0.000000e+00,0.000000e+00,0.0000,0.0000,0
81,features.15,311,pruned_before,nan,0.000000e+00,0.000000e+00,0.0000,0.0000,0
81,features.15,312,pruned_before,nan,0.000000e+00,0.000000e+00,0.0000,0.0000,0
81,features.15,313,active,-0.016314,8.016152e-08,5.237982e-06,0.0234,0.0002,329
81,features.15,314,pruned_before,nan,0.000000e+00,0.000000e+00,0.0000,0.0000,0
81,features.15,315,pruned_before,nan,0.000000e+00,0.000000e+00,0.0000,0.0000,0
81,features.15,316,pruned_before,nan,0.000000e+00,0.000000e+00,0.0000,0.0000,0
81,features.15,317,pruned_before,nan,0.000000e+00,0.000000e+00,0.0000,0.0000,0
81,features.15,318,pruned_before,nan,0.000000e+00,0.000000e+00,0.0000,0.0000,0
81,features.15,319,pruned_before,nan,0.000000e+00,0.000000e+00,0.0000,0.0000,0
81,features.15,320,pruned_before,nan,0.000000e+00,0.000000e+00,0.0000,0.0000,0
81,features.15,321,pruned_before,nan,0.000000e+00,0.000000e+00,0.0000,0.0000,0
81,features.15,322,pruned_before,nan,0.000000e+00,0.000000e+00,0.0000,0.0000,0
81,features.15,323,pruned_before,nan,0.000000e+00,0.000000e+00,0.0000,0.0000,0
81,features.15,324,pruned_before,nan,0.000000e+00,0.000000e+00,0.0000,0.0000,0
81,features.15,325,pruned_before,nan,0.000000e+00,0.000000e+00,0.0000,0.0000,0
81,features.15,326,pruned_before,nan,0.000000e+00,0.000000e+00,0.0000,0.0000,0
81,features.15,327,pruned_before,nan,0.000000e+00,0.000000e+00,0.0000,0.0000,0
81,features.15,328,pruned_before,nan,0.000000e+00,0.000000e+00,0.0000,0.0000,0
81,features.15,329,pruned_before,nan,0.000000e+00,0.000000e+00,0.0000,0.0000,0
81,features.15,330,pruned_before,nan,0.000000e+00,0.000000e+00,0.0000,0.0000,0
81,features.15,331,pruned_before,nan,0.000000e+00,0.000000e+00,0.0000,0.0000,0
81,features.15,332,pruned_before,nan,0.000000e+00,0.000000e+00,0.0000,0.0000,0
81,features.15,333,pruned_before,nan,0.000000e+00,0.000000e+00,0.0000,0.0000,0
81,features.15,334,pruned_before,nan,0.000000e+00,0.000000e+00,0.0000,0.0000,0
81,features.15,335,pruned_before,nan,0.000000e+00,0.000000e+00,0.0000,0.0000,0
81,features.15,336,pruned_before,nan,0.000000e+00,0.000000e+00,0.0000,0.0000,0
81,features.15,337,pruned_before,nan,0.000000e+00,0.000000e+00,0.0000,0.0000,0
81,features.15,338,pruned_before,nan,0.000000e+00,0.000000e+00,0.0000,0.0000,0
81,features.15,339,pruned_before,nan,0.000000e+00,0.000000e+00,0.0000,0.0000,0
81,features.15,340,pruned_before,nan,0.000000e+00,0.000000e+00,0.0000,0.0000,0
81,features.15,341,pruned_before,nan,0.000000e+00,0.000000e+00,0.0000,0.0000,0
81,features.15,342,pruned_before,nan,0.000000e+00,0.000000e+00,0.0000,0.0000,0
81,features.15,343,pruned_before,nan,0.000000e+00,0.000000e+00,0.0000,0.0000,0
81,features.15,344,pruned_before,nan,0.000000e+00,0.000000e+00,0.0000,0.0000,0
81,features.15,345,pruned_before,nan,0.000000e+00,0.000000e+00,0.0000,0.0000,0
81,features.15,346,pruned_before,nan,0.000000e+00,0.000000e+00,0.0000,0.0000,0
81,features.15,347,pruned_before,nan,0.000000e+00,0.000000e+00,0.0000,0.0000,0
81,features.15,348,pruned_before,nan,0.000000e+00,0.000000e+00,0.0000,0.0000,0
81,features.15,349,pruned_before,nan,0.000000e+00,0.000000e+00,0.0000,0.0000,0
81,features.15,350,pruned_before,nan,0.000000e+00,0.000000e+00,0.0000,0.0000,0
81,features.15,351,pruned_before,nan,0.000000e+00,0.000000e+00,0.0000,0.0000,0
81,features.15,352,pruned_before,nan,0.000000e+00,0.000000e+00,0.0000,0.0000,0
81,features.15,353,pruned_before,nan,0.000000e+00,0.000000e+00,0.0000,0.0000,0
81,features.15,354,pruned_before,nan,0.000000e+00,0.000000e+00,0.0000,0.0000,0
81,features.15,355,pruned_before,nan,0.000000e+00,0.000000e+00,0.0000,0.0000,0
81,features.15,356,active,-0.017386,8.553327e-08,7.558950e-06,0.0250,0.0003,329
81,features.15,357,pruned_before,nan,0.000000e+00,0.000000e+00,0.0000,0.0000,0
81,features.15,358,pruned_before,nan,0.000000e+00,0.000000e+00,0.0000,0.0000,0
81,features.15,359,pruned_before,nan,0.000000e+00,0.000000e+00,0.0000,0.0000,0
81,features.15,360,pruned_before,nan,0.000000e+00,0.000000e+00,0.0000,0.0000,0
81,features.15,361,pruned_before,nan,0.000000e+00,0.000000e+00,0.0000,0.0000,0
81,features.15,362,pruned_before,nan,0.000000e+00,0.000000e+00,0.0000,0.0000,0
81,features.15,363,pruned_before,nan,0.000000e+00,0.000000e+00,0.0000,0.0000,0
81,features.15,364,pruned_before,nan,0.000000e+00,0.000000e+00,0.0000,0.0000,0
81,features.15,365,pruned_before,nan,0.000000e+00,0.000000e+00,0.0000,0.0000,0
81,features.15,366,pruned_before,nan,0.000000e+00,0.000000e+00,0.0000,0.0000,0
81,features.15,367,pruned_before,nan,0.000000e+00,0.000000e+00,0.0000,0.0000,0
81,features.15,368,pruned_before,nan,0.000000e+00,0.000000e+00,0.0000,0.0000,0
81,features.15,369,pruned_before,nan,0.000000e+00,0.000000e+00,0.0000,0.0000,0
81,features.15,370,pruned_before,nan,0.000000e+00,0.000000e+00,0.0000,0.0000,0
81,features.15,371,pruned_before,nan,0.000000e+00,0.000000e+00,0.0000,0.0000,0
81,features.15,372,pruned_before,nan,0.000000e+00,0.000000e+00,0.0000,0.0000,0
81,features.15,373,pruned_before,nan,0.000000e+00,0.000000e+00,0.0000,0.0000,0
81,features.15,374,pruned_before,nan,0.000000e+00,0.000000e+00,0.0000,0.0000,0
81,features.15,375,pruned_before,nan,0.000000e+00,0.000000e+00,0.0000,0.0000,0
81,features.15,376,pruned_before,nan,0.000000e+00,0.000000e+00,0.0000,0.0000,0
81,features.15,377,pruned_before,nan,0.000000e+00,0.000000e+00,0.0000,0.0000,0
81,features.15,378,pruned_before,nan,0.000000e+00,0.000000e+00,0.0000,0.0000,0
81,features.15,379,pruned_before,nan,0.000000e+00,0.000000e+00,0.0000,0.0000,0
81,features.15,380,pruned_before,nan,0.000000e+00,0.000000e+00,0.0000,0.0000,0
81,features.15,381,pruned_before,nan,0.000000e+00,0.000000e+00,0.0000,0.0000,0
81,features.15,382,pruned_before,nan,0.000000e+00,0.000000e+00,0.0000,0.0000,0
81,features.15,383,pruned_before,nan,0.000000e+00,0.000000e+00,0.0000,0.0000,0
81,features.15,384,active,-0.017986,8.901974e-08,1.806917e-05,0.0260,0.0006,329
81,features.15,385,pruned_before,nan,0.000000e+00,0.000000e+00,0.0000,0.0000,0
81,features.15,386,active,-0.000641,3.169444e-09,5.963243e-07,0.0009,0.0000,329
81,features.15,387,active,-0.022984,1.127730e-07,4.302003e-06,0.0329,0.0002,329
81,features.15,388,pruned_before,nan,0.000000e+00,0.000000e+00,0.0000,0.0000,0
81,features.15,389,pruned_before,nan,0.000000e+00,0.000000e+00,0.0000,0.0000,0
81,features.15,390,pruned_before,nan,0.000000e+00,0.000000e+00,0.0000,0.0000,0
81,features.15,391,pruned_before,nan,0.000000e+00,0.000000e+00,0.0000,0.0000,0
81,features.15,392,active,-0.007746,3.812202e-08,3.676732e-06,0.0111,0.0001,329
81,features.15,393,pruned_before,nan,0.000000e+00,0.000000e+00,0.0000,0.0000,0
81,features.15,394,pruned_before,nan,0.000000e+00,0.000000e+00,0.0000,0.0000,0
81,features.15,395,pruned_before,nan,0.000000e+00,0.000000e+00,0.0000,0.0000,0
81,features.15,396,pruned_before,nan,0.000000e+00,0.000000e+00,0.0000,0.0000,0
81,features.15,397,pruned_before,nan,0.000000e+00,0.000000e+00,0.0000,0.0000,0
81,features.15,398,pruned_before,nan,0.000000e+00,0.000000e+00,0.0000,0.0000,0
81,features.15,399,pruned_before,nan,0.000000e+00,0.000000e+00,0.0000,0.0000,0
81,features.15,400,pruned_before,nan,0.000000e+00,0.000000e+00,0.0000,0.0000,0
81,features.15,401,pruned_before,nan,0.000000e+00,0.000000e+00,0.0000,0.0000,0
81,features.15,402,active,-0.009551,4.738709e-08,1.177728e-05,0.0138,0.0004,329
81,features.15,403,pruned_before,nan,0.000000e+00,0.000000e+00,0.0000,0.0000,0
81,features.15,404,pruned_before,nan,0.000000e+00,0.000000e+00,0.0000,0.0000,0
81,features.15,405,pruned_before,nan,0.000000e+00,0.000000e+00,0.0000,0.0000,0
81,features.15,406,pruned_before,nan,0.000000e+00,0.000000e+00,0.0000,0.0000,0
81,features.15,407,pruned_before,nan,0.000000e+00,0.000000e+00,0.0000,0.0000,0
81,features.15,408,pruned_before,nan,0.000000e+00,0.000000e+00,0.0000,0.0000,0
81,features.15,409,pruned_before,nan,0.000000e+00,0.000000e+00,0.0000,0.0000,0
81,features.15,410,pruned_before,nan,0.000000e+00,0.000000e+00,0.0000,0.0000,0
81,features.15,411,pruned_before,nan,0.000000e+00,0.000000e+00,0.0000,0.0000,0
81,features.15,412,pruned_before,nan,0.000000e+00,0.000000e+00,0.0000,0.0000,0
81,features.15,413,pruned_before,nan,0.000000e+00,0.000000e+00,0.0000,0.0000,0
81,features.15,414,pruned_before,nan,0.000000e+00,0.000000e+00,0.0000,0.0000,0
81,features.15,415,pruned_before,nan,0.000000e+00,0.000000e+00,0.0000,0.0000,0
81,features.15,416,pruned_before,nan,0.000000e+00,0.000000e+00,0.0000,0.0000,0
81,features.15,417,pruned_before,nan,0.000000e+00,0.000000e+00,0.0000,0.0000,0
81,features.15,418,pruned_before,nan,0.000000e+00,0.000000e+00,0.0000,0.0000,0
81,features.15,419,pruned_before,nan,0.000000e+00,0.000000e+00,0.0000,0.0000,0
81,features.15,420,pruned_before,nan,0.000000e+00,0.000000e+00,0.0000,0.0000,0
81,features.15,421,pruned_before,nan,0.000000e+00,0.000000e+00,0.0000,0.0000,0
81,features.15,422,pruned_before,nan,0.000000e+00,0.000000e+00,0.0000,0.0000,0
81,features.15,423,pruned_before,nan,0.000000e+00,0.000000e+00,0.0000,0.0000,0
81,features.15,424,pruned_before,nan,0.000000e+00,0.000000e+00,0.0000,0.0000,0
81,features.15,425,pruned_before,nan,0.000000e+00,0.000000e+00,0.0000,0.0000,0
81,features.15,426,pruned_before,nan,0.000000e+00,0.000000e+00,0.0000,0.0000,0
81,features.15,427,pruned_before,nan,0.000000e+00,0.000000e+00,0.0000,0.0000,0
81,features.15,428,pruned_before,nan,0.000000e+00,0.000000e+00,0.0000,0.0000,0
81,features.15,429,pruned_before,nan,0.000000e+00,0.000000e+00,0.0000,0.0000,0
81,features.15,430,pruned_before,nan,0.000000e+00,0.000000e+00,0.0000,0.0000,0
81,features.15,431,pruned_before,nan,0.000000e+00,0.000000e+00,0.0000,0.0000,0
81,features.15,432,pruned_before,nan,0.000000e+00,0.000000e+00,0.0000,0.0000,0
81,features.15,433,pruned_before,nan,0.000000e+00,0.000000e+00,0.0000,0.0000,0
81,features.15,434,pruned_before,nan,0.000000e+00,0.000000e+00,0.0000,0.0000,0
81,features.15,435,pruned_before,nan,0.000000e+00,0.000000e+00,0.0000,0.0000,0
81,features.15,436,pruned_before,nan,0.000000e+00,0.000000e+00,0.0000,0.0000,0
81,features.15,437,pruned_before,nan,0.000000e+00,0.000000e+00,0.0000,0.0000,0
81,features.15,438,pruned_before,nan,0.000000e+00,0.000000e+00,0.0000,0.0000,0
81,features.15,439,pruned_before,nan,0.000000e+00,0.000000e+00,0.0000,0.0000,0
81,features.15,440,pruned_before,nan,0.000000e+00,0.000000e+00,0.0000,0.0000,0
81,features.15,441,pruned_before,nan,0.000000e+00,0.000000e+00,0.0000,0.0000,0
81,features.15,442,pruned_before,nan,0.000000e+00,0.000000e+00,0.0000,0.0000,0
81,features.15,443,pruned_before,nan,0.000000e+00,0.000000e+00,0.0000,0.0000,0
81,features.15,444,pruned_before,nan,0.000000e+00,0.000000e+00,0.0000,0.0000,0
81,features.15,445,pruned_before,nan,0.000000e+00,0.000000e+00,0.0000,0.0000,0
81,features.15,446,pruned_before,nan,0.000000e+00,0.000000e+00,0.0000,0.0000,0
81,features.15,447,pruned_before,nan,0.000000e+00,0.000000e+00,0.0000,0.0000,0
81,features.15,448,pruned_before,nan,0.000000e+00,0.000000e+00,0.0000,0.0000,0
81,features.15,449,active,-0.006585,3.618100e-08,7.526632e-05,0.0106,0.0027,329
81,features.15,450,pruned_before,nan,0.000000e+00,0.000000e+00,0.0000,0.0000,0
81,features.15,451,pruned_before,nan,0.000000e+00,0.000000e+00,0.0000,0.0000,0
81,features.15,452,pruned_before,nan,0.000000e+00,0.000000e+00,0.0000,0.0000,0
81,features.15,453,pruned_before,nan,0.000000e+00,0.000000e+00,0.0000,0.0000,0
81,features.15,454,pruned_before,nan,0.000000e+00,0.000000e+00,0.0000,0.0000,0
81,features.15,455,pruned_before,nan,0.000000e+00,0.000000e+00,0.0000,0.0000,0
81,features.15,456,pruned_before,nan,0.000000e+00,0.000000e+00,0.0000,0.0000,0
81,features.15,457,active,-0.003646,1.793530e-08,1.521781e-06,0.0052,0.0001,329
81,features.15,458,pruned_before,nan,0.000000e+00,0.000000e+00,0.0000,0.0000,0
81,features.15,459,pruned_before,nan,0.000000e+00,0.000000e+00,0.0000,0.0000,0
81,features.15,460,pruned_before,nan,0.000000e+00,0.000000e+00,0.0000,0.0000,0
81,features.15,461,pruned_before,nan,0.000000e+00,0.000000e+00,0.0000,0.0000,0
81,features.15,462,pruned_before,nan,0.000000e+00,0.000000e+00,0.0000,0.0000,0
81,features.15,463,pruned_before,nan,0.000000e+00,0.000000e+00,0.0000,0.0000,0
81,features.15,464,pruned_before,nan,0.000000e+00,0.000000e+00,0.0000,0.0000,0
81,features.15,465,pruned_before,nan,0.000000e+00,0.000000e+00,0.0000,0.0000,0
81,features.15,466,pruned_before,nan,0.000000e+00,0.000000e+00,0.0000,0.0000,0
81,features.15,467,pruned_before,nan,0.000000e+00,0.000000e+00,0.0000,0.0000,0
81,features.15,468,pruned_before,nan,0.000000e+00,0.000000e+00,0.0000,0.0000,0
81,features.15,469,active,-0.010361,5.123144e-08,9.466616e-06,0.0149,0.0003,329
81,features.15,470,pruned_before,nan,0.000000e+00,0.000000e+00,0.0000,0.0000,0
81,features.15,471,pruned_before,nan,0.000000e+00,0.000000e+00,0.0000,0.0000,0
81,features.15,472,pruned_before,nan,0.000000e+00,0.000000e+00,0.0000,0.0000,0
81,features.15,473,pruned_before,nan,0.000000e+00,0.000000e+00,0.0000,0.0000,0
81,features.15,474,active,-0.005018,2.479966e-08,4.310702e-06,0.0072,0.0002,329
81,features.15,475,pruned_before,nan,0.000000e+00,0.000000e+00,0.0000,0.0000,0
81,features.15,476,pruned_before,nan,0.000000e+00,0.000000e+00,0.0000,0.0000,0
81,features.15,477,pruned_before,nan,0.000000e+00,0.000000e+00,0.0000,0.0000,0
81,features.15,478,active,-0.008220,4.078990e-08,1.028515e-05,0.0119,0.0004,329
81,features.15,479,pruned_before,nan,0.000000e+00,0.000000e+00,0.0000,0.0000,0
81,features.15,480,pruned_before,nan,0.000000e+00,0.000000e+00,0.0000,0.0000,0
81,features.15,481,pruned_before,nan,0.000000e+00,0.000000e+00,0.0000,0.0000,0
81,features.15,482,pruned_before,nan,0.000000e+00,0.000000e+00,0.0000,0.0000,0
81,features.15,483,pruned_before,nan,0.000000e+00,0.000000e+00,0.0000,0.0000,0
81,features.15,484,pruned_before,nan,0.000000e+00,0.000000e+00,0.0000,0.0000,0
81,features.15,485,pruned_before,nan,0.000000e+00,0.000000e+00,0.0000,0.0000,0
81,features.15,486,pruned_before,nan,0.000000e+00,0.000000e+00,0.0000,0.0000,0
81,features.15,487,pruned_before,nan,0.000000e+00,0.000000e+00,0.0000,0.0000,0
81,features.15,488,pruned_before,nan,0.000000e+00,0.000000e+00,0.0000,0.0000,0
81,features.15,489,pruned_before,nan,0.000000e+00,0.000000e+00,0.0000,0.0000,0
81,features.15,490,pruned_before,nan,0.000000e+00,0.000000e+00,0.0000,0.0000,0
81,features.15,491,pruned_before,nan,0.000000e+00,0.000000e+00,0.0000,0.0000,0
81,features.15,492,pruned_before,nan,0.000000e+00,0.000000e+00,0.0000,0.0000,0
81,features.15,493,pruned_before,nan,0.000000e+00,0.000000e+00,0.0000,0.0000,0
81,features.15,494,pruned_before,nan,0.000000e+00,0.000000e+00,0.0000,0.0000,0
81,features.15,495,pruned_before,nan,0.000000e+00,0.000000e+00,0.0000,0.0000,0
81,features.15,496,pruned_before,nan,0.000000e+00,0.000000e+00,0.0000,0.0000,0
81,features.15,497,pruned_before,nan,0.000000e+00,0.000000e+00,0.0000,0.0000,0
81,features.15,498,pruned_before,nan,0.000000e+00,0.000000e+00,0.0000,0.0000,0
81,features.15,499,pruned_before,nan,0.000000e+00,0.000000e+00,0.0000,0.0000,0
81,features.15,500,pruned_before,nan,0.000000e+00,0.000000e+00,0.0000,0.0000,0
81,features.15,501,pruned_before,nan,0.000000e+00,0.000000e+00,0.0000,0.0000,0
81,features.15,502,pruned_before,nan,0.000000e+00,0.000000e+00,0.0000,0.0000,0
81,features.15,503,pruned_before,nan,0.000000e+00,0.000000e+00,0.0000,0.0000,0
81,features.15,504,pruned_before,nan,0.000000e+00,0.000000e+00,0.0000,0.0000,0
81,features.15,505,pruned_before,nan,0.000000e+00,0.000000e+00,0.0000,0.0000,0
81,features.15,506,pruned_before,nan,0.000000e+00,0.000000e+00,0.0000,0.0000,0
81,features.15,507,pruned_before,nan,0.000000e+00,0.000000e+00,0.0000,0.0000,0
81,features.15,508,pruned_before,nan,0.000000e+00,0.000000e+00,0.0000,0.0000,0
81,features.15,509,pruned_before,nan,0.000000e+00,0.000000e+00,0.0000,0.0000,0
81,features.15,510,pruned_before,nan,0.000000e+00,0.000000e+00,0.0000,0.0000,0
81,features.15,511,pruned_before,nan,0.000000e+00,0.000000e+00,0.0000,0.0000,0
81,features.15,512,pruned_before,nan,0.000000e+00,0.000000e+00,0.0000,0.0000,0
81,features.15,513,pruned_before,nan,0.000000e+00,0.000000e+00,0.0000,0.0000,0
81,features.15,514,pruned_before,nan,0.000000e+00,0.000000e+00,0.0000,0.0000,0
81,features.15,515,pruned_before,nan,0.000000e+00,0.000000e+00,0.0000,0.0000,0
81,features.15,516,pruned_before,nan,0.000000e+00,0.000000e+00,0.0000,0.0000,0
81,features.15,517,pruned_before,nan,0.000000e+00,0.000000e+00,0.0000,0.0000,0
81,features.15,518,pruned_before,nan,0.000000e+00,0.000000e+00,0.0000,0.0000,0
81,features.15,519,pruned_before,nan,0.000000e+00,0.000000e+00,0.0000,0.0000,0
81,features.15,520,pruned_before,nan,0.000000e+00,0.000000e+00,0.0000,0.0000,0
81,features.15,521,pruned_before,nan,0.000000e+00,0.000000e+00,0.0000,0.0000,0
81,features.15,522,pruned_before,nan,0.000000e+00,0.000000e+00,0.0000,0.0000,0
81,features.15,523,pruned_before,nan,0.000000e+00,0.000000e+00,0.0000,0.0000,0
81,features.15,524,pruned_before,nan,0.000000e+00,0.000000e+00,0.0000,0.0000,0
81,features.15,525,active,-0.015797,7.766315e-08,5.841555e-06,0.0227,0.0002,329
81,features.15,526,pruned_before,nan,0.000000e+00,0.000000e+00,0.0000,0.0000,0
81,features.15,527,pruned_before,nan,0.000000e+00,0.000000e+00,0.0000,0.0000,0
81,features.15,528,pruned_before,nan,0.000000e+00,0.000000e+00,0.0000,0.0000,0
81,features.15,529,pruned_before,nan,0.000000e+00,0.000000e+00,0.0000,0.0000,0
81,features.15,530,active,-0.005113,2.531528e-08,5.338109e-06,0.0074,0.0002,329
81,features.15,531,pruned_before,nan,0.000000e+00,0.000000e+00,0.0000,0.0000,0
81,features.15,532,pruned_before,nan,0.000000e+00,0.000000e+00,0.0000,0.0000,0
81,features.15,533,pruned_before,nan,0.000000e+00,0.000000e+00,0.0000,0.0000,0
81,features.15,534,pruned_before,nan,0.000000e+00,0.000000e+00,0.0000,0.0000,0
81,features.15,535,pruned_before,nan,0.000000e+00,0.000000e+00,0.0000,0.0000,0
81,features.15,536,pruned_before,nan,0.000000e+00,0.000000e+00,0.0000,0.0000,0
81,features.15,537,pruned_before,nan,0.000000e+00,0.000000e+00,0.0000,0.0000,0
81,features.15,538,pruned_before,nan,0.000000e+00,0.000000e+00,0.0000,0.0000,0
81,features.15,539,pruned_before,nan,0.000000e+00,0.000000e+00,0.0000,0.0000,0
81,features.15,540,pruned_before,nan,0.000000e+00,0.000000e+00,0.0000,0.0000,0
81,features.15,541,pruned_before,nan,0.000000e+00,0.000000e+00,0.0000,0.0000,0
81,features.15,542,pruned_before,nan,0.000000e+00,0.000000e+00,0.0000,0.0000,0
81,features.15,543,pruned_before,nan,0.000000e+00,0.000000e+00,0.0000,0.0000,0
81,features.15,544,pruned_before,nan,0.000000e+00,0.000000e+00,0.0000,0.0000,0
81,features.15,545,pruned_before,nan,0.000000e+00,0.000000e+00,0.0000,0.0000,0
81,features.15,546,active,-0.003489,1.710251e-08,3.406091e-07,0.0050,0.0000,329
81,features.15,547,pruned_before,nan,0.000000e+00,0.000000e+00,0.0000,0.0000,0
81,features.15,548,pruned_before,nan,0.000000e+00,0.000000e+00,0.0000,0.0000,0
81,features.15,549,pruned_before,nan,0.000000e+00,0.000000e+00,0.0000,0.0000,0
81,features.15,550,pruned_before,nan,0.000000e+00,0.000000e+00,0.0000,0.0000,0
81,features.15,551,pruned_before,nan,0.000000e+00,0.000000e+00,0.0000,0.0000,0
81,features.15,552,pruned_before,nan,0.000000e+00,0.000000e+00,0.0000,0.0000,0
81,features.15,553,pruned_before,nan,0.000000e+00,0.000000e+00,0.0000,0.0000,0
81,features.15,554,pruned_before,nan,0.000000e+00,0.000000e+00,0.0000,0.0000,0
81,features.15,555,pruned_before,nan,0.000000e+00,0.000000e+00,0.0000,0.0000,0
81,features.15,556,pruned_before,nan,0.000000e+00,0.000000e+00,0.0000,0.0000,0
81,features.15,557,pruned_before,nan,0.000000e+00,0.000000e+00,0.0000,0.0000,0
81,features.15,558,pruned_before,nan,0.000000e+00,0.000000e+00,0.0000,0.0000,0
81,features.15,559,pruned_before,nan,0.000000e+00,0.000000e+00,0.0000,0.0000,0
81,features.15,560,pruned_before,nan,0.000000e+00,0.000000e+00,0.0000,0.0000,0
81,features.15,561,pruned_before,nan,0.000000e+00,0.000000e+00,0.0000,0.0000,0
81,features.15,562,pruned_before,nan,0.000000e+00,0.000000e+00,0.0000,0.0000,0
81,features.15,563,active,-0.007030,3.450693e-08,1.565415e-06,0.0101,0.0001,329
81,features.15,564,pruned_before,nan,0.000000e+00,0.000000e+00,0.0000,0.0000,0
81,features.15,565,pruned_before,nan,0.000000e+00,0.000000e+00,0.0000,0.0000,0
81,features.15,566,active,0.000000,0.000000e+00,0.000000e+00,0.0000,0.0000,329
81,features.15,567,pruned_before,nan,0.000000e+00,0.000000e+00,0.0000,0.0000,0
81,features.15,568,pruned_before,nan,0.000000e+00,0.000000e+00,0.0000,0.0000,0
81,features.15,569,pruned_before,nan,0.000000e+00,0.000000e+00,0.0000,0.0000,0
81,features.15,570,pruned_before,nan,0.000000e+00,0.000000e+00,0.0000,0.0000,0
81,features.15,571,pruned_before,nan,0.000000e+00,0.000000e+00,0.0000,0.0000,0
81,features.15,572,pruned_before,nan,0.000000e+00,0.000000e+00,0.0000,0.0000,0
81,features.15,573,pruned_before,nan,0.000000e+00,0.000000e+00,0.0000,0.0000,0
81,features.15,574,pruned_before,nan,0.000000e+00,0.000000e+00,0.0000,0.0000,0
81,features.15,575,pruned_before,nan,0.000000e+00,0.000000e+00,0.0000,0.0000,0
81,features.15,576,pruned_before,nan,0.000000e+00,0.000000e+00,0.0000,0.0000,0
81,features.15,577,pruned_before,nan,0.000000e+00,0.000000e+00,0.0000,0.0000,0
81,features.15,578,pruned_before,nan,0.000000e+00,0.000000e+00,0.0000,0.0000,0
81,features.15,579,pruned_before,nan,0.000000e+00,0.000000e+00,0.0000,0.0000,0
81,features.15,580,pruned_before,nan,0.000000e+00,0.000000e+00,0.0000,0.0000,0
81,features.15,581,pruned_before,nan,0.000000e+00,0.000000e+00,0.0000,0.0000,0
81,features.15,582,pruned_before,nan,0.000000e+00,0.000000e+00,0.0000,0.0000,0
81,features.15,583,pruned_before,nan,0.000000e+00,0.000000e+00,0.0000,0.0000,0
81,features.15,584,pruned_before,nan,0.000000e+00,0.000000e+00,0.0000,0.0000,0
81,features.15,585,pruned_before,nan,0.000000e+00,0.000000e+00,0.0000,0.0000,0
81,features.15,586,pruned_before,nan,0.000000e+00,0.000000e+00,0.0000,0.0000,0
81,features.15,587,pruned_before,nan,0.000000e+00,0.000000e+00,0.0000,0.0000,0
81,features.15,588,pruned_before,nan,0.000000e+00,0.000000e+00,0.0000,0.0000,0
81,features.15,589,pruned_before,nan,0.000000e+00,0.000000e+00,0.0000,0.0000,0
81,features.15,590,pruned_before,nan,0.000000e+00,0.000000e+00,0.0000,0.0000,0
81,features.15,591,pruned_before,nan,0.000000e+00,0.000000e+00,0.0000,0.0000,0
81,features.15,592,pruned_before,nan,0.000000e+00,0.000000e+00,0.0000,0.0000,0
81,features.15,593,pruned_before,nan,0.000000e+00,0.000000e+00,0.0000,0.0000,0
81,features.15,594,pruned_before,nan,0.000000e+00,0.000000e+00,0.0000,0.0000,0
81,features.15,595,pruned_before,nan,0.000000e+00,0.000000e+00,0.0000,0.0000,0
81,features.15,596,pruned_before,nan,0.000000e+00,0.000000e+00,0.0000,0.0000,0
81,features.15,597,pruned_before,nan,0.000000e+00,0.000000e+00,0.0000,0.0000,0
81,features.15,598,pruned_before,nan,0.000000e+00,0.000000e+00,0.0000,0.0000,0
81,features.15,599,pruned_before,nan,0.000000e+00,0.000000e+00,0.0000,0.0000,0
81,features.15,600,pruned_before,nan,0.000000e+00,0.000000e+00,0.0000,0.0000,0
81,features.15,601,pruned_before,nan,0.000000e+00,0.000000e+00,0.0000,0.0000,0
81,features.15,602,pruned_before,nan,0.000000e+00,0.000000e+00,0.0000,0.0000,0
81,features.15,603,pruned_before,nan,0.000000e+00,0.000000e+00,0.0000,0.0000,0
81,features.15,604,pruned_before,nan,0.000000e+00,0.000000e+00,0.0000,0.0000,0
81,features.15,605,pruned_now,-0.067190,3.292544e-07,4.438670e-06,0.0961,0.0002,329
81,features.15,606,pruned_before,nan,0.000000e+00,0.000000e+00,0.0000,0.0000,0
81,features.15,607,pruned_before,nan,0.000000e+00,0.000000e+00,0.0000,0.0000,0
81,features.15,608,pruned_before,nan,0.000000e+00,0.000000e+00,0.0000,0.0000,0
81,features.15,609,pruned_before,nan,0.000000e+00,0.000000e+00,0.0000,0.0000,0
81,features.15,610,pruned_before,nan,0.000000e+00,0.000000e+00,0.0000,0.0000,0
81,features.15,611,pruned_before,nan,0.000000e+00,0.000000e+00,0.0000,0.0000,0
81,features.15,612,pruned_before,nan,0.000000e+00,0.000000e+00,0.0000,0.0000,0
81,features.15,613,active,-0.016546,8.116997e-08,2.788243e-06,0.0237,0.0001,329
81,features.15,614,pruned_before,nan,0.000000e+00,0.000000e+00,0.0000,0.0000,0
81,features.15,615,pruned_before,nan,0.000000e+00,0.000000e+00,0.0000,0.0000,0
81,features.15,616,pruned_before,nan,0.000000e+00,0.000000e+00,0.0000,0.0000,0
81,features.15,617,pruned_before,nan,0.000000e+00,0.000000e+00,0.0000,0.0000,0
81,features.15,618,pruned_before,nan,0.000000e+00,0.000000e+00,0.0000,0.0000,0
81,features.15,619,pruned_before,nan,0.000000e+00,0.000000e+00,0.0000,0.0000,0
81,features.15,620,pruned_before,nan,0.000000e+00,0.000000e+00,0.0000,0.0000,0
81,features.15,621,pruned_before,nan,0.000000e+00,0.000000e+00,0.0000,0.0000,0
81,features.15,622,pruned_before,nan,0.000000e+00,0.000000e+00,0.0000,0.0000,0
81,features.15,623,pruned_before,nan,0.000000e+00,0.000000e+00,0.0000,0.0000,0
81,features.15,624,pruned_before,nan,0.000000e+00,0.000000e+00,0.0000,0.0000,0
81,features.15,625,pruned_before,nan,0.000000e+00,0.000000e+00,0.0000,0.0000,0
81,features.15,626,pruned_before,nan,0.000000e+00,0.000000e+00,0.0000,0.0000,0
81,features.15,627,pruned_before,nan,0.000000e+00,0.000000e+00,0.0000,0.0000,0
81,features.15,628,pruned_before,nan,0.000000e+00,0.000000e+00,0.0000,0.0000,0
81,features.15,629,pruned_before,nan,0.000000e+00,0.000000e+00,0.0000,0.0000,0
81,features.15,630,pruned_before,nan,0.000000e+00,0.000000e+00,0.0000,0.0000,0
81,features.15,631,pruned_before,nan,0.000000e+00,0.000000e+00,0.0000,0.0000,0
81,features.15,632,pruned_before,nan,0.000000e+00,0.000000e+00,0.0000,0.0000,0
81,features.15,633,pruned_before,nan,0.000000e+00,0.000000e+00,0.0000,0.0000,0
81,features.15,634,pruned_before,nan,0.000000e+00,0.000000e+00,0.0000,0.0000,0
81,features.15,635,pruned_before,nan,0.000000e+00,0.000000e+00,0.0000,0.0000,0
81,features.15,636,pruned_before,nan,0.000000e+00,0.000000e+00,0.0000,0.0000,0
81,features.15,637,pruned_before,nan,0.000000e+00,0.000000e+00,0.0000,0.0000,0
81,features.15,638,pruned_before,nan,0.000000e+00,0.000000e+00,0.0000,0.0000,0
81,features.15,639,pruned_now,-0.054111,2.657284e-07,1.437604e-05,0.0775,0.0005,329
81,features.15,640,pruned_before,nan,0.000000e+00,0.000000e+00,0.0000,0.0000,0
81,features.15,641,pruned_before,nan,0.000000e+00,0.000000e+00,0.0000,0.0000,0
81,features.15,642,pruned_before,nan,0.000000e+00,0.000000e+00,0.0000,0.0000,0
81,features.15,643,pruned_before,nan,0.000000e+00,0.000000e+00,0.0000,0.0000,0
81,features.15,644,pruned_before,nan,0.000000e+00,0.000000e+00,0.0000,0.0000,0
81,features.15,645,pruned_before,nan,0.000000e+00,0.000000e+00,0.0000,0.0000,0
81,features.15,646,pruned_before,nan,0.000000e+00,0.000000e+00,0.0000,0.0000,0
81,features.15,647,pruned_before,nan,0.000000e+00,0.000000e+00,0.0000,0.0000,0
81,features.15,648,pruned_before,nan,0.000000e+00,0.000000e+00,0.0000,0.0000,0
81,features.15,649,pruned_before,nan,0.000000e+00,0.000000e+00,0.0000,0.0000,0
81,features.15,650,pruned_before,nan,0.000000e+00,0.000000e+00,0.0000,0.0000,0
81,features.15,651,pruned_before,nan,0.000000e+00,0.000000e+00,0.0000,0.0000,0
81,features.15,652,pruned_before,nan,0.000000e+00,0.000000e+00,0.0000,0.0000,0
81,features.15,653,pruned_before,nan,0.000000e+00,0.000000e+00,0.0000,0.0000,0
81,features.15,654,pruned_before,nan,0.000000e+00,0.000000e+00,0.0000,0.0000,0
81,features.15,655,active,-0.023621,1.159217e-07,4.784440e-06,0.0338,0.0002,329
81,features.15,656,pruned_before,nan,0.000000e+00,0.000000e+00,0.0000,0.0000,0
81,features.15,657,pruned_before,nan,0.000000e+00,0.000000e+00,0.0000,0.0000,0
81,features.15,658,pruned_now,-0.052093,2.651443e-07,1.922334e-04,0.0774,0.0068,329
81,features.15,659,pruned_before,nan,0.000000e+00,0.000000e+00,0.0000,0.0000,0
81,features.15,660,active,-0.017099,8.388283e-08,2.896856e-06,0.0245,0.0001,329
81,features.15,661,pruned_before,nan,0.000000e+00,0.000000e+00,0.0000,0.0000,0
81,features.15,662,pruned_before,nan,0.000000e+00,0.000000e+00,0.0000,0.0000,0
81,features.15,663,pruned_before,nan,0.000000e+00,0.000000e+00,0.0000,0.0000,0
81,features.15,664,pruned_before,nan,0.000000e+00,0.000000e+00,0.0000,0.0000,0
81,features.15,665,pruned_before,nan,0.000000e+00,0.000000e+00,0.0000,0.0000,0
81,features.15,666,pruned_before,nan,0.000000e+00,0.000000e+00,0.0000,0.0000,0
81,features.15,667,pruned_before,nan,0.000000e+00,0.000000e+00,0.0000,0.0000,0
81,features.15,668,pruned_before,nan,0.000000e+00,0.000000e+00,0.0000,0.0000,0
81,features.15,669,pruned_before,nan,0.000000e+00,0.000000e+00,0.0000,0.0000,0
81,features.15,670,pruned_before,nan,0.000000e+00,0.000000e+00,0.0000,0.0000,0
81,features.15,671,pruned_before,nan,0.000000e+00,0.000000e+00,0.0000,0.0000,0
81,features.15,672,pruned_before,nan,0.000000e+00,0.000000e+00,0.0000,0.0000,0
81,features.15,673,pruned_before,nan,0.000000e+00,0.000000e+00,0.0000,0.0000,0
81,features.15,674,pruned_before,nan,0.000000e+00,0.000000e+00,0.0000,0.0000,0
81,features.15,675,active,-0.004270,2.102752e-08,2.228704e-06,0.0061,0.0001,329
81,features.15,676,pruned_before,nan,0.000000e+00,0.000000e+00,0.0000,0.0000,0
81,features.15,677,pruned_before,nan,0.000000e+00,0.000000e+00,0.0000,0.0000,0
81,features.15,678,pruned_before,nan,0.000000e+00,0.000000e+00,0.0000,0.0000,0
81,features.15,679,pruned_before,nan,0.000000e+00,0.000000e+00,0.0000,0.0000,0
81,features.15,680,pruned_before,nan,0.000000e+00,0.000000e+00,0.0000,0.0000,0
81,features.15,681,pruned_before,nan,0.000000e+00,0.000000e+00,0.0000,0.0000,0
81,features.15,682,pruned_before,nan,0.000000e+00,0.000000e+00,0.0000,0.0000,0
81,features.15,683,pruned_before,nan,0.000000e+00,0.000000e+00,0.0000,0.0000,0
81,features.15,684,pruned_before,nan,0.000000e+00,0.000000e+00,0.0000,0.0000,0
81,features.15,685,pruned_before,nan,0.000000e+00,0.000000e+00,0.0000,0.0000,0
81,features.15,686,pruned_before,nan,0.000000e+00,0.000000e+00,0.0000,0.0000,0
81,features.15,687,pruned_before,nan,0.000000e+00,0.000000e+00,0.0000,0.0000,0
81,features.15,688,pruned_before,nan,0.000000e+00,0.000000e+00,0.0000,0.0000,0
81,features.15,689,active,-0.001181,5.978845e-09,3.752075e-06,0.0017,0.0001,329
81,features.15,690,pruned_before,nan,0.000000e+00,0.000000e+00,0.0000,0.0000,0
81,features.15,691,active,-0.000050,3.169313e-10,1.408356e-06,0.0001,0.0001,329
81,features.15,692,pruned_before,nan,0.000000e+00,0.000000e+00,0.0000,0.0000,0
81,features.15,693,pruned_before,nan,0.000000e+00,0.000000e+00,0.0000,0.0000,0
81,features.15,694,pruned_before,nan,0.000000e+00,0.000000e+00,0.0000,0.0000,0
81,features.15,695,pruned_before,nan,0.000000e+00,0.000000e+00,0.0000,0.0000,0
81,features.15,696,pruned_before,nan,0.000000e+00,0.000000e+00,0.0000,0.0000,0
81,features.15,697,pruned_before,nan,0.000000e+00,0.000000e+00,0.0000,0.0000,0
81,features.15,698,pruned_before,nan,0.000000e+00,0.000000e+00,0.0000,0.0000,0
81,features.15,699,pruned_before,nan,0.000000e+00,0.000000e+00,0.0000,0.0000,0
81,features.15,700,pruned_before,nan,0.000000e+00,0.000000e+00,0.0000,0.0000,0
81,features.15,701,pruned_before,nan,0.000000e+00,0.000000e+00,0.0000,0.0000,0
81,features.15,702,pruned_before,nan,0.000000e+00,0.000000e+00,0.0000,0.0000,0
81,features.15,703,pruned_before,nan,0.000000e+00,0.000000e+00,0.0000,0.0000,0
81,features.15,704,pruned_before,nan,0.000000e+00,0.000000e+00,0.0000,0.0000,0
81,features.15,705,pruned_before,nan,0.000000e+00,0.000000e+00,0.0000,0.0000,0
81,features.15,706,pruned_before,nan,0.000000e+00,0.000000e+00,0.0000,0.0000,0
81,features.15,707,pruned_before,nan,0.000000e+00,0.000000e+00,0.0000,0.0000,0
81,features.15,708,pruned_before,nan,0.000000e+00,0.000000e+00,0.0000,0.0000,0
81,features.15,709,pruned_before,nan,0.000000e+00,0.000000e+00,0.0000,0.0000,0
81,features.15,710,pruned_before,nan,0.000000e+00,0.000000e+00,0.0000,0.0000,0
81,features.15,711,pruned_before,nan,0.000000e+00,0.000000e+00,0.0000,0.0000,0
81,features.15,712,pruned_before,nan,0.000000e+00,0.000000e+00,0.0000,0.0000,0
81,features.15,713,pruned_before,nan,0.000000e+00,0.000000e+00,0.0000,0.0000,0
81,features.15,714,pruned_before,nan,0.000000e+00,0.000000e+00,0.0000,0.0000,0
81,features.15,715,pruned_before,nan,0.000000e+00,0.000000e+00,0.0000,0.0000,0
81,features.15,716,pruned_before,nan,0.000000e+00,0.000000e+00,0.0000,0.0000,0
81,features.15,717,pruned_before,nan,0.000000e+00,0.000000e+00,0.0000,0.0000,0
81,features.15,718,pruned_before,nan,0.000000e+00,0.000000e+00,0.0000,0.0000,0
81,features.15,719,pruned_before,nan,0.000000e+00,0.000000e+00,0.0000,0.0000,0
81,features.15,720,pruned_before,nan,0.000000e+00,0.000000e+00,0.0000,0.0000,0
81,features.15,721,pruned_before,nan,0.000000e+00,0.000000e+00,0.0000,0.0000,0
81,features.15,722,pruned_before,nan,0.000000e+00,0.000000e+00,0.0000,0.0000,0
81,features.15,723,pruned_before,nan,0.000000e+00,0.000000e+00,0.0000,0.0000,0
81,features.15,724,pruned_before,nan,0.000000e+00,0.000000e+00,0.0000,0.0000,0
81,features.15,725,pruned_before,nan,0.000000e+00,0.000000e+00,0.0000,0.0000,0
81,features.15,726,pruned_before,nan,0.000000e+00,0.000000e+00,0.0000,0.0000,0
81,features.15,727,pruned_before,nan,0.000000e+00,0.000000e+00,0.0000,0.0000,0
81,features.15,728,pruned_before,nan,0.000000e+00,0.000000e+00,0.0000,0.0000,0
81,features.15,729,pruned_before,nan,0.000000e+00,0.000000e+00,0.0000,0.0000,0
81,features.15,730,pruned_before,nan,0.000000e+00,0.000000e+00,0.0000,0.0000,0
81,features.15,731,pruned_now,-0.050505,2.700119e-07,4.339738e-04,0.0788,0.0154,329
81,features.15,732,pruned_before,nan,0.000000e+00,0.000000e+00,0.0000,0.0000,0
81,features.15,733,pruned_before,nan,0.000000e+00,0.000000e+00,0.0000,0.0000,0
81,features.15,734,pruned_before,nan,0.000000e+00,0.000000e+00,0.0000,0.0000,0
81,features.15,735,active,-0.027185,1.332699e-07,2.784333e-06,0.0389,0.0001,329
81,features.15,736,pruned_before,nan,0.000000e+00,0.000000e+00,0.0000,0.0000,0
81,features.15,737,pruned_before,nan,0.000000e+00,0.000000e+00,0.0000,0.0000,0
81,features.15,738,pruned_before,nan,0.000000e+00,0.000000e+00,0.0000,0.0000,0
81,features.15,739,pruned_before,nan,0.000000e+00,0.000000e+00,0.0000,0.0000,0
81,features.15,740,pruned_before,nan,0.000000e+00,0.000000e+00,0.0000,0.0000,0
81,features.15,741,pruned_before,nan,0.000000e+00,0.000000e+00,0.0000,0.0000,0
81,features.15,742,pruned_before,nan,0.000000e+00,0.000000e+00,0.0000,0.0000,0
81,features.15,743,pruned_before,nan,0.000000e+00,0.000000e+00,0.0000,0.0000,0
81,features.15,744,pruned_before,nan,0.000000e+00,0.000000e+00,0.0000,0.0000,0
81,features.15,745,pruned_before,nan,0.000000e+00,0.000000e+00,0.0000,0.0000,0
81,features.15,746,pruned_before,nan,0.000000e+00,0.000000e+00,0.0000,0.0000,0
81,features.15,747,pruned_before,nan,0.000000e+00,0.000000e+00,0.0000,0.0000,0
81,features.15,748,pruned_before,nan,0.000000e+00,0.000000e+00,0.0000,0.0000,0
81,features.15,749,pruned_before,nan,0.000000e+00,0.000000e+00,0.0000,0.0000,0
81,features.15,750,pruned_before,nan,0.000000e+00,0.000000e+00,0.0000,0.0000,0
81,features.15,751,pruned_before,nan,0.000000e+00,0.000000e+00,0.0000,0.0000,0
81,features.15,752,pruned_before,nan,0.000000e+00,0.000000e+00,0.0000,0.0000,0
81,features.15,753,pruned_before,nan,0.000000e+00,0.000000e+00,0.0000,0.0000,0
81,features.15,754,pruned_before,nan,0.000000e+00,0.000000e+00,0.0000,0.0000,0
81,features.15,755,pruned_before,nan,0.000000e+00,0.000000e+00,0.0000,0.0000,0
81,features.15,756,pruned_before,nan,0.000000e+00,0.000000e+00,0.0000,0.0000,0
81,features.15,757,pruned_before,nan,0.000000e+00,0.000000e+00,0.0000,0.0000,0
81,features.15,758,pruned_before,nan,0.000000e+00,0.000000e+00,0.0000,0.0000,0
81,features.15,759,pruned_before,nan,0.000000e+00,0.000000e+00,0.0000,0.0000,0
81,features.15,760,pruned_before,nan,0.000000e+00,0.000000e+00,0.0000,0.0000,0
81,features.15,761,pruned_before,nan,0.000000e+00,0.000000e+00,0.0000,0.0000,0
81,features.15,762,pruned_before,nan,0.000000e+00,0.000000e+00,0.0000,0.0000,0
81,features.15,763,pruned_before,nan,0.000000e+00,0.000000e+00,0.0000,0.0000,0
81,features.15,764,pruned_before,nan,0.000000e+00,0.000000e+00,0.0000,0.0000,0
81,features.15,765,pruned_before,nan,0.000000e+00,0.000000e+00,0.0000,0.0000,0
81,features.15,766,pruned_before,nan,0.000000e+00,0.000000e+00,0.0000,0.0000,0
81,features.15,767,pruned_before,nan,0.000000e+00,0.000000e+00,0.0000,0.0000,0
81,features.15,768,pruned_before,nan,0.000000e+00,0.000000e+00,0.0000,0.0000,0
81,features.15,769,pruned_before,nan,0.000000e+00,0.000000e+00,0.0000,0.0000,0
81,features.15,770,pruned_before,nan,0.000000e+00,0.000000e+00,0.0000,0.0000,0
81,features.15,771,pruned_before,nan,0.000000e+00,0.000000e+00,0.0000,0.0000,0
81,features.15,772,pruned_before,nan,0.000000e+00,0.000000e+00,0.0000,0.0000,0
81,features.15,773,pruned_before,nan,0.000000e+00,0.000000e+00,0.0000,0.0000,0
81,features.15,774,pruned_before,nan,0.000000e+00,0.000000e+00,0.0000,0.0000,0
81,features.15,775,pruned_before,nan,0.000000e+00,0.000000e+00,0.0000,0.0000,0
81,features.15,776,active,-0.008797,5.143049e-08,1.597412e-04,0.0150,0.0057,329
81,features.15,777,pruned_before,nan,0.000000e+00,0.000000e+00,0.0000,0.0000,0
81,features.15,778,pruned_before,nan,0.000000e+00,0.000000e+00,0.0000,0.0000,0
81,features.15,779,pruned_before,nan,0.000000e+00,0.000000e+00,0.0000,0.0000,0
81,features.15,780,pruned_before,nan,0.000000e+00,0.000000e+00,0.0000,0.0000,0
81,features.15,781,pruned_before,nan,0.000000e+00,0.000000e+00,0.0000,0.0000,0
81,features.15,782,pruned_before,nan,0.000000e+00,0.000000e+00,0.0000,0.0000,0
81,features.15,783,pruned_before,nan,0.000000e+00,0.000000e+00,0.0000,0.0000,0
81,features.15,784,pruned_before,nan,0.000000e+00,0.000000e+00,0.0000,0.0000,0
81,features.15,785,pruned_before,nan,0.000000e+00,0.000000e+00,0.0000,0.0000,0
81,features.15,786,pruned_before,nan,0.000000e+00,0.000000e+00,0.0000,0.0000,0
81,features.15,787,pruned_before,nan,0.000000e+00,0.000000e+00,0.0000,0.0000,0
81,features.15,788,pruned_before,nan,0.000000e+00,0.000000e+00,0.0000,0.0000,0
81,features.15,789,pruned_before,nan,0.000000e+00,0.000000e+00,0.0000,0.0000,0
81,features.15,790,pruned_before,nan,0.000000e+00,0.000000e+00,0.0000,0.0000,0
81,features.15,791,pruned_before,nan,0.000000e+00,0.000000e+00,0.0000,0.0000,0
81,features.15,792,pruned_before,nan,0.000000e+00,0.000000e+00,0.0000,0.0000,0
81,features.15,793,pruned_before,nan,0.000000e+00,0.000000e+00,0.0000,0.0000,0
81,features.15,794,pruned_before,nan,0.000000e+00,0.000000e+00,0.0000,0.0000,0
81,features.15,795,pruned_before,nan,0.000000e+00,0.000000e+00,0.0000,0.0000,0
81,features.15,796,pruned_before,nan,0.000000e+00,0.000000e+00,0.0000,0.0000,0
81,features.15,797,pruned_before,nan,0.000000e+00,0.000000e+00,0.0000,0.0000,0
81,features.15,798,pruned_before,nan,0.000000e+00,0.000000e+00,0.0000,0.0000,0
81,features.15,799,pruned_before,nan,0.000000e+00,0.000000e+00,0.0000,0.0000,0
81,features.15,800,pruned_before,nan,0.000000e+00,0.000000e+00,0.0000,0.0000,0
81,features.15,801,pruned_before,nan,0.000000e+00,0.000000e+00,0.0000,0.0000,0
81,features.15,802,pruned_before,nan,0.000000e+00,0.000000e+00,0.0000,0.0000,0
81,features.15,803,pruned_before,nan,0.000000e+00,0.000000e+00,0.0000,0.0000,0
81,features.15,804,pruned_before,nan,0.000000e+00,0.000000e+00,0.0000,0.0000,0
81,features.15,805,pruned_before,nan,0.000000e+00,0.000000e+00,0.0000,0.0000,0
81,features.15,806,pruned_before,nan,0.000000e+00,0.000000e+00,0.0000,0.0000,0
81,features.15,807,pruned_before,nan,0.000000e+00,0.000000e+00,0.0000,0.0000,0
81,features.15,808,pruned_before,nan,0.000000e+00,0.000000e+00,0.0000,0.0000,0
81,features.15,809,pruned_before,nan,0.000000e+00,0.000000e+00,0.0000,0.0000,0
81,features.15,810,pruned_before,nan,0.000000e+00,0.000000e+00,0.0000,0.0000,0
81,features.15,811,pruned_before,nan,0.000000e+00,0.000000e+00,0.0000,0.0000,0
81,features.15,812,pruned_before,nan,0.000000e+00,0.000000e+00,0.0000,0.0000,0
81,features.15,813,pruned_before,nan,0.000000e+00,0.000000e+00,0.0000,0.0000,0
81,features.15,814,pruned_before,nan,0.000000e+00,0.000000e+00,0.0000,0.0000,0
81,features.15,815,pruned_before,nan,0.000000e+00,0.000000e+00,0.0000,0.0000,0
81,features.15,816,pruned_before,nan,0.000000e+00,0.000000e+00,0.0000,0.0000,0
81,features.15,817,pruned_before,nan,0.000000e+00,0.000000e+00,0.0000,0.0000,0
81,features.15,818,pruned_before,nan,0.000000e+00,0.000000e+00,0.0000,0.0000,0
81,features.15,819,pruned_before,nan,0.000000e+00,0.000000e+00,0.0000,0.0000,0
81,features.15,820,pruned_before,nan,0.000000e+00,0.000000e+00,0.0000,0.0000,0
81,features.15,821,pruned_before,nan,0.000000e+00,0.000000e+00,0.0000,0.0000,0
81,features.15,822,pruned_before,nan,0.000000e+00,0.000000e+00,0.0000,0.0000,0
81,features.15,823,pruned_before,nan,0.000000e+00,0.000000e+00,0.0000,0.0000,0
81,features.15,824,pruned_before,nan,0.000000e+00,0.000000e+00,0.0000,0.0000,0
81,features.15,825,pruned_before,nan,0.000000e+00,0.000000e+00,0.0000,0.0000,0
81,features.15,826,pruned_before,nan,0.000000e+00,0.000000e+00,0.0000,0.0000,0
81,features.15,827,pruned_before,nan,0.000000e+00,0.000000e+00,0.0000,0.0000,0
81,features.15,828,pruned_before,nan,0.000000e+00,0.000000e+00,0.0000,0.0000,0
81,features.15,829,pruned_before,nan,0.000000e+00,0.000000e+00,0.0000,0.0000,0
81,features.15,830,pruned_before,nan,0.000000e+00,0.000000e+00,0.0000,0.0000,0
81,features.15,831,pruned_before,nan,0.000000e+00,0.000000e+00,0.0000,0.0000,0
81,features.15,832,pruned_before,nan,0.000000e+00,0.000000e+00,0.0000,0.0000,0
81,features.15,833,pruned_before,nan,0.000000e+00,0.000000e+00,0.0000,0.0000,0
81,features.15,834,pruned_before,nan,0.000000e+00,0.000000e+00,0.0000,0.0000,0
81,features.15,835,pruned_before,nan,0.000000e+00,0.000000e+00,0.0000,0.0000,0
81,features.15,836,pruned_before,nan,0.000000e+00,0.000000e+00,0.0000,0.0000,0
81,features.15,837,pruned_before,nan,0.000000e+00,0.000000e+00,0.0000,0.0000,0
81,features.15,838,pruned_before,nan,0.000000e+00,0.000000e+00,0.0000,0.0000,0
81,features.15,839,pruned_before,nan,0.000000e+00,0.000000e+00,0.0000,0.0000,0
81,features.15,840,pruned_before,nan,0.000000e+00,0.000000e+00,0.0000,0.0000,0
81,features.15,841,pruned_before,nan,0.000000e+00,0.000000e+00,0.0000,0.0000,0
81,features.15,842,pruned_before,nan,0.000000e+00,0.000000e+00,0.0000,0.0000,0
81,features.15,843,pruned_before,nan,0.000000e+00,0.000000e+00,0.0000,0.0000,0
81,features.15,844,pruned_before,nan,0.000000e+00,0.000000e+00,0.0000,0.0000,0
81,features.15,845,pruned_before,nan,0.000000e+00,0.000000e+00,0.0000,0.0000,0
81,features.15,846,pruned_before,nan,0.000000e+00,0.000000e+00,0.0000,0.0000,0
81,features.15,847,pruned_before,nan,0.000000e+00,0.000000e+00,0.0000,0.0000,0
81,features.15,848,active,-0.032179,1.580721e-07,9.488037e-06,0.0461,0.0003,329
81,features.15,849,pruned_before,nan,0.000000e+00,0.000000e+00,0.0000,0.0000,0
81,features.15,850,pruned_before,nan,0.000000e+00,0.000000e+00,0.0000,0.0000,0
81,features.15,851,pruned_before,nan,0.000000e+00,0.000000e+00,0.0000,0.0000,0
81,features.15,852,pruned_before,nan,0.000000e+00,0.000000e+00,0.0000,0.0000,0
81,features.15,853,pruned_before,nan,0.000000e+00,0.000000e+00,0.0000,0.0000,0
81,features.15,854,pruned_before,nan,0.000000e+00,0.000000e+00,0.0000,0.0000,0
81,features.15,855,pruned_before,nan,0.000000e+00,0.000000e+00,0.0000,0.0000,0
81,features.15,856,pruned_before,nan,0.000000e+00,0.000000e+00,0.0000,0.0000,0
81,features.15,857,pruned_before,nan,0.000000e+00,0.000000e+00,0.0000,0.0000,0
81,features.15,858,pruned_before,nan,0.000000e+00,0.000000e+00,0.0000,0.0000,0
81,features.15,859,pruned_before,nan,0.000000e+00,0.000000e+00,0.0000,0.0000,0
81,features.15,860,pruned_before,nan,0.000000e+00,0.000000e+00,0.0000,0.0000,0
81,features.15,861,pruned_before,nan,0.000000e+00,0.000000e+00,0.0000,0.0000,0
81,features.15,862,pruned_before,nan,0.000000e+00,0.000000e+00,0.0000,0.0000,0
81,features.15,863,pruned_before,nan,0.000000e+00,0.000000e+00,0.0000,0.0000,0
81,features.15,864,active,-0.002265,1.155710e-08,8.902676e-06,0.0034,0.0003,329
81,features.15,865,pruned_before,nan,0.000000e+00,0.000000e+00,0.0000,0.0000,0
81,features.15,866,pruned_before,nan,0.000000e+00,0.000000e+00,0.0000,0.0000,0
81,features.15,867,pruned_before,nan,0.000000e+00,0.000000e+00,0.0000,0.0000,0
81,features.15,868,active,-0.001985,1.004791e-08,6.259773e-06,0.0029,0.0002,329
81,features.15,869,pruned_before,nan,0.000000e+00,0.000000e+00,0.0000,0.0000,0
81,features.15,870,active,-0.006821,3.362924e-08,4.342351e-06,0.0098,0.0002,329
81,features.15,871,pruned_before,nan,0.000000e+00,0.000000e+00,0.0000,0.0000,0
81,features.15,872,pruned_before,nan,0.000000e+00,0.000000e+00,0.0000,0.0000,0
81,features.15,873,pruned_before,nan,0.000000e+00,0.000000e+00,0.0000,0.0000,0
81,features.15,874,pruned_before,nan,0.000000e+00,0.000000e+00,0.0000,0.0000,0
81,features.15,875,pruned_before,nan,0.000000e+00,0.000000e+00,0.0000,0.0000,0
81,features.15,876,pruned_before,nan,0.000000e+00,0.000000e+00,0.0000,0.0000,0
81,features.15,877,pruned_before,nan,0.000000e+00,0.000000e+00,0.0000,0.0000,0
81,features.15,878,pruned_before,nan,0.000000e+00,0.000000e+00,0.0000,0.0000,0
81,features.15,879,active,-0.010802,5.316421e-08,5.087300e-06,0.0155,0.0002,329
81,features.15,880,pruned_before,nan,0.000000e+00,0.000000e+00,0.0000,0.0000,0
81,features.15,881,pruned_before,nan,0.000000e+00,0.000000e+00,0.0000,0.0000,0
81,features.15,882,pruned_before,nan,0.000000e+00,0.000000e+00,0.0000,0.0000,0
81,features.15,883,pruned_before,nan,0.000000e+00,0.000000e+00,0.0000,0.0000,0
81,features.15,884,pruned_before,nan,0.000000e+00,0.000000e+00,0.0000,0.0000,0
81,features.15,885,pruned_before,nan,0.000000e+00,0.000000e+00,0.0000,0.0000,0
81,features.15,886,pruned_before,nan,0.000000e+00,0.000000e+00,0.0000,0.0000,0
81,features.15,887,pruned_before,nan,0.000000e+00,0.000000e+00,0.0000,0.0000,0
81,features.15,888,active,-0.017038,8.356218e-08,2.463746e-06,0.0244,0.0001,329
81,features.15,889,pruned_before,nan,0.000000e+00,0.000000e+00,0.0000,0.0000,0
81,features.15,890,pruned_before,nan,0.000000e+00,0.000000e+00,0.0000,0.0000,0
81,features.15,891,pruned_before,nan,0.000000e+00,0.000000e+00,0.0000,0.0000,0
81,features.15,892,pruned_before,nan,0.000000e+00,0.000000e+00,0.0000,0.0000,0
81,features.15,893,pruned_before,nan,0.000000e+00,0.000000e+00,0.0000,0.0000,0
81,features.15,894,pruned_before,nan,0.000000e+00,0.000000e+00,0.0000,0.0000,0
81,features.15,895,pruned_before,nan,0.000000e+00,0.000000e+00,0.0000,0.0000,0
81,features.15,896,active,-0.008117,3.983866e-08,1.699186e-06,0.0116,0.0001,329
81,features.15,897,pruned_before,nan,0.000000e+00,0.000000e+00,0.0000,0.0000,0
81,features.15,898,pruned_before,nan,0.000000e+00,0.000000e+00,0.0000,0.0000,0
81,features.15,899,pruned_before,nan,0.000000e+00,0.000000e+00,0.0000,0.0000,0
81,features.15,900,pruned_before,nan,0.000000e+00,0.000000e+00,0.0000,0.0000,0
81,features.15,901,pruned_before,nan,0.000000e+00,0.000000e+00,0.0000,0.0000,0
81,features.15,902,pruned_before,nan,0.000000e+00,0.000000e+00,0.0000,0.0000,0
81,features.15,903,pruned_before,nan,0.000000e+00,0.000000e+00,0.0000,0.0000,0
81,features.15,904,pruned_before,nan,0.000000e+00,0.000000e+00,0.0000,0.0000,0
81,features.15,905,pruned_before,nan,0.000000e+00,0.000000e+00,0.0000,0.0000,0
81,features.15,906,pruned_before,nan,0.000000e+00,0.000000e+00,0.0000,0.0000,0
81,features.15,907,pruned_before,nan,0.000000e+00,0.000000e+00,0.0000,0.0000,0
81,features.15,908,pruned_before,nan,0.000000e+00,0.000000e+00,0.0000,0.0000,0
81,features.15,909,pruned_before,nan,0.000000e+00,0.000000e+00,0.0000,0.0000,0
81,features.15,910,active,-0.013476,6.623020e-08,4.546434e-06,0.0193,0.0002,329
81,features.15,911,active,-0.001904,9.398420e-09,1.471282e-06,0.0027,0.0001,329
81,features.15,912,pruned_before,nan,0.000000e+00,0.000000e+00,0.0000,0.0000,0
81,features.15,913,pruned_before,nan,0.000000e+00,0.000000e+00,0.0000,0.0000,0
81,features.15,914,pruned_before,nan,0.000000e+00,0.000000e+00,0.0000,0.0000,0
81,features.15,915,pruned_before,nan,0.000000e+00,0.000000e+00,0.0000,0.0000,0
81,features.15,916,pruned_before,nan,0.000000e+00,0.000000e+00,0.0000,0.0000,0
81,features.15,917,pruned_before,nan,0.000000e+00,0.000000e+00,0.0000,0.0000,0
81,features.15,918,pruned_before,nan,0.000000e+00,0.000000e+00,0.0000,0.0000,0
81,features.15,919,pruned_before,nan,0.000000e+00,0.000000e+00,0.0000,0.0000,0
81,features.15,920,pruned_before,nan,0.000000e+00,0.000000e+00,0.0000,0.0000,0
81,features.15,921,pruned_before,nan,0.000000e+00,0.000000e+00,0.0000,0.0000,0
81,features.15,922,pruned_before,nan,0.000000e+00,0.000000e+00,0.0000,0.0000,0
81,features.15,923,pruned_before,nan,0.000000e+00,0.000000e+00,0.0000,0.0000,0
81,features.15,924,pruned_before,nan,0.000000e+00,0.000000e+00,0.0000,0.0000,0
81,features.15,925,active,-0.002497,1.227725e-08,9.760292e-07,0.0036,0.0000,329
81,features.15,926,pruned_before,nan,0.000000e+00,0.000000e+00,0.0000,0.0000,0
81,features.15,927,pruned_before,nan,0.000000e+00,0.000000e+00,0.0000,0.0000,0
81,features.15,928,pruned_before,nan,0.000000e+00,0.000000e+00,0.0000,0.0000,0
81,features.15,929,pruned_before,nan,0.000000e+00,0.000000e+00,0.0000,0.0000,0
81,features.15,930,pruned_before,nan,0.000000e+00,0.000000e+00,0.0000,0.0000,0
81,features.15,931,pruned_before,nan,0.000000e+00,0.000000e+00,0.0000,0.0000,0
81,features.15,932,pruned_before,nan,0.000000e+00,0.000000e+00,0.0000,0.0000,0
81,features.15,933,pruned_before,nan,0.000000e+00,0.000000e+00,0.0000,0.0000,0
81,features.15,934,pruned_before,nan,0.000000e+00,0.000000e+00,0.0000,0.0000,0
81,features.15,935,pruned_before,nan,0.000000e+00,0.000000e+00,0.0000,0.0000,0
81,features.15,936,pruned_before,nan,0.000000e+00,0.000000e+00,0.0000,0.0000,0
81,features.15,937,pruned_before,nan,0.000000e+00,0.000000e+00,0.0000,0.0000,0
81,features.15,938,pruned_before,nan,0.000000e+00,0.000000e+00,0.0000,0.0000,0
81,features.15,939,pruned_before,nan,0.000000e+00,0.000000e+00,0.0000,0.0000,0
81,features.15,940,pruned_before,nan,0.000000e+00,0.000000e+00,0.0000,0.0000,0
81,features.15,941,pruned_before,nan,0.000000e+00,0.000000e+00,0.0000,0.0000,0
81,features.15,942,pruned_before,nan,0.000000e+00,0.000000e+00,0.0000,0.0000,0
81,features.15,943,pruned_before,nan,0.000000e+00,0.000000e+00,0.0000,0.0000,0
81,features.15,944,pruned_before,nan,0.000000e+00,0.000000e+00,0.0000,0.0000,0
81,features.15,945,pruned_before,nan,0.000000e+00,0.000000e+00,0.0000,0.0000,0
81,features.15,946,pruned_before,nan,0.000000e+00,0.000000e+00,0.0000,0.0000,0
81,features.15,947,pruned_before,nan,0.000000e+00,0.000000e+00,0.0000,0.0000,0
81,features.15,948,pruned_before,nan,0.000000e+00,0.000000e+00,0.0000,0.0000,0
81,features.15,949,pruned_before,nan,0.000000e+00,0.000000e+00,0.0000,0.0000,0
81,features.15,950,pruned_before,nan,0.000000e+00,0.000000e+00,0.0000,0.0000,0
81,features.15,951,pruned_before,nan,0.000000e+00,0.000000e+00,0.0000,0.0000,0
81,features.15,952,pruned_before,nan,0.000000e+00,0.000000e+00,0.0000,0.0000,0
81,features.15,953,pruned_before,nan,0.000000e+00,0.000000e+00,0.0000,0.0000,0
81,features.15,954,pruned_before,nan,0.000000e+00,0.000000e+00,0.0000,0.0000,0
81,features.15,955,pruned_before,nan,0.000000e+00,0.000000e+00,0.0000,0.0000,0
81,features.15,956,pruned_before,nan,0.000000e+00,0.000000e+00,0.0000,0.0000,0
81,features.15,957,pruned_before,nan,0.000000e+00,0.000000e+00,0.0000,0.0000,0
81,features.15,958,pruned_before,nan,0.000000e+00,0.000000e+00,0.0000,0.0000,0
81,features.15,959,pruned_before,nan,0.000000e+00,0.000000e+00,0.0000,0.0000,0
81,features.16,0,pruned_before,nan,0.000000e+00,0.000000e+00,0.0000,0.0000,0
81,features.16,1,pruned_before,nan,0.000000e+00,0.000000e+00,0.0000,0.0000,0
81,features.16,2,active,-0.005091,3.441222e-08,1.746127e-05,0.0077,0.0010,329
81,features.16,3,pruned_before,nan,0.000000e+00,0.000000e+00,0.0000,0.0000,0
81,features.16,4,pruned_before,nan,0.000000e+00,0.000000e+00,0.0000,0.0000,0
81,features.16,5,pruned_before,nan,0.000000e+00,0.000000e+00,0.0000,0.0000,0
81,features.16,6,pruned_before,nan,0.000000e+00,0.000000e+00,0.0000,0.0000,0
81,features.16,7,pruned_before,nan,0.000000e+00,0.000000e+00,0.0000,0.0000,0
81,features.16,8,pruned_before,nan,0.000000e+00,0.000000e+00,0.0000,0.0000,0
81,features.16,9,pruned_before,nan,0.000000e+00,0.000000e+00,0.0000,0.0000,0
81,features.16,10,pruned_before,nan,0.000000e+00,0.000000e+00,0.0000,0.0000,0
81,features.16,11,pruned_before,nan,0.000000e+00,0.000000e+00,0.0000,0.0000,0
81,features.16,12,pruned_before,nan,0.000000e+00,0.000000e+00,0.0000,0.0000,0
81,features.16,13,pruned_before,nan,0.000000e+00,0.000000e+00,0.0000,0.0000,0
81,features.16,14,pruned_before,nan,0.000000e+00,0.000000e+00,0.0000,0.0000,0
81,features.16,15,pruned_before,nan,0.000000e+00,0.000000e+00,0.0000,0.0000,0
81,features.16,16,pruned_before,nan,0.000000e+00,0.000000e+00,0.0000,0.0000,0
81,features.16,17,pruned_before,nan,0.000000e+00,0.000000e+00,0.0000,0.0000,0
81,features.16,18,pruned_before,nan,0.000000e+00,0.000000e+00,0.0000,0.0000,0
81,features.16,19,pruned_before,nan,0.000000e+00,0.000000e+00,0.0000,0.0000,0
81,features.16,20,pruned_before,nan,0.000000e+00,0.000000e+00,0.0000,0.0000,0
81,features.16,21,pruned_before,nan,0.000000e+00,0.000000e+00,0.0000,0.0000,0
81,features.16,22,pruned_before,nan,0.000000e+00,0.000000e+00,0.0000,0.0000,0
81,features.16,23,pruned_before,nan,0.000000e+00,0.000000e+00,0.0000,0.0000,0
81,features.16,24,pruned_before,nan,0.000000e+00,0.000000e+00,0.0000,0.0000,0
81,features.16,25,pruned_before,nan,0.000000e+00,0.000000e+00,0.0000,0.0000,0
81,features.16,26,pruned_before,nan,0.000000e+00,0.000000e+00,0.0000,0.0000,0
81,features.16,27,pruned_before,nan,0.000000e+00,0.000000e+00,0.0000,0.0000,0
81,features.16,28,pruned_before,nan,0.000000e+00,0.000000e+00,0.0000,0.0000,0
81,features.16,29,pruned_before,nan,0.000000e+00,0.000000e+00,0.0000,0.0000,0
81,features.16,30,pruned_before,nan,0.000000e+00,0.000000e+00,0.0000,0.0000,0
81,features.16,31,pruned_before,nan,0.000000e+00,0.000000e+00,0.0000,0.0000,0
81,features.16,32,pruned_before,nan,0.000000e+00,0.000000e+00,0.0000,0.0000,0
81,features.16,33,pruned_before,nan,0.000000e+00,0.000000e+00,0.0000,0.0000,0
81,features.16,34,pruned_before,nan,0.000000e+00,0.000000e+00,0.0000,0.0000,0
81,features.16,35,pruned_before,nan,0.000000e+00,0.000000e+00,0.0000,0.0000,0
81,features.16,36,pruned_before,nan,0.000000e+00,0.000000e+00,0.0000,0.0000,0
81,features.16,37,pruned_before,nan,0.000000e+00,0.000000e+00,0.0000,0.0000,0
81,features.16,38,pruned_before,nan,0.000000e+00,0.000000e+00,0.0000,0.0000,0
81,features.16,39,pruned_before,nan,0.000000e+00,0.000000e+00,0.0000,0.0000,0
81,features.16,40,pruned_before,nan,0.000000e+00,0.000000e+00,0.0000,0.0000,0
81,features.16,41,pruned_before,nan,0.000000e+00,0.000000e+00,0.0000,0.0000,0
81,features.16,42,pruned_before,nan,0.000000e+00,0.000000e+00,0.0000,0.0000,0
81,features.16,43,active,-0.003510,2.288091e-08,4.559166e-06,0.0051,0.0003,329
81,features.16,44,pruned_before,nan,0.000000e+00,0.000000e+00,0.0000,0.0000,0
81,features.16,45,active,-0.011158,7.226671e-08,1.042834e-05,0.0162,0.0006,329
81,features.16,46,pruned_before,nan,0.000000e+00,0.000000e+00,0.0000,0.0000,0
81,features.16,47,pruned_before,nan,0.000000e+00,0.000000e+00,0.0000,0.0000,0
81,features.16,48,pruned_before,nan,0.000000e+00,0.000000e+00,0.0000,0.0000,0
81,features.16,49,pruned_before,nan,0.000000e+00,0.000000e+00,0.0000,0.0000,0
81,features.16,50,pruned_before,nan,0.000000e+00,0.000000e+00,0.0000,0.0000,0
81,features.16,51,pruned_before,nan,0.000000e+00,0.000000e+00,0.0000,0.0000,0
81,features.16,52,pruned_before,nan,0.000000e+00,0.000000e+00,0.0000,0.0000,0
81,features.16,53,pruned_before,nan,0.000000e+00,0.000000e+00,0.0000,0.0000,0
81,features.16,54,pruned_before,nan,0.000000e+00,0.000000e+00,0.0000,0.0000,0
81,features.16,55,pruned_before,nan,0.000000e+00,0.000000e+00,0.0000,0.0000,0
81,features.16,56,pruned_before,nan,0.000000e+00,0.000000e+00,0.0000,0.0000,0
81,features.16,57,pruned_before,nan,0.000000e+00,0.000000e+00,0.0000,0.0000,0
81,features.16,58,pruned_before,nan,0.000000e+00,0.000000e+00,0.0000,0.0000,0
81,features.16,59,pruned_before,nan,0.000000e+00,0.000000e+00,0.0000,0.0000,0
81,features.16,60,pruned_before,nan,0.000000e+00,0.000000e+00,0.0000,0.0000,0
81,features.16,61,pruned_before,nan,0.000000e+00,0.000000e+00,0.0000,0.0000,0
81,features.16,62,pruned_before,nan,0.000000e+00,0.000000e+00,0.0000,0.0000,0
81,features.16,63,pruned_before,nan,0.000000e+00,0.000000e+00,0.0000,0.0000,0
81,features.16,64,pruned_before,nan,0.000000e+00,0.000000e+00,0.0000,0.0000,0
81,features.16,65,active,-0.010364,6.664876e-08,5.473856e-06,0.0149,0.0003,329
81,features.16,66,pruned_before,nan,0.000000e+00,0.000000e+00,0.0000,0.0000,0
81,features.16,67,pruned_before,nan,0.000000e+00,0.000000e+00,0.0000,0.0000,0
81,features.16,68,pruned_before,nan,0.000000e+00,0.000000e+00,0.0000,0.0000,0
81,features.16,69,pruned_before,nan,0.000000e+00,0.000000e+00,0.0000,0.0000,0
81,features.16,70,pruned_before,nan,0.000000e+00,0.000000e+00,0.0000,0.0000,0
81,features.16,71,pruned_before,nan,0.000000e+00,0.000000e+00,0.0000,0.0000,0
81,features.16,72,pruned_before,nan,0.000000e+00,0.000000e+00,0.0000,0.0000,0
81,features.16,73,pruned_before,nan,0.000000e+00,0.000000e+00,0.0000,0.0000,0
81,features.16,74,pruned_before,nan,0.000000e+00,0.000000e+00,0.0000,0.0000,0
81,features.16,75,pruned_before,nan,0.000000e+00,0.000000e+00,0.0000,0.0000,0
81,features.16,76,pruned_before,nan,0.000000e+00,0.000000e+00,0.0000,0.0000,0
81,features.16,77,pruned_before,nan,0.000000e+00,0.000000e+00,0.0000,0.0000,0
81,features.16,78,pruned_before,nan,0.000000e+00,0.000000e+00,0.0000,0.0000,0
81,features.16,79,pruned_before,nan,0.000000e+00,0.000000e+00,0.0000,0.0000,0
81,features.16,80,active,0.000000,0.000000e+00,0.000000e+00,0.0000,0.0000,329
81,features.16,81,pruned_before,nan,0.000000e+00,0.000000e+00,0.0000,0.0000,0
81,features.16,82,pruned_before,nan,0.000000e+00,0.000000e+00,0.0000,0.0000,0
81,features.16,83,pruned_before,nan,0.000000e+00,0.000000e+00,0.0000,0.0000,0
81,features.16,84,pruned_before,nan,0.000000e+00,0.000000e+00,0.0000,0.0000,0
81,features.16,85,pruned_before,nan,0.000000e+00,0.000000e+00,0.0000,0.0000,0
81,features.16,86,pruned_before,nan,0.000000e+00,0.000000e+00,0.0000,0.0000,0
81,features.16,87,pruned_before,nan,0.000000e+00,0.000000e+00,0.0000,0.0000,0
81,features.16,88,pruned_before,nan,0.000000e+00,0.000000e+00,0.0000,0.0000,0
81,features.16,89,pruned_before,nan,0.000000e+00,0.000000e+00,0.0000,0.0000,0
81,features.16,90,pruned_before,nan,0.000000e+00,0.000000e+00,0.0000,0.0000,0
81,features.16,91,pruned_before,nan,0.000000e+00,0.000000e+00,0.0000,0.0000,0
81,features.16,92,pruned_before,nan,0.000000e+00,0.000000e+00,0.0000,0.0000,0
81,features.16,93,pruned_before,nan,0.000000e+00,0.000000e+00,0.0000,0.0000,0
81,features.16,94,pruned_before,nan,0.000000e+00,0.000000e+00,0.0000,0.0000,0
81,features.16,95,pruned_before,nan,0.000000e+00,0.000000e+00,0.0000,0.0000,0
81,features.16,96,pruned_before,nan,0.000000e+00,0.000000e+00,0.0000,0.0000,0
81,features.16,97,pruned_before,nan,0.000000e+00,0.000000e+00,0.0000,0.0000,0
81,features.16,98,pruned_before,nan,0.000000e+00,0.000000e+00,0.0000,0.0000,0
81,features.16,99,pruned_before,nan,0.000000e+00,0.000000e+00,0.0000,0.0000,0
81,features.16,100,pruned_before,nan,0.000000e+00,0.000000e+00,0.0000,0.0000,0
81,features.16,101,pruned_before,nan,0.000000e+00,0.000000e+00,0.0000,0.0000,0
81,features.16,102,pruned_before,nan,0.000000e+00,0.000000e+00,0.0000,0.0000,0
81,features.16,103,pruned_before,nan,0.000000e+00,0.000000e+00,0.0000,0.0000,0
81,features.16,104,pruned_before,nan,0.000000e+00,0.000000e+00,0.0000,0.0000,0
81,features.16,105,pruned_before,nan,0.000000e+00,0.000000e+00,0.0000,0.0000,0
81,features.16,106,pruned_before,nan,0.000000e+00,0.000000e+00,0.0000,0.0000,0
81,features.16,107,pruned_before,nan,0.000000e+00,0.000000e+00,0.0000,0.0000,0
81,features.16,108,pruned_before,nan,0.000000e+00,0.000000e+00,0.0000,0.0000,0
81,features.16,109,pruned_before,nan,0.000000e+00,0.000000e+00,0.0000,0.0000,0
81,features.16,110,pruned_before,nan,0.000000e+00,0.000000e+00,0.0000,0.0000,0
81,features.16,111,pruned_before,nan,0.000000e+00,0.000000e+00,0.0000,0.0000,0
81,features.16,112,pruned_before,nan,0.000000e+00,0.000000e+00,0.0000,0.0000,0
81,features.16,113,pruned_before,nan,0.000000e+00,0.000000e+00,0.0000,0.0000,0
81,features.16,114,pruned_before,nan,0.000000e+00,0.000000e+00,0.0000,0.0000,0
81,features.16,115,pruned_before,nan,0.000000e+00,0.000000e+00,0.0000,0.0000,0
81,features.16,116,pruned_before,nan,0.000000e+00,0.000000e+00,0.0000,0.0000,0
81,features.16,117,pruned_before,nan,0.000000e+00,0.000000e+00,0.0000,0.0000,0
81,features.16,118,pruned_before,nan,0.000000e+00,0.000000e+00,0.0000,0.0000,0
81,features.16,119,pruned_before,nan,0.000000e+00,0.000000e+00,0.0000,0.0000,0
81,features.16,120,pruned_before,nan,0.000000e+00,0.000000e+00,0.0000,0.0000,0
81,features.16,121,pruned_before,nan,0.000000e+00,0.000000e+00,0.0000,0.0000,0
81,features.16,122,pruned_before,nan,0.000000e+00,0.000000e+00,0.0000,0.0000,0
81,features.16,123,pruned_before,nan,0.000000e+00,0.000000e+00,0.0000,0.0000,0
81,features.16,124,pruned_before,nan,0.000000e+00,0.000000e+00,0.0000,0.0000,0
81,features.16,125,pruned_before,nan,0.000000e+00,0.000000e+00,0.0000,0.0000,0
81,features.16,126,pruned_before,nan,0.000000e+00,0.000000e+00,0.0000,0.0000,0
81,features.16,127,pruned_before,nan,0.000000e+00,0.000000e+00,0.0000,0.0000,0
81,features.16,128,pruned_before,nan,0.000000e+00,0.000000e+00,0.0000,0.0000,0
81,features.16,129,pruned_before,nan,0.000000e+00,0.000000e+00,0.0000,0.0000,0
81,features.16,130,pruned_before,nan,0.000000e+00,0.000000e+00,0.0000,0.0000,0
81,features.16,131,pruned_before,nan,0.000000e+00,0.000000e+00,0.0000,0.0000,0
81,features.16,132,pruned_before,nan,0.000000e+00,0.000000e+00,0.0000,0.0000,0
81,features.16,133,pruned_before,nan,0.000000e+00,0.000000e+00,0.0000,0.0000,0
81,features.16,134,pruned_before,nan,0.000000e+00,0.000000e+00,0.0000,0.0000,0
81,features.16,135,pruned_before,nan,0.000000e+00,0.000000e+00,0.0000,0.0000,0
81,features.16,136,pruned_before,nan,0.000000e+00,0.000000e+00,0.0000,0.0000,0
81,features.16,137,pruned_before,nan,0.000000e+00,0.000000e+00,0.0000,0.0000,0
81,features.16,138,pruned_before,nan,0.000000e+00,0.000000e+00,0.0000,0.0000,0
81,features.16,139,pruned_before,nan,0.000000e+00,0.000000e+00,0.0000,0.0000,0
81,features.16,140,pruned_before,nan,0.000000e+00,0.000000e+00,0.0000,0.0000,0
81,features.16,141,pruned_before,nan,0.000000e+00,0.000000e+00,0.0000,0.0000,0
81,features.16,142,pruned_before,nan,0.000000e+00,0.000000e+00,0.0000,0.0000,0
81,features.16,143,pruned_before,nan,0.000000e+00,0.000000e+00,0.0000,0.0000,0
81,features.16,144,pruned_before,nan,0.000000e+00,0.000000e+00,0.0000,0.0000,0
81,features.16,145,pruned_before,nan,0.000000e+00,0.000000e+00,0.0000,0.0000,0
81,features.16,146,pruned_before,nan,0.000000e+00,0.000000e+00,0.0000,0.0000,0
81,features.16,147,pruned_before,nan,0.000000e+00,0.000000e+00,0.0000,0.0000,0
81,features.16,148,pruned_before,nan,0.000000e+00,0.000000e+00,0.0000,0.0000,0
81,features.16,149,pruned_before,nan,0.000000e+00,0.000000e+00,0.0000,0.0000,0
81,features.16,150,pruned_before,nan,0.000000e+00,0.000000e+00,0.0000,0.0000,0
81,features.16,151,pruned_before,nan,0.000000e+00,0.000000e+00,0.0000,0.0000,0
81,features.16,152,pruned_before,nan,0.000000e+00,0.000000e+00,0.0000,0.0000,0
81,features.16,153,pruned_before,nan,0.000000e+00,0.000000e+00,0.0000,0.0000,0
81,features.16,154,pruned_before,nan,0.000000e+00,0.000000e+00,0.0000,0.0000,0
81,features.16,155,pruned_before,nan,0.000000e+00,0.000000e+00,0.0000,0.0000,0
81,features.16,156,pruned_before,nan,0.000000e+00,0.000000e+00,0.0000,0.0000,0
81,features.16,157,pruned_before,nan,0.000000e+00,0.000000e+00,0.0000,0.0000,0
81,features.16,158,pruned_before,nan,0.000000e+00,0.000000e+00,0.0000,0.0000,0
81,features.16,159,pruned_before,nan,0.000000e+00,0.000000e+00,0.0000,0.0000,0
81,features.16,160,pruned_before,nan,0.000000e+00,0.000000e+00,0.0000,0.0000,0
81,features.16,161,pruned_before,nan,0.000000e+00,0.000000e+00,0.0000,0.0000,0
81,features.16,162,pruned_before,nan,0.000000e+00,0.000000e+00,0.0000,0.0000,0
81,features.16,163,pruned_before,nan,0.000000e+00,0.000000e+00,0.0000,0.0000,0
81,features.16,164,pruned_before,nan,0.000000e+00,0.000000e+00,0.0000,0.0000,0
81,features.16,165,pruned_before,nan,0.000000e+00,0.000000e+00,0.0000,0.0000,0
81,features.16,166,active,-0.000665,6.779223e-09,2.247722e-05,0.0015,0.0013,329
81,features.16,167,pruned_before,nan,0.000000e+00,0.000000e+00,0.0000,0.0000,0
81,features.16,168,pruned_before,nan,0.000000e+00,0.000000e+00,0.0000,0.0000,0
81,features.16,169,pruned_before,nan,0.000000e+00,0.000000e+00,0.0000,0.0000,0
81,features.16,170,pruned_before,nan,0.000000e+00,0.000000e+00,0.0000,0.0000,0
81,features.16,171,pruned_before,nan,0.000000e+00,0.000000e+00,0.0000,0.0000,0
81,features.16,172,pruned_before,nan,0.000000e+00,0.000000e+00,0.0000,0.0000,0
81,features.16,173,pruned_before,nan,0.000000e+00,0.000000e+00,0.0000,0.0000,0
81,features.16,174,pruned_before,nan,0.000000e+00,0.000000e+00,0.0000,0.0000,0
81,features.16,175,pruned_before,nan,0.000000e+00,0.000000e+00,0.0000,0.0000,0
81,features.16,176,pruned_before,nan,0.000000e+00,0.000000e+00,0.0000,0.0000,0
81,features.16,177,pruned_before,nan,0.000000e+00,0.000000e+00,0.0000,0.0000,0
81,features.16,178,pruned_before,nan,0.000000e+00,0.000000e+00,0.0000,0.0000,0
81,features.16,179,pruned_before,nan,0.000000e+00,0.000000e+00,0.0000,0.0000,0
81,features.16,180,pruned_before,nan,0.000000e+00,0.000000e+00,0.0000,0.0000,0
81,features.16,181,pruned_before,nan,0.000000e+00,0.000000e+00,0.0000,0.0000,0
81,features.16,182,protected,-0.400000,4.459766e-06,1.689364e-02,1.0000,1.0000,329
81,features.16,183,pruned_before,nan,0.000000e+00,0.000000e+00,0.0000,0.0000,0
81,features.16,184,pruned_before,nan,0.000000e+00,0.000000e+00,0.0000,0.0000,0
81,features.16,185,pruned_before,nan,0.000000e+00,0.000000e+00,0.0000,0.0000,0
81,features.16,186,pruned_before,nan,0.000000e+00,0.000000e+00,0.0000,0.0000,0
81,features.16,187,pruned_before,nan,0.000000e+00,0.000000e+00,0.0000,0.0000,0
81,features.16,188,pruned_before,nan,0.000000e+00,0.000000e+00,0.0000,0.0000,0
81,features.16,189,pruned_before,nan,0.000000e+00,0.000000e+00,0.0000,0.0000,0
81,features.16,190,pruned_before,nan,0.000000e+00,0.000000e+00,0.0000,0.0000,0
81,features.16,191,pruned_before,nan,0.000000e+00,0.000000e+00,0.0000,0.0000,0
81,features.16,192,pruned_before,nan,0.000000e+00,0.000000e+00,0.0000,0.0000,0
81,features.16,193,pruned_before,nan,0.000000e+00,0.000000e+00,0.0000,0.0000,0
81,features.16,194,pruned_before,nan,0.000000e+00,0.000000e+00,0.0000,0.0000,0
81,features.16,195,pruned_before,nan,0.000000e+00,0.000000e+00,0.0000,0.0000,0
81,features.16,196,pruned_before,nan,0.000000e+00,0.000000e+00,0.0000,0.0000,0
81,features.16,197,pruned_before,nan,0.000000e+00,0.000000e+00,0.0000,0.0000,0
81,features.16,198,pruned_before,nan,0.000000e+00,0.000000e+00,0.0000,0.0000,0
81,features.16,199,pruned_before,nan,0.000000e+00,0.000000e+00,0.0000,0.0000,0
81,features.16,200,pruned_before,nan,0.000000e+00,0.000000e+00,0.0000,0.0000,0
81,features.16,201,pruned_before,nan,0.000000e+00,0.000000e+00,0.0000,0.0000,0
81,features.16,202,active,-0.003653,2.359607e-08,2.870145e-06,0.0053,0.0002,329
81,features.16,203,pruned_before,nan,0.000000e+00,0.000000e+00,0.0000,0.0000,0
81,features.16,204,pruned_before,nan,0.000000e+00,0.000000e+00,0.0000,0.0000,0
81,features.16,205,pruned_before,nan,0.000000e+00,0.000000e+00,0.0000,0.0000,0
81,features.16,206,pruned_before,nan,0.000000e+00,0.000000e+00,0.0000,0.0000,0
81,features.16,207,active,-0.000020,1.802413e-10,4.421069e-07,0.0000,0.0000,329
81,features.16,208,pruned_before,nan,0.000000e+00,0.000000e+00,0.0000,0.0000,0
81,features.16,209,pruned_before,nan,0.000000e+00,0.000000e+00,0.0000,0.0000,0
81,features.16,210,pruned_before,nan,0.000000e+00,0.000000e+00,0.0000,0.0000,0
81,features.16,211,pruned_before,nan,0.000000e+00,0.000000e+00,0.0000,0.0000,0
81,features.16,212,pruned_before,nan,0.000000e+00,0.000000e+00,0.0000,0.0000,0
81,features.16,213,pruned_before,nan,0.000000e+00,0.000000e+00,0.0000,0.0000,0
81,features.16,214,pruned_before,nan,0.000000e+00,0.000000e+00,0.0000,0.0000,0
81,features.16,215,pruned_before,nan,0.000000e+00,0.000000e+00,0.0000,0.0000,0
81,features.16,216,pruned_before,nan,0.000000e+00,0.000000e+00,0.0000,0.0000,0
81,features.16,217,pruned_before,nan,0.000000e+00,0.000000e+00,0.0000,0.0000,0
81,features.16,218,pruned_before,nan,0.000000e+00,0.000000e+00,0.0000,0.0000,0
81,features.16,219,pruned_before,nan,0.000000e+00,0.000000e+00,0.0000,0.0000,0
81,features.16,220,pruned_before,nan,0.000000e+00,0.000000e+00,0.0000,0.0000,0
81,features.16,221,pruned_before,nan,0.000000e+00,0.000000e+00,0.0000,0.0000,0
81,features.16,222,pruned_before,nan,0.000000e+00,0.000000e+00,0.0000,0.0000,0
81,features.16,223,pruned_before,nan,0.000000e+00,0.000000e+00,0.0000,0.0000,0
81,features.16,224,pruned_before,nan,0.000000e+00,0.000000e+00,0.0000,0.0000,0
81,features.16,225,pruned_before,nan,0.000000e+00,0.000000e+00,0.0000,0.0000,0
81,features.16,226,pruned_before,nan,0.000000e+00,0.000000e+00,0.0000,0.0000,0
81,features.16,227,pruned_before,nan,0.000000e+00,0.000000e+00,0.0000,0.0000,0
81,features.16,228,pruned_before,nan,0.000000e+00,0.000000e+00,0.0000,0.0000,0
81,features.16,229,pruned_before,nan,0.000000e+00,0.000000e+00,0.0000,0.0000,0
81,features.16,230,pruned_before,nan,0.000000e+00,0.000000e+00,0.0000,0.0000,0
81,features.16,231,pruned_before,nan,0.000000e+00,0.000000e+00,0.0000,0.0000,0
81,features.16,232,pruned_before,nan,0.000000e+00,0.000000e+00,0.0000,0.0000,0
81,features.16,233,pruned_before,nan,0.000000e+00,0.000000e+00,0.0000,0.0000,0
81,features.16,234,pruned_before,nan,0.000000e+00,0.000000e+00,0.0000,0.0000,0
81,features.16,235,pruned_before,nan,0.000000e+00,0.000000e+00,0.0000,0.0000,0
81,features.16,236,pruned_before,nan,0.000000e+00,0.000000e+00,0.0000,0.0000,0
81,features.16,237,pruned_before,nan,0.000000e+00,0.000000e+00,0.0000,0.0000,0
81,features.16,238,pruned_before,nan,0.000000e+00,0.000000e+00,0.0000,0.0000,0
81,features.16,239,active,-0.005988,3.892542e-08,6.879800e-06,0.0087,0.0004,329
81,features.16,240,pruned_before,nan,0.000000e+00,0.000000e+00,0.0000,0.0000,0
81,features.16,241,pruned_before,nan,0.000000e+00,0.000000e+00,0.0000,0.0000,0
81,features.16,242,pruned_before,nan,0.000000e+00,0.000000e+00,0.0000,0.0000,0
81,features.16,243,pruned_before,nan,0.000000e+00,0.000000e+00,0.0000,0.0000,0
81,features.16,244,pruned_before,nan,0.000000e+00,0.000000e+00,0.0000,0.0000,0
81,features.16,245,pruned_before,nan,0.000000e+00,0.000000e+00,0.0000,0.0000,0
81,features.16,246,pruned_before,nan,0.000000e+00,0.000000e+00,0.0000,0.0000,0
81,features.16,247,pruned_before,nan,0.000000e+00,0.000000e+00,0.0000,0.0000,0
81,features.16,248,pruned_before,nan,0.000000e+00,0.000000e+00,0.0000,0.0000,0
81,features.16,249,pruned_before,nan,0.000000e+00,0.000000e+00,0.0000,0.0000,0
81,features.16,250,pruned_before,nan,0.000000e+00,0.000000e+00,0.0000,0.0000,0
81,features.16,251,pruned_before,nan,0.000000e+00,0.000000e+00,0.0000,0.0000,0
81,features.16,252,active,-0.002105,1.424627e-08,7.391243e-06,0.0032,0.0004,329
81,features.16,253,pruned_before,nan,0.000000e+00,0.000000e+00,0.0000,0.0000,0
81,features.16,254,pruned_before,nan,0.000000e+00,0.000000e+00,0.0000,0.0000,0
81,features.16,255,pruned_before,nan,0.000000e+00,0.000000e+00,0.0000,0.0000,0
81,features.16,256,pruned_before,nan,0.000000e+00,0.000000e+00,0.0000,0.0000,0
81,features.16,257,pruned_before,nan,0.000000e+00,0.000000e+00,0.0000,0.0000,0
81,features.16,258,pruned_before,nan,0.000000e+00,0.000000e+00,0.0000,0.0000,0
81,features.16,259,pruned_before,nan,0.000000e+00,0.000000e+00,0.0000,0.0000,0
81,features.16,260,pruned_before,nan,0.000000e+00,0.000000e+00,0.0000,0.0000,0
81,features.16,261,pruned_before,nan,0.000000e+00,0.000000e+00,0.0000,0.0000,0
81,features.16,262,pruned_before,nan,0.000000e+00,0.000000e+00,0.0000,0.0000,0
81,features.16,263,pruned_before,nan,0.000000e+00,0.000000e+00,0.0000,0.0000,0
81,features.16,264,pruned_before,nan,0.000000e+00,0.000000e+00,0.0000,0.0000,0
81,features.16,265,pruned_before,nan,0.000000e+00,0.000000e+00,0.0000,0.0000,0
81,features.16,266,pruned_before,nan,0.000000e+00,0.000000e+00,0.0000,0.0000,0
81,features.16,267,pruned_before,nan,0.000000e+00,0.000000e+00,0.0000,0.0000,0
81,features.16,268,pruned_before,nan,0.000000e+00,0.000000e+00,0.0000,0.0000,0
81,features.16,269,pruned_before,nan,0.000000e+00,0.000000e+00,0.0000,0.0000,0
81,features.16,270,pruned_before,nan,0.000000e+00,0.000000e+00,0.0000,0.0000,0
81,features.16,271,pruned_before,nan,0.000000e+00,0.000000e+00,0.0000,0.0000,0
81,features.16,272,pruned_before,nan,0.000000e+00,0.000000e+00,0.0000,0.0000,0
81,features.16,273,pruned_before,nan,0.000000e+00,0.000000e+00,0.0000,0.0000,0
81,features.16,274,pruned_before,nan,0.000000e+00,0.000000e+00,0.0000,0.0000,0
81,features.16,275,pruned_before,nan,0.000000e+00,0.000000e+00,0.0000,0.0000,0
81,features.16,276,pruned_before,nan,0.000000e+00,0.000000e+00,0.0000,0.0000,0
81,features.16,277,active,-0.004377,2.794087e-08,4.859336e-07,0.0063,0.0000,329
81,features.16,278,active,-0.001728,1.122322e-08,1.906190e-06,0.0025,0.0001,329
81,features.16,279,pruned_before,nan,0.000000e+00,0.000000e+00,0.0000,0.0000,0
81,features.16,280,pruned_before,nan,0.000000e+00,0.000000e+00,0.0000,0.0000,0
81,features.16,281,pruned_before,nan,0.000000e+00,0.000000e+00,0.0000,0.0000,0
81,features.16,282,pruned_before,nan,0.000000e+00,0.000000e+00,0.0000,0.0000,0
81,features.16,283,pruned_before,nan,0.000000e+00,0.000000e+00,0.0000,0.0000,0
81,features.16,284,pruned_before,nan,0.000000e+00,0.000000e+00,0.0000,0.0000,0
81,features.16,285,pruned_before,nan,0.000000e+00,0.000000e+00,0.0000,0.0000,0
81,features.16,286,pruned_before,nan,0.000000e+00,0.000000e+00,0.0000,0.0000,0
81,features.16,287,pruned_before,nan,0.000000e+00,0.000000e+00,0.0000,0.0000,0
81,features.16,288,pruned_before,nan,0.000000e+00,0.000000e+00,0.0000,0.0000,0
81,features.16,289,pruned_before,nan,0.000000e+00,0.000000e+00,0.0000,0.0000,0
81,features.16,290,pruned_before,nan,0.000000e+00,0.000000e+00,0.0000,0.0000,0
81,features.16,291,pruned_before,nan,0.000000e+00,0.000000e+00,0.0000,0.0000,0
81,features.16,292,pruned_before,nan,0.000000e+00,0.000000e+00,0.0000,0.0000,0
81,features.16,293,pruned_before,nan,0.000000e+00,0.000000e+00,0.0000,0.0000,0
81,features.16,294,pruned_before,nan,0.000000e+00,0.000000e+00,0.0000,0.0000,0
81,features.16,295,pruned_before,nan,0.000000e+00,0.000000e+00,0.0000,0.0000,0
81,features.16,296,pruned_before,nan,0.000000e+00,0.000000e+00,0.0000,0.0000,0
81,features.16,297,pruned_before,nan,0.000000e+00,0.000000e+00,0.0000,0.0000,0
81,features.16,298,pruned_before,nan,0.000000e+00,0.000000e+00,0.0000,0.0000,0
81,features.16,299,pruned_before,nan,0.000000e+00,0.000000e+00,0.0000,0.0000,0
81,features.16,300,pruned_before,nan,0.000000e+00,0.000000e+00,0.0000,0.0000,0
81,features.16,301,pruned_before,nan,0.000000e+00,0.000000e+00,0.0000,0.0000,0
81,features.16,302,pruned_before,nan,0.000000e+00,0.000000e+00,0.0000,0.0000,0
81,features.16,303,pruned_before,nan,0.000000e+00,0.000000e+00,0.0000,0.0000,0
81,features.16,304,pruned_before,nan,0.000000e+00,0.000000e+00,0.0000,0.0000,0
81,features.16,305,pruned_before,nan,0.000000e+00,0.000000e+00,0.0000,0.0000,0
81,features.16,306,pruned_before,nan,0.000000e+00,0.000000e+00,0.0000,0.0000,0
81,features.16,307,pruned_before,nan,0.000000e+00,0.000000e+00,0.0000,0.0000,0
81,features.16,308,pruned_before,nan,0.000000e+00,0.000000e+00,0.0000,0.0000,0
81,features.16,309,pruned_before,nan,0.000000e+00,0.000000e+00,0.0000,0.0000,0
81,features.16,310,pruned_before,nan,0.000000e+00,0.000000e+00,0.0000,0.0000,0
81,features.16,311,pruned_before,nan,0.000000e+00,0.000000e+00,0.0000,0.0000,0
81,features.16,312,pruned_before,nan,0.000000e+00,0.000000e+00,0.0000,0.0000,0
81,features.16,313,pruned_before,nan,0.000000e+00,0.000000e+00,0.0000,0.0000,0
81,features.16,314,pruned_before,nan,0.000000e+00,0.000000e+00,0.0000,0.0000,0
81,features.16,315,pruned_before,nan,0.000000e+00,0.000000e+00,0.0000,0.0000,0
81,features.16,316,pruned_before,nan,0.000000e+00,0.000000e+00,0.0000,0.0000,0
81,features.16,317,pruned_before,nan,0.000000e+00,0.000000e+00,0.0000,0.0000,0
81,features.16,318,pruned_before,nan,0.000000e+00,0.000000e+00,0.0000,0.0000,0
81,features.16,319,active,-0.001638,1.660906e-08,5.454816e-05,0.0037,0.0032,329
81,features.16,320,pruned_before,nan,0.000000e+00,0.000000e+00,0.0000,0.0000,0
81,features.16,321,pruned_before,nan,0.000000e+00,0.000000e+00,0.0000,0.0000,0
81,features.16,322,pruned_before,nan,0.000000e+00,0.000000e+00,0.0000,0.0000,0
81,features.16,323,pruned_before,nan,0.000000e+00,0.000000e+00,0.0000,0.0000,0
81,features.16,324,pruned_before,nan,0.000000e+00,0.000000e+00,0.0000,0.0000,0
81,features.16,325,pruned_before,nan,0.000000e+00,0.000000e+00,0.0000,0.0000,0
81,features.16,326,pruned_before,nan,0.000000e+00,0.000000e+00,0.0000,0.0000,0
81,features.16,327,active,-0.000000,1.219170e-12,8.802562e-09,0.0000,0.0000,329
81,features.16,328,pruned_before,nan,0.000000e+00,0.000000e+00,0.0000,0.0000,0
81,features.16,329,pruned_before,nan,0.000000e+00,0.000000e+00,0.0000,0.0000,0
81,features.16,330,pruned_before,nan,0.000000e+00,0.000000e+00,0.0000,0.0000,0
81,features.16,331,pruned_before,nan,0.000000e+00,0.000000e+00,0.0000,0.0000,0
81,features.16,332,pruned_before,nan,0.000000e+00,0.000000e+00,0.0000,0.0000,0
81,features.16,333,pruned_before,nan,0.000000e+00,0.000000e+00,0.0000,0.0000,0
81,features.16,334,pruned_before,nan,0.000000e+00,0.000000e+00,0.0000,0.0000,0
81,features.16,335,pruned_before,nan,0.000000e+00,0.000000e+00,0.0000,0.0000,0
81,features.16,336,pruned_before,nan,0.000000e+00,0.000000e+00,0.0000,0.0000,0
81,features.16,337,pruned_before,nan,0.000000e+00,0.000000e+00,0.0000,0.0000,0
81,features.16,338,pruned_before,nan,0.000000e+00,0.000000e+00,0.0000,0.0000,0
81,features.16,339,pruned_before,nan,0.000000e+00,0.000000e+00,0.0000,0.0000,0
81,features.16,340,pruned_before,nan,0.000000e+00,0.000000e+00,0.0000,0.0000,0
81,features.16,341,pruned_before,nan,0.000000e+00,0.000000e+00,0.0000,0.0000,0
81,features.16,342,pruned_before,nan,0.000000e+00,0.000000e+00,0.0000,0.0000,0
81,features.16,343,pruned_before,nan,0.000000e+00,0.000000e+00,0.0000,0.0000,0
81,features.16,344,active,-0.016077,1.034461e-07,8.999637e-06,0.0232,0.0005,329
81,features.16,345,pruned_before,nan,0.000000e+00,0.000000e+00,0.0000,0.0000,0
81,features.16,346,pruned_before,nan,0.000000e+00,0.000000e+00,0.0000,0.0000,0
81,features.16,347,pruned_before,nan,0.000000e+00,0.000000e+00,0.0000,0.0000,0
81,features.16,348,active,0.000000,0.000000e+00,0.000000e+00,0.0000,0.0000,329
81,features.16,349,pruned_before,nan,0.000000e+00,0.000000e+00,0.0000,0.0000,0
81,features.16,350,pruned_before,nan,0.000000e+00,0.000000e+00,0.0000,0.0000,0
81,features.16,351,pruned_before,nan,0.000000e+00,0.000000e+00,0.0000,0.0000,0
81,features.16,352,pruned_before,nan,0.000000e+00,0.000000e+00,0.0000,0.0000,0
81,features.16,353,pruned_before,nan,0.000000e+00,0.000000e+00,0.0000,0.0000,0
81,features.16,354,pruned_before,nan,0.000000e+00,0.000000e+00,0.0000,0.0000,0
81,features.16,355,pruned_before,nan,0.000000e+00,0.000000e+00,0.0000,0.0000,0
81,features.16,356,pruned_before,nan,0.000000e+00,0.000000e+00,0.0000,0.0000,0
81,features.16,357,pruned_before,nan,0.000000e+00,0.000000e+00,0.0000,0.0000,0
81,features.16,358,pruned_before,nan,0.000000e+00,0.000000e+00,0.0000,0.0000,0
81,features.16,359,pruned_before,nan,0.000000e+00,0.000000e+00,0.0000,0.0000,0
81,features.16,360,pruned_before,nan,0.000000e+00,0.000000e+00,0.0000,0.0000,0
81,features.16,361,pruned_before,nan,0.000000e+00,0.000000e+00,0.0000,0.0000,0
81,features.16,362,pruned_before,nan,0.000000e+00,0.000000e+00,0.0000,0.0000,0
81,features.16,363,pruned_before,nan,0.000000e+00,0.000000e+00,0.0000,0.0000,0
81,features.16,364,pruned_before,nan,0.000000e+00,0.000000e+00,0.0000,0.0000,0
81,features.16,365,pruned_before,nan,0.000000e+00,0.000000e+00,0.0000,0.0000,0
81,features.16,366,pruned_before,nan,0.000000e+00,0.000000e+00,0.0000,0.0000,0
81,features.16,367,pruned_before,nan,0.000000e+00,0.000000e+00,0.0000,0.0000,0
81,features.16,368,pruned_before,nan,0.000000e+00,0.000000e+00,0.0000,0.0000,0
81,features.16,369,pruned_before,nan,0.000000e+00,0.000000e+00,0.0000,0.0000,0
81,features.16,370,pruned_before,nan,0.000000e+00,0.000000e+00,0.0000,0.0000,0
81,features.16,371,pruned_before,nan,0.000000e+00,0.000000e+00,0.0000,0.0000,0
81,features.16,372,pruned_before,nan,0.000000e+00,0.000000e+00,0.0000,0.0000,0
81,features.16,373,pruned_before,nan,0.000000e+00,0.000000e+00,0.0000,0.0000,0
81,features.16,374,pruned_before,nan,0.000000e+00,0.000000e+00,0.0000,0.0000,0
81,features.16,375,pruned_before,nan,0.000000e+00,0.000000e+00,0.0000,0.0000,0
81,features.16,376,pruned_before,nan,0.000000e+00,0.000000e+00,0.0000,0.0000,0
81,features.16,377,pruned_before,nan,0.000000e+00,0.000000e+00,0.0000,0.0000,0
81,features.16,378,pruned_before,nan,0.000000e+00,0.000000e+00,0.0000,0.0000,0
81,features.16,379,pruned_before,nan,0.000000e+00,0.000000e+00,0.0000,0.0000,0
81,features.16,380,pruned_before,nan,0.000000e+00,0.000000e+00,0.0000,0.0000,0
81,features.16,381,pruned_before,nan,0.000000e+00,0.000000e+00,0.0000,0.0000,0
81,features.16,382,pruned_before,nan,0.000000e+00,0.000000e+00,0.0000,0.0000,0
81,features.16,383,pruned_before,nan,0.000000e+00,0.000000e+00,0.0000,0.0000,0
81,features.16,384,pruned_before,nan,0.000000e+00,0.000000e+00,0.0000,0.0000,0
81,features.16,385,pruned_before,nan,0.000000e+00,0.000000e+00,0.0000,0.0000,0
81,features.16,386,pruned_before,nan,0.000000e+00,0.000000e+00,0.0000,0.0000,0
81,features.16,387,pruned_before,nan,0.000000e+00,0.000000e+00,0.0000,0.0000,0
81,features.16,388,pruned_before,nan,0.000000e+00,0.000000e+00,0.0000,0.0000,0
81,features.16,389,pruned_before,nan,0.000000e+00,0.000000e+00,0.0000,0.0000,0
81,features.16,390,pruned_before,nan,0.000000e+00,0.000000e+00,0.0000,0.0000,0
81,features.16,391,pruned_before,nan,0.000000e+00,0.000000e+00,0.0000,0.0000,0
81,features.16,392,pruned_before,nan,0.000000e+00,0.000000e+00,0.0000,0.0000,0
81,features.16,393,pruned_before,nan,0.000000e+00,0.000000e+00,0.0000,0.0000,0
81,features.16,394,pruned_before,nan,0.000000e+00,0.000000e+00,0.0000,0.0000,0
81,features.16,395,pruned_before,nan,0.000000e+00,0.000000e+00,0.0000,0.0000,0
81,features.16,396,pruned_before,nan,0.000000e+00,0.000000e+00,0.0000,0.0000,0
81,features.16,397,pruned_before,nan,0.000000e+00,0.000000e+00,0.0000,0.0000,0
81,features.16,398,pruned_before,nan,0.000000e+00,0.000000e+00,0.0000,0.0000,0
81,features.16,399,pruned_before,nan,0.000000e+00,0.000000e+00,0.0000,0.0000,0
81,features.16,400,pruned_before,nan,0.000000e+00,0.000000e+00,0.0000,0.0000,0
81,features.16,401,pruned_before,nan,0.000000e+00,0.000000e+00,0.0000,0.0000,0
81,features.16,402,pruned_before,nan,0.000000e+00,0.000000e+00,0.0000,0.0000,0
81,features.16,403,pruned_before,nan,0.000000e+00,0.000000e+00,0.0000,0.0000,0
81,features.16,404,active,0.000000,0.000000e+00,0.000000e+00,0.0000,0.0000,329
81,features.16,405,pruned_before,nan,0.000000e+00,0.000000e+00,0.0000,0.0000,0
81,features.16,406,pruned_before,nan,0.000000e+00,0.000000e+00,0.0000,0.0000,0
81,features.16,407,pruned_before,nan,0.000000e+00,0.000000e+00,0.0000,0.0000,0
81,features.16,408,pruned_before,nan,0.000000e+00,0.000000e+00,0.0000,0.0000,0
81,features.16,409,pruned_before,nan,0.000000e+00,0.000000e+00,0.0000,0.0000,0
81,features.16,410,pruned_before,nan,0.000000e+00,0.000000e+00,0.0000,0.0000,0
81,features.16,411,pruned_before,nan,0.000000e+00,0.000000e+00,0.0000,0.0000,0
81,features.16,412,pruned_before,nan,0.000000e+00,0.000000e+00,0.0000,0.0000,0
81,features.16,413,pruned_before,nan,0.000000e+00,0.000000e+00,0.0000,0.0000,0
81,features.16,414,pruned_before,nan,0.000000e+00,0.000000e+00,0.0000,0.0000,0
81,features.16,415,pruned_before,nan,0.000000e+00,0.000000e+00,0.0000,0.0000,0
81,features.16,416,pruned_before,nan,0.000000e+00,0.000000e+00,0.0000,0.0000,0
81,features.16,417,pruned_before,nan,0.000000e+00,0.000000e+00,0.0000,0.0000,0
81,features.16,418,pruned_before,nan,0.000000e+00,0.000000e+00,0.0000,0.0000,0
81,features.16,419,pruned_before,nan,0.000000e+00,0.000000e+00,0.0000,0.0000,0
81,features.16,420,pruned_before,nan,0.000000e+00,0.000000e+00,0.0000,0.0000,0
81,features.16,421,pruned_before,nan,0.000000e+00,0.000000e+00,0.0000,0.0000,0
81,features.16,422,pruned_before,nan,0.000000e+00,0.000000e+00,0.0000,0.0000,0
81,features.16,423,pruned_before,nan,0.000000e+00,0.000000e+00,0.0000,0.0000,0
81,features.16,424,pruned_before,nan,0.000000e+00,0.000000e+00,0.0000,0.0000,0
81,features.16,425,pruned_before,nan,0.000000e+00,0.000000e+00,0.0000,0.0000,0
81,features.16,426,pruned_before,nan,0.000000e+00,0.000000e+00,0.0000,0.0000,0
81,features.16,427,pruned_before,nan,0.000000e+00,0.000000e+00,0.0000,0.0000,0
81,features.16,428,pruned_before,nan,0.000000e+00,0.000000e+00,0.0000,0.0000,0
81,features.16,429,pruned_before,nan,0.000000e+00,0.000000e+00,0.0000,0.0000,0
81,features.16,430,pruned_before,nan,0.000000e+00,0.000000e+00,0.0000,0.0000,0
81,features.16,431,pruned_before,nan,0.000000e+00,0.000000e+00,0.0000,0.0000,0
81,features.16,432,pruned_before,nan,0.000000e+00,0.000000e+00,0.0000,0.0000,0
81,features.16,433,pruned_before,nan,0.000000e+00,0.000000e+00,0.0000,0.0000,0
81,features.16,434,pruned_before,nan,0.000000e+00,0.000000e+00,0.0000,0.0000,0
81,features.16,435,pruned_before,nan,0.000000e+00,0.000000e+00,0.0000,0.0000,0
81,features.16,436,pruned_before,nan,0.000000e+00,0.000000e+00,0.0000,0.0000,0
81,features.16,437,pruned_before,nan,0.000000e+00,0.000000e+00,0.0000,0.0000,0
81,features.16,438,pruned_before,nan,0.000000e+00,0.000000e+00,0.0000,0.0000,0
81,features.16,439,pruned_before,nan,0.000000e+00,0.000000e+00,0.0000,0.0000,0
81,features.16,440,pruned_before,nan,0.000000e+00,0.000000e+00,0.0000,0.0000,0
81,features.16,441,pruned_before,nan,0.000000e+00,0.000000e+00,0.0000,0.0000,0
81,features.16,442,pruned_before,nan,0.000000e+00,0.000000e+00,0.0000,0.0000,0
81,features.16,443,pruned_before,nan,0.000000e+00,0.000000e+00,0.0000,0.0000,0
81,features.16,444,pruned_before,nan,0.000000e+00,0.000000e+00,0.0000,0.0000,0
81,features.16,445,pruned_before,nan,0.000000e+00,0.000000e+00,0.0000,0.0000,0
81,features.16,446,pruned_before,nan,0.000000e+00,0.000000e+00,0.0000,0.0000,0
81,features.16,447,pruned_before,nan,0.000000e+00,0.000000e+00,0.0000,0.0000,0
81,features.16,448,active,-0.006851,4.807057e-08,3.909676e-05,0.0108,0.0023,329
81,features.16,449,pruned_before,nan,0.000000e+00,0.000000e+00,0.0000,0.0000,0
81,features.16,450,pruned_before,nan,0.000000e+00,0.000000e+00,0.0000,0.0000,0
81,features.16,451,pruned_before,nan,0.000000e+00,0.000000e+00,0.0000,0.0000,0
81,features.16,452,pruned_before,nan,0.000000e+00,0.000000e+00,0.0000,0.0000,0
81,features.16,453,pruned_before,nan,0.000000e+00,0.000000e+00,0.0000,0.0000,0
81,features.16,454,pruned_before,nan,0.000000e+00,0.000000e+00,0.0000,0.0000,0
81,features.16,455,pruned_before,nan,0.000000e+00,0.000000e+00,0.0000,0.0000,0
81,features.16,456,pruned_before,nan,0.000000e+00,0.000000e+00,0.0000,0.0000,0
81,features.16,457,pruned_before,nan,0.000000e+00,0.000000e+00,0.0000,0.0000,0
81,features.16,458,pruned_before,nan,0.000000e+00,0.000000e+00,0.0000,0.0000,0
81,features.16,459,pruned_before,nan,0.000000e+00,0.000000e+00,0.0000,0.0000,0
81,features.16,460,pruned_before,nan,0.000000e+00,0.000000e+00,0.0000,0.0000,0
81,features.16,461,pruned_before,nan,0.000000e+00,0.000000e+00,0.0000,0.0000,0
81,features.16,462,pruned_before,nan,0.000000e+00,0.000000e+00,0.0000,0.0000,0
81,features.16,463,pruned_before,nan,0.000000e+00,0.000000e+00,0.0000,0.0000,0
81,features.16,464,pruned_before,nan,0.000000e+00,0.000000e+00,0.0000,0.0000,0
81,features.16,465,pruned_before,nan,0.000000e+00,0.000000e+00,0.0000,0.0000,0
81,features.16,466,pruned_before,nan,0.000000e+00,0.000000e+00,0.0000,0.0000,0
81,features.16,467,pruned_before,nan,0.000000e+00,0.000000e+00,0.0000,0.0000,0
81,features.16,468,pruned_before,nan,0.000000e+00,0.000000e+00,0.0000,0.0000,0
81,features.16,469,pruned_before,nan,0.000000e+00,0.000000e+00,0.0000,0.0000,0
81,features.16,470,pruned_before,nan,0.000000e+00,0.000000e+00,0.0000,0.0000,0
81,features.16,471,pruned_before,nan,0.000000e+00,0.000000e+00,0.0000,0.0000,0
81,features.16,472,pruned_before,nan,0.000000e+00,0.000000e+00,0.0000,0.0000,0
81,features.16,473,pruned_before,nan,0.000000e+00,0.000000e+00,0.0000,0.0000,0
81,features.16,474,pruned_before,nan,0.000000e+00,0.000000e+00,0.0000,0.0000,0
81,features.16,475,pruned_before,nan,0.000000e+00,0.000000e+00,0.0000,0.0000,0
81,features.16,476,pruned_before,nan,0.000000e+00,0.000000e+00,0.0000,0.0000,0
81,features.16,477,pruned_before,nan,0.000000e+00,0.000000e+00,0.0000,0.0000,0
81,features.16,478,pruned_before,nan,0.000000e+00,0.000000e+00,0.0000,0.0000,0
81,features.16,479,pruned_before,nan,0.000000e+00,0.000000e+00,0.0000,0.0000,0
81,features.16,480,active,-0.005934,3.893728e-08,9.975873e-06,0.0087,0.0006,329
81,features.16,481,pruned_before,nan,0.000000e+00,0.000000e+00,0.0000,0.0000,0
81,features.16,482,pruned_before,nan,0.000000e+00,0.000000e+00,0.0000,0.0000,0
81,features.16,483,pruned_before,nan,0.000000e+00,0.000000e+00,0.0000,0.0000,0
81,features.16,484,pruned_before,nan,0.000000e+00,0.000000e+00,0.0000,0.0000,0
81,features.16,485,pruned_before,nan,0.000000e+00,0.000000e+00,0.0000,0.0000,0
81,features.16,486,pruned_before,nan,0.000000e+00,0.000000e+00,0.0000,0.0000,0
81,features.16,487,pruned_before,nan,0.000000e+00,0.000000e+00,0.0000,0.0000,0
81,features.16,488,pruned_before,nan,0.000000e+00,0.000000e+00,0.0000,0.0000,0
81,features.16,489,pruned_before,nan,0.000000e+00,0.000000e+00,0.0000,0.0000,0
81,features.16,490,pruned_before,nan,0.000000e+00,0.000000e+00,0.0000,0.0000,0
81,features.16,491,pruned_before,nan,0.000000e+00,0.000000e+00,0.0000,0.0000,0
81,features.16,492,pruned_before,nan,0.000000e+00,0.000000e+00,0.0000,0.0000,0
81,features.16,493,pruned_before,nan,0.000000e+00,0.000000e+00,0.0000,0.0000,0
81,features.16,494,pruned_before,nan,0.000000e+00,0.000000e+00,0.0000,0.0000,0
81,features.16,495,pruned_before,nan,0.000000e+00,0.000000e+00,0.0000,0.0000,0
81,features.16,496,pruned_before,nan,0.000000e+00,0.000000e+00,0.0000,0.0000,0
81,features.16,497,pruned_before,nan,0.000000e+00,0.000000e+00,0.0000,0.0000,0
81,features.16,498,pruned_before,nan,0.000000e+00,0.000000e+00,0.0000,0.0000,0
81,features.16,499,pruned_before,nan,0.000000e+00,0.000000e+00,0.0000,0.0000,0
81,features.16,500,pruned_before,nan,0.000000e+00,0.000000e+00,0.0000,0.0000,0
81,features.16,501,pruned_before,nan,0.000000e+00,0.000000e+00,0.0000,0.0000,0
81,features.16,502,pruned_before,nan,0.000000e+00,0.000000e+00,0.0000,0.0000,0
81,features.16,503,pruned_before,nan,0.000000e+00,0.000000e+00,0.0000,0.0000,0
81,features.16,504,pruned_before,nan,0.000000e+00,0.000000e+00,0.0000,0.0000,0
81,features.16,505,pruned_before,nan,0.000000e+00,0.000000e+00,0.0000,0.0000,0
81,features.16,506,pruned_before,nan,0.000000e+00,0.000000e+00,0.0000,0.0000,0
81,features.16,507,pruned_before,nan,0.000000e+00,0.000000e+00,0.0000,0.0000,0
81,features.16,508,pruned_before,nan,0.000000e+00,0.000000e+00,0.0000,0.0000,0
81,features.16,509,pruned_before,nan,0.000000e+00,0.000000e+00,0.0000,0.0000,0
81,features.16,510,pruned_before,nan,0.000000e+00,0.000000e+00,0.0000,0.0000,0
81,features.16,511,pruned_before,nan,0.000000e+00,0.000000e+00,0.0000,0.0000,0
81,features.16,512,pruned_before,nan,0.000000e+00,0.000000e+00,0.0000,0.0000,0
81,features.16,513,pruned_before,nan,0.000000e+00,0.000000e+00,0.0000,0.0000,0
81,features.16,514,pruned_before,nan,0.000000e+00,0.000000e+00,0.0000,0.0000,0
81,features.16,515,pruned_before,nan,0.000000e+00,0.000000e+00,0.0000,0.0000,0
81,features.16,516,pruned_before,nan,0.000000e+00,0.000000e+00,0.0000,0.0000,0
81,features.16,517,pruned_before,nan,0.000000e+00,0.000000e+00,0.0000,0.0000,0
81,features.16,518,pruned_before,nan,0.000000e+00,0.000000e+00,0.0000,0.0000,0
81,features.16,519,pruned_before,nan,0.000000e+00,0.000000e+00,0.0000,0.0000,0
81,features.16,520,pruned_before,nan,0.000000e+00,0.000000e+00,0.0000,0.0000,0
81,features.16,521,pruned_before,nan,0.000000e+00,0.000000e+00,0.0000,0.0000,0
81,features.16,522,pruned_before,nan,0.000000e+00,0.000000e+00,0.0000,0.0000,0
81,features.16,523,pruned_before,nan,0.000000e+00,0.000000e+00,0.0000,0.0000,0
81,features.16,524,pruned_before,nan,0.000000e+00,0.000000e+00,0.0000,0.0000,0
81,features.16,525,pruned_before,nan,0.000000e+00,0.000000e+00,0.0000,0.0000,0
81,features.16,526,pruned_before,nan,0.000000e+00,0.000000e+00,0.0000,0.0000,0
81,features.16,527,pruned_before,nan,0.000000e+00,0.000000e+00,0.0000,0.0000,0
81,features.16,528,pruned_before,nan,0.000000e+00,0.000000e+00,0.0000,0.0000,0
81,features.16,529,pruned_before,nan,0.000000e+00,0.000000e+00,0.0000,0.0000,0
81,features.16,530,pruned_before,nan,0.000000e+00,0.000000e+00,0.0000,0.0000,0
81,features.16,531,pruned_before,nan,0.000000e+00,0.000000e+00,0.0000,0.0000,0
81,features.16,532,pruned_before,nan,0.000000e+00,0.000000e+00,0.0000,0.0000,0
81,features.16,533,pruned_before,nan,0.000000e+00,0.000000e+00,0.0000,0.0000,0
81,features.16,534,pruned_before,nan,0.000000e+00,0.000000e+00,0.0000,0.0000,0
81,features.16,535,pruned_before,nan,0.000000e+00,0.000000e+00,0.0000,0.0000,0
81,features.16,536,pruned_before,nan,0.000000e+00,0.000000e+00,0.0000,0.0000,0
81,features.16,537,pruned_before,nan,0.000000e+00,0.000000e+00,0.0000,0.0000,0
81,features.16,538,pruned_before,nan,0.000000e+00,0.000000e+00,0.0000,0.0000,0
81,features.16,539,pruned_before,nan,0.000000e+00,0.000000e+00,0.0000,0.0000,0
81,features.16,540,pruned_before,nan,0.000000e+00,0.000000e+00,0.0000,0.0000,0
81,features.16,541,pruned_before,nan,0.000000e+00,0.000000e+00,0.0000,0.0000,0
81,features.16,542,pruned_before,nan,0.000000e+00,0.000000e+00,0.0000,0.0000,0
81,features.16,543,pruned_before,nan,0.000000e+00,0.000000e+00,0.0000,0.0000,0
81,features.16,544,pruned_before,nan,0.000000e+00,0.000000e+00,0.0000,0.0000,0
81,features.16,545,pruned_before,nan,0.000000e+00,0.000000e+00,0.0000,0.0000,0
81,features.16,546,pruned_before,nan,0.000000e+00,0.000000e+00,0.0000,0.0000,0
81,features.16,547,pruned_before,nan,0.000000e+00,0.000000e+00,0.0000,0.0000,0
81,features.16,548,pruned_before,nan,0.000000e+00,0.000000e+00,0.0000,0.0000,0
81,features.16,549,pruned_before,nan,0.000000e+00,0.000000e+00,0.0000,0.0000,0
81,features.16,550,pruned_before,nan,0.000000e+00,0.000000e+00,0.0000,0.0000,0
81,features.16,551,pruned_before,nan,0.000000e+00,0.000000e+00,0.0000,0.0000,0
81,features.16,552,pruned_before,nan,0.000000e+00,0.000000e+00,0.0000,0.0000,0
81,features.16,553,pruned_before,nan,0.000000e+00,0.000000e+00,0.0000,0.0000,0
81,features.16,554,pruned_before,nan,0.000000e+00,0.000000e+00,0.0000,0.0000,0
81,features.16,555,pruned_before,nan,0.000000e+00,0.000000e+00,0.0000,0.0000,0
81,features.16,556,pruned_before,nan,0.000000e+00,0.000000e+00,0.0000,0.0000,0
81,features.16,557,pruned_before,nan,0.000000e+00,0.000000e+00,0.0000,0.0000,0
81,features.16,558,pruned_before,nan,0.000000e+00,0.000000e+00,0.0000,0.0000,0
81,features.16,559,pruned_before,nan,0.000000e+00,0.000000e+00,0.0000,0.0000,0
81,features.16,560,pruned_before,nan,0.000000e+00,0.000000e+00,0.0000,0.0000,0
81,features.16,561,pruned_before,nan,0.000000e+00,0.000000e+00,0.0000,0.0000,0
81,features.16,562,pruned_before,nan,0.000000e+00,0.000000e+00,0.0000,0.0000,0
81,features.16,563,pruned_before,nan,0.000000e+00,0.000000e+00,0.0000,0.0000,0
81,features.16,564,pruned_before,nan,0.000000e+00,0.000000e+00,0.0000,0.0000,0
81,features.16,565,pruned_before,nan,0.000000e+00,0.000000e+00,0.0000,0.0000,0
81,features.16,566,pruned_before,nan,0.000000e+00,0.000000e+00,0.0000,0.0000,0
81,features.16,567,pruned_before,nan,0.000000e+00,0.000000e+00,0.0000,0.0000,0
81,features.16,568,pruned_before,nan,0.000000e+00,0.000000e+00,0.0000,0.0000,0
81,features.16,569,pruned_before,nan,0.000000e+00,0.000000e+00,0.0000,0.0000,0
81,features.16,570,active,-0.003980,2.607026e-08,6.315309e-06,0.0058,0.0004,329
81,features.16,571,pruned_before,nan,0.000000e+00,0.000000e+00,0.0000,0.0000,0
81,features.16,572,pruned_before,nan,0.000000e+00,0.000000e+00,0.0000,0.0000,0
81,features.16,573,pruned_before,nan,0.000000e+00,0.000000e+00,0.0000,0.0000,0
81,features.16,574,pruned_before,nan,0.000000e+00,0.000000e+00,0.0000,0.0000,0
81,features.16,575,pruned_before,nan,0.000000e+00,0.000000e+00,0.0000,0.0000,0
81,features.16,576,pruned_before,nan,0.000000e+00,0.000000e+00,0.0000,0.0000,0
81,features.16,577,pruned_before,nan,0.000000e+00,0.000000e+00,0.0000,0.0000,0
81,features.16,578,pruned_before,nan,0.000000e+00,0.000000e+00,0.0000,0.0000,0
81,features.16,579,pruned_before,nan,0.000000e+00,0.000000e+00,0.0000,0.0000,0
81,features.16,580,pruned_before,nan,0.000000e+00,0.000000e+00,0.0000,0.0000,0
81,features.16,581,pruned_before,nan,0.000000e+00,0.000000e+00,0.0000,0.0000,0
81,features.16,582,pruned_before,nan,0.000000e+00,0.000000e+00,0.0000,0.0000,0
81,features.16,583,pruned_before,nan,0.000000e+00,0.000000e+00,0.0000,0.0000,0
81,features.16,584,pruned_before,nan,0.000000e+00,0.000000e+00,0.0000,0.0000,0
81,features.16,585,pruned_before,nan,0.000000e+00,0.000000e+00,0.0000,0.0000,0
81,features.16,586,pruned_before,nan,0.000000e+00,0.000000e+00,0.0000,0.0000,0
81,features.16,587,pruned_before,nan,0.000000e+00,0.000000e+00,0.0000,0.0000,0
81,features.16,588,pruned_before,nan,0.000000e+00,0.000000e+00,0.0000,0.0000,0
81,features.16,589,pruned_before,nan,0.000000e+00,0.000000e+00,0.0000,0.0000,0
81,features.16,590,pruned_before,nan,0.000000e+00,0.000000e+00,0.0000,0.0000,0
81,features.16,591,pruned_before,nan,0.000000e+00,0.000000e+00,0.0000,0.0000,0
81,features.16,592,pruned_before,nan,0.000000e+00,0.000000e+00,0.0000,0.0000,0
81,features.16,593,pruned_before,nan,0.000000e+00,0.000000e+00,0.0000,0.0000,0
81,features.16,594,pruned_before,nan,0.000000e+00,0.000000e+00,0.0000,0.0000,0
81,features.16,595,pruned_before,nan,0.000000e+00,0.000000e+00,0.0000,0.0000,0
81,features.16,596,pruned_before,nan,0.000000e+00,0.000000e+00,0.0000,0.0000,0
81,features.16,597,pruned_before,nan,0.000000e+00,0.000000e+00,0.0000,0.0000,0
81,features.16,598,pruned_before,nan,0.000000e+00,0.000000e+00,0.0000,0.0000,0
81,features.16,599,pruned_before,nan,0.000000e+00,0.000000e+00,0.0000,0.0000,0
81,features.16,600,pruned_before,nan,0.000000e+00,0.000000e+00,0.0000,0.0000,0
81,features.16,601,pruned_before,nan,0.000000e+00,0.000000e+00,0.0000,0.0000,0
81,features.16,602,pruned_before,nan,0.000000e+00,0.000000e+00,0.0000,0.0000,0
81,features.16,603,active,-0.029876,1.916803e-07,1.182756e-05,0.0430,0.0007,329
81,features.16,604,pruned_before,nan,0.000000e+00,0.000000e+00,0.0000,0.0000,0
81,features.16,605,pruned_before,nan,0.000000e+00,0.000000e+00,0.0000,0.0000,0
81,features.16,606,pruned_before,nan,0.000000e+00,0.000000e+00,0.0000,0.0000,0
81,features.16,607,pruned_before,nan,0.000000e+00,0.000000e+00,0.0000,0.0000,0
81,features.16,608,pruned_before,nan,0.000000e+00,0.000000e+00,0.0000,0.0000,0
81,features.16,609,pruned_before,nan,0.000000e+00,0.000000e+00,0.0000,0.0000,0
81,features.16,610,pruned_before,nan,0.000000e+00,0.000000e+00,0.0000,0.0000,0
81,features.16,611,pruned_before,nan,0.000000e+00,0.000000e+00,0.0000,0.0000,0
81,features.16,612,pruned_before,nan,0.000000e+00,0.000000e+00,0.0000,0.0000,0
81,features.16,613,pruned_before,nan,0.000000e+00,0.000000e+00,0.0000,0.0000,0
81,features.16,614,pruned_before,nan,0.000000e+00,0.000000e+00,0.0000,0.0000,0
81,features.16,615,pruned_before,nan,0.000000e+00,0.000000e+00,0.0000,0.0000,0
81,features.16,616,pruned_before,nan,0.000000e+00,0.000000e+00,0.0000,0.0000,0
81,features.16,617,pruned_before,nan,0.000000e+00,0.000000e+00,0.0000,0.0000,0
81,features.16,618,pruned_before,nan,0.000000e+00,0.000000e+00,0.0000,0.0000,0
81,features.16,619,pruned_before,nan,0.000000e+00,0.000000e+00,0.0000,0.0000,0
81,features.16,620,pruned_before,nan,0.000000e+00,0.000000e+00,0.0000,0.0000,0
81,features.16,621,pruned_before,nan,0.000000e+00,0.000000e+00,0.0000,0.0000,0
81,features.16,622,pruned_before,nan,0.000000e+00,0.000000e+00,0.0000,0.0000,0
81,features.16,623,pruned_before,nan,0.000000e+00,0.000000e+00,0.0000,0.0000,0
81,features.16,624,pruned_before,nan,0.000000e+00,0.000000e+00,0.0000,0.0000,0
81,features.16,625,pruned_before,nan,0.000000e+00,0.000000e+00,0.0000,0.0000,0
81,features.16,626,pruned_before,nan,0.000000e+00,0.000000e+00,0.0000,0.0000,0
81,features.16,627,pruned_before,nan,0.000000e+00,0.000000e+00,0.0000,0.0000,0
81,features.16,628,pruned_before,nan,0.000000e+00,0.000000e+00,0.0000,0.0000,0
81,features.16,629,pruned_before,nan,0.000000e+00,0.000000e+00,0.0000,0.0000,0
81,features.16,630,pruned_before,nan,0.000000e+00,0.000000e+00,0.0000,0.0000,0
81,features.16,631,pruned_before,nan,0.000000e+00,0.000000e+00,0.0000,0.0000,0
81,features.16,632,pruned_before,nan,0.000000e+00,0.000000e+00,0.0000,0.0000,0
81,features.16,633,pruned_before,nan,0.000000e+00,0.000000e+00,0.0000,0.0000,0
81,features.16,634,pruned_before,nan,0.000000e+00,0.000000e+00,0.0000,0.0000,0
81,features.16,635,pruned_before,nan,0.000000e+00,0.000000e+00,0.0000,0.0000,0
81,features.16,636,active,-0.001990,2.276241e-08,8.911706e-05,0.0051,0.0053,329
81,features.16,637,pruned_before,nan,0.000000e+00,0.000000e+00,0.0000,0.0000,0
81,features.16,638,pruned_before,nan,0.000000e+00,0.000000e+00,0.0000,0.0000,0
81,features.16,639,pruned_before,nan,0.000000e+00,0.000000e+00,0.0000,0.0000,0
81,features.16,640,pruned_before,nan,0.000000e+00,0.000000e+00,0.0000,0.0000,0
81,features.16,641,pruned_before,nan,0.000000e+00,0.000000e+00,0.0000,0.0000,0
81,features.16,642,pruned_before,nan,0.000000e+00,0.000000e+00,0.0000,0.0000,0
81,features.16,643,pruned_before,nan,0.000000e+00,0.000000e+00,0.0000,0.0000,0
81,features.16,644,pruned_before,nan,0.000000e+00,0.000000e+00,0.0000,0.0000,0
81,features.16,645,pruned_before,nan,0.000000e+00,0.000000e+00,0.0000,0.0000,0
81,features.16,646,pruned_before,nan,0.000000e+00,0.000000e+00,0.0000,0.0000,0
81,features.16,647,pruned_before,nan,0.000000e+00,0.000000e+00,0.0000,0.0000,0
81,features.16,648,pruned_before,nan,0.000000e+00,0.000000e+00,0.0000,0.0000,0
81,features.16,649,pruned_before,nan,0.000000e+00,0.000000e+00,0.0000,0.0000,0
81,features.16,650,pruned_before,nan,0.000000e+00,0.000000e+00,0.0000,0.0000,0
81,features.16,651,pruned_before,nan,0.000000e+00,0.000000e+00,0.0000,0.0000,0
81,features.16,652,pruned_before,nan,0.000000e+00,0.000000e+00,0.0000,0.0000,0
81,features.16,653,pruned_before,nan,0.000000e+00,0.000000e+00,0.0000,0.0000,0
81,features.16,654,pruned_before,nan,0.000000e+00,0.000000e+00,0.0000,0.0000,0
81,features.16,655,pruned_before,nan,0.000000e+00,0.000000e+00,0.0000,0.0000,0
81,features.16,656,pruned_before,nan,0.000000e+00,0.000000e+00,0.0000,0.0000,0
81,features.16,657,pruned_before,nan,0.000000e+00,0.000000e+00,0.0000,0.0000,0
81,features.16,658,pruned_before,nan,0.000000e+00,0.000000e+00,0.0000,0.0000,0
81,features.16,659,pruned_before,nan,0.000000e+00,0.000000e+00,0.0000,0.0000,0
81,features.16,660,pruned_before,nan,0.000000e+00,0.000000e+00,0.0000,0.0000,0
81,features.16,661,pruned_before,nan,0.000000e+00,0.000000e+00,0.0000,0.0000,0
81,features.16,662,pruned_before,nan,0.000000e+00,0.000000e+00,0.0000,0.0000,0
81,features.16,663,pruned_before,nan,0.000000e+00,0.000000e+00,0.0000,0.0000,0
81,features.16,664,pruned_before,nan,0.000000e+00,0.000000e+00,0.0000,0.0000,0
81,features.16,665,pruned_before,nan,0.000000e+00,0.000000e+00,0.0000,0.0000,0
81,features.16,666,pruned_before,nan,0.000000e+00,0.000000e+00,0.0000,0.0000,0
81,features.16,667,pruned_before,nan,0.000000e+00,0.000000e+00,0.0000,0.0000,0
81,features.16,668,pruned_before,nan,0.000000e+00,0.000000e+00,0.0000,0.0000,0
81,features.16,669,pruned_before,nan,0.000000e+00,0.000000e+00,0.0000,0.0000,0
81,features.16,670,pruned_before,nan,0.000000e+00,0.000000e+00,0.0000,0.0000,0
81,features.16,671,pruned_before,nan,0.000000e+00,0.000000e+00,0.0000,0.0000,0
81,features.16,672,pruned_before,nan,0.000000e+00,0.000000e+00,0.0000,0.0000,0
81,features.16,673,pruned_before,nan,0.000000e+00,0.000000e+00,0.0000,0.0000,0
81,features.16,674,pruned_before,nan,0.000000e+00,0.000000e+00,0.0000,0.0000,0
81,features.16,675,pruned_before,nan,0.000000e+00,0.000000e+00,0.0000,0.0000,0
81,features.16,676,pruned_before,nan,0.000000e+00,0.000000e+00,0.0000,0.0000,0
81,features.16,677,pruned_before,nan,0.000000e+00,0.000000e+00,0.0000,0.0000,0
81,features.16,678,pruned_before,nan,0.000000e+00,0.000000e+00,0.0000,0.0000,0
81,features.16,679,pruned_before,nan,0.000000e+00,0.000000e+00,0.0000,0.0000,0
81,features.16,680,pruned_before,nan,0.000000e+00,0.000000e+00,0.0000,0.0000,0
81,features.16,681,pruned_before,nan,0.000000e+00,0.000000e+00,0.0000,0.0000,0
81,features.16,682,pruned_before,nan,0.000000e+00,0.000000e+00,0.0000,0.0000,0
81,features.16,683,pruned_before,nan,0.000000e+00,0.000000e+00,0.0000,0.0000,0
81,features.16,684,pruned_before,nan,0.000000e+00,0.000000e+00,0.0000,0.0000,0
81,features.16,685,pruned_before,nan,0.000000e+00,0.000000e+00,0.0000,0.0000,0
81,features.16,686,pruned_before,nan,0.000000e+00,0.000000e+00,0.0000,0.0000,0
81,features.16,687,pruned_before,nan,0.000000e+00,0.000000e+00,0.0000,0.0000,0
81,features.16,688,pruned_before,nan,0.000000e+00,0.000000e+00,0.0000,0.0000,0
81,features.16,689,pruned_before,nan,0.000000e+00,0.000000e+00,0.0000,0.0000,0
81,features.16,690,active,-0.016706,1.082103e-07,1.570391e-05,0.0243,0.0009,329
81,features.16,691,pruned_before,nan,0.000000e+00,0.000000e+00,0.0000,0.0000,0
81,features.16,692,pruned_before,nan,0.000000e+00,0.000000e+00,0.0000,0.0000,0
81,features.16,693,pruned_before,nan,0.000000e+00,0.000000e+00,0.0000,0.0000,0
81,features.16,694,pruned_before,nan,0.000000e+00,0.000000e+00,0.0000,0.0000,0
81,features.16,695,pruned_before,nan,0.000000e+00,0.000000e+00,0.0000,0.0000,0
81,features.16,696,pruned_before,nan,0.000000e+00,0.000000e+00,0.0000,0.0000,0
81,features.16,697,pruned_before,nan,0.000000e+00,0.000000e+00,0.0000,0.0000,0
81,features.16,698,pruned_before,nan,0.000000e+00,0.000000e+00,0.0000,0.0000,0
81,features.16,699,pruned_before,nan,0.000000e+00,0.000000e+00,0.0000,0.0000,0
81,features.16,700,pruned_before,nan,0.000000e+00,0.000000e+00,0.0000,0.0000,0
81,features.16,701,pruned_before,nan,0.000000e+00,0.000000e+00,0.0000,0.0000,0
81,features.16,702,pruned_before,nan,0.000000e+00,0.000000e+00,0.0000,0.0000,0
81,features.16,703,pruned_before,nan,0.000000e+00,0.000000e+00,0.0000,0.0000,0
81,features.16,704,pruned_before,nan,0.000000e+00,0.000000e+00,0.0000,0.0000,0
81,features.16,705,pruned_before,nan,0.000000e+00,0.000000e+00,0.0000,0.0000,0
81,features.16,706,pruned_before,nan,0.000000e+00,0.000000e+00,0.0000,0.0000,0
81,features.16,707,active,-0.002223,1.674983e-08,2.287916e-05,0.0038,0.0014,329
81,features.16,708,pruned_before,nan,0.000000e+00,0.000000e+00,0.0000,0.0000,0
81,features.16,709,pruned_before,nan,0.000000e+00,0.000000e+00,0.0000,0.0000,0
81,features.16,710,pruned_before,nan,0.000000e+00,0.000000e+00,0.0000,0.0000,0
81,features.16,711,pruned_before,nan,0.000000e+00,0.000000e+00,0.0000,0.0000,0
81,features.16,712,pruned_before,nan,0.000000e+00,0.000000e+00,0.0000,0.0000,0
81,features.16,713,pruned_before,nan,0.000000e+00,0.000000e+00,0.0000,0.0000,0
81,features.16,714,pruned_before,nan,0.000000e+00,0.000000e+00,0.0000,0.0000,0
81,features.16,715,pruned_before,nan,0.000000e+00,0.000000e+00,0.0000,0.0000,0
81,features.16,716,pruned_before,nan,0.000000e+00,0.000000e+00,0.0000,0.0000,0
81,features.16,717,pruned_before,nan,0.000000e+00,0.000000e+00,0.0000,0.0000,0
81,features.16,718,pruned_before,nan,0.000000e+00,0.000000e+00,0.0000,0.0000,0
81,features.16,719,pruned_before,nan,0.000000e+00,0.000000e+00,0.0000,0.0000,0
81,features.16,720,pruned_before,nan,0.000000e+00,0.000000e+00,0.0000,0.0000,0
81,features.16,721,pruned_now,-0.043690,2.784192e-07,5.763241e-07,0.0624,0.0000,329
81,features.16,722,pruned_before,nan,0.000000e+00,0.000000e+00,0.0000,0.0000,0
81,features.16,723,pruned_before,nan,0.000000e+00,0.000000e+00,0.0000,0.0000,0
81,features.16,724,pruned_before,nan,0.000000e+00,0.000000e+00,0.0000,0.0000,0
81,features.16,725,pruned_before,nan,0.000000e+00,0.000000e+00,0.0000,0.0000,0
81,features.16,726,pruned_before,nan,0.000000e+00,0.000000e+00,0.0000,0.0000,0
81,features.16,727,pruned_before,nan,0.000000e+00,0.000000e+00,0.0000,0.0000,0
81,features.16,728,pruned_before,nan,0.000000e+00,0.000000e+00,0.0000,0.0000,0
81,features.16,729,pruned_before,nan,0.000000e+00,0.000000e+00,0.0000,0.0000,0
81,features.16,730,pruned_before,nan,0.000000e+00,0.000000e+00,0.0000,0.0000,0
81,features.16,731,pruned_before,nan,0.000000e+00,0.000000e+00,0.0000,0.0000,0
81,features.16,732,pruned_before,nan,0.000000e+00,0.000000e+00,0.0000,0.0000,0
81,features.16,733,pruned_before,nan,0.000000e+00,0.000000e+00,0.0000,0.0000,0
81,features.16,734,pruned_before,nan,0.000000e+00,0.000000e+00,0.0000,0.0000,0
81,features.16,735,pruned_before,nan,0.000000e+00,0.000000e+00,0.0000,0.0000,0
81,features.16,736,pruned_before,nan,0.000000e+00,0.000000e+00,0.0000,0.0000,0
81,features.16,737,pruned_before,nan,0.000000e+00,0.000000e+00,0.0000,0.0000,0
81,features.16,738,pruned_before,nan,0.000000e+00,0.000000e+00,0.0000,0.0000,0
81,features.16,739,pruned_before,nan,0.000000e+00,0.000000e+00,0.0000,0.0000,0
81,features.16,740,pruned_before,nan,0.000000e+00,0.000000e+00,0.0000,0.0000,0
81,features.16,741,pruned_before,nan,0.000000e+00,0.000000e+00,0.0000,0.0000,0
81,features.16,742,pruned_before,nan,0.000000e+00,0.000000e+00,0.0000,0.0000,0
81,features.16,743,pruned_before,nan,0.000000e+00,0.000000e+00,0.0000,0.0000,0
81,features.16,744,active,-0.003077,2.360302e-08,3.536347e-05,0.0053,0.0021,329
81,features.16,745,pruned_before,nan,0.000000e+00,0.000000e+00,0.0000,0.0000,0
81,features.16,746,pruned_before,nan,0.000000e+00,0.000000e+00,0.0000,0.0000,0
81,features.16,747,pruned_before,nan,0.000000e+00,0.000000e+00,0.0000,0.0000,0
81,features.16,748,pruned_before,nan,0.000000e+00,0.000000e+00,0.0000,0.0000,0
81,features.16,749,pruned_before,nan,0.000000e+00,0.000000e+00,0.0000,0.0000,0
81,features.16,750,pruned_before,nan,0.000000e+00,0.000000e+00,0.0000,0.0000,0
81,features.16,751,pruned_before,nan,0.000000e+00,0.000000e+00,0.0000,0.0000,0
81,features.16,752,pruned_before,nan,0.000000e+00,0.000000e+00,0.0000,0.0000,0
81,features.16,753,pruned_before,nan,0.000000e+00,0.000000e+00,0.0000,0.0000,0
81,features.16,754,pruned_before,nan,0.000000e+00,0.000000e+00,0.0000,0.0000,0
81,features.16,755,pruned_before,nan,0.000000e+00,0.000000e+00,0.0000,0.0000,0
81,features.16,756,pruned_before,nan,0.000000e+00,0.000000e+00,0.0000,0.0000,0
81,features.16,757,pruned_before,nan,0.000000e+00,0.000000e+00,0.0000,0.0000,0
81,features.16,758,pruned_before,nan,0.000000e+00,0.000000e+00,0.0000,0.0000,0
81,features.16,759,pruned_before,nan,0.000000e+00,0.000000e+00,0.0000,0.0000,0
81,features.16,760,pruned_before,nan,0.000000e+00,0.000000e+00,0.0000,0.0000,0
81,features.16,761,pruned_before,nan,0.000000e+00,0.000000e+00,0.0000,0.0000,0
81,features.16,762,pruned_before,nan,0.000000e+00,0.000000e+00,0.0000,0.0000,0
81,features.16,763,pruned_before,nan,0.000000e+00,0.000000e+00,0.0000,0.0000,0
81,features.16,764,pruned_before,nan,0.000000e+00,0.000000e+00,0.0000,0.0000,0
81,features.16,765,pruned_before,nan,0.000000e+00,0.000000e+00,0.0000,0.0000,0
81,features.16,766,pruned_before,nan,0.000000e+00,0.000000e+00,0.0000,0.0000,0
81,features.16,767,pruned_before,nan,0.000000e+00,0.000000e+00,0.0000,0.0000,0
81,features.16,768,pruned_before,nan,0.000000e+00,0.000000e+00,0.0000,0.0000,0
81,features.16,769,pruned_before,nan,0.000000e+00,0.000000e+00,0.0000,0.0000,0
81,features.16,770,pruned_before,nan,0.000000e+00,0.000000e+00,0.0000,0.0000,0
81,features.16,771,pruned_before,nan,0.000000e+00,0.000000e+00,0.0000,0.0000,0
81,features.16,772,pruned_before,nan,0.000000e+00,0.000000e+00,0.0000,0.0000,0
81,features.16,773,pruned_before,nan,0.000000e+00,0.000000e+00,0.0000,0.0000,0
81,features.16,774,pruned_before,nan,0.000000e+00,0.000000e+00,0.0000,0.0000,0
81,features.16,775,pruned_before,nan,0.000000e+00,0.000000e+00,0.0000,0.0000,0
81,features.16,776,pruned_before,nan,0.000000e+00,0.000000e+00,0.0000,0.0000,0
81,features.16,777,pruned_before,nan,0.000000e+00,0.000000e+00,0.0000,0.0000,0
81,features.16,778,pruned_before,nan,0.000000e+00,0.000000e+00,0.0000,0.0000,0
81,features.16,779,pruned_before,nan,0.000000e+00,0.000000e+00,0.0000,0.0000,0
81,features.16,780,pruned_before,nan,0.000000e+00,0.000000e+00,0.0000,0.0000,0
81,features.16,781,pruned_before,nan,0.000000e+00,0.000000e+00,0.0000,0.0000,0
81,features.16,782,pruned_before,nan,0.000000e+00,0.000000e+00,0.0000,0.0000,0
81,features.16,783,pruned_before,nan,0.000000e+00,0.000000e+00,0.0000,0.0000,0
81,features.16,784,pruned_before,nan,0.000000e+00,0.000000e+00,0.0000,0.0000,0
81,features.16,785,pruned_before,nan,0.000000e+00,0.000000e+00,0.0000,0.0000,0
81,features.16,786,pruned_before,nan,0.000000e+00,0.000000e+00,0.0000,0.0000,0
81,features.16,787,pruned_before,nan,0.000000e+00,0.000000e+00,0.0000,0.0000,0
81,features.16,788,pruned_before,nan,0.000000e+00,0.000000e+00,0.0000,0.0000,0
81,features.16,789,pruned_before,nan,0.000000e+00,0.000000e+00,0.0000,0.0000,0
81,features.16,790,pruned_before,nan,0.000000e+00,0.000000e+00,0.0000,0.0000,0
81,features.16,791,pruned_before,nan,0.000000e+00,0.000000e+00,0.0000,0.0000,0
81,features.16,792,pruned_before,nan,0.000000e+00,0.000000e+00,0.0000,0.0000,0
81,features.16,793,pruned_before,nan,0.000000e+00,0.000000e+00,0.0000,0.0000,0
81,features.16,794,pruned_before,nan,0.000000e+00,0.000000e+00,0.0000,0.0000,0
81,features.16,795,pruned_before,nan,0.000000e+00,0.000000e+00,0.0000,0.0000,0
81,features.16,796,pruned_before,nan,0.000000e+00,0.000000e+00,0.0000,0.0000,0
81,features.16,797,pruned_before,nan,0.000000e+00,0.000000e+00,0.0000,0.0000,0
81,features.16,798,pruned_before,nan,0.000000e+00,0.000000e+00,0.0000,0.0000,0
81,features.16,799,pruned_before,nan,0.000000e+00,0.000000e+00,0.0000,0.0000,0
81,features.16,800,pruned_before,nan,0.000000e+00,0.000000e+00,0.0000,0.0000,0
81,features.16,801,pruned_before,nan,0.000000e+00,0.000000e+00,0.0000,0.0000,0
81,features.16,802,pruned_before,nan,0.000000e+00,0.000000e+00,0.0000,0.0000,0
81,features.16,803,pruned_before,nan,0.000000e+00,0.000000e+00,0.0000,0.0000,0
81,features.16,804,pruned_before,nan,0.000000e+00,0.000000e+00,0.0000,0.0000,0
81,features.16,805,pruned_before,nan,0.000000e+00,0.000000e+00,0.0000,0.0000,0
81,features.16,806,pruned_before,nan,0.000000e+00,0.000000e+00,0.0000,0.0000,0
81,features.16,807,pruned_before,nan,0.000000e+00,0.000000e+00,0.0000,0.0000,0
81,features.16,808,pruned_before,nan,0.000000e+00,0.000000e+00,0.0000,0.0000,0
81,features.16,809,active,-0.012411,1.392530e-07,5.319174e-04,0.0312,0.0315,329
81,features.16,810,pruned_before,nan,0.000000e+00,0.000000e+00,0.0000,0.0000,0
81,features.16,811,pruned_before,nan,0.000000e+00,0.000000e+00,0.0000,0.0000,0
81,features.16,812,pruned_before,nan,0.000000e+00,0.000000e+00,0.0000,0.0000,0
81,features.16,813,pruned_before,nan,0.000000e+00,0.000000e+00,0.0000,0.0000,0
81,features.16,814,active,0.000000,0.000000e+00,0.000000e+00,0.0000,0.0000,329
81,features.16,815,pruned_before,nan,0.000000e+00,0.000000e+00,0.0000,0.0000,0
81,features.16,816,pruned_before,nan,0.000000e+00,0.000000e+00,0.0000,0.0000,0
81,features.16,817,pruned_before,nan,0.000000e+00,0.000000e+00,0.0000,0.0000,0
81,features.16,818,pruned_before,nan,0.000000e+00,0.000000e+00,0.0000,0.0000,0
81,features.16,819,pruned_before,nan,0.000000e+00,0.000000e+00,0.0000,0.0000,0
81,features.16,820,pruned_before,nan,0.000000e+00,0.000000e+00,0.0000,0.0000,0
81,features.16,821,active,-0.011410,7.433540e-08,1.452096e-05,0.0167,0.0009,329
81,features.16,822,pruned_before,nan,0.000000e+00,0.000000e+00,0.0000,0.0000,0
81,features.16,823,pruned_before,nan,0.000000e+00,0.000000e+00,0.0000,0.0000,0
81,features.16,824,pruned_before,nan,0.000000e+00,0.000000e+00,0.0000,0.0000,0
81,features.16,825,pruned_before,nan,0.000000e+00,0.000000e+00,0.0000,0.0000,0
81,features.16,826,pruned_before,nan,0.000000e+00,0.000000e+00,0.0000,0.0000,0
81,features.16,827,pruned_before,nan,0.000000e+00,0.000000e+00,0.0000,0.0000,0
81,features.16,828,pruned_before,nan,0.000000e+00,0.000000e+00,0.0000,0.0000,0
81,features.16,829,pruned_before,nan,0.000000e+00,0.000000e+00,0.0000,0.0000,0
81,features.16,830,pruned_before,nan,0.000000e+00,0.000000e+00,0.0000,0.0000,0
81,features.16,831,pruned_before,nan,0.000000e+00,0.000000e+00,0.0000,0.0000,0
81,features.16,832,pruned_before,nan,0.000000e+00,0.000000e+00,0.0000,0.0000,0
81,features.16,833,pruned_before,nan,0.000000e+00,0.000000e+00,0.0000,0.0000,0
81,features.16,834,pruned_before,nan,0.000000e+00,0.000000e+00,0.0000,0.0000,0
81,features.16,835,pruned_before,nan,0.000000e+00,0.000000e+00,0.0000,0.0000,0
81,features.16,836,pruned_before,nan,0.000000e+00,0.000000e+00,0.0000,0.0000,0
81,features.16,837,pruned_before,nan,0.000000e+00,0.000000e+00,0.0000,0.0000,0
81,features.16,838,pruned_before,nan,0.000000e+00,0.000000e+00,0.0000,0.0000,0
81,features.16,839,pruned_before,nan,0.000000e+00,0.000000e+00,0.0000,0.0000,0
81,features.16,840,pruned_before,nan,0.000000e+00,0.000000e+00,0.0000,0.0000,0
81,features.16,841,pruned_before,nan,0.000000e+00,0.000000e+00,0.0000,0.0000,0
81,features.16,842,pruned_before,nan,0.000000e+00,0.000000e+00,0.0000,0.0000,0
81,features.16,843,pruned_before,nan,0.000000e+00,0.000000e+00,0.0000,0.0000,0
81,features.16,844,pruned_before,nan,0.000000e+00,0.000000e+00,0.0000,0.0000,0
81,features.16,845,pruned_before,nan,0.000000e+00,0.000000e+00,0.0000,0.0000,0
81,features.16,846,pruned_before,nan,0.000000e+00,0.000000e+00,0.0000,0.0000,0
81,features.16,847,pruned_before,nan,0.000000e+00,0.000000e+00,0.0000,0.0000,0
81,features.16,848,pruned_before,nan,0.000000e+00,0.000000e+00,0.0000,0.0000,0
81,features.16,849,pruned_before,nan,0.000000e+00,0.000000e+00,0.0000,0.0000,0
81,features.16,850,pruned_before,nan,0.000000e+00,0.000000e+00,0.0000,0.0000,0
81,features.16,851,pruned_before,nan,0.000000e+00,0.000000e+00,0.0000,0.0000,0
81,features.16,852,pruned_before,nan,0.000000e+00,0.000000e+00,0.0000,0.0000,0
81,features.16,853,pruned_before,nan,0.000000e+00,0.000000e+00,0.0000,0.0000,0
81,features.16,854,pruned_before,nan,0.000000e+00,0.000000e+00,0.0000,0.0000,0
81,features.16,855,pruned_before,nan,0.000000e+00,0.000000e+00,0.0000,0.0000,0
81,features.16,856,pruned_before,nan,0.000000e+00,0.000000e+00,0.0000,0.0000,0
81,features.16,857,pruned_before,nan,0.000000e+00,0.000000e+00,0.0000,0.0000,0
81,features.16,858,pruned_before,nan,0.000000e+00,0.000000e+00,0.0000,0.0000,0
81,features.16,859,pruned_before,nan,0.000000e+00,0.000000e+00,0.0000,0.0000,0
81,features.16,860,pruned_before,nan,0.000000e+00,0.000000e+00,0.0000,0.0000,0
81,features.16,861,pruned_before,nan,0.000000e+00,0.000000e+00,0.0000,0.0000,0
81,features.16,862,pruned_before,nan,0.000000e+00,0.000000e+00,0.0000,0.0000,0
81,features.16,863,pruned_before,nan,0.000000e+00,0.000000e+00,0.0000,0.0000,0
81,features.16,864,pruned_before,nan,0.000000e+00,0.000000e+00,0.0000,0.0000,0
81,features.16,865,pruned_before,nan,0.000000e+00,0.000000e+00,0.0000,0.0000,0
81,features.16,866,pruned_before,nan,0.000000e+00,0.000000e+00,0.0000,0.0000,0
81,features.16,867,pruned_before,nan,0.000000e+00,0.000000e+00,0.0000,0.0000,0
81,features.16,868,pruned_before,nan,0.000000e+00,0.000000e+00,0.0000,0.0000,0
81,features.16,869,pruned_before,nan,0.000000e+00,0.000000e+00,0.0000,0.0000,0
81,features.16,870,pruned_before,nan,0.000000e+00,0.000000e+00,0.0000,0.0000,0
81,features.16,871,pruned_before,nan,0.000000e+00,0.000000e+00,0.0000,0.0000,0
81,features.16,872,pruned_before,nan,0.000000e+00,0.000000e+00,0.0000,0.0000,0
81,features.16,873,pruned_before,nan,0.000000e+00,0.000000e+00,0.0000,0.0000,0
81,features.16,874,pruned_before,nan,0.000000e+00,0.000000e+00,0.0000,0.0000,0
81,features.16,875,pruned_before,nan,0.000000e+00,0.000000e+00,0.0000,0.0000,0
81,features.16,876,pruned_before,nan,0.000000e+00,0.000000e+00,0.0000,0.0000,0
81,features.16,877,pruned_before,nan,0.000000e+00,0.000000e+00,0.0000,0.0000,0
81,features.16,878,pruned_before,nan,0.000000e+00,0.000000e+00,0.0000,0.0000,0
81,features.16,879,pruned_before,nan,0.000000e+00,0.000000e+00,0.0000,0.0000,0
81,features.16,880,pruned_before,nan,0.000000e+00,0.000000e+00,0.0000,0.0000,0
81,features.16,881,pruned_before,nan,0.000000e+00,0.000000e+00,0.0000,0.0000,0
81,features.16,882,pruned_before,nan,0.000000e+00,0.000000e+00,0.0000,0.0000,0
81,features.16,883,pruned_before,nan,0.000000e+00,0.000000e+00,0.0000,0.0000,0
81,features.16,884,pruned_before,nan,0.000000e+00,0.000000e+00,0.0000,0.0000,0
81,features.16,885,pruned_before,nan,0.000000e+00,0.000000e+00,0.0000,0.0000,0
81,features.16,886,pruned_before,nan,0.000000e+00,0.000000e+00,0.0000,0.0000,0
81,features.16,887,pruned_before,nan,0.000000e+00,0.000000e+00,0.0000,0.0000,0
81,features.16,888,pruned_before,nan,0.000000e+00,0.000000e+00,0.0000,0.0000,0
81,features.16,889,pruned_before,nan,0.000000e+00,0.000000e+00,0.0000,0.0000,0
81,features.16,890,pruned_before,nan,0.000000e+00,0.000000e+00,0.0000,0.0000,0
81,features.16,891,pruned_before,nan,0.000000e+00,0.000000e+00,0.0000,0.0000,0
81,features.16,892,pruned_before,nan,0.000000e+00,0.000000e+00,0.0000,0.0000,0
81,features.16,893,pruned_before,nan,0.000000e+00,0.000000e+00,0.0000,0.0000,0
81,features.16,894,pruned_before,nan,0.000000e+00,0.000000e+00,0.0000,0.0000,0
81,features.16,895,pruned_before,nan,0.000000e+00,0.000000e+00,0.0000,0.0000,0
81,features.16,896,pruned_before,nan,0.000000e+00,0.000000e+00,0.0000,0.0000,0
81,features.16,897,pruned_before,nan,0.000000e+00,0.000000e+00,0.0000,0.0000,0
81,features.16,898,pruned_before,nan,0.000000e+00,0.000000e+00,0.0000,0.0000,0
81,features.16,899,pruned_before,nan,0.000000e+00,0.000000e+00,0.0000,0.0000,0
81,features.16,900,pruned_before,nan,0.000000e+00,0.000000e+00,0.0000,0.0000,0
81,features.16,901,pruned_before,nan,0.000000e+00,0.000000e+00,0.0000,0.0000,0
81,features.16,902,pruned_before,nan,0.000000e+00,0.000000e+00,0.0000,0.0000,0
81,features.16,903,pruned_before,nan,0.000000e+00,0.000000e+00,0.0000,0.0000,0
81,features.16,904,pruned_before,nan,0.000000e+00,0.000000e+00,0.0000,0.0000,0
81,features.16,905,pruned_before,nan,0.000000e+00,0.000000e+00,0.0000,0.0000,0
81,features.16,906,pruned_before,nan,0.000000e+00,0.000000e+00,0.0000,0.0000,0
81,features.16,907,pruned_before,nan,0.000000e+00,0.000000e+00,0.0000,0.0000,0
81,features.16,908,pruned_before,nan,0.000000e+00,0.000000e+00,0.0000,0.0000,0
81,features.16,909,pruned_before,nan,0.000000e+00,0.000000e+00,0.0000,0.0000,0
81,features.16,910,pruned_before,nan,0.000000e+00,0.000000e+00,0.0000,0.0000,0
81,features.16,911,pruned_before,nan,0.000000e+00,0.000000e+00,0.0000,0.0000,0
81,features.16,912,pruned_before,nan,0.000000e+00,0.000000e+00,0.0000,0.0000,0
81,features.16,913,pruned_before,nan,0.000000e+00,0.000000e+00,0.0000,0.0000,0
81,features.16,914,pruned_before,nan,0.000000e+00,0.000000e+00,0.0000,0.0000,0
81,features.16,915,pruned_before,nan,0.000000e+00,0.000000e+00,0.0000,0.0000,0
81,features.16,916,pruned_before,nan,0.000000e+00,0.000000e+00,0.0000,0.0000,0
81,features.16,917,pruned_before,nan,0.000000e+00,0.000000e+00,0.0000,0.0000,0
81,features.16,918,pruned_before,nan,0.000000e+00,0.000000e+00,0.0000,0.0000,0
81,features.16,919,pruned_before,nan,0.000000e+00,0.000000e+00,0.0000,0.0000,0
81,features.16,920,pruned_before,nan,0.000000e+00,0.000000e+00,0.0000,0.0000,0
81,features.16,921,active,-0.023120,1.485287e-07,1.088365e-05,0.0333,0.0006,329
81,features.16,922,pruned_before,nan,0.000000e+00,0.000000e+00,0.0000,0.0000,0
81,features.16,923,pruned_before,nan,0.000000e+00,0.000000e+00,0.0000,0.0000,0
81,features.16,924,pruned_before,nan,0.000000e+00,0.000000e+00,0.0000,0.0000,0
81,features.16,925,pruned_before,nan,0.000000e+00,0.000000e+00,0.0000,0.0000,0
81,features.16,926,pruned_before,nan,0.000000e+00,0.000000e+00,0.0000,0.0000,0
81,features.16,927,pruned_before,nan,0.000000e+00,0.000000e+00,0.0000,0.0000,0
81,features.16,928,pruned_before,nan,0.000000e+00,0.000000e+00,0.0000,0.0000,0
81,features.16,929,pruned_before,nan,0.000000e+00,0.000000e+00,0.0000,0.0000,0
81,features.16,930,pruned_before,nan,0.000000e+00,0.000000e+00,0.0000,0.0000,0
81,features.16,931,pruned_before,nan,0.000000e+00,0.000000e+00,0.0000,0.0000,0
81,features.16,932,pruned_before,nan,0.000000e+00,0.000000e+00,0.0000,0.0000,0
81,features.16,933,pruned_before,nan,0.000000e+00,0.000000e+00,0.0000,0.0000,0
81,features.16,934,pruned_before,nan,0.000000e+00,0.000000e+00,0.0000,0.0000,0
81,features.16,935,pruned_before,nan,0.000000e+00,0.000000e+00,0.0000,0.0000,0
81,features.16,936,pruned_before,nan,0.000000e+00,0.000000e+00,0.0000,0.0000,0
81,features.16,937,pruned_before,nan,0.000000e+00,0.000000e+00,0.0000,0.0000,0
81,features.16,938,pruned_before,nan,0.000000e+00,0.000000e+00,0.0000,0.0000,0
81,features.16,939,pruned_before,nan,0.000000e+00,0.000000e+00,0.0000,0.0000,0
81,features.16,940,pruned_before,nan,0.000000e+00,0.000000e+00,0.0000,0.0000,0
81,features.16,941,pruned_before,nan,0.000000e+00,0.000000e+00,0.0000,0.0000,0
81,features.16,942,pruned_before,nan,0.000000e+00,0.000000e+00,0.0000,0.0000,0
81,features.16,943,pruned_before,nan,0.000000e+00,0.000000e+00,0.0000,0.0000,0
81,features.16,944,pruned_before,nan,0.000000e+00,0.000000e+00,0.0000,0.0000,0
81,features.16,945,pruned_before,nan,0.000000e+00,0.000000e+00,0.0000,0.0000,0
81,features.16,946,pruned_before,nan,0.000000e+00,0.000000e+00,0.0000,0.0000,0
81,features.16,947,pruned_before,nan,0.000000e+00,0.000000e+00,0.0000,0.0000,0
81,features.16,948,pruned_before,nan,0.000000e+00,0.000000e+00,0.0000,0.0000,0
81,features.16,949,pruned_before,nan,0.000000e+00,0.000000e+00,0.0000,0.0000,0
81,features.16,950,pruned_before,nan,0.000000e+00,0.000000e+00,0.0000,0.0000,0
81,features.16,951,pruned_before,nan,0.000000e+00,0.000000e+00,0.0000,0.0000,0
81,features.16,952,pruned_before,nan,0.000000e+00,0.000000e+00,0.0000,0.0000,0
81,features.16,953,pruned_before,nan,0.000000e+00,0.000000e+00,0.0000,0.0000,0
81,features.16,954,pruned_before,nan,0.000000e+00,0.000000e+00,0.0000,0.0000,0
81,features.16,955,pruned_before,nan,0.000000e+00,0.000000e+00,0.0000,0.0000,0
81,features.16,956,pruned_before,nan,0.000000e+00,0.000000e+00,0.0000,0.0000,0
81,features.16,957,pruned_before,nan,0.000000e+00,0.000000e+00,0.0000,0.0000,0
81,features.16,958,pruned_before,nan,0.000000e+00,0.000000e+00,0.0000,0.0000,0
81,features.16,959,pruned_before,nan,0.000000e+00,0.000000e+00,0.0000,0.0000,0
81,features.17,0,active,-0.008404,3.744447e-07,1.161305e-06,0.0142,0.0052,489
81,features.17,1,pruned_before,nan,0.000000e+00,0.000000e+00,0.0000,0.0000,0
81,features.17,2,active,0.029197,3.218145e-07,2.812406e-05,0.0122,0.1259,489
81,features.17,3,pruned_before,nan,0.000000e+00,0.000000e+00,0.0000,0.0000,0
81,features.17,4,pruned_before,nan,0.000000e+00,0.000000e+00,0.0000,0.0000,0
81,features.17,5,pruned_before,nan,0.000000e+00,0.000000e+00,0.0000,0.0000,0
81,features.17,6,pruned_before,nan,0.000000e+00,0.000000e+00,0.0000,0.0000,0
81,features.17,7,pruned_before,nan,0.000000e+00,0.000000e+00,0.0000,0.0000,0
81,features.17,8,pruned_before,nan,0.000000e+00,0.000000e+00,0.0000,0.0000,0
81,features.17,9,pruned_before,nan,0.000000e+00,0.000000e+00,0.0000,0.0000,0
81,features.17,10,pruned_before,nan,0.000000e+00,0.000000e+00,0.0000,0.0000,0
81,features.17,11,active,-0.029297,1.337584e-06,4.687893e-06,0.0508,0.0210,489
81,features.17,12,active,-0.003477,1.463550e-07,3.105885e-07,0.0056,0.0014,489
81,features.17,13,pruned_before,nan,0.000000e+00,0.000000e+00,0.0000,0.0000,0
81,features.17,14,active,-0.008482,3.323763e-07,2.700883e-07,0.0126,0.0012,489
81,features.17,15,active,-0.002919,1.130799e-07,6.726815e-08,0.0043,0.0003,489
81,features.17,16,pruned_before,nan,0.000000e+00,0.000000e+00,0.0000,0.0000,0
81,features.17,17,pruned_before,nan,0.000000e+00,0.000000e+00,0.0000,0.0000,0
81,features.17,18,active,-0.001116,2.255131e-07,3.638435e-06,0.0086,0.0163,489
81,features.17,19,pruned_before,nan,0.000000e+00,0.000000e+00,0.0000,0.0000,0
81,features.17,20,active,-0.004508,2.281121e-07,1.163307e-06,0.0087,0.0052,489
81,features.17,21,active,-0.001274,8.919018e-08,8.189867e-07,0.0034,0.0037,489
81,features.17,22,pruned_before,nan,0.000000e+00,0.000000e+00,0.0000,0.0000,0
81,features.17,23,active,-0.006871,2.749421e-07,3.315870e-07,0.0105,0.0015,489
81,features.17,24,pruned_before,nan,0.000000e+00,0.000000e+00,0.0000,0.0000,0
81,features.17,25,pruned_before,nan,0.000000e+00,0.000000e+00,0.0000,0.0000,0
81,features.17,26,pruned_before,nan,0.000000e+00,0.000000e+00,0.0000,0.0000,0
81,features.17,27,active,-0.000508,4.132373e-08,4.404775e-07,0.0016,0.0020,489
81,features.17,28,pruned_before,nan,0.000000e+00,0.000000e+00,0.0000,0.0000,0
81,features.17,29,active,0.000011,4.172519e-08,8.354374e-07,0.0016,0.0037,489
81,features.17,30,active,-0.002518,1.132365e-07,3.686810e-07,0.0043,0.0017,489
81,features.17,31,pruned_before,nan,0.000000e+00,0.000000e+00,0.0000,0.0000,0
81,features.17,32,active,-0.002329,1.460005e-07,1.158560e-06,0.0055,0.0052,489
81,features.17,33,active,0.000000,0.000000e+00,0.000000e+00,0.0000,0.0000,489
81,features.17,34,active,-0.000022,8.573719e-09,1.537968e-07,0.0003,0.0007,489
81,features.17,35,pruned_before,nan,0.000000e+00,0.000000e+00,0.0000,0.0000,0
81,features.17,36,pruned_before,nan,0.000000e+00,0.000000e+00,0.0000,0.0000,0
81,features.17,37,pruned_before,nan,0.000000e+00,0.000000e+00,0.0000,0.0000,0
81,features.17,38,pruned_before,nan,0.000000e+00,0.000000e+00,0.0000,0.0000,0
81,features.17,39,pruned_before,nan,0.000000e+00,0.000000e+00,0.0000,0.0000,0
81,features.17,40,pruned_before,nan,0.000000e+00,0.000000e+00,0.0000,0.0000,0
81,features.17,41,pruned_before,nan,0.000000e+00,0.000000e+00,0.0000,0.0000,0
81,features.17,42,pruned_before,nan,0.000000e+00,0.000000e+00,0.0000,0.0000,0
81,features.17,43,active,-0.007057,4.922456e-07,4.499166e-06,0.0187,0.0201,489
81,features.17,44,pruned_before,nan,0.000000e+00,0.000000e+00,0.0000,0.0000,0
81,features.17,45,pruned_before,nan,0.000000e+00,0.000000e+00,0.0000,0.0000,0
81,features.17,46,active,-0.006303,8.310938e-07,1.177611e-05,0.0316,0.0527,489
81,features.17,47,active,-0.011493,5.021429e-07,1.391455e-06,0.0191,0.0062,489
81,features.17,48,active,-0.006507,2.967446e-07,1.034362e-06,0.0113,0.0046,489
81,features.17,49,pruned_before,nan,0.000000e+00,0.000000e+00,0.0000,0.0000,0
81,features.17,50,pruned_before,nan,0.000000e+00,0.000000e+00,0.0000,0.0000,0
81,features.17,51,active,-0.003537,1.979221e-07,1.288488e-06,0.0075,0.0058,489
81,features.17,52,active,-0.000756,8.400399e-08,1.101639e-06,0.0032,0.0049,489
81,features.17,53,pruned_before,nan,0.000000e+00,0.000000e+00,0.0000,0.0000,0
81,features.17,54,active,-0.000896,5.325655e-08,3.882988e-07,0.0020,0.0017,489
81,features.17,55,pruned_before,nan,0.000000e+00,0.000000e+00,0.0000,0.0000,0
81,features.17,56,pruned_before,nan,0.000000e+00,0.000000e+00,0.0000,0.0000,0
81,features.17,57,pruned_before,nan,0.000000e+00,0.000000e+00,0.0000,0.0000,0
81,features.17,58,active,-0.001223,5.781465e-08,2.349407e-07,0.0022,0.0011,489
81,features.17,59,pruned_before,nan,0.000000e+00,0.000000e+00,0.0000,0.0000,0
81,features.17,60,pruned_now,-0.038299,1.520866e-06,1.615560e-06,0.0578,0.0072,489
81,features.17,61,pruned_before,nan,0.000000e+00,0.000000e+00,0.0000,0.0000,0
81,features.17,62,active,-0.004216,2.560585e-07,1.934216e-06,0.0097,0.0087,489
81,features.17,63,active,-0.021135,1.031836e-06,4.707651e-06,0.0392,0.0211,489
81,features.17,64,pruned_before,nan,0.000000e+00,0.000000e+00,0.0000,0.0000,0
81,features.17,65,active,0.000352,7.752622e-08,1.798439e-06,0.0029,0.0080,489
81,features.17,66,pruned_before,nan,0.000000e+00,0.000000e+00,0.0000,0.0000,0
81,features.17,67,pruned_before,nan,0.000000e+00,0.000000e+00,0.0000,0.0000,0
81,features.17,68,pruned_before,nan,0.000000e+00,0.000000e+00,0.0000,0.0000,0
81,features.17,69,pruned_before,nan,0.000000e+00,0.000000e+00,0.0000,0.0000,0
81,features.17,70,active,-0.000987,7.575542e-08,7.665137e-07,0.0029,0.0034,489
81,features.17,71,pruned_before,nan,0.000000e+00,0.000000e+00,0.0000,0.0000,0
81,features.17,72,pruned_before,nan,0.000000e+00,0.000000e+00,0.0000,0.0000,0
81,features.17,73,pruned_before,nan,0.000000e+00,0.000000e+00,0.0000,0.0000,0
81,features.17,74,pruned_before,nan,0.000000e+00,0.000000e+00,0.0000,0.0000,0
81,features.17,75,pruned_before,nan,0.000000e+00,0.000000e+00,0.0000,0.0000,0
81,features.17,76,pruned_before,nan,0.000000e+00,0.000000e+00,0.0000,0.0000,0
81,features.17,77,pruned_before,nan,0.000000e+00,0.000000e+00,0.0000,0.0000,0
81,features.17,78,pruned_before,nan,0.000000e+00,0.000000e+00,0.0000,0.0000,0
81,features.17,79,pruned_before,nan,0.000000e+00,0.000000e+00,0.0000,0.0000,0
81,features.17,80,active,-0.009568,4.170646e-07,1.139082e-06,0.0159,0.0051,489
81,features.17,81,pruned_before,nan,0.000000e+00,0.000000e+00,0.0000,0.0000,0
81,features.17,82,pruned_before,nan,0.000000e+00,0.000000e+00,0.0000,0.0000,0
81,features.17,83,pruned_before,nan,0.000000e+00,0.000000e+00,0.0000,0.0000,0
81,features.17,84,active,-0.003206,1.246800e-07,8.337521e-08,0.0047,0.0004,489
81,features.17,85,pruned_before,nan,0.000000e+00,0.000000e+00,0.0000,0.0000,0
81,features.17,86,pruned_before,nan,0.000000e+00,0.000000e+00,0.0000,0.0000,0
81,features.17,87,pruned_before,nan,0.000000e+00,0.000000e+00,0.0000,0.0000,0
81,features.17,88,pruned_before,nan,0.000000e+00,0.000000e+00,0.0000,0.0000,0
81,features.17,89,pruned_before,nan,0.000000e+00,0.000000e+00,0.0000,0.0000,0
81,features.17,90,active,-0.003876,1.833123e-07,7.461496e-07,0.0070,0.0033,489
81,features.17,91,pruned_before,nan,0.000000e+00,0.000000e+00,0.0000,0.0000,0
81,features.17,92,pruned_before,nan,0.000000e+00,0.000000e+00,0.0000,0.0000,0
81,features.17,93,active,0.004104,2.471411e-07,7.954712e-06,0.0094,0.0356,489
81,features.17,94,pruned_before,nan,0.000000e+00,0.000000e+00,0.0000,0.0000,0
81,features.17,95,pruned_before,nan,0.000000e+00,0.000000e+00,0.0000,0.0000,0
81,features.17,96,pruned_before,nan,0.000000e+00,0.000000e+00,0.0000,0.0000,0
81,features.17,97,protected,-0.400000,2.630702e-05,2.234414e-04,1.0000,1.0000,489
81,features.17,98,active,-0.027146,1.081935e-06,1.223692e-06,0.0411,0.0055,489
81,features.17,99,pruned_before,nan,0.000000e+00,0.000000e+00,0.0000,0.0000,0
81,features.17,100,pruned_before,nan,0.000000e+00,0.000000e+00,0.0000,0.0000,0
81,features.17,101,pruned_before,nan,0.000000e+00,0.000000e+00,0.0000,0.0000,0
81,features.17,102,pruned_before,nan,0.000000e+00,0.000000e+00,0.0000,0.0000,0
81,features.17,103,pruned_before,nan,0.000000e+00,0.000000e+00,0.0000,0.0000,0
81,features.17,104,active,-0.006718,3.386622e-07,1.707795e-06,0.0129,0.0076,489
81,features.17,105,pruned_before,nan,0.000000e+00,0.000000e+00,0.0000,0.0000,0
81,features.17,106,pruned_before,nan,0.000000e+00,0.000000e+00,0.0000,0.0000,0
81,features.17,107,pruned_before,nan,0.000000e+00,0.000000e+00,0.0000,0.0000,0
81,features.17,108,pruned_before,nan,0.000000e+00,0.000000e+00,0.0000,0.0000,0
81,features.17,109,active,-0.008795,4.258149e-07,1.888560e-06,0.0162,0.0085,489
81,features.17,110,pruned_before,nan,0.000000e+00,0.000000e+00,0.0000,0.0000,0
81,features.17,111,pruned_before,nan,0.000000e+00,0.000000e+00,0.0000,0.0000,0
81,features.17,112,pruned_before,nan,0.000000e+00,0.000000e+00,0.0000,0.0000,0
81,features.17,113,pruned_before,nan,0.000000e+00,0.000000e+00,0.0000,0.0000,0
81,features.17,114,pruned_before,nan,0.000000e+00,0.000000e+00,0.0000,0.0000,0
81,features.17,115,pruned_before,nan,0.000000e+00,0.000000e+00,0.0000,0.0000,0
81,features.17,116,active,-0.028987,1.212386e-06,2.437575e-06,0.0461,0.0109,489
81,features.17,117,pruned_before,nan,0.000000e+00,0.000000e+00,0.0000,0.0000,0
81,features.17,118,pruned_before,nan,0.000000e+00,0.000000e+00,0.0000,0.0000,0
81,features.17,119,pruned_before,nan,0.000000e+00,0.000000e+00,0.0000,0.0000,0
81,features.17,120,active,-0.002564,1.010714e-07,9.328454e-08,0.0038,0.0004,489
81,features.17,121,pruned_before,nan,0.000000e+00,0.000000e+00,0.0000,0.0000,0
81,features.17,122,pruned_before,nan,0.000000e+00,0.000000e+00,0.0000,0.0000,0
81,features.17,123,active,-0.001758,1.235939e-07,1.139907e-06,0.0047,0.0051,489
81,features.17,124,active,-0.019221,1.121231e-06,7.905384e-06,0.0426,0.0354,489
81,features.17,125,pruned_before,nan,0.000000e+00,0.000000e+00,0.0000,0.0000,0
81,features.17,126,pruned_before,nan,0.000000e+00,0.000000e+00,0.0000,0.0000,0
81,features.17,127,pruned_before,nan,0.000000e+00,0.000000e+00,0.0000,0.0000,0
81,features.17,128,pruned_before,nan,0.000000e+00,0.000000e+00,0.0000,0.0000,0
81,features.17,129,pruned_before,nan,0.000000e+00,0.000000e+00,0.0000,0.0000,0
81,features.17,130,active,-0.004524,1.753100e-07,1.045787e-07,0.0067,0.0005,489
81,features.17,131,pruned_before,nan,0.000000e+00,0.000000e+00,0.0000,0.0000,0
81,features.17,132,active,0.019425,6.120150e-07,2.659665e-05,0.0233,0.1190,489
81,features.17,133,pruned_before,nan,0.000000e+00,0.000000e+00,0.0000,0.0000,0
81,features.17,134,pruned_before,nan,0.000000e+00,0.000000e+00,0.0000,0.0000,0
81,features.17,135,pruned_before,nan,0.000000e+00,0.000000e+00,0.0000,0.0000,0
81,features.17,136,pruned_before,nan,0.000000e+00,0.000000e+00,0.0000,0.0000,0
81,features.17,137,pruned_before,nan,0.000000e+00,0.000000e+00,0.0000,0.0000,0
81,features.17,138,pruned_before,nan,0.000000e+00,0.000000e+00,0.0000,0.0000,0
81,features.17,139,active,-0.004514,1.841379e-07,2.873899e-07,0.0070,0.0013,489
81,features.17,140,pruned_before,nan,0.000000e+00,0.000000e+00,0.0000,0.0000,0
81,features.17,141,active,-0.012983,5.818384e-07,1.861537e-06,0.0221,0.0083,489
81,features.17,142,pruned_before,nan,0.000000e+00,0.000000e+00,0.0000,0.0000,0
81,features.17,143,pruned_before,nan,0.000000e+00,0.000000e+00,0.0000,0.0000,0
81,features.17,144,active,0.000452,9.031930e-08,2.126958e-06,0.0034,0.0095,489
81,features.17,145,active,-0.014005,5.539452e-07,5.473640e-07,0.0211,0.0024,489
81,features.17,146,active,-0.027020,1.172897e-06,3.120366e-06,0.0446,0.0140,489
81,features.17,147,pruned_before,nan,0.000000e+00,0.000000e+00,0.0000,0.0000,0
81,features.17,148,pruned_before,nan,0.000000e+00,0.000000e+00,0.0000,0.0000,0
81,features.17,149,pruned_before,nan,0.000000e+00,0.000000e+00,0.0000,0.0000,0
81,features.17,150,pruned_before,nan,0.000000e+00,0.000000e+00,0.0000,0.0000,0
81,features.17,151,pruned_before,nan,0.000000e+00,0.000000e+00,0.0000,0.0000,0
81,features.17,152,active,-0.000501,2.215850e-08,6.609126e-08,0.0008,0.0003,489
81,features.17,153,pruned_before,nan,0.000000e+00,0.000000e+00,0.0000,0.0000,0
81,features.17,154,pruned_before,nan,0.000000e+00,0.000000e+00,0.0000,0.0000,0
81,features.17,155,pruned_before,nan,0.000000e+00,0.000000e+00,0.0000,0.0000,0
81,features.17,156,pruned_before,nan,0.000000e+00,0.000000e+00,0.0000,0.0000,0
81,features.17,157,pruned_before,nan,0.000000e+00,0.000000e+00,0.0000,0.0000,0
81,features.17,158,active,-0.019271,9.066032e-07,3.614460e-06,0.0345,0.0162,489
81,features.17,159,pruned_before,nan,0.000000e+00,0.000000e+00,0.0000,0.0000,0
81,features.17,160,active,0.000745,8.571712e-08,2.253619e-06,0.0033,0.0101,489
81,features.17,161,pruned_before,nan,0.000000e+00,0.000000e+00,0.0000,0.0000,0
81,features.17,162,active,-0.003216,1.249063e-07,8.040352e-08,0.0047,0.0004,489
81,features.17,163,pruned_before,nan,0.000000e+00,0.000000e+00,0.0000,0.0000,0
81,features.17,164,active,-0.007714,3.484614e-07,1.160536e-06,0.0132,0.0052,489
81,features.17,165,pruned_now,-0.048797,2.070457e-06,4.689053e-06,0.0787,0.0210,489
81,features.17,166,active,-0.002970,1.318977e-07,4.021503e-07,0.0050,0.0018,489
81,features.17,167,pruned_before,nan,0.000000e+00,0.000000e+00,0.0000,0.0000,0
81,features.17,168,active,-0.003479,1.360068e-07,1.041226e-07,0.0052,0.0005,489
81,features.17,169,pruned_before,nan,0.000000e+00,0.000000e+00,0.0000,0.0000,0
81,features.17,170,pruned_before,nan,0.000000e+00,0.000000e+00,0.0000,0.0000,0
81,features.17,171,pruned_before,nan,0.000000e+00,0.000000e+00,0.0000,0.0000,0
81,features.17,172,active,0.000029,2.750504e-09,7.603613e-08,0.0001,0.0003,489
81,features.17,173,pruned_before,nan,0.000000e+00,0.000000e+00,0.0000,0.0000,0
81,features.17,174,pruned_before,nan,0.000000e+00,0.000000e+00,0.0000,0.0000,0
81,features.17,175,pruned_before,nan,0.000000e+00,0.000000e+00,0.0000,0.0000,0
81,features.17,176,pruned_before,nan,0.000000e+00,0.000000e+00,0.0000,0.0000,0
81,features.17,177,pruned_before,nan,0.000000e+00,0.000000e+00,0.0000,0.0000,0
81,features.17,178,pruned_before,nan,0.000000e+00,0.000000e+00,0.0000,0.0000,0
81,features.17,179,active,-0.002083,8.954672e-08,2.232633e-07,0.0034,0.0010,489
81,features.17,180,pruned_before,nan,0.000000e+00,0.000000e+00,0.0000,0.0000,0
81,features.17,181,active,0.000011,3.782016e-09,8.326036e-08,0.0001,0.0004,489
81,features.17,182,pruned_before,nan,0.000000e+00,0.000000e+00,0.0000,0.0000,0
81,features.17,183,pruned_before,nan,0.000000e+00,0.000000e+00,0.0000,0.0000,0
81,features.17,184,pruned_before,nan,0.000000e+00,0.000000e+00,0.0000,0.0000,0
81,features.17,185,pruned_before,nan,0.000000e+00,0.000000e+00,0.0000,0.0000,0
81,features.17,186,pruned_before,nan,0.000000e+00,0.000000e+00,0.0000,0.0000,0
81,features.17,187,pruned_before,nan,0.000000e+00,0.000000e+00,0.0000,0.0000,0
81,features.17,188,active,0.000093,1.428893e-08,3.521410e-07,0.0005,0.0016,489
81,features.17,189,pruned_before,nan,0.000000e+00,0.000000e+00,0.0000,0.0000,0
81,features.17,190,pruned_before,nan,0.000000e+00,0.000000e+00,0.0000,0.0000,0
81,features.17,191,pruned_before,nan,0.000000e+00,0.000000e+00,0.0000,0.0000,0
81,features.17,192,active,-0.002236,1.865225e-07,2.031071e-06,0.0071,0.0091,489
81,features.17,193,active,-0.009748,4.724540e-07,2.102652e-06,0.0180,0.0094,489
81,features.17,194,active,-0.001103,5.236033e-08,2.161681e-07,0.0020,0.0010,489
81,features.17,195,pruned_before,nan,0.000000e+00,0.000000e+00,0.0000,0.0000,0
81,features.17,196,active,-0.012414,6.440324e-07,3.517564e-06,0.0245,0.0157,489
81,features.17,197,pruned_before,nan,0.000000e+00,0.000000e+00,0.0000,0.0000,0
81,features.17,198,active,-0.001468,5.830421e-08,6.215288e-08,0.0022,0.0003,489
81,features.17,199,pruned_before,nan,0.000000e+00,0.000000e+00,0.0000,0.0000,0
81,features.17,200,pruned_before,nan,0.000000e+00,0.000000e+00,0.0000,0.0000,0
81,features.17,201,pruned_before,nan,0.000000e+00,0.000000e+00,0.0000,0.0000,0
81,features.17,202,active,0.002929,1.564254e-07,5.281383e-06,0.0059,0.0236,489
81,features.17,203,pruned_before,nan,0.000000e+00,0.000000e+00,0.0000,0.0000,0
81,features.17,204,active,-0.005733,2.203326e-07,9.684243e-08,0.0084,0.0004,489
81,features.17,205,pruned_before,nan,0.000000e+00,0.000000e+00,0.0000,0.0000,0
81,features.17,206,pruned_before,nan,0.000000e+00,0.000000e+00,0.0000,0.0000,0
81,features.17,207,pruned_before,nan,0.000000e+00,0.000000e+00,0.0000,0.0000,0
81,features.17,208,active,-0.013314,8.310244e-07,6.552996e-06,0.0316,0.0293,489
81,features.17,209,active,-0.006850,3.215362e-07,1.270722e-06,0.0122,0.0057,489
81,features.17,210,pruned_before,nan,0.000000e+00,0.000000e+00,0.0000,0.0000,0
81,features.17,211,pruned_before,nan,0.000000e+00,0.000000e+00,0.0000,0.0000,0
81,features.17,212,pruned_before,nan,0.000000e+00,0.000000e+00,0.0000,0.0000,0
81,features.17,213,pruned_before,nan,0.000000e+00,0.000000e+00,0.0000,0.0000,0
81,features.17,214,pruned_before,nan,0.000000e+00,0.000000e+00,0.0000,0.0000,0
81,features.17,215,active,-0.014894,1.035157e-06,9.421891e-06,0.0393,0.0422,489
81,features.17,216,pruned_before,nan,0.000000e+00,0.000000e+00,0.0000,0.0000,0
81,features.17,217,pruned_before,nan,0.000000e+00,0.000000e+00,0.0000,0.0000,0
81,features.17,218,pruned_before,nan,0.000000e+00,0.000000e+00,0.0000,0.0000,0
81,features.17,219,active,-0.002621,1.173171e-07,3.727576e-07,0.0045,0.0017,489
81,features.17,220,active,-0.012263,4.693317e-07,1.680325e-07,0.0178,0.0008,489
81,features.17,221,pruned_before,nan,0.000000e+00,0.000000e+00,0.0000,0.0000,0
81,features.17,222,pruned_before,nan,0.000000e+00,0.000000e+00,0.0000,0.0000,0
81,features.17,223,pruned_before,nan,0.000000e+00,0.000000e+00,0.0000,0.0000,0
81,features.17,224,pruned_before,nan,0.000000e+00,0.000000e+00,0.0000,0.0000,0
81,features.17,225,active,0.000031,2.129451e-09,6.527230e-08,0.0001,0.0003,489
81,features.17,226,active,-0.006111,2.385927e-07,1.772394e-07,0.0091,0.0008,489
81,features.17,227,pruned_before,nan,0.000000e+00,0.000000e+00,0.0000,0.0000,0
81,features.17,228,pruned_before,nan,0.000000e+00,0.000000e+00,0.0000,0.0000,0
81,features.17,229,pruned_before,nan,0.000000e+00,0.000000e+00,0.0000,0.0000,0
81,features.17,230,pruned_before,nan,0.000000e+00,0.000000e+00,0.0000,0.0000,0
81,features.17,231,pruned_before,nan,0.000000e+00,0.000000e+00,0.0000,0.0000,0
81,features.17,232,active,-0.003420,1.740425e-07,9.019199e-07,0.0066,0.0040,489
81,features.17,233,pruned_before,nan,0.000000e+00,0.000000e+00,0.0000,0.0000,0
81,features.17,234,pruned_before,nan,0.000000e+00,0.000000e+00,0.0000,0.0000,0
81,features.17,235,pruned_before,nan,0.000000e+00,0.000000e+00,0.0000,0.0000,0
81,features.17,236,active,0.023899,6.172409e-07,3.003313e-05,0.0235,0.1344,489
81,features.17,237,pruned_before,nan,0.000000e+00,0.000000e+00,0.0000,0.0000,0
81,features.17,238,active,0.003298,8.057710e-08,4.053460e-06,0.0031,0.0181,489
81,features.17,239,active,-0.011037,4.243410e-07,1.890812e-07,0.0161,0.0008,489
81,features.17,240,pruned_before,nan,0.000000e+00,0.000000e+00,0.0000,0.0000,0
81,features.17,241,active,-0.006772,2.696533e-07,3.004192e-07,0.0103,0.0013,489
81,features.17,242,pruned_before,nan,0.000000e+00,0.000000e+00,0.0000,0.0000,0
81,features.17,243,active,-0.003409,1.570015e-07,5.725834e-07,0.0060,0.0026,489
81,features.17,244,pruned_before,nan,0.000000e+00,0.000000e+00,0.0000,0.0000,0
81,features.17,245,pruned_before,nan,0.000000e+00,0.000000e+00,0.0000,0.0000,0
81,features.17,246,pruned_before,nan,0.000000e+00,0.000000e+00,0.0000,0.0000,0
81,features.17,247,active,-0.009656,3.781033e-07,3.012641e-07,0.0144,0.0013,489
81,features.17,248,pruned_before,nan,0.000000e+00,0.000000e+00,0.0000,0.0000,0
81,features.17,249,pruned_before,nan,0.000000e+00,0.000000e+00,0.0000,0.0000,0
81,features.17,250,active,0.000528,7.300898e-08,1.839987e-06,0.0028,0.0082,489
81,features.17,251,pruned_before,nan,0.000000e+00,0.000000e+00,0.0000,0.0000,0
81,features.17,252,active,-0.000939,4.064758e-08,1.061644e-07,0.0015,0.0005,489
81,features.17,253,active,-0.003613,1.643762e-07,5.663312e-07,0.0062,0.0025,489
81,features.17,254,active,-0.003683,1.420953e-07,7.277404e-08,0.0054,0.0003,489
81,features.17,255,pruned_before,nan,0.000000e+00,0.000000e+00,0.0000,0.0000,0
81,features.17,256,pruned_before,nan,0.000000e+00,0.000000e+00,0.0000,0.0000,0
81,features.17,257,pruned_before,nan,0.000000e+00,0.000000e+00,0.0000,0.0000,0
81,features.17,258,active,-0.000044,9.197721e-09,1.497640e-07,0.0003,0.0007,489
81,features.17,259,active,0.001152,1.019539e-07,2.878720e-06,0.0039,0.0129,489
81,features.17,260,pruned_before,nan,0.000000e+00,0.000000e+00,0.0000,0.0000,0
81,features.17,261,active,-0.001184,9.663258e-08,1.033610e-06,0.0037,0.0046,489
81,features.17,262,pruned_before,nan,0.000000e+00,0.000000e+00,0.0000,0.0000,0
81,features.17,263,active,-0.028565,1.167889e-06,1.870309e-06,0.0444,0.0084,489
81,features.17,264,active,-0.028954,1.142125e-06,1.069993e-06,0.0434,0.0048,489
81,features.17,265,pruned_before,nan,0.000000e+00,0.000000e+00,0.0000,0.0000,0
81,features.17,266,active,-0.002863,8.975803e-07,1.565607e-05,0.0341,0.0701,489
81,features.17,267,pruned_before,nan,0.000000e+00,0.000000e+00,0.0000,0.0000,0
81,features.17,268,active,0.000481,3.475202e-08,1.047328e-06,0.0013,0.0047,489
81,features.17,269,active,0.013056,4.714153e-07,1.906689e-05,0.0179,0.0853,489
81,features.17,270,pruned_before,nan,0.000000e+00,0.000000e+00,0.0000,0.0000,0
81,features.17,271,pruned_before,nan,0.000000e+00,0.000000e+00,0.0000,0.0000,0
81,features.17,272,pruned_before,nan,0.000000e+00,0.000000e+00,0.0000,0.0000,0
81,features.17,273,pruned_before,nan,0.000000e+00,0.000000e+00,0.0000,0.0000,0
81,features.17,274,active,-0.020667,9.461783e-07,3.358819e-06,0.0360,0.0150,489
81,features.17,275,pruned_before,nan,0.000000e+00,0.000000e+00,0.0000,0.0000,0
81,features.17,276,active,-0.000074,7.595562e-09,9.545505e-08,0.0003,0.0004,489
81,features.17,277,pruned_before,nan,0.000000e+00,0.000000e+00,0.0000,0.0000,0
81,features.17,278,pruned_before,nan,0.000000e+00,0.000000e+00,0.0000,0.0000,0
81,features.17,279,pruned_before,nan,0.000000e+00,0.000000e+00,0.0000,0.0000,0
81,features.17,280,pruned_before,nan,0.000000e+00,0.000000e+00,0.0000,0.0000,0
81,features.17,281,pruned_before,nan,0.000000e+00,0.000000e+00,0.0000,0.0000,0
81,features.17,282,pruned_before,nan,0.000000e+00,0.000000e+00,0.0000,0.0000,0
81,features.17,283,pruned_before,nan,0.000000e+00,0.000000e+00,0.0000,0.0000,0
81,features.17,284,active,-0.009410,4.335224e-07,1.583145e-06,0.0165,0.0071,489
81,features.17,285,pruned_now,-0.043205,1.828730e-06,4.063266e-06,0.0695,0.0182,489
81,features.17,286,pruned_before,nan,0.000000e+00,0.000000e+00,0.0000,0.0000,0
81,features.17,287,active,0.001206,1.329328e-07,3.532452e-06,0.0051,0.0158,489
81,features.17,288,active,-0.003536,1.440733e-07,2.213633e-07,0.0055,0.0010,489
81,features.17,289,active,-0.005774,2.727404e-07,1.104479e-06,0.0104,0.0049,489
81,features.17,290,pruned_before,nan,0.000000e+00,0.000000e+00,0.0000,0.0000,0
81,features.17,291,active,-0.006681,2.753094e-07,4.798055e-07,0.0105,0.0021,489
81,features.17,292,pruned_before,nan,0.000000e+00,0.000000e+00,0.0000,0.0000,0
81,features.17,293,active,-0.000000,2.226737e-08,4.411534e-07,0.0008,0.0020,489
81,features.17,294,pruned_before,nan,0.000000e+00,0.000000e+00,0.0000,0.0000,0
81,features.17,295,active,-0.000537,4.182002e-08,4.285334e-07,0.0016,0.0019,489
81,features.17,296,active,-0.017924,6.928933e-07,3.821065e-07,0.0263,0.0017,489
81,features.17,297,pruned_before,nan,0.000000e+00,0.000000e+00,0.0000,0.0000,0
81,features.17,298,pruned_before,nan,0.000000e+00,0.000000e+00,0.0000,0.0000,0
81,features.17,299,active,-0.003517,1.662701e-07,6.755650e-07,0.0063,0.0030,489
81,features.17,300,pruned_before,nan,0.000000e+00,0.000000e+00,0.0000,0.0000,0
81,features.17,301,pruned_before,nan,0.000000e+00,0.000000e+00,0.0000,0.0000,0
81,features.17,302,pruned_before,nan,0.000000e+00,0.000000e+00,0.0000,0.0000,0
81,features.17,303,pruned_before,nan,0.000000e+00,0.000000e+00,0.0000,0.0000,0
81,features.17,304,pruned_before,nan,0.000000e+00,0.000000e+00,0.0000,0.0000,0
81,features.17,305,active,-0.000254,3.068845e-08,4.187287e-07,0.0012,0.0019,489
81,features.17,306,pruned_before,nan,0.000000e+00,0.000000e+00,0.0000,0.0000,0
81,features.17,307,pruned_before,nan,0.000000e+00,0.000000e+00,0.0000,0.0000,0
81,features.17,308,pruned_before,nan,0.000000e+00,0.000000e+00,0.0000,0.0000,0
81,features.17,309,active,-0.000905,4.076421e-08,1.337553e-07,0.0015,0.0006,489
81,features.17,310,active,0.019546,9.606275e-07,3.359619e-05,0.0365,0.1504,489
81,features.17,311,active,-0.004613,1.767630e-07,6.760628e-08,0.0067,0.0003,489
81,features.17,312,pruned_before,nan,0.000000e+00,0.000000e+00,0.0000,0.0000,0
81,features.17,313,active,-0.012988,5.751751e-07,1.725402e-06,0.0219,0.0077,489
81,features.17,314,active,-0.009734,3.835544e-07,3.517891e-07,0.0146,0.0016,489
81,features.17,315,pruned_before,nan,0.000000e+00,0.000000e+00,0.0000,0.0000,0
81,features.17,316,active,-0.005934,2.480717e-07,4.963509e-07,0.0094,0.0022,489
81,features.17,317,pruned_before,nan,0.000000e+00,0.000000e+00,0.0000,0.0000,0
81,features.17,318,pruned_before,nan,0.000000e+00,0.000000e+00,0.0000,0.0000,0
81,features.17,319,pruned_before,nan,0.000000e+00,0.000000e+00,0.0000,0.0000,0
81,features.17,320,pruned_before,nan,0.000000e+00,0.000000e+00,0.0000,0.0000,0
81,features.17,321,pruned_before,nan,0.000000e+00,0.000000e+00,0.0000,0.0000,0
81,features.17,322,pruned_before,nan,0.000000e+00,0.000000e+00,0.0000,0.0000,0
81,features.17,323,active,-0.007125,2.970562e-07,5.805033e-07,0.0113,0.0026,489
81,features.17,324,pruned_before,nan,0.000000e+00,0.000000e+00,0.0000,0.0000,0
81,features.17,325,active,-0.011225,4.429766e-07,4.183661e-07,0.0168,0.0019,489
81,features.17,326,pruned_before,nan,0.000000e+00,0.000000e+00,0.0000,0.0000,0
81,features.17,327,pruned_now,-0.068858,2.697610e-06,2.176381e-06,0.1025,0.0097,489
81,features.17,328,pruned_before,nan,0.000000e+00,0.000000e+00,0.0000,0.0000,0
81,features.17,329,pruned_before,nan,0.000000e+00,0.000000e+00,0.0000,0.0000,0
81,features.17,330,pruned_before,nan,0.000000e+00,0.000000e+00,0.0000,0.0000,0
81,features.17,331,active,-0.019291,1.005444e-06,5.558469e-06,0.0382,0.0249,489
81,features.17,332,pruned_before,nan,0.000000e+00,0.000000e+00,0.0000,0.0000,0
81,features.17,333,active,-0.002994,1.200540e-07,1.491050e-07,0.0046,0.0007,489
81,features.17,334,active,-0.032878,1.647847e-06,8.169840e-06,0.0626,0.0366,489
81,features.17,335,pruned_before,nan,0.000000e+00,0.000000e+00,0.0000,0.0000,0
81,features.17,336,active,-0.036347,1.632341e-06,5.278986e-06,0.0620,0.0236,489
81,features.17,337,pruned_before,nan,0.000000e+00,0.000000e+00,0.0000,0.0000,0
81,features.17,338,pruned_before,nan,0.000000e+00,0.000000e+00,0.0000,0.0000,0
81,features.17,339,active,-0.000041,5.015037e-08,9.637170e-07,0.0019,0.0043,489
81,features.17,340,active,-0.004780,2.111647e-07,6.248622e-07,0.0080,0.0028,489
81,features.17,341,active,-0.002824,1.454267e-07,7.786334e-07,0.0055,0.0035,489
81,features.17,342,active,-0.022602,9.903591e-07,2.793262e-06,0.0376,0.0125,489
81,features.17,343,active,-0.019992,9.004831e-07,2.956012e-06,0.0342,0.0132,489
81,features.17,344,active,-0.019265,7.487773e-07,4.909822e-07,0.0285,0.0022,489
81,features.17,345,pruned_before,nan,0.000000e+00,0.000000e+00,0.0000,0.0000,0
81,features.17,346,pruned_before,nan,0.000000e+00,0.000000e+00,0.0000,0.0000,0
81,features.17,347,active,-0.016568,6.517124e-07,5.760045e-07,0.0248,0.0026,489
81,features.17,348,active,-0.003064,2.051214e-07,1.783449e-06,0.0078,0.0080,489
81,features.17,349,pruned_before,nan,0.000000e+00,0.000000e+00,0.0000,0.0000,0
81,features.17,350,active,-0.000394,2.498210e-07,4.657947e-06,0.0095,0.0208,489
81,features.17,351,active,-0.008238,3.460086e-07,7.215321e-07,0.0132,0.0032,489
81,features.17,352,pruned_before,nan,0.000000e+00,0.000000e+00,0.0000,0.0000,0
81,features.17,353,pruned_before,nan,0.000000e+00,0.000000e+00,0.0000,0.0000,0
81,features.17,354,active,-0.001039,4.894767e-08,1.959066e-07,0.0019,0.0009,489
81,features.17,355,pruned_before,nan,0.000000e+00,0.000000e+00,0.0000,0.0000,0
81,features.17,356,pruned_before,nan,0.000000e+00,0.000000e+00,0.0000,0.0000,0
81,features.17,357,pruned_before,nan,0.000000e+00,0.000000e+00,0.0000,0.0000,0
81,features.17,358,pruned_before,nan,0.000000e+00,0.000000e+00,0.0000,0.0000,0
81,features.17,359,pruned_before,nan,0.000000e+00,0.000000e+00,0.0000,0.0000,0
81,features.17,360,pruned_before,nan,0.000000e+00,0.000000e+00,0.0000,0.0000,0
81,features.17,361,active,0.000215,3.176907e-08,7.894939e-07,0.0012,0.0035,489
81,features.17,362,pruned_before,nan,0.000000e+00,0.000000e+00,0.0000,0.0000,0
81,features.17,363,pruned_before,nan,0.000000e+00,0.000000e+00,0.0000,0.0000,0
81,features.17,364,pruned_before,nan,0.000000e+00,0.000000e+00,0.0000,0.0000,0
81,features.17,365,active,-0.033933,1.330273e-06,1.090353e-06,0.0506,0.0049,489
81,features.17,366,pruned_before,nan,0.000000e+00,0.000000e+00,0.0000,0.0000,0
81,features.17,367,pruned_before,nan,0.000000e+00,0.000000e+00,0.0000,0.0000,0
81,features.17,368,pruned_before,nan,0.000000e+00,0.000000e+00,0.0000,0.0000,0
81,features.17,369,active,-0.001021,4.787444e-08,1.884280e-07,0.0018,0.0008,489
81,features.17,370,active,0.052642,4.036514e-07,4.720804e-05,0.0153,0.2113,489
81,features.17,371,pruned_before,nan,0.000000e+00,0.000000e+00,0.0000,0.0000,0
81,features.17,372,pruned_before,nan,0.000000e+00,0.000000e+00,0.0000,0.0000,0
81,features.17,373,pruned_before,nan,0.000000e+00,0.000000e+00,0.0000,0.0000,0
81,features.17,374,pruned_before,nan,0.000000e+00,0.000000e+00,0.0000,0.0000,0
81,features.17,375,pruned_before,nan,0.000000e+00,0.000000e+00,0.0000,0.0000,0
81,features.17,376,pruned_before,nan,0.000000e+00,0.000000e+00,0.0000,0.0000,0
81,features.17,377,pruned_before,nan,0.000000e+00,0.000000e+00,0.0000,0.0000,0
81,features.17,378,pruned_before,nan,0.000000e+00,0.000000e+00,0.0000,0.0000,0
81,features.17,379,active,-0.000107,5.561758e-08,1.022815e-06,0.0021,0.0046,489
81,features.17,380,pruned_before,nan,0.000000e+00,0.000000e+00,0.0000,0.0000,0
81,features.17,381,active,-0.006074,3.491804e-07,2.395991e-06,0.0133,0.0107,489
81,features.17,382,pruned_before,nan,0.000000e+00,0.000000e+00,0.0000,0.0000,0
81,features.17,383,active,-0.007874,3.131717e-07,3.423157e-07,0.0119,0.0015,489
81,features.17,384,active,-0.003195,1.550686e-07,6.938761e-07,0.0059,0.0031,489
81,features.17,385,pruned_before,nan,0.000000e+00,0.000000e+00,0.0000,0.0000,0
81,features.17,386,pruned_before,nan,0.000000e+00,0.000000e+00,0.0000,0.0000,0
81,features.17,387,pruned_before,nan,0.000000e+00,0.000000e+00,0.0000,0.0000,0
81,features.17,388,pruned_before,nan,0.000000e+00,0.000000e+00,0.0000,0.0000,0
81,features.17,389,pruned_before,nan,0.000000e+00,0.000000e+00,0.0000,0.0000,0
81,features.17,390,active,-0.024676,1.061863e-06,2.665741e-06,0.0404,0.0119,489
81,features.17,391,active,-0.002299,9.872979e-08,2.443450e-07,0.0038,0.0011,489
81,features.17,392,active,-0.002863,1.123722e-07,9.479020e-08,0.0043,0.0004,489
81,features.17,393,active,-0.000409,3.853408e-08,4.590602e-07,0.0015,0.0021,489
81,features.17,394,pruned_before,nan,0.000000e+00,0.000000e+00,0.0000,0.0000,0
81,features.17,395,active,0.000204,6.047564e-08,1.350788e-06,0.0023,0.0060,489
81,features.17,396,pruned_before,nan,0.000000e+00,0.000000e+00,0.0000,0.0000,0
81,features.17,397,pruned_before,nan,0.000000e+00,0.000000e+00,0.0000,0.0000,0
81,features.17,398,active,-0.002088,8.138502e-08,5.785016e-08,0.0031,0.0003,489
81,features.17,399,pruned_before,nan,0.000000e+00,0.000000e+00,0.0000,0.0000,0
81,features.17,400,active,-0.026848,1.083958e-06,1.485708e-06,0.0412,0.0066,489
81,features.17,401,pruned_before,nan,0.000000e+00,0.000000e+00,0.0000,0.0000,0
81,features.17,402,pruned_before,nan,0.000000e+00,0.000000e+00,0.0000,0.0000,0
81,features.17,403,active,-0.005767,2.312367e-07,2.878159e-07,0.0088,0.0013,489
81,features.17,404,pruned_before,nan,0.000000e+00,0.000000e+00,0.0000,0.0000,0
81,features.17,405,active,-0.021666,1.049245e-06,4.657668e-06,0.0399,0.0208,489
81,features.17,406,pruned_before,nan,0.000000e+00,0.000000e+00,0.0000,0.0000,0
81,features.17,407,pruned_before,nan,0.000000e+00,0.000000e+00,0.0000,0.0000,0
81,features.17,408,pruned_before,nan,0.000000e+00,0.000000e+00,0.0000,0.0000,0
81,features.17,409,pruned_before,nan,0.000000e+00,0.000000e+00,0.0000,0.0000,0
81,features.17,410,pruned_before,nan,0.000000e+00,0.000000e+00,0.0000,0.0000,0
81,features.17,411,active,-0.005886,3.193454e-07,1.945295e-06,0.0121,0.0087,489
81,features.17,412,pruned_before,nan,0.000000e+00,0.000000e+00,0.0000,0.0000,0
81,features.17,413,active,0.000071,1.065260e-07,2.164398e-06,0.0040,0.0097,489
81,features.17,414,active,-0.001376,5.446108e-08,5.431514e-08,0.0021,0.0002,489
81,features.17,415,pruned_before,nan,0.000000e+00,0.000000e+00,0.0000,0.0000,0
81,features.17,416,pruned_before,nan,0.000000e+00,0.000000e+00,0.0000,0.0000,0
81,features.17,417,pruned_before,nan,0.000000e+00,0.000000e+00,0.0000,0.0000,0
81,features.17,418,pruned_before,nan,0.000000e+00,0.000000e+00,0.0000,0.0000,0
81,features.17,419,pruned_before,nan,0.000000e+00,0.000000e+00,0.0000,0.0000,0
81,features.17,420,pruned_before,nan,0.000000e+00,0.000000e+00,0.0000,0.0000,0
81,features.17,421,active,-0.005105,1.982832e-07,1.271320e-07,0.0075,0.0006,489
81,features.17,422,pruned_before,nan,0.000000e+00,0.000000e+00,0.0000,0.0000,0
81,features.17,423,pruned_before,nan,0.000000e+00,0.000000e+00,0.0000,0.0000,0
81,features.17,424,pruned_before,nan,0.000000e+00,0.000000e+00,0.0000,0.0000,0
81,features.17,425,pruned_before,nan,0.000000e+00,0.000000e+00,0.0000,0.0000,0
81,features.17,426,pruned_before,nan,0.000000e+00,0.000000e+00,0.0000,0.0000,0
81,features.17,427,active,-0.000447,2.127005e-08,8.836430e-08,0.0008,0.0004,489
81,features.17,428,pruned_before,nan,0.000000e+00,0.000000e+00,0.0000,0.0000,0
81,features.17,429,pruned_before,nan,0.000000e+00,0.000000e+00,0.0000,0.0000,0
81,features.17,430,active,-0.016741,1.280376e-06,1.290650e-05,0.0487,0.0578,489
81,features.17,431,pruned_before,nan,0.000000e+00,0.000000e+00,0.0000,0.0000,0
81,features.17,432,pruned_before,nan,0.000000e+00,0.000000e+00,0.0000,0.0000,0
81,features.17,433,pruned_before,nan,0.000000e+00,0.000000e+00,0.0000,0.0000,0
81,features.17,434,active,0.000112,4.887098e-08,1.052334e-06,0.0019,0.0047,489
81,features.17,435,pruned_before,nan,0.000000e+00,0.000000e+00,0.0000,0.0000,0
81,features.17,436,pruned_before,nan,0.000000e+00,0.000000e+00,0.0000,0.0000,0
81,features.17,437,active,0.014169,4.332021e-07,1.913852e-05,0.0165,0.0857,489
81,features.17,438,pruned_before,nan,0.000000e+00,0.000000e+00,0.0000,0.0000,0
81,features.17,439,active,-0.013098,6.042041e-07,2.219160e-06,0.0230,0.0099,489
81,features.17,440,active,-0.001640,1.866944e-07,2.478175e-06,0.0071,0.0111,489
81,features.17,441,pruned_before,nan,0.000000e+00,0.000000e+00,0.0000,0.0000,0
81,features.17,442,active,-0.011504,5.881510e-07,3.087728e-06,0.0224,0.0138,489
81,features.17,443,active,-0.018585,1.330802e-06,1.253231e-05,0.0506,0.0561,489
81,features.17,444,pruned_before,nan,0.000000e+00,0.000000e+00,0.0000,0.0000,0
81,features.17,445,pruned_before,nan,0.000000e+00,0.000000e+00,0.0000,0.0000,0
81,features.17,446,active,-0.006931,1.168436e-06,1.799424e-05,0.0444,0.0805,489
81,features.17,447,pruned_before,nan,0.000000e+00,0.000000e+00,0.0000,0.0000,0
81,features.17,448,active,0.005489,2.178228e-06,4.725696e-05,0.0828,0.2115,489
81,features.17,449,active,-0.011835,4.842246e-07,7.817045e-07,0.0184,0.0035,489
81,features.17,450,active,-0.002163,1.038507e-07,4.472546e-07,0.0039,0.0020,489
81,features.17,451,active,-0.003974,2.011029e-07,1.025796e-06,0.0076,0.0046,489
81,features.17,452,pruned_before,nan,0.000000e+00,0.000000e+00,0.0000,0.0000,0
81,features.17,453,pruned_before,nan,0.000000e+00,0.000000e+00,0.0000,0.0000,0
81,features.17,454,pruned_before,nan,0.000000e+00,0.000000e+00,0.0000,0.0000,0
81,features.17,455,pruned_before,nan,0.000000e+00,0.000000e+00,0.0000,0.0000,0
81,features.17,456,active,-0.011742,5.770016e-07,2.689664e-06,0.0219,0.0120,489
81,features.17,457,pruned_before,nan,0.000000e+00,0.000000e+00,0.0000,0.0000,0
81,features.17,458,pruned_before,nan,0.000000e+00,0.000000e+00,0.0000,0.0000,0
81,features.17,459,pruned_before,nan,0.000000e+00,0.000000e+00,0.0000,0.0000,0
81,features.17,460,pruned_before,nan,0.000000e+00,0.000000e+00,0.0000,0.0000,0
81,features.17,461,pruned_before,nan,0.000000e+00,0.000000e+00,0.0000,0.0000,0
81,features.17,462,active,-0.007164,2.724281e-07,6.365518e-08,0.0104,0.0003,489
81,features.17,463,pruned_before,nan,0.000000e+00,0.000000e+00,0.0000,0.0000,0
81,features.17,464,pruned_before,nan,0.000000e+00,0.000000e+00,0.0000,0.0000,0
81,features.17,465,pruned_before,nan,0.000000e+00,0.000000e+00,0.0000,0.0000,0
81,features.17,466,pruned_before,nan,0.000000e+00,0.000000e+00,0.0000,0.0000,0
81,features.17,467,active,-0.002137,1.411920e-07,1.206359e-06,0.0054,0.0054,489
81,features.17,468,active,-0.018251,7.493675e-07,1.257684e-06,0.0285,0.0056,489
81,features.17,469,active,-0.025320,9.645454e-07,2.570839e-07,0.0367,0.0012,489
81,features.17,470,pruned_before,nan,0.000000e+00,0.000000e+00,0.0000,0.0000,0
81,features.17,471,active,0.000185,5.397365e-08,1.207773e-06,0.0021,0.0054,489
81,features.17,472,active,-0.031344,1.291987e-06,2.259981e-06,0.0491,0.0101,489
81,features.17,473,active,-0.007614,3.635493e-07,1.534158e-06,0.0138,0.0069,489
81,features.17,474,pruned_before,nan,0.000000e+00,0.000000e+00,0.0000,0.0000,0
81,features.17,475,pruned_before,nan,0.000000e+00,0.000000e+00,0.0000,0.0000,0
81,features.17,476,active,-0.020909,1.017235e-06,4.586871e-06,0.0387,0.0205,489
81,features.17,477,pruned_before,nan,0.000000e+00,0.000000e+00,0.0000,0.0000,0
81,features.17,478,pruned_before,nan,0.000000e+00,0.000000e+00,0.0000,0.0000,0
81,features.17,479,active,-0.002447,9.639268e-08,8.807970e-08,0.0037,0.0004,489
81,features.17,480,pruned_before,nan,0.000000e+00,0.000000e+00,0.0000,0.0000,0
81,features.17,481,pruned_before,nan,0.000000e+00,0.000000e+00,0.0000,0.0000,0
81,features.17,482,pruned_before,nan,0.000000e+00,0.000000e+00,0.0000,0.0000,0
81,features.17,483,pruned_before,nan,0.000000e+00,0.000000e+00,0.0000,0.0000,0
81,features.17,484,pruned_before,nan,0.000000e+00,0.000000e+00,0.0000,0.0000,0
81,features.17,485,pruned_before,nan,0.000000e+00,0.000000e+00,0.0000,0.0000,0
81,features.17,486,pruned_before,nan,0.000000e+00,0.000000e+00,0.0000,0.0000,0
81,features.17,487,pruned_before,nan,0.000000e+00,0.000000e+00,0.0000,0.0000,0
81,features.17,488,pruned_before,nan,0.000000e+00,0.000000e+00,0.0000,0.0000,0
81,features.17,489,active,-0.013044,4.942378e-07,7.985226e-08,0.0188,0.0004,489
81,features.17,490,pruned_before,nan,0.000000e+00,0.000000e+00,0.0000,0.0000,0
81,features.17,491,pruned_before,nan,0.000000e+00,0.000000e+00,0.0000,0.0000,0
81,features.17,492,active,-0.002688,1.349958e-07,6.732478e-07,0.0051,0.0030,489
81,features.17,493,pruned_before,nan,0.000000e+00,0.000000e+00,0.0000,0.0000,0
81,features.17,494,pruned_now,-0.037612,1.474953e-06,1.217721e-06,0.0561,0.0054,489
81,features.17,495,pruned_before,nan,0.000000e+00,0.000000e+00,0.0000,0.0000,0
81,features.17,496,active,-0.005409,2.196162e-07,3.237952e-07,0.0083,0.0014,489
81,features.17,497,pruned_before,nan,0.000000e+00,0.000000e+00,0.0000,0.0000,0
81,features.17,498,active,0.011321,2.419771e-07,1.322742e-05,0.0092,0.0592,489
81,features.17,499,pruned_before,nan,0.000000e+00,0.000000e+00,0.0000,0.0000,0
81,features.17,500,pruned_before,nan,0.000000e+00,0.000000e+00,0.0000,0.0000,0
81,features.17,501,pruned_before,nan,0.000000e+00,0.000000e+00,0.0000,0.0000,0
81,features.17,502,active,-0.014468,6.868173e-07,2.835915e-06,0.0261,0.0127,489
81,features.17,503,pruned_before,nan,0.000000e+00,0.000000e+00,0.0000,0.0000,0
81,features.17,504,active,-0.003012,1.321243e-07,3.748113e-07,0.0050,0.0017,489
81,features.17,505,pruned_before,nan,0.000000e+00,0.000000e+00,0.0000,0.0000,0
81,features.17,506,active,-0.003077,1.727153e-07,1.131492e-06,0.0066,0.0051,489
81,features.17,507,pruned_before,nan,0.000000e+00,0.000000e+00,0.0000,0.0000,0
81,features.17,508,pruned_before,nan,0.000000e+00,0.000000e+00,0.0000,0.0000,0
81,features.17,509,active,-0.002893,1.538045e-07,8.935936e-07,0.0058,0.0040,489
81,features.17,510,pruned_before,nan,0.000000e+00,0.000000e+00,0.0000,0.0000,0
81,features.17,511,pruned_before,nan,0.000000e+00,0.000000e+00,0.0000,0.0000,0
81,features.17,512,pruned_before,nan,0.000000e+00,0.000000e+00,0.0000,0.0000,0
81,features.17,513,pruned_before,nan,0.000000e+00,0.000000e+00,0.0000,0.0000,0
81,features.17,514,pruned_before,nan,0.000000e+00,0.000000e+00,0.0000,0.0000,0
81,features.17,515,active,-0.002885,1.628179e-07,1.078128e-06,0.0062,0.0048,489
81,features.17,516,active,0.000150,1.866403e-08,4.818939e-07,0.0007,0.0022,489
81,features.17,517,pruned_now,-0.041983,3.563375e-06,3.935132e-05,0.1355,0.1761,489
81,features.17,518,pruned_before,nan,0.000000e+00,0.000000e+00,0.0000,0.0000,0
81,features.17,519,pruned_before,nan,0.000000e+00,0.000000e+00,0.0000,0.0000,0
81,features.17,520,active,-0.004755,2.208395e-07,8.349691e-07,0.0084,0.0037,489
81,features.17,521,pruned_before,nan,0.000000e+00,0.000000e+00,0.0000,0.0000,0
81,features.17,522,pruned_before,nan,0.000000e+00,0.000000e+00,0.0000,0.0000,0
81,features.17,523,pruned_before,nan,0.000000e+00,0.000000e+00,0.0000,0.0000,0
81,features.17,524,active,-0.001422,6.265862e-08,1.830129e-07,0.0024,0.0008,489
81,features.17,525,pruned_before,nan,0.000000e+00,0.000000e+00,0.0000,0.0000,0
81,features.17,526,pruned_before,nan,0.000000e+00,0.000000e+00,0.0000,0.0000,0
81,features.17,527,pruned_before,nan,0.000000e+00,0.000000e+00,0.0000,0.0000,0
81,features.17,528,pruned_before,nan,0.000000e+00,0.000000e+00,0.0000,0.0000,0
81,features.17,529,pruned_before,nan,0.000000e+00,0.000000e+00,0.0000,0.0000,0
81,features.17,530,pruned_before,nan,0.000000e+00,0.000000e+00,0.0000,0.0000,0
81,features.17,531,active,-0.000150,6.691863e-09,2.095654e-08,0.0003,0.0001,489
81,features.17,532,active,-0.004803,1.824777e-07,3.883276e-08,0.0069,0.0002,489
81,features.17,533,active,-0.002158,1.355016e-07,1.078113e-06,0.0052,0.0048,489
81,features.17,534,pruned_before,nan,0.000000e+00,0.000000e+00,0.0000,0.0000,0
81,features.17,535,pruned_before,nan,0.000000e+00,0.000000e+00,0.0000,0.0000,0
81,features.17,536,pruned_before,nan,0.000000e+00,0.000000e+00,0.0000,0.0000,0
81,features.17,537,pruned_before,nan,0.000000e+00,0.000000e+00,0.0000,0.0000,0
81,features.17,538,pruned_before,nan,0.000000e+00,0.000000e+00,0.0000,0.0000,0
81,features.17,539,active,-0.008413,3.317769e-07,3.093942e-07,0.0126,0.0014,489
81,features.17,540,active,-0.012207,7.086586e-07,4.952893e-06,0.0269,0.0222,489
81,features.17,541,pruned_before,nan,0.000000e+00,0.000000e+00,0.0000,0.0000,0
81,features.17,542,active,-0.001719,5.943527e-07,1.049902e-05,0.0226,0.0470,489
81,features.17,543,active,-0.021275,8.079923e-07,1.675107e-07,0.0307,0.0007,489
81,features.17,544,pruned_before,nan,0.000000e+00,0.000000e+00,0.0000,0.0000,0
81,features.17,545,pruned_before,nan,0.000000e+00,0.000000e+00,0.0000,0.0000,0
81,features.17,546,active,-0.019047,7.211216e-07,1.053348e-07,0.0274,0.0005,489
81,features.17,547,active,-0.001361,9.108801e-08,7.913468e-07,0.0035,0.0035,489
81,features.17,548,active,-0.028694,1.104647e-06,5.210136e-07,0.0420,0.0023,489
81,features.17,549,pruned_before,nan,0.000000e+00,0.000000e+00,0.0000,0.0000,0
81,features.17,550,pruned_before,nan,0.000000e+00,0.000000e+00,0.0000,0.0000,0
81,features.17,551,pruned_before,nan,0.000000e+00,0.000000e+00,0.0000,0.0000,0
81,features.17,552,active,-0.004553,5.816300e-07,8.135915e-06,0.0221,0.0364,489
81,features.17,553,pruned_before,nan,0.000000e+00,0.000000e+00,0.0000,0.0000,0
81,features.17,554,pruned_before,nan,0.000000e+00,0.000000e+00,0.0000,0.0000,0
81,features.17,555,pruned_before,nan,0.000000e+00,0.000000e+00,0.0000,0.0000,0
81,features.17,556,pruned_before,nan,0.000000e+00,0.000000e+00,0.0000,0.0000,0
81,features.17,557,pruned_before,nan,0.000000e+00,0.000000e+00,0.0000,0.0000,0
81,features.17,558,active,-0.001173,1.017086e-07,1.142164e-06,0.0039,0.0051,489
81,features.17,559,active,-0.022045,1.246187e-06,8.278083e-06,0.0474,0.0370,489
81,features.17,560,pruned_before,nan,0.000000e+00,0.000000e+00,0.0000,0.0000,0
81,features.17,561,pruned_before,nan,0.000000e+00,0.000000e+00,0.0000,0.0000,0
81,features.17,562,active,-0.020918,8.396965e-07,1.061897e-06,0.0319,0.0048,489
81,features.17,563,pruned_before,nan,0.000000e+00,0.000000e+00,0.0000,0.0000,0
81,features.17,564,active,-0.000179,9.215268e-09,4.965752e-08,0.0004,0.0002,489
81,features.17,565,active,-0.014531,6.381167e-07,1.823538e-06,0.0243,0.0082,489
81,features.17,566,active,-0.004248,2.173218e-07,1.143323e-06,0.0083,0.0051,489
81,features.17,567,pruned_before,nan,0.000000e+00,0.000000e+00,0.0000,0.0000,0
81,features.17,568,active,-0.003709,1.677627e-07,5.626247e-07,0.0064,0.0025,489
81,features.17,569,pruned_before,nan,0.000000e+00,0.000000e+00,0.0000,0.0000,0
81,features.17,570,active,-0.000430,2.564177e-08,1.879593e-07,0.0010,0.0008,489
81,features.17,571,pruned_before,nan,0.000000e+00,0.000000e+00,0.0000,0.0000,0
81,features.17,572,pruned_before,nan,0.000000e+00,0.000000e+00,0.0000,0.0000,0
81,features.17,573,active,-0.000221,1.810626e-08,1.943438e-07,0.0007,0.0009,489
81,features.17,574,active,-0.005386,2.325893e-07,5.979819e-07,0.0088,0.0027,489
81,features.17,575,pruned_before,nan,0.000000e+00,0.000000e+00,0.0000,0.0000,0
81,features.17,576,active,0.000198,6.373444e-09,2.738900e-07,0.0002,0.0012,489
81,features.17,577,active,0.000166,9.957151e-09,3.209071e-07,0.0004,0.0014,489
81,features.17,578,active,-0.003615,2.101953e-07,1.473530e-06,0.0080,0.0066,489
81,features.17,579,pruned_before,nan,0.000000e+00,0.000000e+00,0.0000,0.0000,0
81,features.17,580,pruned_before,nan,0.000000e+00,0.000000e+00,0.0000,0.0000,0
81,features.17,581,pruned_before,nan,0.000000e+00,0.000000e+00,0.0000,0.0000,0
81,features.17,582,active,-0.000690,3.029250e-08,8.673767e-08,0.0012,0.0004,489
81,features.17,583,pruned_before,nan,0.000000e+00,0.000000e+00,0.0000,0.0000,0
81,features.17,584,pruned_before,nan,0.000000e+00,0.000000e+00,0.0000,0.0000,0
81,features.17,585,active,-0.001116,5.390818e-08,2.373962e-07,0.0020,0.0011,489
81,features.17,586,active,-0.021270,9.426801e-07,2.840696e-06,0.0358,0.0127,489
81,features.17,587,pruned_before,nan,0.000000e+00,0.000000e+00,0.0000,0.0000,0
81,features.17,588,active,-0.018890,8.177561e-07,2.136950e-06,0.0311,0.0096,489
81,features.17,589,pruned_before,nan,0.000000e+00,0.000000e+00,0.0000,0.0000,0
81,features.17,590,active,-0.000619,3.260169e-08,1.847261e-07,0.0012,0.0008,489
81,features.17,591,active,-0.011687,4.721945e-07,6.532663e-07,0.0179,0.0029,489
81,features.17,592,active,-0.004059,1.625655e-07,1.983283e-07,0.0062,0.0009,489
81,features.17,593,pruned_before,nan,0.000000e+00,0.000000e+00,0.0000,0.0000,0
81,features.17,594,pruned_before,nan,0.000000e+00,0.000000e+00,0.0000,0.0000,0
81,features.17,595,active,-0.019626,8.234472e-07,1.702225e-06,0.0313,0.0076,489
81,features.17,596,pruned_before,nan,0.000000e+00,0.000000e+00,0.0000,0.0000,0
81,features.17,597,active,-0.003939,2.119043e-07,1.265711e-06,0.0081,0.0057,489
81,features.17,598,active,-0.004908,2.382901e-07,1.066876e-06,0.0091,0.0048,489
81,features.17,599,pruned_before,nan,0.000000e+00,0.000000e+00,0.0000,0.0000,0
81,features.17,600,pruned_before,nan,0.000000e+00,0.000000e+00,0.0000,0.0000,0
81,features.17,601,pruned_before,nan,0.000000e+00,0.000000e+00,0.0000,0.0000,0
81,features.17,602,active,-0.004646,1.986338e-07,4.765031e-07,0.0076,0.0021,489
81,features.17,603,pruned_before,nan,0.000000e+00,0.000000e+00,0.0000,0.0000,0
81,features.17,604,pruned_before,nan,0.000000e+00,0.000000e+00,0.0000,0.0000,0
81,features.17,605,pruned_before,nan,0.000000e+00,0.000000e+00,0.0000,0.0000,0
81,features.17,606,pruned_before,nan,0.000000e+00,0.000000e+00,0.0000,0.0000,0
81,features.17,607,pruned_before,nan,0.000000e+00,0.000000e+00,0.0000,0.0000,0
81,features.17,608,pruned_before,nan,0.000000e+00,0.000000e+00,0.0000,0.0000,0
81,features.17,609,pruned_before,nan,0.000000e+00,0.000000e+00,0.0000,0.0000,0
81,features.17,610,pruned_before,nan,0.000000e+00,0.000000e+00,0.0000,0.0000,0
81,features.17,611,active,-0.001175,8.311786e-08,7.718798e-07,0.0032,0.0035,489
81,features.17,612,pruned_before,nan,0.000000e+00,0.000000e+00,0.0000,0.0000,0
81,features.17,613,pruned_before,nan,0.000000e+00,0.000000e+00,0.0000,0.0000,0
81,features.17,614,active,-0.005906,2.502317e-07,5.605912e-07,0.0095,0.0025,489
81,features.17,615,active,-0.001757,8.442849e-08,3.645770e-07,0.0032,0.0016,489
81,features.17,616,active,-0.001467,7.072575e-08,3.090406e-07,0.0027,0.0014,489
81,features.17,617,pruned_before,nan,0.000000e+00,0.000000e+00,0.0000,0.0000,0
81,features.17,618,pruned_before,nan,0.000000e+00,0.000000e+00,0.0000,0.0000,0
81,features.17,619,active,-0.002661,1.028693e-07,5.714944e-08,0.0039,0.0003,489
81,features.17,620,active,-0.010144,4.256953e-07,8.813876e-07,0.0162,0.0039,489
81,features.17,621,pruned_before,nan,0.000000e+00,0.000000e+00,0.0000,0.0000,0
81,features.17,622,active,0.000166,9.626371e-09,3.144856e-07,0.0004,0.0014,489
81,features.17,623,pruned_before,nan,0.000000e+00,0.000000e+00,0.0000,0.0000,0
81,features.17,624,pruned_before,nan,0.000000e+00,0.000000e+00,0.0000,0.0000,0
81,features.17,625,pruned_before,nan,0.000000e+00,0.000000e+00,0.0000,0.0000,0
81,features.17,626,active,-0.001103,4.631762e-08,9.648043e-08,0.0018,0.0004,489
81,features.17,627,pruned_before,nan,0.000000e+00,0.000000e+00,0.0000,0.0000,0
81,features.17,628,active,-0.002785,2.069208e-07,2.026558e-06,0.0079,0.0091,489
81,features.17,629,pruned_before,nan,0.000000e+00,0.000000e+00,0.0000,0.0000,0
81,features.17,630,pruned_before,nan,0.000000e+00,0.000000e+00,0.0000,0.0000,0
81,features.17,631,active,-0.009314,3.675752e-07,3.475076e-07,0.0140,0.0016,489
81,features.17,632,active,0.001703,2.012899e-08,1.667395e-06,0.0008,0.0075,489
81,features.17,633,pruned_before,nan,0.000000e+00,0.000000e+00,0.0000,0.0000,0
81,features.17,634,active,-0.002998,1.289207e-07,3.223371e-07,0.0049,0.0014,489
81,features.17,635,pruned_before,nan,0.000000e+00,0.000000e+00,0.0000,0.0000,0
81,features.17,636,active,-0.018467,8.213175e-07,2.523070e-06,0.0312,0.0113,489
81,features.17,637,active,-0.007212,3.010003e-07,5.936201e-07,0.0114,0.0027,489
81,features.17,638,pruned_before,nan,0.000000e+00,0.000000e+00,0.0000,0.0000,0
81,features.17,639,pruned_before,nan,0.000000e+00,0.000000e+00,0.0000,0.0000,0
81,features.17,640,pruned_before,nan,0.000000e+00,0.000000e+00,0.0000,0.0000,0
81,features.17,641,pruned_before,nan,0.000000e+00,0.000000e+00,0.0000,0.0000,0
81,features.17,642,pruned_before,nan,0.000000e+00,0.000000e+00,0.0000,0.0000,0
81,features.17,643,pruned_before,nan,0.000000e+00,0.000000e+00,0.0000,0.0000,0
81,features.17,644,pruned_before,nan,0.000000e+00,0.000000e+00,0.0000,0.0000,0
81,features.17,645,active,-0.002349,1.008688e-07,2.492997e-07,0.0038,0.0011,489
81,features.17,646,active,-0.007791,2.986695e-07,1.167030e-07,0.0114,0.0005,489
81,features.17,647,active,-0.006415,2.522847e-07,2.223226e-07,0.0096,0.0010,489
81,features.17,648,active,-0.008502,3.562170e-07,7.274312e-07,0.0135,0.0033,489
81,features.17,649,pruned_before,nan,0.000000e+00,0.000000e+00,0.0000,0.0000,0
81,features.17,650,pruned_before,nan,0.000000e+00,0.000000e+00,0.0000,0.0000,0
81,features.17,651,pruned_before,nan,0.000000e+00,0.000000e+00,0.0000,0.0000,0
81,features.17,652,pruned_before,nan,0.000000e+00,0.000000e+00,0.0000,0.0000,0
81,features.17,653,pruned_before,nan,0.000000e+00,0.000000e+00,0.0000,0.0000,0
81,features.17,654,active,-0.001213,5.606521e-08,2.077167e-07,0.0021,0.0009,489
81,features.17,655,pruned_before,nan,0.000000e+00,0.000000e+00,0.0000,0.0000,0
81,features.17,656,pruned_before,nan,0.000000e+00,0.000000e+00,0.0000,0.0000,0
81,features.17,657,pruned_before,nan,0.000000e+00,0.000000e+00,0.0000,0.0000,0
81,features.17,658,pruned_before,nan,0.000000e+00,0.000000e+00,0.0000,0.0000,0
81,features.17,659,pruned_before,nan,0.000000e+00,0.000000e+00,0.0000,0.0000,0
81,features.17,660,pruned_before,nan,0.000000e+00,0.000000e+00,0.0000,0.0000,0
81,features.17,661,pruned_before,nan,0.000000e+00,0.000000e+00,0.0000,0.0000,0
81,features.17,662,active,-0.002406,9.285321e-08,4.803037e-08,0.0035,0.0002,489
81,features.17,663,pruned_before,nan,0.000000e+00,0.000000e+00,0.0000,0.0000,0
81,features.17,664,pruned_before,nan,0.000000e+00,0.000000e+00,0.0000,0.0000,0
81,features.17,665,pruned_before,nan,0.000000e+00,0.000000e+00,0.0000,0.0000,0
81,features.17,666,pruned_before,nan,0.000000e+00,0.000000e+00,0.0000,0.0000,0
81,features.17,667,pruned_before,nan,0.000000e+00,0.000000e+00,0.0000,0.0000,0
81,features.17,668,pruned_before,nan,0.000000e+00,0.000000e+00,0.0000,0.0000,0
81,features.17,669,active,-0.004401,1.730562e-07,1.519733e-07,0.0066,0.0007,489
81,features.17,670,pruned_before,nan,0.000000e+00,0.000000e+00,0.0000,0.0000,0
81,features.17,671,protected,-0.016718,5.384882e-06,9.426791e-05,0.2047,0.4219,489
81,features.17,672,active,-0.005070,2.572891e-07,1.323126e-06,0.0098,0.0059,489
81,features.17,673,active,-0.033319,1.540533e-06,5.714966e-06,0.0586,0.0256,489
81,features.17,674,pruned_before,nan,0.000000e+00,0.000000e+00,0.0000,0.0000,0
81,features.17,675,pruned_before,nan,0.000000e+00,0.000000e+00,0.0000,0.0000,0
81,features.17,676,active,0.000028,0.000000e+00,2.110490e-08,0.0000,0.0001,489
81,features.17,677,active,-0.015813,7.856073e-07,3.792254e-06,0.0299,0.0170,489
81,features.17,678,pruned_before,nan,0.000000e+00,0.000000e+00,0.0000,0.0000,0
81,features.17,679,active,-0.009984,4.407529e-07,1.298595e-06,0.0168,0.0058,489
81,features.17,680,active,-0.000270,9.371728e-08,1.656075e-06,0.0036,0.0074,489
81,features.17,681,pruned_before,nan,0.000000e+00,0.000000e+00,0.0000,0.0000,0
81,features.17,682,active,-0.003681,1.481705e-07,1.946587e-07,0.0056,0.0009,489
81,features.17,683,active,-0.002436,1.644470e-07,1.444514e-06,0.0063,0.0065,489
81,features.17,684,active,-0.021352,9.489717e-07,2.904376e-06,0.0361,0.0130,489
81,features.17,685,pruned_before,nan,0.000000e+00,0.000000e+00,0.0000,0.0000,0
81,features.17,686,active,-0.004923,2.167131e-07,6.280514e-07,0.0082,0.0028,489
81,features.17,687,active,-0.023779,9.114327e-07,3.526819e-07,0.0346,0.0016,489
81,features.17,688,pruned_before,nan,0.000000e+00,0.000000e+00,0.0000,0.0000,0
81,features.17,689,pruned_before,nan,0.000000e+00,0.000000e+00,0.0000,0.0000,0
81,features.17,690,active,-0.003556,1.449642e-07,2.244048e-07,0.0055,0.0010,489
81,features.17,691,pruned_before,nan,0.000000e+00,0.000000e+00,0.0000,0.0000,0
81,features.17,692,active,-0.010040,3.890731e-07,2.330973e-07,0.0148,0.0010,489
81,features.17,693,pruned_before,nan,0.000000e+00,0.000000e+00,0.0000,0.0000,0
81,features.17,694,pruned_before,nan,0.000000e+00,0.000000e+00,0.0000,0.0000,0
81,features.17,695,pruned_before,nan,0.000000e+00,0.000000e+00,0.0000,0.0000,0
81,features.17,696,pruned_before,nan,0.000000e+00,0.000000e+00,0.0000,0.0000,0
81,features.17,697,active,-0.014840,1.400792e-06,1.670841e-05,0.0532,0.0748,489
81,features.17,698,active,-0.001601,6.698136e-08,1.352984e-07,0.0025,0.0006,489
81,features.17,699,pruned_before,nan,0.000000e+00,0.000000e+00,0.0000,0.0000,0
81,features.17,700,pruned_before,nan,0.000000e+00,0.000000e+00,0.0000,0.0000,0
81,features.17,701,pruned_before,nan,0.000000e+00,0.000000e+00,0.0000,0.0000,0
81,features.17,702,active,0.003000,7.770264e-09,2.388249e-06,0.0003,0.0107,489
81,features.17,703,pruned_before,nan,0.000000e+00,0.000000e+00,0.0000,0.0000,0
81,features.17,704,pruned_before,nan,0.000000e+00,0.000000e+00,0.0000,0.0000,0
81,features.17,705,pruned_before,nan,0.000000e+00,0.000000e+00,0.0000,0.0000,0
81,features.17,706,pruned_before,nan,0.000000e+00,0.000000e+00,0.0000,0.0000,0
81,features.17,707,pruned_before,nan,0.000000e+00,0.000000e+00,0.0000,0.0000,0
81,features.17,708,active,-0.000188,1.435148e-07,2.703926e-06,0.0055,0.0121,489
81,features.17,709,pruned_before,nan,0.000000e+00,0.000000e+00,0.0000,0.0000,0
81,features.17,710,pruned_before,nan,0.000000e+00,0.000000e+00,0.0000,0.0000,0
81,features.17,711,active,-0.002164,1.024004e-07,4.178917e-07,0.0039,0.0019,489
81,features.17,712,pruned_before,nan,0.000000e+00,0.000000e+00,0.0000,0.0000,0
81,features.17,713,active,-0.013962,5.538379e-07,5.768973e-07,0.0211,0.0026,489
81,features.17,714,pruned_before,nan,0.000000e+00,0.000000e+00,0.0000,0.0000,0
81,features.17,715,pruned_before,nan,0.000000e+00,0.000000e+00,0.0000,0.0000,0
81,features.17,716,pruned_before,nan,0.000000e+00,0.000000e+00,0.0000,0.0000,0
81,features.17,717,pruned_before,nan,0.000000e+00,0.000000e+00,0.0000,0.0000,0
81,features.17,718,pruned_before,nan,0.000000e+00,0.000000e+00,0.0000,0.0000,0
81,features.17,719,pruned_before,nan,0.000000e+00,0.000000e+00,0.0000,0.0000,0
81,features.17,720,pruned_before,nan,0.000000e+00,0.000000e+00,0.0000,0.0000,0
81,features.17,721,pruned_before,nan,0.000000e+00,0.000000e+00,0.0000,0.0000,0
81,features.17,722,pruned_before,nan,0.000000e+00,0.000000e+00,0.0000,0.0000,0
81,features.17,723,pruned_before,nan,0.000000e+00,0.000000e+00,0.0000,0.0000,0
81,features.17,724,pruned_before,nan,0.000000e+00,0.000000e+00,0.0000,0.0000,0
81,features.17,725,pruned_before,nan,0.000000e+00,0.000000e+00,0.0000,0.0000,0
81,features.17,726,pruned_before,nan,0.000000e+00,0.000000e+00,0.0000,0.0000,0
81,features.17,727,pruned_before,nan,0.000000e+00,0.000000e+00,0.0000,0.0000,0
81,features.17,728,pruned_before,nan,0.000000e+00,0.000000e+00,0.0000,0.0000,0
81,features.17,729,pruned_before,nan,0.000000e+00,0.000000e+00,0.0000,0.0000,0
81,features.17,730,pruned_before,nan,0.000000e+00,0.000000e+00,0.0000,0.0000,0
81,features.17,731,pruned_before,nan,0.000000e+00,0.000000e+00,0.0000,0.0000,0
81,features.17,732,pruned_before,nan,0.000000e+00,0.000000e+00,0.0000,0.0000,0
81,features.17,733,active,-0.010310,9.401151e-07,1.095269e-05,0.0357,0.0490,489
81,features.17,734,pruned_before,nan,0.000000e+00,0.000000e+00,0.0000,0.0000,0
81,features.17,735,pruned_before,nan,0.000000e+00,0.000000e+00,0.0000,0.0000,0
81,features.17,736,pruned_before,nan,0.000000e+00,0.000000e+00,0.0000,0.0000,0
81,features.17,737,active,-0.000783,3.128008e-08,3.652998e-08,0.0012,0.0002,489
81,features.17,738,active,-0.003173,1.261340e-07,1.365429e-07,0.0048,0.0006,489
81,features.17,739,active,-0.003373,1.317848e-07,9.983914e-08,0.0050,0.0004,489
81,features.17,740,pruned_before,nan,0.000000e+00,0.000000e+00,0.0000,0.0000,0
81,features.17,741,active,-0.002923,3.005735e-07,3.779646e-06,0.0114,0.0169,489
81,features.17,742,active,-0.002963,1.396984e-07,5.617193e-07,0.0053,0.0025,489
81,features.17,743,pruned_before,nan,0.000000e+00,0.000000e+00,0.0000,0.0000,0
81,features.17,744,pruned_before,nan,0.000000e+00,0.000000e+00,0.0000,0.0000,0
81,features.17,745,pruned_before,nan,0.000000e+00,0.000000e+00,0.0000,0.0000,0
81,features.17,746,pruned_before,nan,0.000000e+00,0.000000e+00,0.0000,0.0000,0
81,features.17,747,pruned_before,nan,0.000000e+00,0.000000e+00,0.0000,0.0000,0
81,features.17,748,pruned_before,nan,0.000000e+00,0.000000e+00,0.0000,0.0000,0
81,features.17,749,active,-0.001854,1.567247e-07,1.725031e-06,0.0060,0.0077,489
81,features.17,750,pruned_before,nan,0.000000e+00,0.000000e+00,0.0000,0.0000,0
81,features.17,751,pruned_before,nan,0.000000e+00,0.000000e+00,0.0000,0.0000,0
81,features.17,752,pruned_before,nan,0.000000e+00,0.000000e+00,0.0000,0.0000,0
81,features.17,753,pruned_before,nan,0.000000e+00,0.000000e+00,0.0000,0.0000,0
81,features.17,754,active,-0.003165,1.303958e-07,2.272360e-07,0.0050,0.0010,489
81,features.17,755,active,-0.002016,1.325383e-07,1.125287e-06,0.0050,0.0050,489
81,features.17,756,active,-0.007980,3.338735e-07,6.733576e-07,0.0127,0.0030,489
81,features.17,757,active,0.027807,6.273239e-07,3.314342e-05,0.0238,0.1483,489
81,features.17,758,pruned_before,nan,0.000000e+00,0.000000e+00,0.0000,0.0000,0
81,features.17,759,pruned_before,nan,0.000000e+00,0.000000e+00,0.0000,0.0000,0
81,features.17,760,pruned_before,nan,0.000000e+00,0.000000e+00,0.0000,0.0000,0
81,features.17,761,active,-0.002031,8.039724e-08,8.079698e-08,0.0031,0.0004,489
81,features.17,762,active,-0.004843,2.751032e-07,1.845203e-06,0.0105,0.0083,489
81,features.17,763,pruned_before,nan,0.000000e+00,0.000000e+00,0.0000,0.0000,0
81,features.17,764,pruned_before,nan,0.000000e+00,0.000000e+00,0.0000,0.0000,0
81,features.17,765,pruned_before,nan,0.000000e+00,0.000000e+00,0.0000,0.0000,0
81,features.17,766,active,-0.006618,2.560207e-07,1.447116e-07,0.0097,0.0006,489
81,features.17,767,pruned_before,nan,0.000000e+00,0.000000e+00,0.0000,0.0000,0
81,features.17,768,active,-0.005071,1.960459e-07,1.080538e-07,0.0075,0.0005,489
81,features.17,769,pruned_before,nan,0.000000e+00,0.000000e+00,0.0000,0.0000,0
81,features.17,770,pruned_before,nan,0.000000e+00,0.000000e+00,0.0000,0.0000,0
81,features.17,771,active,-0.001024,4.425887e-08,1.141164e-07,0.0017,0.0005,489
81,features.17,772,active,0.001055,5.136124e-08,1.804021e-06,0.0020,0.0081,489
81,features.17,773,active,-0.002855,1.184545e-07,2.214722e-07,0.0045,0.0010,489
81,features.17,774,pruned_before,nan,0.000000e+00,0.000000e+00,0.0000,0.0000,0
81,features.17,775,active,0.015880,3.657290e-06,8.430897e-05,0.1390,0.3773,489
81,features.17,776,pruned_before,nan,0.000000e+00,0.000000e+00,0.0000,0.0000,0
81,features.17,777,pruned_before,nan,0.000000e+00,0.000000e+00,0.0000,0.0000,0
81,features.17,778,pruned_before,nan,0.000000e+00,0.000000e+00,0.0000,0.0000,0
81,features.17,779,pruned_before,nan,0.000000e+00,0.000000e+00,0.0000,0.0000,0
81,features.17,780,pruned_before,nan,0.000000e+00,0.000000e+00,0.0000,0.0000,0
81,features.17,781,pruned_before,nan,0.000000e+00,0.000000e+00,0.0000,0.0000,0
81,features.17,782,pruned_before,nan,0.000000e+00,0.000000e+00,0.0000,0.0000,0
81,features.17,783,active,-0.009122,3.486457e-07,1.151780e-07,0.0133,0.0005,489
81,features.17,784,active,-0.000359,2.256360e-08,1.799098e-07,0.0009,0.0008,489
81,features.17,785,pruned_before,nan,0.000000e+00,0.000000e+00,0.0000,0.0000,0
81,features.17,786,active,-0.018063,1.827081e-06,2.275652e-05,0.0695,0.1018,489
81,features.17,787,pruned_before,nan,0.000000e+00,0.000000e+00,0.0000,0.0000,0
81,features.17,788,pruned_now,-0.036484,1.580316e-06,4.146049e-06,0.0601,0.0186,489
81,features.17,789,active,-0.006932,2.689286e-07,1.669102e-07,0.0102,0.0007,489
81,features.17,790,pruned_before,nan,0.000000e+00,0.000000e+00,0.0000,0.0000,0
81,features.17,791,pruned_before,nan,0.000000e+00,0.000000e+00,0.0000,0.0000,0
81,features.17,792,active,0.000409,1.084593e-07,2.454254e-06,0.0041,0.0110,489
81,features.17,793,pruned_before,nan,0.000000e+00,0.000000e+00,0.0000,0.0000,0
81,features.17,794,active,0.000431,1.874779e-07,4.036871e-06,0.0071,0.0181,489
81,features.17,795,pruned_before,nan,0.000000e+00,0.000000e+00,0.0000,0.0000,0
81,features.17,796,pruned_before,nan,0.000000e+00,0.000000e+00,0.0000,0.0000,0
81,features.17,797,active,-0.007743,9.594580e-07,1.324802e-05,0.0365,0.0593,489
81,features.17,798,active,-0.004429,2.254413e-07,1.169047e-06,0.0086,0.0052,489
81,features.17,799,active,-0.001633,7.588658e-08,2.876155e-07,0.0029,0.0013,489
81,features.17,800,active,-0.000795,4.304527e-08,2.612547e-07,0.0016,0.0012,489
81,features.17,801,pruned_before,nan,0.000000e+00,0.000000e+00,0.0000,0.0000,0
81,features.17,802,pruned_before,nan,0.000000e+00,0.000000e+00,0.0000,0.0000,0
81,features.17,803,pruned_before,nan,0.000000e+00,0.000000e+00,0.0000,0.0000,0
81,features.17,804,pruned_now,-0.036692,1.607245e-06,4.524414e-06,0.0611,0.0202,489
81,features.17,805,pruned_before,nan,0.000000e+00,0.000000e+00,0.0000,0.0000,0
81,features.17,806,pruned_before,nan,0.000000e+00,0.000000e+00,0.0000,0.0000,0
81,features.17,807,pruned_before,nan,0.000000e+00,0.000000e+00,0.0000,0.0000,0
81,features.17,808,active,0.002966,3.314633e-08,2.866344e-06,0.0013,0.0128,489
81,features.17,809,active,-0.019519,7.675002e-07,6.727537e-07,0.0292,0.0030,489
81,features.17,810,active,-0.002100,1.288887e-07,9.900638e-07,0.0049,0.0044,489
81,features.17,811,pruned_before,nan,0.000000e+00,0.000000e+00,0.0000,0.0000,0
81,features.17,812,active,-0.011097,4.301929e-07,2.605059e-07,0.0164,0.0012,489
81,features.17,813,pruned_before,nan,0.000000e+00,0.000000e+00,0.0000,0.0000,0
81,features.17,814,pruned_before,nan,0.000000e+00,0.000000e+00,0.0000,0.0000,0
81,features.17,815,active,-0.008975,3.680262e-07,6.092439e-07,0.0140,0.0027,489
81,features.17,816,pruned_before,nan,0.000000e+00,0.000000e+00,0.0000,0.0000,0
81,features.17,817,active,-0.002182,9.440558e-08,2.457801e-07,0.0036,0.0011,489
81,features.17,818,pruned_before,nan,0.000000e+00,0.000000e+00,0.0000,0.0000,0
81,features.17,819,pruned_before,nan,0.000000e+00,0.000000e+00,0.0000,0.0000,0
81,features.17,820,active,-0.002049,8.417556e-08,1.421873e-07,0.0032,0.0006,489
81,features.17,821,active,-0.001826,8.449413e-08,3.144084e-07,0.0032,0.0014,489
81,features.17,822,active,-0.001165,4.884417e-08,1.000023e-07,0.0019,0.0004,489
81,features.17,823,active,0.000048,1.386232e-07,2.782809e-06,0.0053,0.0125,489
81,features.17,824,active,0.001461,9.880878e-08,3.046078e-06,0.0038,0.0136,489
81,features.17,825,active,-0.003987,1.667049e-07,3.341365e-07,0.0063,0.0015,489
81,features.17,826,active,-0.000819,5.332586e-08,4.467325e-07,0.0020,0.0020,489
81,features.17,827,active,-0.007722,3.050376e-07,2.942510e-07,0.0116,0.0013,489
81,features.17,828,pruned_before,nan,0.000000e+00,0.000000e+00,0.0000,0.0000,0
81,features.17,829,pruned_before,nan,0.000000e+00,0.000000e+00,0.0000,0.0000,0
81,features.17,830,pruned_before,nan,0.000000e+00,0.000000e+00,0.0000,0.0000,0
81,features.17,831,active,-0.004815,4.553216e-07,5.437227e-06,0.0173,0.0243,489
81,features.17,832,active,-0.002815,1.211873e-07,3.050089e-07,0.0046,0.0014,489
81,features.17,833,active,-0.012330,5.190503e-07,1.103307e-06,0.0197,0.0049,489
81,features.17,834,pruned_before,nan,0.000000e+00,0.000000e+00,0.0000,0.0000,0
81,features.17,835,pruned_before,nan,0.000000e+00,0.000000e+00,0.0000,0.0000,0
81,features.17,836,pruned_before,nan,0.000000e+00,0.000000e+00,0.0000,0.0000,0
81,features.17,837,pruned_before,nan,0.000000e+00,0.000000e+00,0.0000,0.0000,0
81,features.17,838,active,-0.000894,7.082679e-08,7.379490e-07,0.0027,0.0033,489
81,features.17,839,active,-0.010745,4.422727e-07,7.622539e-07,0.0168,0.0034,489
81,features.17,840,pruned_before,nan,0.000000e+00,0.000000e+00,0.0000,0.0000,0
81,features.17,841,active,-0.000663,2.786258e-08,5.808361e-08,0.0011,0.0003,489
81,features.17,842,active,-0.001117,5.341946e-08,2.264183e-07,0.0020,0.0010,489
81,features.17,843,pruned_before,nan,0.000000e+00,0.000000e+00,0.0000,0.0000,0
81,features.17,844,pruned_before,nan,0.000000e+00,0.000000e+00,0.0000,0.0000,0
81,features.17,845,pruned_before,nan,0.000000e+00,0.000000e+00,0.0000,0.0000,0
81,features.17,846,pruned_before,nan,0.000000e+00,0.000000e+00,0.0000,0.0000,0
81,features.17,847,pruned_before,nan,0.000000e+00,0.000000e+00,0.0000,0.0000,0
81,features.17,848,active,0.000759,5.265798e-08,1.609163e-06,0.0020,0.0072,489
81,features.17,849,pruned_before,nan,0.000000e+00,0.000000e+00,0.0000,0.0000,0
81,features.17,850,active,-0.003425,2.245957e-07,1.900226e-06,0.0085,0.0085,489
81,features.17,851,active,-0.006769,9.216979e-07,1.322477e-05,0.0350,0.0592,489
81,features.17,852,active,-0.001682,1.597730e-07,1.913928e-06,0.0061,0.0086,489
81,features.17,853,active,-0.001803,7.633559e-08,1.702123e-07,0.0029,0.0008,489
81,features.17,854,pruned_before,nan,0.000000e+00,0.000000e+00,0.0000,0.0000,0
81,features.17,855,pruned_before,nan,0.000000e+00,0.000000e+00,0.0000,0.0000,0
81,features.17,856,pruned_before,nan,0.000000e+00,0.000000e+00,0.0000,0.0000,0
81,features.17,857,pruned_before,nan,0.000000e+00,0.000000e+00,0.0000,0.0000,0
81,features.17,858,pruned_before,nan,0.000000e+00,0.000000e+00,0.0000,0.0000,0
81,features.17,859,pruned_before,nan,0.000000e+00,0.000000e+00,0.0000,0.0000,0
81,features.17,860,pruned_before,nan,0.000000e+00,0.000000e+00,0.0000,0.0000,0
81,features.17,861,pruned_before,nan,0.000000e+00,0.000000e+00,0.0000,0.0000,0
81,features.17,862,pruned_before,nan,0.000000e+00,0.000000e+00,0.0000,0.0000,0
81,features.17,863,active,-0.002249,1.084999e-07,4.752283e-07,0.0041,0.0021,489
81,features.17,864,pruned_before,nan,0.000000e+00,0.000000e+00,0.0000,0.0000,0
81,features.17,865,active,-0.019136,7.439878e-07,4.922053e-07,0.0283,0.0022,489
81,features.17,866,pruned_before,nan,0.000000e+00,0.000000e+00,0.0000,0.0000,0
81,features.17,867,pruned_before,nan,0.000000e+00,0.000000e+00,0.0000,0.0000,0
81,features.17,868,pruned_before,nan,0.000000e+00,0.000000e+00,0.0000,0.0000,0
81,features.17,869,active,-0.022649,1.102607e-06,4.982756e-06,0.0419,0.0223,489
81,features.17,870,active,-0.000331,7.831520e-08,1.305916e-06,0.0030,0.0058,489
81,features.17,871,pruned_before,nan,0.000000e+00,0.000000e+00,0.0000,0.0000,0
81,features.17,872,pruned_before,nan,0.000000e+00,0.000000e+00,0.0000,0.0000,0
81,features.17,873,pruned_before,nan,0.000000e+00,0.000000e+00,0.0000,0.0000,0
81,features.17,874,pruned_before,nan,0.000000e+00,0.000000e+00,0.0000,0.0000,0
81,features.17,875,active,-0.005720,6.566828e-07,8.754289e-06,0.0250,0.0392,489
81,features.17,876,pruned_before,nan,0.000000e+00,0.000000e+00,0.0000,0.0000,0
81,features.17,877,pruned_before,nan,0.000000e+00,0.000000e+00,0.0000,0.0000,0
81,features.17,878,pruned_before,nan,0.000000e+00,0.000000e+00,0.0000,0.0000,0
81,features.17,879,pruned_before,nan,0.000000e+00,0.000000e+00,0.0000,0.0000,0
81,features.17,880,active,-0.003631,1.399135e-07,6.884612e-08,0.0053,0.0003,489
81,features.17,881,active,-0.000295,2.056140e-08,1.875828e-07,0.0008,0.0008,489
81,features.17,882,pruned_before,nan,0.000000e+00,0.000000e+00,0.0000,0.0000,0
81,features.17,883,pruned_before,nan,0.000000e+00,0.000000e+00,0.0000,0.0000,0
81,features.17,884,active,-0.004373,6.049400e-07,8.731800e-06,0.0230,0.0391,489
81,features.17,885,pruned_before,nan,0.000000e+00,0.000000e+00,0.0000,0.0000,0
81,features.17,886,active,-0.011185,5.071030e-07,1.719248e-06,0.0193,0.0077,489
81,features.17,887,active,-0.011341,4.275609e-07,2.709110e-08,0.0163,0.0001,489
81,features.17,888,pruned_before,nan,0.000000e+00,0.000000e+00,0.0000,0.0000,0
81,features.17,889,pruned_before,nan,0.000000e+00,0.000000e+00,0.0000,0.0000,0
81,features.17,890,active,-0.000612,6.148768e-08,7.629146e-07,0.0023,0.0034,489
81,features.17,891,pruned_before,nan,0.000000e+00,0.000000e+00,0.0000,0.0000,0
81,features.17,892,pruned_before,nan,0.000000e+00,0.000000e+00,0.0000,0.0000,0
81,features.17,893,pruned_before,nan,0.000000e+00,0.000000e+00,0.0000,0.0000,0
81,features.17,894,active,-0.000682,3.418728e-08,1.698674e-07,0.0013,0.0008,489
81,features.17,895,pruned_before,nan,0.000000e+00,0.000000e+00,0.0000,0.0000,0
81,features.17,896,pruned_before,nan,0.000000e+00,0.000000e+00,0.0000,0.0000,0
81,features.17,897,pruned_before,nan,0.000000e+00,0.000000e+00,0.0000,0.0000,0
81,features.17,898,pruned_before,nan,0.000000e+00,0.000000e+00,0.0000,0.0000,0
81,features.17,899,active,-0.003740,1.468375e-07,1.247698e-07,0.0056,0.0006,489
81,features.17,900,active,-0.015571,5.996569e-07,2.867168e-07,0.0228,0.0013,489
81,features.17,901,active,-0.003054,1.187030e-07,7.816899e-08,0.0045,0.0003,489
81,features.17,902,active,-0.007563,3.444596e-07,1.193599e-06,0.0131,0.0053,489
81,features.17,903,active,-0.000870,1.075650e-07,1.483479e-06,0.0041,0.0066,489
81,features.17,904,pruned_before,nan,0.000000e+00,0.000000e+00,0.0000,0.0000,0
81,features.17,905,pruned_before,nan,0.000000e+00,0.000000e+00,0.0000,0.0000,0
81,features.17,906,pruned_before,nan,0.000000e+00,0.000000e+00,0.0000,0.0000,0
81,features.17,907,pruned_before,nan,0.000000e+00,0.000000e+00,0.0000,0.0000,0
81,features.17,908,active,-0.023264,9.334287e-07,1.172201e-06,0.0355,0.0052,489
81,features.17,909,pruned_before,nan,0.000000e+00,0.000000e+00,0.0000,0.0000,0
81,features.17,910,pruned_before,nan,0.000000e+00,0.000000e+00,0.0000,0.0000,0
81,features.17,911,active,-0.007762,3.085995e-07,3.345231e-07,0.0117,0.0015,489
81,features.17,912,pruned_before,nan,0.000000e+00,0.000000e+00,0.0000,0.0000,0
81,features.17,913,active,-0.003072,1.187954e-07,6.626306e-08,0.0045,0.0003,489
81,features.17,914,pruned_before,nan,0.000000e+00,0.000000e+00,0.0000,0.0000,0
81,features.17,915,pruned_before,nan,0.000000e+00,0.000000e+00,0.0000,0.0000,0
81,features.17,916,active,0.001046,2.148899e-08,1.204861e-06,0.0008,0.0054,489
81,features.17,917,active,-0.001629,1.024799e-07,8.179523e-07,0.0039,0.0037,489
81,features.17,918,pruned_before,nan,0.000000e+00,0.000000e+00,0.0000,0.0000,0
81,features.17,919,active,-0.009644,5.204279e-07,3.130906e-06,0.0198,0.0140,489
81,features.17,920,active,-0.015359,5.896801e-07,2.467493e-07,0.0224,0.0011,489
81,features.17,921,active,-0.006795,2.670406e-07,2.310959e-07,0.0102,0.0010,489
81,features.17,922,pruned_before,nan,0.000000e+00,0.000000e+00,0.0000,0.0000,0
81,features.17,923,active,-0.001437,5.725216e-08,6.415669e-08,0.0022,0.0003,489
81,features.17,924,pruned_before,nan,0.000000e+00,0.000000e+00,0.0000,0.0000,0
81,features.17,925,pruned_before,nan,0.000000e+00,0.000000e+00,0.0000,0.0000,0
81,features.17,926,active,-0.011207,5.229296e-07,2.016952e-06,0.0199,0.0090,489
81,features.17,927,pruned_before,nan,0.000000e+00,0.000000e+00,0.0000,0.0000,0
81,features.17,928,pruned_before,nan,0.000000e+00,0.000000e+00,0.0000,0.0000,0
81,features.17,929,pruned_before,nan,0.000000e+00,0.000000e+00,0.0000,0.0000,0
81,features.17,930,active,0.001756,1.503937e-08,1.606251e-06,0.0006,0.0072,489
81,features.17,931,active,-0.000463,2.327803e-08,1.166491e-07,0.0009,0.0005,489
81,features.17,932,pruned_before,nan,0.000000e+00,0.000000e+00,0.0000,0.0000,0
81,features.17,933,active,-0.003791,1.785829e-07,7.158372e-07,0.0068,0.0032,489
81,features.17,934,pruned_before,nan,0.000000e+00,0.000000e+00,0.0000,0.0000,0
81,features.17,935,pruned_before,nan,0.000000e+00,0.000000e+00,0.0000,0.0000,0
81,features.17,936,active,-0.014023,5.611729e-07,6.774486e-07,0.0213,0.0030,489
81,features.17,937,pruned_before,nan,0.000000e+00,0.000000e+00,0.0000,0.0000,0
81,features.17,938,pruned_before,nan,0.000000e+00,0.000000e+00,0.0000,0.0000,0
81,features.17,939,pruned_before,nan,0.000000e+00,0.000000e+00,0.0000,0.0000,0
81,features.17,940,pruned_before,nan,0.000000e+00,0.000000e+00,0.0000,0.0000,0
81,features.17,941,pruned_before,nan,0.000000e+00,0.000000e+00,0.0000,0.0000,0
81,features.17,942,pruned_before,nan,0.000000e+00,0.000000e+00,0.0000,0.0000,0
81,features.17,943,active,-0.013859,9.563026e-07,8.630097e-06,0.0364,0.0386,489
81,features.17,944,pruned_before,nan,0.000000e+00,0.000000e+00,0.0000,0.0000,0
81,features.17,945,pruned_before,nan,0.000000e+00,0.000000e+00,0.0000,0.0000,0
81,features.17,946,active,-0.024531,1.125841e-06,4.041401e-06,0.0428,0.0181,489
81,features.17,947,active,-0.000516,2.631766e-08,1.369015e-07,0.0010,0.0006,489
81,features.17,948,pruned_before,nan,0.000000e+00,0.000000e+00,0.0000,0.0000,0
81,features.17,949,pruned_before,nan,0.000000e+00,0.000000e+00,0.0000,0.0000,0
81,features.17,950,pruned_before,nan,0.000000e+00,0.000000e+00,0.0000,0.0000,0
81,features.17,951,pruned_before,nan,0.000000e+00,0.000000e+00,0.0000,0.0000,0
81,features.17,952,pruned_before,nan,0.000000e+00,0.000000e+00,0.0000,0.0000,0
81,features.17,953,pruned_before,nan,0.000000e+00,0.000000e+00,0.0000,0.0000,0
81,features.17,954,pruned_before,nan,0.000000e+00,0.000000e+00,0.0000,0.0000,0
81,features.17,955,active,-0.002036,1.266528e-07,9.937278e-07,0.0048,0.0044,489
81,features.17,956,pruned_before,nan,0.000000e+00,0.000000e+00,0.0000,0.0000,0
81,features.17,957,pruned_before,nan,0.000000e+00,0.000000e+00,0.0000,0.0000,0
81,features.17,958,active,0.001161,4.654154e-07,1.008816e-05,0.0177,0.0451,489
81,features.17,959,pruned_before,nan,0.000000e+00,0.000000e+00,0.0000,0.0000,0
