================================================================================
Channel Pruning Log
  iteration  : 15
  alpha      : 0.1000
  timestamp  : 2026-06-04 07:06:15
  remove_target  : 40576
  accum_removed  : 40603
  selected_channels : 131
  gamma             : 0.0050
  remove_target_met : yes
  total_params   : 2289600
  active_after   : 875459
  model_sparsity : 61.8%
================================================================================

[ 레이어별 채널 제거 비율 ]
  layer                total_ch  this_iter    cumul  cumul_%
  ----------------------------------------------------------
  features.1                 32          0       24    75.0%
  features.2                 96          0       93    96.9%
  features.3                144         16      118    81.9%
  features.4                144          0      124    86.1%
  features.5                192          0      174    90.6%
  features.6                192          0      142    74.0%
  features.7                192          0      186    96.9%
  features.8                384         13      331    86.2%
  features.9                384          0      372    96.9%
  features.10               384          5      361    94.0%
  features.11               384          0      372    96.9%
  features.12               576          0      537    93.2%
  features.13               576          1      543    94.3%
  features.14               576          0      556    96.5%
  features.15               960         46      670    69.8%
  features.16               960         16      381    39.7%
  features.17               960         34      885    92.2%

[ 레이어별 보호 영역 (γ=0.01) ]
  layer                  active  protected  protect_%
  --------------------------------------------------
  features.1                  8          1      12.5%
  features.2                  3          1      33.3%
  features.3                 42          1       2.4%
  features.4                 20          1       5.0%
  features.5                 18          1       5.6%
  features.6                 50          1       2.0%
  features.7                  6          1      16.7%
  features.8                 66          1       1.5%
  features.9                 12          1       8.3%
  features.10                28          1       3.6%
  features.11                12          1       8.3%
  features.12                39          1       2.6%
  features.13                34          1       2.9%
  features.14                20          1       5.0%
  features.15               336          2       0.6%
  features.16               595          3       0.5%
  features.17               109          1       0.9%

[ 블록별 제거 채널 수 ]
  features.10: 5채널 제거
  features.13: 1채널 제거
  features.15: 46채널 제거
  features.16: 16채널 제거
  features.17: 34채널 제거
  features.3: 16채널 제거
  features.8: 13채널 제거

[ 선택된 채널 상세 ]
block                             ch        score          phi         perf  weights
--------------------------------------------------------------------------------
features.3                       103    -0.891429 4.543146e-08 4.625711e-06       57
features.17                      315    -0.888338 3.050076e-06 4.153118e-07      489
features.16                      164    -0.855483 1.581680e-06 1.688381e-09      329
features.15                      939    -0.826661 5.444800e-07 1.177367e-06      329
features.3                        50    -0.808521 4.088921e-08 8.002368e-07       57
features.3                       127    -0.806103 4.084594e-08 1.644616e-06       57
features.3                       117    -0.799277 4.079069e-08 4.744875e-06       57
features.17                      244    -0.768915 2.609412e-06 3.760267e-08      489
features.3                       123    -0.757559 3.850139e-08 2.780034e-06       57
features.8                       143    -0.747255 1.333061e-07 9.224710e-07      137
features.17                      676    -0.745147 2.528138e-06 2.996997e-08      489
features.15                      917    -0.697599 4.591227e-07 1.944094e-07      329
features.10                      222    -0.696754 6.719281e-08 3.806583e-07      137
features.8                       254    -0.688216 1.224627e-07 2.322859e-07      137
features.3                        18    -0.655480 3.373065e-08 6.876651e-06       57
features.3                       132    -0.651464 3.308399e-08 2.119190e-06       57
features.17                      189    -0.640497 2.175733e-06 5.363219e-08      489
features.10                      111    -0.635300 6.119470e-08 2.128117e-07      137
features.17                      575    -0.634562 2.162155e-06 1.223218e-07      489
features.15                       80    -0.629268 4.145116e-07 9.973675e-07      329
features.15                      701    -0.611054 4.026603e-07 1.302399e-06      329
features.3                       120    -0.592398 3.174375e-08 1.970969e-05       57
features.15                      221    -0.592319 3.900181e-07 5.866240e-07      329
features.17                      477    -0.585852 1.995285e-06 1.034781e-07      489
features.17                      391    -0.577556 1.959365e-06 2.147212e-08      489
features.17                      762    -0.546686 1.864561e-06 1.246118e-07      489
features.17                      921    -0.544895 1.851211e-06 4.808347e-08      489
features.17                      691    -0.542350 1.843347e-06 5.610141e-08      489
features.17                      328    -0.542000 1.949197e-06 1.180912e-06      489
features.3                        85    -0.541790 2.852060e-08 1.254627e-05       57
features.3                        32    -0.538824 2.725012e-08 5.358928e-07       57
features.17                      719    -0.538504 1.843138e-06 1.908480e-07      489
features.15                      641    -0.524351 3.456800e-07 1.467711e-06      329
features.17                      437    -0.519231 1.766977e-06 7.686922e-08      489
features.17                      284    -0.503306 1.711310e-06 5.903165e-08      489
features.10                      166    -0.503259 4.855193e-08 3.109953e-07      137
features.16                      713    -0.482641 8.939157e-07 1.357686e-07      329
features.15                      653    -0.477917 3.150302e-07 1.250859e-06      329
features.8                       323    -0.473853 8.467543e-08 8.681444e-07      137
features.10                      107    -0.463504 4.736345e-08 5.246883e-06      137
features.17                      355    -0.458116 1.560433e-06 8.289299e-08      489
features.15                      661    -0.455139 2.995695e-07 1.742523e-07      329
features.8                        69    -0.455032 8.570499e-08 9.547479e-06      137
features.8                       261    -0.449489 8.021937e-08 6.204809e-07      137
features.15                      503    -0.447849 2.947911e-07 2.176270e-07      329
features.17                       23    -0.442771 1.503791e-06 3.418828e-08      489
features.17                      747    -0.438788 1.501255e-06 1.493839e-07      489
features.3                         9    -0.437827 2.220672e-08 1.125211e-06       57
features.15                      157    -0.437024 2.890060e-07 3.266573e-06      329
features.16                      808    -0.435235 8.098801e-07 4.451320e-07      329
features.15                      159    -0.435192 2.868641e-07 1.132809e-06      329
features.15                      471    -0.433683 2.854951e-07 2.749940e-07      329
features.16                      423    -0.432769 8.005069e-07 3.268278e-08      329
features.17                      452    -0.431250 1.463997e-06 2.628908e-08      489
features.17                      316    -0.426458 1.452859e-06 7.991438e-08      489
features.15                      696    -0.425457 2.801255e-07 3.736615e-07      329
features.15                       93    -0.424623 2.795881e-07 4.004856e-07      329
features.17                      185    -0.418335 1.425240e-06 7.897574e-08      489
features.17                      933    -0.418248 1.427227e-06 1.029455e-07      489
features.8                       173    -0.414773 7.492577e-08 2.361923e-06      137
features.15                      857    -0.413230 2.719950e-07 1.805088e-07      329
features.8                        68    -0.413050 7.361939e-08 3.780096e-07      137
features.17                      873    -0.411854 1.397983e-06 2.333463e-08      489
features.15                      305    -0.411320 2.707355e-07 1.750069e-07      329
features.15                      604    -0.410063 2.709653e-07 2.583121e-06      329
features.15                      312    -0.409975 2.699540e-07 4.111056e-07      329
features.3                       128    -0.409943 2.091334e-08 2.348944e-06       57
features.16                      816    -0.408747 7.574747e-07 1.510134e-07      329
features.17                      561    -0.407877 1.390189e-06 8.305123e-08      489
features.16                      436    -0.402853 7.464971e-07 1.440465e-07      329
features.15                      141    -0.402699 2.652553e-07 6.144910e-07      329
features.16                      842    -0.401749 7.429879e-07 1.836644e-08      329
features.8                       184    -0.394362 7.128528e-08 2.338240e-06      137
features.16                      825    -0.393782 7.282630e-07 1.881314e-08      329
features.15                      763    -0.392335 2.587011e-07 1.219193e-06      329
features.15                      748    -0.390501 2.570108e-07 1.176847e-07      329
features.3                        67    -0.388405 2.016155e-08 5.943923e-06       57
features.17                      862    -0.387304 1.322427e-06 1.036672e-07      489
features.17                      607    -0.386854 1.325897e-06 1.561578e-07      489
features.15                      727    -0.385901 2.542464e-07 7.162407e-07      329
features.8                        10    -0.384803 6.871251e-08 6.054197e-07      137
features.17                      768    -0.384078 1.317544e-06 1.672416e-07      489
features.15                      836    -0.379448 2.498741e-07 4.284006e-07      329
features.16                      199    -0.378057 6.997756e-07 6.891006e-08      329
features.15                      439    -0.377004 2.481495e-07 1.627469e-07      329
features.17                      632    -0.376825 1.285495e-06 8.874461e-08      489
features.17                      369    -0.374795 1.273281e-06 3.269177e-08      489
features.15                      777    -0.372539 2.451532e-07 2.956794e-08      329
features.15                      816    -0.370231 2.437892e-07 3.831784e-07      329
features.17                      168    -0.368999 1.263806e-06 1.395404e-07      489
features.15                      391    -0.368555 2.428508e-07 7.579040e-07      329
features.15                      101    -0.367264 2.416757e-07 1.573292e-08      329
features.17                      807    -0.367157 1.250322e-06 6.344463e-08      489
features.16                      595    -0.364194 6.740581e-07 6.144164e-08      329
features.8                       142    -0.363908 6.563949e-08 1.878086e-06      137
features.3                       130    -0.363120 1.903652e-08 7.566177e-06       57
features.16                      516    -0.362457 6.736654e-07 3.029631e-07      329
features.15                      373    -0.358412 2.358461e-07 4.673027e-09      329
features.8                       245    -0.356991 6.392445e-08 9.152265e-07      137
features.15                      802    -0.356839 2.348283e-07 4.477104e-08      329
features.15                      279    -0.354747 2.335924e-07 3.652541e-07      329
features.17                      205    -0.354321 1.211949e-06 1.173092e-07      489
features.15                      792    -0.354000 2.329888e-07 1.097132e-07      329
features.15                      435    -0.353927 2.329899e-07 2.212960e-07      329
features.3                        69    -0.353923 1.849422e-08 6.729689e-06       57
features.16                      546    -0.353723 6.543224e-07 2.926849e-08      329
features.15                      376    -0.351211 2.314109e-07 6.956574e-07      329
features.8                       207    -0.350012 6.284476e-08 1.234713e-06      137
features.16                      562    -0.349544 6.464899e-07 2.007234e-08      329
features.15                      700    -0.348197 2.303516e-07 2.801333e-06      329
features.15                      664    -0.345776 2.278011e-07 6.191839e-07      329
features.15                      137    -0.344104 2.264469e-07 4.134181e-08      329
features.16                      572    -0.343824 6.366351e-07 8.189269e-08      329
features.17                      218    -0.343761 1.170684e-06 5.976916e-08      489
features.15                       38    -0.343129 2.258197e-07 7.439371e-08      329
features.13                      530    -0.342856 5.188913e-08 5.256051e-07      201
features.15                       15    -0.342778 2.258921e-07 7.653549e-07      329
features.10                      184    -0.341548 3.299365e-08 2.912681e-07      137
features.15                      171    -0.340775 2.243265e-07 2.012284e-07      329
features.15                      892    -0.338686 2.231559e-07 6.661658e-07      329
features.15                      842    -0.338287 2.235351e-07 2.128426e-06      329
features.8                        78    -0.337739 6.055491e-08 1.020428e-06      137
features.15                       59    -0.336928 2.217526e-07 1.035947e-07      329
features.17                      473    -0.336704 1.158554e-06 1.836069e-07      489
features.15                      397    -0.334360 2.202908e-07 6.238828e-07      329
features.16                      218    -0.333579 6.189818e-07 1.922553e-07      329
features.15                      823    -0.333182 2.192621e-07 4.637618e-08      329
features.17                      805    -0.333081 1.135504e-06 7.042927e-08      489
features.15                      593    -0.332416 2.190335e-07 6.737519e-07      329
features.3                        73    -0.332354 1.701408e-08 2.536650e-06       57
features.16                      415    -0.330976 6.136548e-07 1.482153e-07      329
