================================================================================
Channel Pruning Log
  iteration  : 6
  alpha      : 0.5000
  timestamp  : 2026-06-05 07:49:59
  remove_target  : 104996
  accum_removed  : 105196
  selected_channels : 388
  gamma             : 0.0050
  remove_target_met : yes
  total_params   : 2289600
  active_after   : 1455069
  model_sparsity : 36.4%
================================================================================

[ 레이어별 채널 제거 비율 ]
  layer                total_ch  this_iter    cumul  cumul_%
  ----------------------------------------------------------
  features.1                 32          1       16    50.0%
  features.2                 96          7       71    74.0%
  features.3                144         12       26    18.1%
  features.4                144         16       21    14.6%
  features.5                192          2       11     5.7%
  features.6                192         22       87    45.3%
  features.7                192          3       25    13.0%
  features.8                384          1       66    17.2%
  features.9                384          6      173    45.1%
  features.10               384         25      276    71.9%
  features.11               384         46      226    58.9%
  features.12               576          2      193    33.5%
  features.13               576          6      300    52.1%
  features.14               576         40      526    91.3%
  features.15               960         77      330    34.4%
  features.16               960         52      230    24.0%
  features.17               960         70      586    61.0%

[ 레이어별 보호 영역 (γ=0.01) ]
  layer                  active  protected  protect_%
  --------------------------------------------------
  features.1                 17          1       5.9%
  features.2                 32          1       3.1%
  features.3                130          1       0.8%
  features.4                139          1       0.7%
  features.5                183          1       0.5%
  features.6                127          1       0.8%
  features.7                170          1       0.6%
  features.8                319          2       0.6%
  features.9                217          2       0.9%
  features.10               133          1       0.8%
  features.11               204          2       1.0%
  features.12               385          2       0.5%
  features.13               282          2       0.7%
  features.14                90          1       1.1%
  features.15               707          4       0.6%
  features.16               782          4       0.5%
  features.17               444          3       0.7%

[ 블록별 제거 채널 수 ]
  features.1: 1채널 제거
  features.10: 25채널 제거
  features.11: 46채널 제거
  features.12: 2채널 제거
  features.13: 6채널 제거
  features.14: 40채널 제거
  features.15: 77채널 제거
  features.16: 52채널 제거
  features.17: 70채널 제거
  features.2: 7채널 제거
  features.3: 12채널 제거
  features.4: 16채널 제거
  features.5: 2채널 제거
  features.6: 22채널 제거
  features.7: 3채널 제거
  features.8: 1채널 제거
  features.9: 6채널 제거

[ 선택된 채널 상세 ]
block                             ch        score          phi         perf  weights
--------------------------------------------------------------------------------
features.2                        27    -0.499807 2.197296e-07 3.285531e-07       49
features.1                         3    -0.495456 3.278899e-07 4.784793e-06       25
features.14                      152    -0.432278 2.594629e-06 2.210453e-07      265
features.15                      165    -0.383979 6.155882e-07 2.723043e-09      329
features.17                       37    -0.340315 1.355693e-06 8.776168e-09      489
features.15                      810    -0.330570 5.586384e-07 3.863170e-08      329
features.16                      321    -0.324104 9.270728e-07 1.827847e-08      329
features.15                      615    -0.320952 5.132064e-07 5.830417e-10      329
features.15                      148    -0.318315 5.099739e-07 1.823654e-09      329
features.15                      909    -0.317641 5.088967e-07 1.823711e-09      329
features.17                      890    -0.316961 1.254000e-06 5.302967e-09      489
features.2                        69    -0.309806 1.364013e-07 9.910585e-07       49
features.16                       19    -0.303383 8.589676e-07 7.030282e-09      329
features.3                        59    -0.300737 8.129508e-08 6.277412e-07       57
features.14                      370    -0.299649 2.315891e-06 4.786270e-07      265
features.17                      588    -0.292979 1.149540e-06 1.725194e-09      489
features.14                      530    -0.292660 2.437598e-06 5.779935e-07      265
features.14                       86    -0.289322 1.873717e-06 2.342075e-07      265
features.17                      526    -0.282402 1.117740e-06 4.878648e-09      489
features.16                       47    -0.277298 7.819040e-07 2.764326e-09      329
features.10                      257    -0.276101 6.766394e-08 1.315919e-08      137
features.14                      299    -0.274446 1.493290e-06 4.347389e-08      265
features.14                       69    -0.273256 1.799103e-06 2.397136e-07      265
features.15                      926    -0.270885 4.350465e-07 2.895003e-09      329
features.16                      884    -0.270196 7.621403e-07 2.992305e-09      329
features.14                      262    -0.265267 1.893368e-06 3.250854e-07      265
features.12                      476    -0.260714 2.507107e-07 3.523721e-07      201
features.15                       67    -0.260325 4.164683e-07 7.331996e-10      329
features.17                      180    -0.258938 1.014230e-06 9.454368e-10      489
features.4                        56    -0.257952 5.784864e-07 2.307522e-07       65
features.15                       13    -0.256216 4.111071e-07 2.255898e-09      329
features.2                        31    -0.256014 1.157119e-07 1.252997e-05       49
features.15                       76    -0.254835 4.086294e-07 1.912175e-09      329
features.17                      633    -0.253522 1.008204e-06 5.962772e-09      489
features.17                      782    -0.253223 9.951530e-07 2.021837e-09      489
features.16                      852    -0.251770 7.261244e-07 2.099562e-08      329
features.14                      491    -0.250768 1.831352e-06 3.334004e-07      265
features.15                      456    -0.249686 4.002928e-07 1.770992e-09      329
features.6                       102    -0.249608 3.153004e-08 2.384147e-08       73
features.15                       27    -0.249326 4.053220e-07 8.863729e-09      329
features.15                      609    -0.249319 4.125752e-07 1.805727e-08      329
features.6                        90    -0.249306 3.200011e-08 8.671654e-08       73
features.17                      208    -0.249060 9.924026e-07 6.501208e-09      489
features.4                       142    -0.247379 5.261962e-07 1.826532e-07       65
features.15                      793    -0.247011 3.962067e-07 2.009934e-09      329
features.10                        8    -0.246843 6.251409e-08 1.846801e-08      137
features.17                      616    -0.246488 9.727888e-07 3.328183e-09      489
features.14                      242    -0.245242 1.643512e-06 2.332885e-07      265
features.4                         3    -0.242405 5.140429e-07 1.768519e-07       65
features.6                        97    -0.241390 3.072071e-08 5.137271e-08       73
features.6                        84    -0.238254 3.005951e-08 1.826874e-08       73
features.14                      497    -0.238105 1.539685e-06 1.912745e-07      265
features.17                      824    -0.237733 9.410713e-07 4.150443e-09      489
features.17                      516    -0.237394 9.342144e-07 2.315449e-09      489
features.17                      586    -0.237237 9.455895e-07 6.291611e-09      489
features.4                        36    -0.235954 6.209522e-07 3.351979e-07       65
features.14                      248    -0.235049 1.431547e-06 1.332304e-07      265
features.15                      467    -0.234969 3.933585e-07 2.274975e-08      329
features.15                      144    -0.234952 3.774690e-07 2.677263e-09      329
features.14                      475    -0.234807 1.370205e-06 9.543831e-08      265
features.14                      312    -0.234744 1.435407e-06 1.366552e-07      265
features.15                      334    -0.233012 3.737198e-07 1.854930e-09      329
features.15                       70    -0.231677 4.566494e-07 1.094958e-07      329
features.7                       122    -0.231664 1.017351e-06 2.321138e-08      105
features.15                      815    -0.231403 3.721958e-07 3.178285e-09      329
features.14                      189    -0.231255 1.477748e-06 1.746761e-07      265
features.3                       141    -0.230851 6.315301e-08 6.253947e-07       57
features.15                      189    -0.230725 3.726948e-07 5.179729e-09      329
features.15                       82    -0.229547 3.684779e-07 2.226603e-09      329
features.14                      445    -0.227499 1.396553e-06 1.358650e-07      265
features.15                      660    -0.227121 3.764387e-07 1.720436e-08      329
features.17                      307    -0.226732 9.153121e-07 9.856999e-09      489
features.6                       175    -0.225564 2.857658e-08 3.192219e-08       73
features.4                        24    -0.225179 4.609512e-07 1.418895e-07       65
features.11                      100    -0.225164 2.432396e-07 8.138625e-08      169
features.6                        96    -0.224108 2.959385e-08 1.804446e-07       73
features.3                        33    -0.224023 5.874187e-08 1.199579e-07       57
features.15                       73    -0.223794 3.732411e-07 1.988430e-08      329
features.11                      349    -0.223647 3.138105e-07 4.503117e-07      169
features.17                      255    -0.223394 8.913140e-07 6.223013e-09      489
features.10                        6    -0.222970 5.465940e-08 1.068087e-08      137
features.17                      300    -0.222945 8.761983e-07 1.792155e-09      489
features.16                      835    -0.222301 6.359725e-07 1.264851e-08      329
features.16                      672    -0.222102 6.308191e-07 7.410020e-09      329
features.6                        80    -0.221938 3.077533e-08 3.604023e-07       73
features.17                      940    -0.221265 8.822785e-07 5.983372e-09      489
features.15                        4    -0.219948 3.809366e-07 3.739715e-08      329
features.17                      823    -0.219858 8.720818e-07 4.425226e-09      489
features.16                      739    -0.219535 6.229131e-07 6.620849e-09      329
features.17                       18    -0.219414 8.634497e-07 2.137816e-09      489
features.17                      196    -0.218916 8.837259e-07 9.506772e-09      489
features.14                       92    -0.218691 1.437936e-06 1.906446e-07      265
features.17                       45    -0.218549 8.655443e-07 3.952112e-09      489
features.10                      375    -0.218315 5.411853e-08 1.244962e-08      137
features.14                      313    -0.218046 1.311595e-06 1.132808e-07      265
features.15                      431    -0.217864 3.488524e-07 1.009548e-09      329
features.4                       109    -0.217452 5.946365e-07 3.391683e-07       65
features.17                      720    -0.217426 8.625033e-07 4.399287e-09      489
features.16                      917    -0.217425 6.241182e-07 1.476199e-08      329
features.14                      563    -0.217335 1.321525e-06 1.218463e-07      265
features.16                      601    -0.215508 6.090888e-07 3.764512e-09      329
features.11                      248    -0.215033 2.220720e-07 2.541287e-08      169
features.14                      217    -0.212807 1.203984e-06 6.269398e-08      265
features.11                      371    -0.212689 2.477270e-07 1.687927e-07      169
features.10                      318    -0.211994 5.089456e-08 6.591010e-09      137
features.15                      895    -0.211833 3.400751e-07 2.094945e-09      329
features.17                      891    -0.211586 8.445727e-07 6.016399e-09      489
features.16                      202    -0.211564 6.069309e-07 1.395190e-08      329
features.2                        42    -0.211503 9.866798e-08 2.237456e-05       49
features.3                       108    -0.210721 5.512840e-08 8.880108e-08       57
features.3                        90    -0.210433 5.569115e-08 2.108446e-07       57
features.6                       178    -0.210105 2.666364e-08 3.537046e-08       73
features.10                      324    -0.209675 5.588825e-08 2.493494e-08      137
features.15                       58    -0.209667 3.418903e-07 8.770013e-09      329
features.10                       82    -0.209500 5.005707e-08 5.721396e-09      137
features.6                       117    -0.209086 2.725564e-08 1.244746e-07       73
features.4                        31    -0.208913 3.592063e-07 3.909155e-08       65
features.16                      267    -0.208509 5.952121e-07 1.037815e-08      329
features.17                      650    -0.208313 8.198605e-07 2.062012e-09      489
features.11                      113    -0.208098 2.496214e-07 2.022017e-07      169
features.14                      218    -0.207603 1.388879e-06 1.959778e-07      265
features.11                        5    -0.205863 2.090825e-07 6.324240e-09      169
features.11                       43    -0.205372 2.181569e-07 5.528973e-08      169
features.13                      345    -0.205049 7.277455e-08 5.278806e-08      201
features.11                      370    -0.204350 2.472645e-07 2.095027e-07      169
features.14                      198    -0.204248 1.139378e-06 4.999542e-08      265
features.14                      318    -0.203476 1.162965e-06 6.735009e-08      265
features.15                       17    -0.202991 3.273549e-07 3.873948e-09      329
features.2                        89    -0.201763 9.093658e-08 8.877153e-06       49
features.15                       22    -0.201670 3.250442e-07 3.621184e-09      329
features.11                      168    -0.201280 2.169970e-07 7.049567e-08      169
features.4                        16    -0.200826 4.213746e-07 1.404392e-07       65
features.11                      273    -0.200537 3.673761e-07 8.437719e-07      169
features.15                      167    -0.200495 3.209744e-07 8.459278e-10      329
features.4                       129    -0.200238 3.539182e-07 5.048698e-08       65
features.17                      272    -0.200003 7.849828e-07 1.259234e-09      489
features.17                      143    -0.199614 7.884927e-07 2.927182e-09      489
features.16                       10    -0.199542 5.788905e-07 2.051476e-08      329
features.15                      249    -0.199525 3.335279e-07 1.869329e-08      329
features.16                       30    -0.199378 5.669389e-07 7.404455e-09      329
features.17                      116    -0.198472 8.071192e-07 1.058194e-08      489
features.15                      122    -0.198144 3.244617e-07 1.001156e-08      329
features.16                      452    -0.197507 5.637306e-07 9.744875e-09      329
features.17                       64    -0.197261 7.740448e-07 1.183157e-09      489
features.17                      946    -0.197130 7.783622e-07 2.784260e-09      489
features.17                      477    -0.196848 7.838040e-07 4.954614e-09      489
features.15                      825    -0.196688 3.146084e-07 4.869570e-10      329
features.4                        77    -0.196601 3.220951e-07 1.523192e-08       65
features.17                      822    -0.196015 7.822223e-07 5.509408e-09      489
features.3                        74    -0.196007 5.270785e-08 3.561906e-07       57
features.15                        3    -0.195958 3.151767e-07 2.681828e-09      329
features.17                      544    -0.195735 7.716666e-07 2.370950e-09      489
features.16                      178    -0.195727 5.533194e-07 3.575389e-09      329
features.17                      227    -0.195562 7.684366e-07 1.523789e-09      489
features.17                      763    -0.195248 7.662255e-07 1.198263e-09      489
features.15                      735    -0.195181 3.399142e-07 3.555567e-08      329
features.11                       20    -0.194759 2.148269e-07 9.307802e-08      169
features.11                      162    -0.194737 2.101537e-07 6.928346e-08      169
features.11                       38    -0.194652 2.198931e-07 1.195558e-07      169
features.14                      287    -0.194646 1.080964e-06 4.459246e-08      265
features.16                      504    -0.194503 5.537457e-07 7.988112e-09      329
features.11                      345    -0.194412 2.070015e-07 5.483290e-08      169
features.15                      611    -0.194204 3.182838e-07 1.015943e-08      329
features.15                      649    -0.194166 3.233691e-07 1.667096e-08      329
features.2                        35    -0.194036 8.727866e-08 7.851419e-06       49
features.15                      880    -0.193656 3.102744e-07 1.131014e-09      329
features.15                      502    -0.193500 3.113878e-07 2.855805e-09      329
features.15                      316    -0.193486 3.267892e-07 2.237332e-08      329
features.11                       89    -0.193138 2.357229e-07 2.083727e-07      169
features.15                      625    -0.192744 3.105893e-07 3.374357e-09      329
features.15                      195    -0.192632 3.229330e-07 1.921953e-08      329
features.17                      105    -0.192349 7.675728e-07 5.398864e-09      489
features.7                       182    -0.191628 7.995094e-07 1.154907e-08      105
features.14                       36    -0.191600 1.334332e-06 2.139032e-07      265
features.17                       14    -0.190317 7.535010e-07 3.364371e-09      489
features.11                      175    -0.189497 2.102693e-07 9.694358e-08      169
features.6                        99    -0.189481 2.665016e-08 3.541668e-07       73
features.14                      412    -0.189477 9.874693e-07 2.655177e-09      265
features.16                      566    -0.189319 5.353449e-07 3.619543e-09      329
features.9                        94    -0.189299 7.646788e-08 4.179342e-09      137
features.15                      720    -0.189206 3.044316e-07 2.734029e-09      329
features.14                      468    -0.189203 1.027390e-06 2.866056e-08      265
features.3                        55    -0.188861 5.307957e-08 7.822937e-07       57
features.14                      464    -0.188808 1.697296e-06 4.513217e-07      265
features.10                      326    -0.188584 4.486193e-08 4.495194e-09      137
features.5                       167    -0.188334 1.507483e-07 4.257109e-07       73
features.11                      178    -0.187890 2.220322e-07 1.654319e-07      169
features.16                      151    -0.187848 5.294917e-07 1.658661e-09      329
features.16                      501    -0.187397 5.275076e-07 8.411946e-10      329
features.15                      336    -0.187255 3.017743e-07 3.315874e-09      329
features.4                        30    -0.186917 3.302408e-07 4.694760e-08       65
features.4                        51    -0.186750 3.050959e-07 1.330604e-08       65
features.11                      151    -0.186407 1.982015e-07 5.115953e-08      169
features.16                      882    -0.186383 5.254556e-07 1.752416e-09      329
features.15                      545    -0.186345 3.114063e-07 1.734337e-08      329
features.16                      885    -0.186114 5.246021e-07 1.640921e-09      329
features.3                        12    -0.185602 5.582132e-08 1.469101e-06       57
features.6                        75    -0.185582 2.463205e-08 1.649735e-07       73
features.13                      253    -0.185446 6.174633e-08 1.751225e-08      201
features.16                      526    -0.185436 5.236756e-07 2.759166e-09      329
features.11                      269    -0.185313 1.892386e-07 1.094873e-08      169
features.16                      938    -0.185088 5.218750e-07 1.819453e-09      329
features.15                      650    -0.185087 3.044327e-07 1.106189e-08      329
features.17                      527    -0.185063 7.262097e-07 1.120189e-09      489
features.15                      308    -0.184868 2.959822e-07 8.125057e-10      329
features.11                      363    -0.184089 1.921860e-07 3.235539e-08      169
features.6                        48    -0.184021 2.339689e-08 3.636098e-08       73
features.17                      814    -0.183929 7.322871e-07 4.603638e-09      489
features.11                       34    -0.183883 1.945427e-07 4.547610e-08      169
features.14                      316    -0.183647 1.965924e-06 6.371322e-07      265
features.10                       77    -0.183451 4.373297e-08 4.678237e-09      137
features.16                        8    -0.183448 5.320121e-07 1.864443e-08      329
features.11                       70    -0.183413 1.885617e-07 1.730079e-08      169
features.6                        70    -0.183401 2.321321e-08 2.325084e-08       73
features.17                      711    -0.183065 7.395612e-07 8.134576e-09      489
features.17                      301    -0.182814 7.166329e-07 8.566667e-10      489
features.17                      886    -0.182144 7.302984e-07 6.256494e-09      489
features.10                      252    -0.182101 5.257709e-08 3.505486e-08      137
features.11                      126    -0.181796 1.994716e-07 8.147762e-08      169
features.16                      205    -0.181630 5.119315e-07 1.565058e-09      329
features.17                      455    -0.181371 7.112814e-07 9.510712e-10      489
features.17                      211    -0.181238 7.289452e-07 6.981015e-09      489
features.9                       347    -0.180885 7.440592e-08 6.270787e-09      137
features.15                      441    -0.180751 2.899176e-07 1.459376e-09      329
features.15                      115    -0.180635 2.911640e-07 3.271958e-09      329
features.11                       49    -0.180448 1.840311e-07 9.438543e-09      169
features.14                      129    -0.180111 1.079002e-06 9.080043e-08      265
features.11                      191    -0.179875 3.243316e-07 7.302688e-07      169
features.15                      693    -0.179423 2.924496e-07 7.349449e-09      329
features.16                       78    -0.179336 5.079831e-07 4.417980e-09      329
features.6                       174    -0.179271 2.271697e-08 2.601610e-08       73
features.16                      304    -0.179226 5.081605e-07 4.974329e-09      329
features.10                      201    -0.179139 4.393297e-08 8.642607e-09      137
features.9                        85    -0.178898 7.306446e-08 5.309023e-09      137
features.16                      495    -0.178872 5.101263e-07 8.351853e-09      329
features.10                      295    -0.178812 4.543240e-08 1.386798e-08      137
features.13                      388    -0.178643 5.769757e-08 3.625185e-09      201
features.11                      148    -0.178336 2.127854e-07 1.674724e-07      169
features.17                      338    -0.178292 7.106661e-07 4.735616e-09      489
features.15                      956    -0.178227 2.856073e-07 1.107920e-09      329
features.17                      922    -0.178098 7.056190e-07 3.313132e-09      489
features.15                      374    -0.178069 3.041359e-07 2.487448e-08      329
features.11                      310    -0.177559 1.817898e-07 1.289615e-08      169
features.10                      268    -0.177388 4.567560e-08 1.576428e-08      137
features.15                      627    -0.177106 2.858266e-07 3.652186e-09      329
features.15                      777    -0.176581 2.881448e-07 7.646493e-09      329
features.6                        19    -0.176549 2.511674e-08 3.653297e-07       73
features.15                      351    -0.176531 2.893735e-07 9.303554e-09      329
features.15                      951    -0.176473 2.921039e-07 1.287523e-08      329
features.9                       132    -0.176442 7.408740e-08 8.687798e-09      137
features.15                      746    -0.176244 2.873569e-07 7.331085e-09      329
features.11                      247    -0.176134 2.308743e-07 2.714025e-07      169
features.16                      265    -0.176065 5.093577e-07 1.647572e-08      329
features.16                      862    -0.175987 4.999973e-07 6.046646e-09      329
features.15                      198    -0.175918 2.875229e-07 8.199886e-09      329
features.11                       57    -0.175913 2.209690e-07 2.218637e-07      169
features.11                      221    -0.175842 2.201900e-07 2.182441e-07      169
features.17                      553    -0.175797 6.997125e-07 4.334675e-09      489
features.16                      293    -0.175619 4.994628e-07 6.617512e-09      329
features.3                       140    -0.175427 5.438424e-08 1.699339e-06       57
features.17                      259    -0.175422 6.958090e-07 3.525526e-09      489
features.15                      534    -0.175292 2.816832e-07 2.076523e-09      329
features.11                        2    -0.174739 1.796690e-07 1.661039e-08      169
features.15                      206    -0.174554 2.808613e-07 2.528748e-09      329
features.6                       190    -0.174484 2.196155e-08 6.901645e-09       73
features.16                      579    -0.174178 5.000529e-07 1.191361e-08      329
features.11                       80    -0.174028 1.866649e-07 5.607797e-08      169
features.16                      786    -0.173719 4.899443e-07 1.852240e-09      329
features.11                      242    -0.173375 1.816507e-07 3.379670e-08      169
features.15                      668    -0.173117 2.956747e-07 2.417865e-08      329
features.16                      461    -0.173073 4.964130e-07 1.130473e-08      329
features.11                      192    -0.172906 1.763380e-07 9.034990e-09      169
features.10                      311    -0.172818 4.080752e-08 3.111308e-09      137
features.14                      147    -0.172686 1.167183e-06 1.705022e-07      265
features.14                      202    -0.172625 1.135564e-06 1.508130e-07      265
features.15                      228    -0.172487 2.908805e-07 1.938535e-08      329
features.15                       98    -0.172411 2.845696e-07 1.155274e-08      329
features.17                      575    -0.172408 6.798749e-07 2.146273e-09      489
features.16                      130    -0.172225 4.865014e-07 2.714183e-09      329
features.15                       24    -0.172202 2.808020e-07 7.207729e-09      329
features.10                      133    -0.172178 4.027809e-08 1.844177e-09      137
features.15                       25    -0.171915 2.943641e-07 2.494969e-08      329
features.10                       11    -0.171781 4.334148e-08 1.231190e-08      137
features.4                        58    -0.171768 6.981410e-07 5.767776e-07       65
features.4                       139    -0.171696 3.176315e-07 6.243754e-08       65
features.10                       70    -0.171684 9.946663e-08 1.986024e-07      137
features.16                      605    -0.171632 4.830993e-07 7.332395e-10      329
features.17                      560    -0.171477 6.866495e-07 5.597745e-09      489
features.11                       48    -0.171449 1.743474e-07 6.377143e-09      169
features.11                      219    -0.171367 2.090832e-07 1.845344e-07      169
features.16                      429    -0.171263 4.969706e-07 1.774558e-08      329
features.15                       21    -0.171256 2.861075e-07 1.583517e-08      329
features.17                      929    -0.170410 6.724831e-07 2.282961e-09      489
features.12                      560    -0.170161 8.975731e-08 1.302432e-08      201
features.15                      688    -0.170060 2.783895e-07 8.485894e-09      329
features.14                      186    -0.169896 1.025707e-06 9.062087e-08      265
features.14                      301    -0.169863 8.990747e-07 1.107820e-08      265
features.17                      712    -0.169784 6.719371e-07 2.912257e-09      489
features.10                       74    -0.169620 4.142776e-08 7.616810e-09      137
features.11                       85    -0.169417 1.836325e-07 6.438630e-08      169
features.11                      256    -0.169361 1.949544e-07 1.226018e-07      169
features.13                      254    -0.169086 6.013839e-08 4.447728e-08      201
features.14                      110    -0.168967 1.216506e-06 2.136665e-07      265
features.11                      289    -0.168923 1.917690e-07 1.085663e-07      169
features.11                       88    -0.168813 1.836223e-07 6.745073e-08      169
features.13                      560    -0.168591 6.822476e-08 1.056986e-07      201
features.17                      834    -0.168482 6.629089e-07 1.604764e-09      489
features.17                      852    -0.168323 6.627264e-07 1.750182e-09      489
features.10                      359    -0.168153 4.174168e-08 9.781419e-09      137
features.4                        38    -0.168051 4.351047e-07 2.290675e-07       65
features.11                      193    -0.167946 1.800736e-07 5.377432e-08      169
features.15                      755    -0.167821 2.848902e-07 2.123817e-08      329
features.10                      283    -0.167804 4.908269e-08 3.440524e-08      137
features.9                       142    -0.167770 7.645975e-08 1.850432e-08      137
features.15                      765    -0.167524 2.761650e-07 1.079822e-08      329
features.6                        42    -0.167384 2.414635e-08 3.876377e-07       73
features.15                        0    -0.167360 2.705920e-07 4.077751e-09      329
features.11                      170    -0.167297 2.050098e-07 1.847160e-07      169
features.14                       83    -0.167229 9.350287e-07 4.228978e-08      265
features.11                       64    -0.167052 1.929523e-07 1.242849e-07      169
features.15                      571    -0.167019 3.010552e-07 4.331646e-08      329
features.5                        40    -0.166845 1.146049e-07 3.413973e-08       73
features.17                      571    -0.166742 6.558970e-07 1.533485e-09      489
features.6                       154    -0.166652 2.589691e-08 6.156732e-07       73
features.14                      238    -0.166623 1.111680e-06 1.553826e-07      265
features.9                       309    -0.166492 7.230137e-08 1.227215e-08      137
features.15                      363    -0.166487 2.913037e-07 3.205076e-08      329
features.14                      414    -0.166226 8.820073e-07 1.221185e-08      265
features.15                      251    -0.166174 2.681408e-07 3.372392e-09      329
features.11                      210    -0.166052 2.016426e-07 1.739184e-07      169
features.17                      566    -0.165898 6.595149e-07 3.825583e-09      489
features.10                      142    -0.165739 4.024190e-08 6.653226e-09      137
features.3                        13    -0.165411 4.569429e-08 5.330239e-07       57
features.4                         2    -0.165263 2.696766e-07 1.134743e-08       65
features.14                      428    -0.165072 9.368978e-07 5.050523e-08      265
features.16                      857    -0.164908 4.644902e-07 1.068613e-09      329
features.16                      280    -0.164709 4.651805e-07 2.495123e-09      329
features.17                      932    -0.164639 6.610591e-07 5.969337e-09      489
features.16                      223    -0.164515 4.643234e-07 2.138198e-09      329
features.16                      630    -0.164513 4.670247e-07 5.226966e-09      329
features.3                        99    -0.164346 4.376673e-08 2.168518e-07       57
features.15                      871    -0.163647 3.388409e-07 9.794793e-08      329
features.15                      670    -0.163494 2.718600e-07 1.349628e-08      329
features.16                      588    -0.163261 4.604367e-07 1.725773e-09      329
features.10                       49    -0.163149 3.892082e-08 4.252359e-09      137
features.6                       127    -0.163124 2.320792e-08 3.376842e-07       73
features.11                        1    -0.162851 2.312334e-07 3.418597e-07      169
features.10                      297    -0.162735 3.863138e-08 3.608845e-09      137
features.13                      422    -0.162730 5.508966e-08 2.210223e-08      201
features.17                      549    -0.162567 6.389657e-07 1.326471e-09      489
features.16                       99    -0.162493 4.680522e-07 1.287668e-08      329
features.16                      269    -0.162384 4.608790e-07 5.043637e-09      329
features.6                        54    -0.162316 2.157377e-08 1.479765e-07       73
features.17                      407    -0.162280 6.404927e-07 2.204493e-09      489
features.6                        35    -0.162275 2.049071e-08 1.457028e-08       73
features.7                        20    -0.162142 7.540190e-07 2.388692e-08      105
features.15                      354    -0.162113 2.590868e-07 1.255729e-10      329
features.16                      583    -0.161968 4.569035e-07 1.840527e-09      329
features.16                      381    -0.161919 4.657688e-07 1.211331e-08      329
features.16                      638    -0.161831 4.636534e-07 9.980407e-09      329
features.16                      863    -0.161801 4.565819e-07 2.008977e-09      329
features.17                      216    -0.161795 6.381705e-07 2.062427e-09      489
features.17                      920    -0.161777 6.371800e-07 1.756888e-09      489
features.17                      565    -0.161608 6.377076e-07 2.151450e-09      489
features.3                         2    -0.161427 4.224776e-08 7.099084e-08       57
features.16                      402    -0.161416 4.571229e-07 3.863192e-09      329
features.16                      780    -0.161303 4.614656e-07 9.178424e-09      329
features.11                       92    -0.161290 1.773112e-07 7.402384e-08      169
features.8                        21    -0.161186 1.729634e-07 1.382836e-09      137
features.15                      675    -0.161051 2.599521e-07 3.366537e-09      329
features.10                      139    -0.160973 4.257802e-08 1.805178e-08      137
features.10                      269    -0.160913 3.890267e-08 5.903759e-09      137
features.17                      568    -0.160905 6.327516e-07 1.417972e-09      489
features.17                       52    -0.160695 6.398988e-07 4.060670e-09      489
features.15                      938    -0.160477 2.740298e-07 2.234171e-08      329
features.17                      472    -0.160475 6.429458e-07 5.355241e-09      489
features.17                      726    -0.159833 6.446340e-07 6.746782e-09      489
features.17                      141    -0.159682 6.344649e-07 3.570992e-09      489
features.17                      942    -0.159620 6.375097e-07 4.659821e-09      489
features.6                        14    -0.159348 2.021192e-08 2.553448e-08       73
features.2                        58    -0.159220 7.108162e-08 4.343131e-06       49
features.17                      186    -0.159182 6.317062e-07 3.303901e-09      489
features.16                      667    -0.159073 4.497361e-07 2.946980e-09      329
features.17                      359    -0.158993 7.190483e-07 3.251002e-08      489
features.14                      246    -0.158742 8.786280e-07 3.451743e-08      265
features.17                       83    -0.158719 6.404157e-07 6.790656e-09      489
features.14                      506    -0.158611 9.252878e-07 6.429298e-08      265
features.17                      905    -0.158521 6.257612e-07 2.187764e-09      489
