================================================================================
Channel Pruning Log
  iteration  : 3
  alpha      : 0.5000
  timestamp  : 2026-06-05 04:14:56
  remove_target  : 144074
  accum_removed  : 144176
  selected_channels : 536
  gamma             : 0.0050
  remove_target_met : yes
  total_params   : 2289600
  active_after   : 1806872
  model_sparsity : 21.1%
================================================================================

[ 레이어별 채널 제거 비율 ]
  layer                total_ch  this_iter    cumul  cumul_%
  ----------------------------------------------------------
  features.1                 32          3       11    34.4%
  features.2                 96         11       46    47.9%
  features.3                144          0        5     3.5%
  features.4                144          2        4     2.8%
  features.5                192          1        5     2.6%
  features.6                192          0       25    13.0%
  features.7                192          1       13     6.8%
  features.8                384          0       65    16.9%
  features.9                384         59      131    34.1%
  features.10               384         61      199    51.8%
  features.11               384         10       90    23.4%
  features.12               576          1      131    22.7%
  features.13               576         91      210    36.5%
  features.14               576        113      368    63.9%
  features.15               960         69      151    15.7%
  features.16               960         11      108    11.2%
  features.17               960        103      318    33.1%

[ 레이어별 보호 영역 (γ=0.01) ]
  layer                  active  protected  protect_%
  --------------------------------------------------
  features.1                 24          1       4.2%
  features.2                 61          1       1.6%
  features.3                139          1       0.7%
  features.4                142          1       0.7%
  features.5                188          1       0.5%
  features.6                167          1       0.6%
  features.7                180          1       0.6%
  features.8                319          2       0.6%
  features.9                312          2       0.6%
  features.10               246          2       0.8%
  features.11               304          2       0.7%
  features.12               446          3       0.7%
  features.13               457          3       0.7%
  features.14               321          2       0.6%
  features.15               878          5       0.6%
  features.16               863          5       0.6%
  features.17               745          4       0.5%

[ 블록별 제거 채널 수 ]
  features.1: 3채널 제거
  features.10: 61채널 제거
  features.11: 10채널 제거
  features.12: 1채널 제거
  features.13: 91채널 제거
  features.14: 113채널 제거
  features.15: 69채널 제거
  features.16: 11채널 제거
  features.17: 103채널 제거
  features.2: 11채널 제거
  features.4: 2채널 제거
  features.5: 1채널 제거
  features.7: 1채널 제거
  features.9: 59채널 제거

[ 선택된 채널 상세 ]
block                             ch        score          phi         perf  weights
--------------------------------------------------------------------------------
features.15                      271    -0.497702 7.712480e-07 1.908077e-09      329
features.2                        67    -0.495943 3.420385e-07 2.515577e-07       49
features.13                      123    -0.495134 1.130450e-07 4.161571e-09      201
features.17                       85    -0.484157 9.957158e-07 3.167090e-09      489
features.13                      501    -0.482078 1.094160e-07 1.597333e-09      201
features.13                      356    -0.447060 1.033173e-07 8.483067e-09      201
features.15                      686    -0.441960 6.959717e-07 7.672694e-09      329
features.13                      400    -0.424495 9.642791e-08 1.714934e-09      201
features.9                       222    -0.416078 1.341880e-07 5.980036e-09      137
features.9                       239    -0.414331 1.351012e-07 7.440624e-09      137
features.9                       227    -0.412960 1.284336e-07 1.156731e-09      137
features.9                       381    -0.412716 1.329158e-07 5.742450e-09      137
features.13                      302    -0.412626 9.398484e-08 2.625673e-09      201
features.13                      184    -0.411552 9.339428e-08 1.308959e-09      201
features.15                      231    -0.409887 6.344586e-07 1.189114e-09      329
features.9                       224    -0.408981 1.385187e-07 1.253841e-08      137
features.13                      330    -0.403901 9.464328e-08 1.258699e-08      201
features.14                      327    -0.402583 1.167492e-06 4.158166e-08      265
features.15                       81    -0.401567 6.234558e-07 2.175027e-09      329
features.9                       139    -0.400300 1.247229e-07 1.349501e-09      137
features.13                       19    -0.395707 9.680964e-08 2.780339e-08      201
features.9                       228    -0.393859 1.489310e-07 2.770527e-08      137
features.9                       103    -0.393686 1.223050e-07 9.677183e-10      137
features.15                      458    -0.387529 6.017358e-07 2.139032e-09      329
features.14                      281    -0.387273 1.013332e-06 1.993553e-08      265
features.14                      460    -0.383373 9.465042e-07 9.383818e-09      265
features.13                      424    -0.382888 8.811318e-08 5.850690e-09      201
features.9                       163    -0.382727 1.261291e-07 8.214542e-09      137
features.9                         6    -0.382665 1.349658e-07 1.712494e-08      137
features.14                       29    -0.381142 1.052753e-06 2.975900e-08      265
features.13                      106    -0.380374 8.734055e-08 5.077594e-09      201
features.14                       49    -0.379659 1.141184e-06 4.655747e-08      265
features.15                      383    -0.377174 5.849508e-07 1.701598e-09      329
features.13                      153    -0.376586 8.536588e-08 8.439955e-10      201
features.9                       137    -0.372961 1.156094e-07 6.581597e-10      137
features.9                        62    -0.372290 1.385220e-07 2.392096e-08      137
features.17                      309    -0.368711 7.533143e-07 1.200526e-09      489
features.14                      239    -0.367285 9.707780e-07 2.068846e-08      265
features.10                      361    -0.367000 9.491242e-08 6.630769e-08      137
features.13                      177    -0.365127 8.317288e-08 2.349724e-09      201
features.9                       123    -0.362575 1.124233e-07 6.733916e-10      137
features.10                      356    -0.361209 7.233541e-08 9.897231e-09      137
features.14                      372    -0.359203 8.693106e-07 5.589337e-09      265
features.9                        64    -0.358774 1.109932e-07 4.131905e-10      137
features.13                      316    -0.357571 8.109856e-08 9.640895e-10      201
features.9                       176    -0.356605 1.111680e-07 1.262004e-09      137
features.13                      546    -0.354696 8.110496e-08 3.449611e-09      201
features.9                       247    -0.354604 1.258812e-07 1.668688e-08      137
features.14                       30    -0.353960 1.098170e-06 4.966363e-08      265
features.17                      424    -0.352540 7.207100e-07 1.253568e-09      489
features.10                      281    -0.351377 6.789528e-08 3.137266e-09      137
features.10                      125    -0.351321 8.114296e-08 3.795972e-08      137
features.9                       274    -0.351089 1.117409e-07 3.548924e-09      137
features.13                      298    -0.348821 7.941127e-08 2.065882e-09      201
features.13                      396    -0.348383 7.978334e-08 3.849807e-09      201
features.13                      165    -0.347445 7.904533e-08 1.858101e-09      201
features.13                      202    -0.347390 7.892191e-08 1.438156e-09      201
features.15                      513    -0.347094 5.356284e-07 1.269595e-10      329
features.13                      283    -0.346551 7.891744e-08 2.139632e-09      201
features.13                      329    -0.345177 1.079999e-07 1.134253e-07      201
features.17                      866    -0.344471 7.019137e-07 6.646899e-10      489
features.10                      213    -0.343684 6.730524e-08 5.423329e-09      137
features.13                       86    -0.343129 7.805369e-08 1.798133e-09      201
features.13                       34    -0.341870 7.776020e-08 1.765043e-09      201
features.13                        8    -0.341617 7.924821e-08 7.615638e-09      201
features.13                       88    -0.340188 7.726427e-08 1.327191e-09      201
features.9                       183    -0.340088 1.071006e-07 2.291829e-09      137
features.13                      575    -0.340009 7.769188e-08 3.099466e-09      201
features.14                      352    -0.339318 8.121569e-07 3.629413e-09      265
features.10                      373    -0.339314 6.594503e-08 4.029516e-09      137
features.9                       354    -0.339142 1.107342e-07 6.241077e-09      137
features.9                       231    -0.337435 1.392786e-07 3.549185e-08      137
features.10                       69    -0.337324 6.641776e-08 6.263019e-09      137
features.13                       82    -0.337002 8.738095e-08 4.235768e-08      201
features.2                         6    -0.336373 2.464238e-07 1.479601e-06       49
features.14                       98    -0.334848 8.986305e-07 2.134481e-08      265
features.17                      959    -0.334786 6.826554e-07 7.623466e-10      489
features.17                      911    -0.334557 6.802962e-07 3.010456e-10      489
features.17                       51    -0.333836 6.897839e-07 2.967002e-09      489
features.13                      286    -0.333813 7.656450e-08 4.134476e-09      201
features.13                      307    -0.333593 7.547933e-08 2.141568e-10      201
features.13                      240    -0.332003 7.612980e-08 4.038542e-09      201
features.13                      176    -0.331940 7.527626e-08 8.607997e-10      201
features.13                      423    -0.329640 7.475945e-08 8.725342e-10      201
features.9                       187    -0.329107 1.182045e-07 1.687011e-08      137
features.17                      753    -0.327699 6.688496e-07 9.030677e-10      489
features.2                        71    -0.327639 2.255415e-07 1.278727e-07       49
features.9                       215    -0.324958 1.005823e-07 4.253653e-10      137
features.9                        69    -0.324235 1.288897e-07 2.913240e-08      137
features.9                       313    -0.323794 1.077414e-07 7.989768e-09      137
features.13                       14    -0.323420 7.321695e-08 3.572617e-10      201
features.9                       328    -0.321592 1.020756e-07 2.971712e-09      137
features.13                      284    -0.321042 7.291889e-08 1.264390e-09      201
features.13                      100    -0.320904 7.524104e-08 1.017455e-08      201
features.9                       329    -0.320760 1.005570e-07 1.701935e-09      137
features.14                       63    -0.318863 8.370126e-07 1.690420e-08      265
features.10                      254    -0.318325 6.086593e-08 1.153792e-09      137
features.17                      659    -0.318218 6.617954e-07 3.870821e-09      489
features.9                        51    -0.318018 1.090664e-07 1.111432e-08      137
features.10                      203    -0.317921 6.263753e-08 6.008124e-09      137
features.13                      246    -0.316548 7.364637e-08 7.865736e-09      201
features.13                       59    -0.316303 7.189204e-08 1.433267e-09      201
features.13                      161    -0.316108 7.187194e-08 1.523639e-09      201
features.9                        52    -0.315447 9.833835e-08 1.117201e-09      137
features.15                      931    -0.314952 4.884008e-07 1.393845e-09      329
features.13                      226    -0.314487 7.192826e-08 3.124419e-09      201
features.10                       58    -0.313322 6.118472e-08 4.485243e-09      137
features.15                      747    -0.313311 4.852452e-07 1.057443e-09      329
features.10                       86    -0.311201 6.135041e-08 5.978103e-09      137
features.2                        70    -0.310573 2.288209e-07 1.483795e-06       49
features.13                      449    -0.310041 7.042734e-08 1.247640e-09      201
features.14                      172    -0.309975 7.915087e-07 1.237966e-08      265
features.17                      220    -0.309840 6.323565e-07 8.434999e-10      489
features.14                      163    -0.309792 7.747342e-07 9.391176e-09      265
features.10                       98    -0.309001 6.062327e-08 5.165274e-09      137
features.14                      507    -0.308950 1.005493e-06 5.193419e-08      265
features.2                        50    -0.308857 2.144930e-07 2.911102e-07       49
features.13                       48    -0.307462 7.021461e-08 2.650039e-09      201
features.9                       171    -0.307380 9.729396e-08 2.568125e-09      137
features.10                      180    -0.306932 6.031823e-08 5.395348e-09      137
features.10                      208    -0.306414 5.962004e-08 3.820176e-09      137
features.13                      156    -0.306019 6.931190e-08 4.673791e-10      201
features.13                      141    -0.305917 7.333631e-08 1.579130e-08      201
features.17                      754    -0.304216 6.214255e-07 9.613873e-10      489
features.15                       50    -0.304145 4.712227e-07 1.119645e-09      329
features.13                      425    -0.303932 7.248664e-08 1.427360e-08      201
features.14                      409    -0.303668 7.825919e-07 1.344190e-08      265
features.17                      413    -0.303337 6.184638e-07 6.748795e-10      489
features.14                      510    -0.300655 8.259540e-07 2.265450e-08      265
features.17                      865    -0.300635 6.124162e-07 5.374622e-10      489
features.15                      585    -0.300007 4.658538e-07 1.666026e-09      329
features.14                      544    -0.299739 8.628562e-07 2.979146e-08      265
features.17                      405    -0.299694 6.177739e-07 2.307062e-09      489
features.9                        27    -0.298402 9.249376e-08 5.226274e-10      137
features.13                      505    -0.296883 6.915715e-08 7.701872e-09      201
features.15                      733    -0.296353 4.592707e-07 1.155715e-09      329
features.15                      602    -0.296091 4.597397e-07 1.626288e-09      329
features.14                      165    -0.293946 7.147975e-07 5.198410e-09      265
features.17                      380    -0.293768 6.001179e-07 9.368631e-10      489
features.14                      434    -0.293751 7.290227e-07 7.882053e-09      265
features.13                       47    -0.293559 6.721553e-08 3.195977e-09      201
features.13                        0    -0.293510 6.692797e-08 2.149446e-09      201
features.13                      180    -0.293442 7.294852e-08 2.500251e-08      201
features.10                      146    -0.293400 5.683461e-08 2.992648e-09      137
features.17                      471    -0.292375 5.994459e-07 1.461633e-09      489
features.10                      245    -0.292288 5.712898e-08 4.320443e-09      137
features.15                      669    -0.291086 4.791841e-07 1.625318e-08      329
features.17                      766    -0.290709 5.993224e-07 2.255051e-09      489
features.14                      181    -0.289925 8.794864e-07 3.702027e-08      265
features.2                        92    -0.289792 3.109274e-07 1.021750e-05       49
features.14                      290    -0.289523 7.539359e-07 1.424085e-08      265
features.10                       78    -0.288439 5.653612e-08 4.682224e-09      137
features.17                      584    -0.288206 5.869405e-07 4.771734e-10      489
features.17                      634    -0.286351 5.845091e-07 8.021400e-10      489
features.10                      276    -0.286083 5.579477e-08 3.909779e-09      137
features.15                      702    -0.285861 4.438141e-07 1.547728e-09      329
features.13                      512    -0.284935 6.503819e-08 2.334505e-09      201
features.14                      137    -0.284647 7.544920e-07 1.642382e-08      265
features.17                      777    -0.283117 5.776109e-07 7.206366e-10      489
features.15                      935    -0.282972 4.376822e-07 6.454511e-10      329
features.10                      169    -0.281687 5.697359e-08 9.197455e-09      137
features.15                      318    -0.281194 4.359212e-07 1.173573e-09      329
features.14                      325    -0.280746 6.800037e-07 4.472517e-09      265
features.13                      541    -0.280324 6.873272e-08 2.027028e-08      201
features.9                       112    -0.280290 9.183585e-08 5.477694e-09      137
features.14                      547    -0.280206 1.068397e-06 7.570225e-08      265
features.14                      418    -0.280178 6.618947e-07 1.404424e-09      265
features.15                      196    -0.279670 4.351020e-07 1.998438e-09      329
features.15                      220    -0.278432 4.303806e-07 4.842347e-10      329
features.10                      206    -0.277913 5.466691e-08 5.020834e-09      137
features.14                      509    -0.277849 1.025593e-06 6.888365e-08      265
features.15                      225    -0.277295 4.305018e-07 1.493771e-09      329
features.17                      603    -0.276859 5.650369e-07 7.517744e-10      489
features.15                      719    -0.276818 4.292889e-07 1.237150e-09      329
features.17                      433    -0.276708 5.736933e-07 2.933731e-09      489
features.14                      274    -0.276696 7.836585e-07 2.514949e-08      265
features.13                      464    -0.276395 6.344594e-08 3.616923e-09      201
features.13                      149    -0.276370 6.326263e-08 2.944344e-09      201
features.9                       192    -0.275984 9.240751e-08 7.388447e-09      137
features.17                      853    -0.275489 5.637966e-07 1.126643e-09      489
features.10                      214    -0.275225 5.284273e-08 1.569526e-09      137
features.15                      421    -0.274721 4.293682e-07 3.021501e-09      329
features.10                      163    -0.274380 5.380187e-08 4.510133e-09      137
features.15                      940    -0.273293 4.260710e-07 2.432071e-09      329
features.17                      137    -0.272861 5.558320e-07 4.865007e-10      489
features.17                      247    -0.272243 5.616546e-07 2.209539e-09      489
features.10                      343    -0.272015 5.762342e-08 1.572640e-08      137
features.14                      117    -0.271870 8.347276e-07 3.654518e-08      265
features.10                      118    -0.271664 5.202418e-08 1.195240e-09      137
features.10                       51    -0.271626 5.384238e-08 5.989459e-09      137
features.14                      280    -0.271578 6.630135e-07 5.279778e-09      265
features.14                      229    -0.271416 6.505012e-07 3.061794e-09      265
features.9                       140    -0.271356 8.389021e-08 2.537050e-10      137
features.14                      330    -0.271103 6.684992e-07 6.485179e-09      265
features.17                      282    -0.270472 5.555891e-07 1.607927e-09      489
features.16                      675    -0.270308 6.839612e-07 1.089007e-08      329
features.9                       324    -0.270230 9.902203e-08 1.582838e-08      137
features.10                      382    -0.270230 5.395427e-08 6.979545e-09      137
features.9                        24    -0.270185 1.012181e-07 1.805198e-08      137
features.10                      111    -0.269815 5.362440e-08 6.320221e-09      137
features.13                      416    -0.269357 8.531028e-08 9.242302e-08      201
features.9                       358    -0.268880 8.363762e-08 7.671904e-10      137
features.14                      115    -0.268633 6.369892e-07 1.779522e-09      265
features.17                      742    -0.268616 5.492418e-07 9.794909e-10      489
features.2                        60    -0.268228 1.929338e-07 8.563831e-07       49
features.17                      438    -0.267963 5.478077e-07 9.533329e-10      489
features.17                      580    -0.267954 5.514551e-07 1.845473e-09      489
features.17                      238    -0.267933 5.546867e-07 2.642646e-09      489
features.14                      477    -0.267664 6.727399e-07 8.728340e-09      265
features.13                       43    -0.267350 6.530514e-08 1.839841e-08      201
features.10                       26    -0.267316 5.175879e-08 2.666167e-09      137
features.15                      788    -0.267234 4.160773e-07 2.083740e-09      329
features.15                        8    -0.267124 4.195484e-07 4.043544e-09      329
features.14                      144    -0.266363 7.058918e-07 1.534411e-08      265
features.14                      162    -0.266193 6.848340e-07 1.156705e-08      265
features.14                      200    -0.265744 9.507397e-07 6.036725e-08      265
features.13                       50    -0.265598 6.127114e-08 4.624987e-09      201
features.1                         8    -0.265229 1.480326e-07 6.723791e-05       25
features.9                       326    -0.265163 1.122617e-07 3.072137e-08      137
features.10                      119    -0.265135 5.153862e-08 3.175002e-09      137
features.15                      468    -0.264931 4.105989e-07 1.046381e-09      329
features.14                      362    -0.264748 6.814452e-07 1.156473e-08      265
features.17                      135    -0.264323 5.498180e-07 3.241247e-09      489
features.14                      465    -0.264061 6.523335e-07 6.535973e-09      265
features.17                      101    -0.264009 5.435486e-07 1.870024e-09      489
features.17                      406    -0.263837 5.374392e-07 4.679176e-10      489
features.14                      542    -0.263830 8.415657e-07 4.122689e-08      265
features.14                      499    -0.263740 6.792786e-07 1.159881e-08      265
features.14                      293    -0.263436 7.201633e-07 1.920243e-08      265
features.17                       22    -0.263347 5.484062e-07 3.380125e-09      489
features.17                      832    -0.263266 5.379208e-07 8.673179e-10      489
features.2                        53    -0.263180 1.820122e-07 1.791740e-07       49
features.10                        1    -0.263030 5.146757e-08 4.037819e-09      137
features.17                      800    -0.262886 5.349188e-07 3.243584e-10      489
features.15                      222    -0.262505 4.060545e-07 6.142810e-10      329
features.13                      154    -0.262418 6.042676e-08 4.149971e-09      201
features.17                      184    -0.262131 5.328761e-07 2.001419e-10      489
features.14                      339    -0.261365 6.349700e-07 4.512831e-09      265
features.11                      288    -0.261193 2.838832e-07 3.378533e-08      169
features.14                      517    -0.260750 6.557508e-07 8.574255e-09      265
features.14                      472    -0.260504 6.712438e-07 1.151100e-08      265
features.17                      655    -0.259705 5.392469e-07 2.949802e-09      489
features.13                      219    -0.259630 5.890176e-08 7.628393e-10      201
features.10                      308    -0.258794 5.087837e-08 4.602552e-09      137
features.13                       68    -0.258654 5.949833e-08 3.857339e-09      201
features.17                      478    -0.258105 5.263756e-07 6.068579e-10      489
features.17                      913    -0.257941 5.277621e-07 1.025562e-09      489
features.15                      491    -0.257818 4.041356e-07 3.474125e-09      329
features.17                      772    -0.257649 5.289996e-07 1.471183e-09      489
features.10                      340    -0.257567 4.976579e-08 2.292028e-09      137
features.9                       146    -0.257503 8.747765e-08 8.159573e-09      137
features.17                      286    -0.257283 5.320970e-07 2.406007e-09      489
features.17                      620    -0.257254 5.262334e-07 9.924814e-10      489
features.10                       22    -0.257211 4.960905e-08 2.057644e-09      137
features.14                      462    -0.256780 6.886686e-07 1.628604e-08      265
features.10                       75    -0.256774 5.312159e-08 1.150113e-08      137
features.9                       362    -0.256494 8.237058e-08 3.333767e-09      137
features.14                      176    -0.256022 6.183567e-07 3.756194e-09      265
features.17                      794    -0.255254 5.345306e-07 4.001169e-09      489
features.17                      201    -0.255242 5.207342e-07 6.482865e-10      489
features.15                      371    -0.254984 3.976062e-07 2.311897e-09      329
features.17                      170    -0.254823 5.219363e-07 1.147746e-09      489
features.13                      127    -0.254643 6.883109e-08 4.262590e-08      201
features.15                      288    -0.254413 3.952783e-07 1.533180e-09      329
features.13                       85    -0.254279 5.768181e-08 7.242131e-10      201
features.13                      516    -0.254203 5.963973e-08 8.202139e-09      201
features.13                      527    -0.253994 6.120183e-08 1.429595e-08      201
features.17                      175    -0.253938 5.284420e-07 3.168837e-09      489
features.17                      907    -0.253921 5.216571e-07 1.525691e-09      489
features.13                      347    -0.253452 5.791057e-08 2.298309e-09      201
features.9                       157    -0.252733 9.939716e-08 2.163230e-08      137
features.17                      671    -0.252519 5.146744e-07 5.185130e-10      489
features.14                       48    -0.252356 6.148255e-07 4.675758e-09      265
features.14                      466    -0.252328 7.043700e-07 2.105665e-08      265
features.2                        84    -0.252212 1.744123e-07 1.703980e-07       49
features.17                      469    -0.252163 5.187831e-07 1.694594e-09      489
features.17                      498    -0.252026 5.201392e-07 2.092538e-09      489
features.17                      279    -0.251828 5.172963e-07 1.498008e-09      489
features.10                      238    -0.251493 4.816748e-08 1.122388e-09      137
features.17                      183    -0.251420 5.153717e-07 1.231064e-09      489
features.14                      126    -0.251376 6.430698e-07 1.025699e-08      265
features.9                       357    -0.251280 8.717491e-08 9.784781e-09      137
features.15                      521    -0.251174 3.946892e-07 3.905943e-09      329
features.1                         5    -0.251155 2.530689e-07 6.141208e-04       25
features.10                      187    -0.250977 4.974130e-08 5.513038e-09      137
features.17                      376    -0.250843 5.117474e-07 6.339766e-10      489
features.13                      163    -0.250429 7.160140e-08 5.672206e-08      201
features.10                       63    -0.250362 4.932768e-08 4.733583e-09      137
features.9                       383    -0.250340 8.421218e-08 7.095254e-09      137
features.14                       57    -0.250202 8.638409e-07 5.111600e-08      265
features.10                       92    -0.250153 4.866945e-08 3.108708e-09      137
features.9                       186    -0.250063 7.808381e-08 1.014883e-09      137
features.15                      388    -0.250061 3.888135e-07 1.666333e-09      329
features.13                      185    -0.249672 5.936863e-08 1.105470e-08      201
features.15                      736    -0.249592 3.867276e-07 9.329258e-10      329
features.11                      234    -0.249453 2.904645e-07 1.118786e-07      169
features.17                      665    -0.249362 5.088143e-07 6.515809e-10      489
features.17                      363    -0.249226 5.134999e-07 1.859825e-09      489
features.15                      410    -0.248879 3.874960e-07 1.938597e-09      329
features.9                       261    -0.248751 9.129555e-08 1.471542e-08      137
features.10                      317    -0.248618 4.803420e-08 2.205924e-09      137
features.15                      643    -0.248190 3.872566e-07 2.382009e-09      329
features.14                       80    -0.247915 6.450633e-07 1.209872e-08      265
features.14                      321    -0.247584 6.766801e-07 1.801971e-08      265
features.17                      347    -0.247033 5.038696e-07 5.988081e-10      489
features.4                        54    -0.246894 6.228111e-07 1.809061e-07       65
features.15                      852    -0.246546 3.828205e-07 1.358866e-09      329
features.10                       41    -0.246505 5.144482e-08 1.221701e-08      137
features.14                       33    -0.246384 6.417112e-07 1.213977e-08      265
features.14                      307    -0.246323 6.798796e-07 1.914299e-08      265
features.14                      161    -0.246301 6.106341e-07 6.493887e-09      265
features.15                      923    -0.245720 3.814582e-07 1.311769e-09      329
features.9                       332    -0.245045 7.680255e-08 1.281905e-09      137
features.14                       10    -0.244502 9.850668e-07 7.570954e-08      265
features.13                      482    -0.244461 5.925965e-08 1.510300e-08      201
features.9                        74    -0.244256 9.863844e-08 2.349770e-08      137
features.14                       37    -0.244111 6.141846e-07 8.078032e-09      265
features.15                      127    -0.243879 3.783483e-07 1.166369e-09      329
features.9                       365    -0.243480 9.536050e-08 2.044021e-08      137
features.13                       11    -0.243467 5.620689e-08 4.395444e-09      201
features.15                      856    -0.243020 3.792829e-07 2.382995e-09      329
features.17                      738    -0.242806 4.947260e-07 4.616947e-10      489
features.15                      860    -0.242201 3.745914e-07 5.367426e-10      329
features.17                      172    -0.241977 4.928871e-07 4.233852e-10      489
features.10                      296    -0.241879 4.773251e-08 4.773262e-09      137
features.14                      197    -0.241398 5.921823e-07 5.213698e-09      265
features.17                      246    -0.241002 4.924988e-07 8.104815e-10      489
features.13                      224    -0.240886 5.489817e-08 1.649498e-09      201
features.10                       20    -0.240859 4.825655e-08 6.658129e-09      137
features.14                       35    -0.240647 6.541432e-07 1.686095e-08      265
features.15                      957    -0.240014 3.795395e-07 5.017240e-09      329
features.9                       364    -0.239933 7.806476e-08 4.137223e-09      137
features.10                      197    -0.239862 4.676342e-08 3.233845e-09      137
features.16                       48    -0.239787 5.946129e-07 2.071654e-09      329
features.14                      341    -0.239674 5.776604e-07 3.294972e-09      265
features.9                       265    -0.239507 9.749604e-08 2.382098e-08      137
features.17                      717    -0.239367 5.078103e-07 5.346216e-09      489
features.14                      105    -0.239291 7.210434e-07 2.966922e-08      265
features.14                      227    -0.239145 5.714871e-07 2.392498e-09      265
features.17                      252    -0.239032 4.866274e-07 3.548432e-10      489
features.14                      209    -0.238743 5.859951e-07 5.216016e-09      265
features.14                      444    -0.238674 6.704838e-07 2.069018e-08      265
features.13                      483    -0.238259 5.442697e-08 2.114791e-09      201
features.14                      283    -0.238176 5.886052e-07 5.935244e-09      265
features.10                      210    -0.238131 4.808845e-08 7.576840e-09      137
features.10                       84    -0.238115 4.710441e-08 5.000325e-09      137
features.13                      359    -0.237900 5.559304e-08 6.836455e-09      201
features.14                      379    -0.237692 6.042255e-07 8.997058e-09      265
features.17                      838    -0.237679 4.848484e-07 5.902881e-10      489
features.15                      378    -0.237560 3.675533e-07 6.015778e-10      329
features.10                      309    -0.237486 4.775593e-08 7.024847e-09      137
features.11                      108    -0.237288 2.755423e-07 1.033060e-07      169
features.10                      272    -0.237182 7.493126e-08 7.855147e-08      137
features.17                      149    -0.236992 4.871970e-07 1.501257e-09      489
features.17                      476    -0.236856 4.888485e-07 1.970597e-09      489
features.13                      227    -0.236817 5.358936e-08 1.779316e-10      201
features.15                       49    -0.236758 3.710935e-07 3.174427e-09      329
features.17                      741    -0.236646 4.830419e-07 6.607672e-10      489
features.14                      492    -0.236140 6.039193e-07 9.603628e-09      265
features.14                      187    -0.236054 5.553540e-07 7.625106e-10      265
features.9                       211    -0.235930 7.547879e-08 2.776952e-09      137
features.17                      435    -0.235816 4.814826e-07 6.915661e-10      489
features.14                      525    -0.235327 5.612998e-07 2.159568e-09      265
features.14                      519    -0.235164 7.978722e-07 4.547542e-08      265
features.10                       48    -0.235016 4.553884e-08 2.433190e-09      137
features.14                      337    -0.234832 5.861606e-07 6.915587e-09      265
features.17                      757    -0.234785 4.840363e-07 1.822483e-09      489
features.10                      160    -0.234644 4.672377e-08 5.731202e-09      137
features.16                      602    -0.234578 5.799563e-07 9.390029e-10      329
features.14                      133    -0.234276 6.033218e-07 1.029028e-08      265
features.14                      173    -0.234109 5.755406e-07 5.282796e-09      265
features.9                       108    -0.233754 7.257165e-08 5.264080e-10      137
features.9                       177    -0.233472 7.338955e-08 1.437087e-09      137
features.17                      330    -0.233122 4.742338e-07 2.577913e-10      489
features.15                      606    -0.233031 3.618695e-07 1.302766e-09      329
features.9                       294    -0.232750 7.758275e-08 5.879938e-09      137
features.11                      161    -0.232431 2.716908e-07 1.085531e-07      169
features.15                      138    -0.232373 3.620693e-07 1.956698e-09      329
features.14                      389    -0.232184 5.616014e-07 3.556577e-09      265
features.13                      244    -0.232099 5.608419e-08 1.366245e-08      201
features.17                      394    -0.232027 4.815753e-07 2.586071e-09      489
features.14                      317    -0.231462 5.451553e-07 8.581110e-10      265
features.14                      107    -0.231439 6.859001e-07 2.659647e-08      265
features.17                      350    -0.231217 4.745811e-07 1.283877e-09      489
features.10                       27    -0.231015 4.915818e-08 1.393412e-08      137
features.14                      397    -0.230983 6.441276e-07 1.915507e-08      265
features.16                      934    -0.230568 5.704844e-07 1.199689e-09      329
features.15                      424    -0.230525 3.576739e-07 1.124807e-09      329
features.13                      499    -0.230515 5.812872e-08 2.275896e-08      201
features.9                       241    -0.230367 8.050240e-08 9.556809e-09      137
features.9                       307    -0.230127 7.464039e-08 3.732891e-09      137
features.15                      714    -0.230091 3.567698e-07 9.986262e-10      329
features.17                       12    -0.229939 4.690024e-07 5.571873e-10      489
features.14                      345    -0.229891 5.450354e-07 1.506756e-09      265
features.14                      400    -0.229581 5.395501e-07 6.364212e-10      265
features.15                      532    -0.229336 3.564429e-07 1.449609e-09      329
features.16                      859    -0.229087 5.677187e-07 1.754659e-09      329
features.17                      776    -0.228679 4.663237e-07 5.278544e-10      489
features.13                      551    -0.228578 5.281156e-08 4.285433e-09      201
features.15                      345    -0.227975 3.529749e-07 7.128874e-10      329
features.14                      160    -0.227900 5.969989e-07 1.185595e-08      265
features.13                      521    -0.227840 5.278202e-08 4.805570e-09      201
features.10                      141    -0.227765 4.449546e-08 3.308013e-09      137
features.15                      775    -0.227522 3.519804e-07 5.535682e-10      329
features.17                      475    -0.227431 4.649589e-07 8.120208e-10      489
features.14                      415    -0.227350 5.450560e-07 2.595211e-09      265
features.14                      356    -0.227193 6.315586e-07 1.847502e-08      265
features.13                      441    -0.227129 5.666395e-08 2.011163e-08      201
features.9                       374    -0.226790 7.165183e-08 1.760839e-09      137
features.13                      318    -0.226698 5.254481e-08 4.884894e-09      201
features.10                      108    -0.226610 4.437411e-08 3.565169e-09      137
features.15                      584    -0.226541 3.542788e-07 2.605660e-09      329
features.10                      319    -0.226393 5.992187e-08 4.450917e-08      137
features.14                       14    -0.226374 5.601427e-07 5.769884e-09      265
features.17                      543    -0.226107 4.780916e-07 4.663344e-09      489
features.13                      442    -0.226098 5.741299e-08 2.382991e-08      201
features.14                       72    -0.226086 5.454656e-07 3.209472e-09      265
features.15                      406    -0.225682 3.539097e-07 3.120821e-09      329
features.14                      450    -0.225403 6.536403e-07 2.327571e-08      265
features.13                      542    -0.225396 5.340730e-08 9.265226e-09      201
features.10                       31    -0.225242 4.672895e-08 1.043250e-08      137
features.11                      226    -0.225051 2.431135e-07 2.298704e-08      169
features.17                      448    -0.224625 4.662271e-07 2.507530e-09      489
features.13                      271    -0.224585 5.243266e-08 6.268722e-09      201
features.17                      230    -0.224502 4.670453e-07 2.767288e-09      489
features.9                        45    -0.224455 7.020471e-08 1.028896e-09      137
features.13                       56    -0.224311 5.404179e-08 1.259608e-08      201
features.14                      315    -0.224242 5.898033e-07 1.210161e-08      265
features.4                       124    -0.224238 5.085441e-07 1.192944e-07       65
features.17                      698    -0.224208 4.628537e-07 1.892124e-09      489
features.10                      112    -0.224061 4.717247e-08 1.218606e-08      137
features.13                       81    -0.223630 5.106451e-08 1.906177e-09      201
features.17                       90    -0.223406 4.579867e-07 1.103711e-09      489
features.17                      758    -0.223222 4.545419e-07 3.560177e-10      489
features.2                        10    -0.223208 1.560817e-07 3.073583e-07       49
features.14                      205    -0.223179 5.880402e-07 1.223323e-08      265
features.15                      166    -0.223114 3.475185e-07 1.812629e-09      329
features.16                       91    -0.223043 5.571310e-07 4.456143e-09      329
features.15                       34    -0.222974 3.466982e-07 1.486435e-09      329
features.16                      303    -0.222736 5.519154e-07 1.665796e-09      329
features.17                      267    -0.222559 4.541066e-07 5.774462e-10      489
features.10                      275    -0.222523 4.494548e-08 7.103893e-09      137
features.14                      532    -0.222413 5.367843e-07 3.190313e-09      265
features.14                       16    -0.222374 5.728878e-07 9.807017e-09      265
features.15                       51    -0.222371 3.473690e-07 2.348700e-09      329
features.15                      500    -0.222217 3.440283e-07 6.779711e-10      329
features.14                       76    -0.221991 5.851991e-07 1.222117e-08      265
features.11                       62    -0.221937 2.644479e-07 1.243273e-07      169
features.17                      578    -0.221772 4.581946e-07 1.961608e-09      489
features.13                      426    -0.221634 5.091993e-08 3.068060e-09      201
features.14                       44    -0.221436 5.476176e-07 5.587659e-09      265
features.11                      304    -0.221368 2.339699e-07 1.354139e-09      169
features.17                       62    -0.221199 4.532163e-07 1.032751e-09      489
features.10                      264    -0.221145 4.361059e-08 4.284593e-09      137
features.17                      846    -0.220831 4.574308e-07 2.240857e-09      489
features.14                      416    -0.220523 6.103269e-07 1.744110e-08      265
features.15                      838    -0.220512 3.415904e-07 7.815310e-10      329
features.14                      481    -0.220379 5.265831e-07 2.194061e-09      265
features.17                      468    -0.220308 4.564425e-07 2.258596e-09      489
features.12                      188    -0.220191 1.017622e-07 2.796565e-09      201
features.17                      935    -0.220188 4.541405e-07 1.757503e-09      489
features.1                        12    -0.220130 1.137971e-07 1.160675e-05       25
features.15                      286    -0.220105 4.109858e-07 3.848687e-08      329
features.9                       193    -0.220055 7.260748e-08 4.810981e-09      137
features.5                        74    -0.219783 1.360493e-07 7.712671e-09       73
features.14                      528    -0.219554 6.591605e-07 2.678141e-08      265
features.17                      686    -0.219500 4.483495e-07 6.876068e-10      489
features.14                      485    -0.219405 7.934580e-07 5.139534e-08      265
features.15                      544    -0.219346 3.517773e-07 7.235213e-09      329
features.14                      417    -0.219299 5.305037e-07 3.371436e-09      265
features.17                      878    -0.219253 4.489565e-07 9.571173e-10      489
features.17                      273    -0.219190 4.603955e-07 3.773166e-09      489
features.13                      328    -0.219037 4.962660e-08 3.943647e-10      201
features.14                      448    -0.219013 5.771741e-07 1.202491e-08      265
features.14                      539    -0.218889 5.470068e-07 6.563162e-09      265
features.15                      404    -0.218785 3.426278e-07 2.773951e-09      329
features.14                      335    -0.218585 5.525599e-07 7.708227e-09      265
features.14                      193    -0.218353 5.314743e-07 3.952938e-09      265
features.14                       20    -0.218205 7.946062e-07 5.211714e-08      265
features.15                      894    -0.217997 3.433107e-07 3.796632e-09      329
features.14                       74    -0.217994 5.295025e-07 3.745455e-09      265
features.14                      175    -0.217863 5.542950e-07 8.333468e-09      265
features.11                      172    -0.217684 2.688884e-07 1.610817e-07      169
features.17                      114    -0.217481 4.554013e-07 3.402041e-09      489
features.17                      508    -0.217376 4.438504e-07 6.416453e-10      489
features.17                      743    -0.217264 4.429674e-07 4.823020e-10      489
features.17                      342    -0.217214 4.430530e-07 5.279043e-10      489
features.17                      581    -0.217204 4.500085e-07 2.225987e-09      489
features.17                      604    -0.217052 4.539564e-07 3.262395e-09      489
features.17                      649    -0.216987 4.445037e-07 9.932075e-10      489
features.14                      376    -0.216740 5.883462e-07 1.503773e-08      265
features.13                      417    -0.215861 5.705812e-08 3.124928e-08      201
features.7                        50    -0.215860 9.076753e-07 8.909522e-09      105
features.15                      120    -0.215801 3.345118e-07 8.829574e-10      329
features.11                       72    -0.215650 3.269305e-07 4.088195e-07      169
features.14                       96    -0.215506 5.311652e-07 5.111453e-09      265
features.13                      468    -0.215292 4.998137e-08 4.942952e-09      201
features.15                      476    -0.215267 3.368167e-07 2.566962e-09      329
features.15                      267    -0.215197 3.337640e-07 9.812345e-10      329
features.13                      376    -0.215178 5.062617e-08 7.481776e-09      201
features.11                      141    -0.215014 2.276283e-07 2.850989e-09      169
features.16                      358    -0.214846 5.304169e-07 3.872264e-10      329
features.14                      191    -0.214612 5.119177e-07 1.974364e-09      265
features.14                      553    -0.214596 6.275024e-07 2.311056e-08      265
features.14                      490    -0.214589 5.311604e-07 5.501968e-09      265
features.13                      453    -0.214293 4.888409e-08 1.643377e-09      201
features.13                      537    -0.214233 5.764938e-08 3.488168e-08      201
features.16                      247    -0.214135 5.327780e-07 2.962131e-09      329
features.14                      143    -0.214088 6.940667e-07 3.549582e-08      265
features.9                       167    -0.213382 6.811649e-08 2.361650e-09      137
features.14                       81    -0.213372 5.720524e-07 1.349679e-08      265
features.14                      130    -0.213279 5.103574e-07 2.258510e-09      265
features.10                      313    -0.213278 4.291724e-08 6.385992e-09      137
features.13                      452    -0.213187 5.189360e-08 1.398505e-08      201
features.17                      387    -0.213161 4.372983e-07 1.129337e-09      489
features.17                      767    -0.212593 4.364116e-07 1.194228e-09      489
features.14                      232    -0.212548 6.812015e-07 3.380105e-08      265
features.17                      658    -0.212529 4.394090e-07 1.955728e-09      489
features.13                      479    -0.212480 4.815472e-08 4.344390e-10      201
features.15                      269    -0.212200 3.293002e-07 1.067677e-09      329
features.10                      332    -0.212103 4.146380e-08 3.154257e-09      137
features.17                      938    -0.212077 4.353552e-07 1.191786e-09      489
features.15                      147    -0.212037 3.299482e-07 1.551356e-09      329
features.14                      501    -0.212004 5.752361e-07 1.466277e-08      265
features.13                      234    -0.211866 4.831517e-08 1.567181e-09      201
features.10                      249    -0.211807 4.715722e-08 1.825545e-08      137
features.17                      243    -0.211741 4.331233e-07 8.144969e-10      489
features.2                        82    -0.211566 1.477534e-07 2.743030e-07       49
features.17                      429    -0.211368 4.299316e-07 2.217707e-10      489
features.16                      171    -0.211114 5.233906e-07 1.749642e-09      329
features.16                      793    -0.211110 5.231943e-07 1.631766e-09      329
features.15                       16    -0.210963 3.288970e-07 1.877743e-09      329
features.17                      128    -0.210925 4.312328e-07 7.575645e-10      489
features.15                      384    -0.210710 3.332657e-07 4.440416e-09      329
features.15                      945    -0.210603 3.257907e-07 5.036604e-10      329
features.10                      339    -0.210210 4.035793e-08 1.193763e-09      137
