================================================================================
Channel Pruning Log
  iteration  : 19
  alpha      : 0.5000
  timestamp  : 2026-06-05 23:27:40
  remove_target  : 26611
  accum_removed  : 26908
  selected_channels : 132
  gamma             : 0.0050
  remove_target_met : yes
  total_params   : 2289600
  active_after   : 749510
  model_sparsity : 67.3%
================================================================================

[ 레이어별 채널 제거 비율 ]
  layer                total_ch  this_iter    cumul  cumul_%
  ----------------------------------------------------------
  features.1                 32          0       22    68.8%
  features.2                 96          0       92    95.8%
  features.3                144          1      137    95.1%
  features.4                144          3      113    78.5%
  features.5                192         10      102    53.1%
  features.6                192          7      162    84.4%
  features.7                192          5       72    37.5%
  features.8                384         24      164    42.7%
  features.9                384          1      366    95.3%
  features.10               384          6      357    93.0%
  features.11               384          2      350    91.1%
  features.12               576         12      546    94.8%
  features.13               576         17      493    85.6%
  features.14               576          0      558    96.9%
  features.15               960         13      831    86.6%
  features.16               960         31      690    71.9%
  features.17               960          0      931    97.0%

[ 레이어별 보호 영역 (γ=0.01) ]
  layer                  active  protected  protect_%
  --------------------------------------------------
  features.1                 10          1      10.0%
  features.2                  4          1      25.0%
  features.3                  8          1      12.5%
  features.4                 34          1       2.9%
  features.5                100          1       1.0%
  features.6                 37          1       2.7%
  features.7                125          1       0.8%
  features.8                244          2       0.8%
  features.9                 19          1       5.3%
  features.10                33          1       3.0%
  features.11                36          1       2.8%
  features.12                42          1       2.4%
  features.13               100          1       1.0%
  features.14                18          1       5.6%
  features.15               142          1       0.7%
  features.16               301          2       0.7%
  features.17                29          1       3.4%

[ 블록별 제거 채널 수 ]
  features.10: 6채널 제거
  features.11: 2채널 제거
  features.12: 12채널 제거
  features.13: 17채널 제거
  features.15: 13채널 제거
  features.16: 31채널 제거
  features.3: 1채널 제거
  features.4: 3채널 제거
  features.5: 10채널 제거
  features.6: 7채널 제거
  features.7: 5채널 제거
  features.8: 24채널 제거
  features.9: 1채널 제거

[ 선택된 채널 상세 ]
block                             ch        score          phi         perf  weights
--------------------------------------------------------------------------------
features.3                        87    -0.313302 1.715115e-07 3.198091e-04       57
features.4                        22    -0.241801 9.809629e-07 1.001420e-05       65
features.4                       103    -0.213502 9.380431e-07 1.035872e-05       65
features.5                       116    -0.210786 1.403451e-07 7.198206e-07       73
features.5                        17    -0.177116 1.186887e-07 6.589677e-07       73
features.13                      407    -0.131126 1.077233e-07 2.433734e-06      201
features.8                       338    -0.124791 2.531890e-07 2.298207e-07      137
features.13                      134    -0.118099 9.485683e-08 1.250606e-07      201
features.6                        43    -0.113799 4.777356e-08 5.135114e-06       73
features.12                      549    -0.108484 4.559687e-08 2.800796e-07      201
features.12                      551    -0.107304 4.491915e-08 1.051017e-07      201
features.8                       231    -0.106732 2.074449e-07 5.864723e-08      137
features.12                      148    -0.103999 4.405931e-08 5.972354e-07      201
features.16                      278    -0.102801 6.034388e-07 1.279647e-07      329
features.15                      641    -0.101184 3.154164e-07 1.496995e-06      329
features.13                      152    -0.099046 7.970269e-08 2.470114e-07      201
features.16                      708    -0.098598 5.786302e-07 1.184176e-07      329
features.6                       136    -0.096946 3.233437e-08 5.990634e-07       73
features.16                      856    -0.094694 5.568466e-07 1.499231e-07      329
features.13                      513    -0.093195 7.517890e-08 4.091419e-07      201
features.16                      107    -0.092163 5.411715e-07 1.205508e-07      329
features.16                      673    -0.091805 5.638336e-07 9.165785e-07      329
features.8                       148    -0.091632 1.795469e-07 7.231259e-08      137
features.13                        6    -0.090848 7.681191e-08 3.766912e-06      201
features.5                       191    -0.090765 5.741248e-08 9.532997e-08       73
features.16                      417    -0.089221 5.228525e-07 8.307074e-08      329
features.12                      471    -0.088099 3.689219e-08 9.822257e-08      201
features.12                      506    -0.087842 3.883190e-08 2.033700e-06      201
features.12                       78    -0.087774 3.709017e-08 4.138914e-07      201
features.10                      277    -0.087672 4.965786e-08 1.847186e-08      137
features.16                       24    -0.085921 5.074164e-07 2.054205e-07      329
features.7                        13    -0.085392 8.903001e-07 7.675595e-08      105
features.15                      205    -0.084143 2.510366e-07 8.810063e-07      329
features.5                        14    -0.084118 5.332978e-08 9.700719e-08       73
features.10                      287    -0.083950 5.443367e-08 6.168415e-08      137
features.12                      450    -0.081364 4.154461e-08 7.156420e-06      201
features.16                      354    -0.081342 4.825023e-07 2.629404e-07      329
features.10                      222    -0.080727 4.731715e-08 2.718874e-08      137
features.13                      448    -0.080658 6.528354e-08 5.620658e-07      201
features.7                         6    -0.079676 1.047873e-06 1.157914e-07      105
features.16                      686    -0.079334 4.656812e-07 9.851786e-08      329
features.15                      524    -0.079192 2.334312e-07 7.376031e-07      329
features.13                      262    -0.079159 6.509252e-08 1.528166e-06      201
features.15                      541    -0.078848 2.532476e-07 1.407597e-06      329
features.8                       304    -0.078577 1.501383e-07 4.035764e-09      137
features.12                      225    -0.078530 3.362197e-08 7.841865e-07      201
features.5                       177    -0.078436 5.005854e-08 1.139748e-07       73
features.13                       67    -0.078191 6.276118e-08 4.289311e-08      201
features.13                      399    -0.077902 6.283484e-08 3.348794e-07      201
features.6                       191    -0.077808 2.545029e-08 2.547451e-07       73
features.4                       107    -0.077715 2.356542e-07 1.538737e-06       65
features.10                      158    -0.077070 4.644577e-08 3.408941e-08      137
features.16                      315    -0.076952 4.488442e-07 3.832020e-09      329
features.8                        90    -0.076880 1.514740e-07 7.328345e-08      137
features.8                       366    -0.076537 1.497084e-07 5.645332e-08      137
features.8                       368    -0.076218 1.476568e-07 3.458693e-08      137
features.12                      137    -0.076034 3.270116e-08 8.992144e-07      201
features.16                      692    -0.075681 4.770147e-07 1.148244e-06      329
features.6                       161    -0.075672 2.442107e-08 9.851792e-08       73
features.8                       309    -0.075488 1.457328e-07 2.655565e-08      137
features.8                       195    -0.075022 1.471249e-07 6.110884e-08      137
features.12                      462    -0.074857 3.209216e-08 7.881244e-07      201
features.5                       173    -0.074831 5.114275e-08 3.492448e-07       73
features.12                      420    -0.074820 3.150991e-08 2.522624e-07      201
features.7                        64    -0.073447 1.137873e-06 1.417091e-07      105
features.8                       161    -0.073416 1.435982e-07 5.406453e-08      137
features.10                      336    -0.073381 4.177815e-08 1.683077e-08      137
features.13                      454    -0.073364 5.916899e-08 3.101131e-07      201
features.16                      800    -0.073191 4.342666e-07 2.402495e-07      329
features.16                      394    -0.072964 4.292741e-07 1.222430e-07      329
features.13                      427    -0.072902 5.911945e-08 6.162769e-07      201
features.16                       42    -0.072583 4.239142e-07 2.131405e-08      329
features.8                       295    -0.072509 1.448212e-07 9.880814e-08      137
features.5                       110    -0.072456 4.555914e-08 5.674672e-08       73
features.16                      246    -0.071776 4.210534e-07 8.079344e-08      329
features.13                       51    -0.071737 5.761351e-08 7.028715e-08      201
features.10                        4    -0.071503 5.198687e-08 8.848384e-08      137
features.16                      755    -0.071479 4.204087e-07 1.156950e-07      329
features.16                      391    -0.071401 4.200868e-07 1.199638e-07      329
features.8                       293    -0.071201 1.381748e-07 3.590247e-08      137
features.16                      146    -0.070770 4.388268e-07 8.411515e-07      329
features.8                       234    -0.070411 1.541411e-07 3.006242e-07      137
features.15                      757    -0.069935 1.329747e-06 3.696690e-05      329
features.15                      634    -0.069900 1.967500e-07 3.507084e-07      329
features.15                      900    -0.069845 1.942099e-07 2.733574e-07      329
features.6                        95    -0.069760 2.245097e-08 6.272147e-08       73
features.16                      276    -0.069341 4.065681e-07 7.145862e-08      329
features.8                       265    -0.069208 1.436643e-07 1.766659e-07      137
features.15                      481    -0.069146 2.347417e-07 1.643406e-06      329
features.13                      562    -0.069146 5.567627e-08 2.054323e-07      201
features.12                      355    -0.068898 2.887564e-08 9.955863e-08      201
features.5                       149    -0.068799 5.529632e-08 9.091966e-07       73
features.16                      425    -0.068155 4.115655e-07 4.546104e-07      329
features.16                      346    -0.068148 4.132285e-07 5.094834e-07      329
features.8                       191    -0.067863 1.329737e-07 5.356198e-08      137
features.8                       120    -0.067607 1.387360e-07 1.482643e-07      137
features.7                        24    -0.067558 6.160260e-07 4.275710e-08      105
features.13                       39    -0.066928 5.491223e-08 1.174529e-06      201
features.8                        27    -0.066558 1.414035e-07 2.189912e-07      137
features.6                       180    -0.066238 2.141317e-08 1.027780e-07       73
features.16                      784    -0.066018 3.969300e-07 3.847752e-07      329
features.15                      129    -0.065897 1.782233e-07 9.600641e-08      329
features.16                      828    -0.065860 3.877543e-07 1.193075e-07      329
features.13                       69    -0.065827 5.283374e-08 3.299754e-08      201
features.11                       54    -0.065762 2.903381e-07 6.289658e-07      169
features.16                      388    -0.065615 3.904302e-07 2.512622e-07      329
features.16                      316    -0.065114 3.862231e-07 2.099060e-07      329
features.5                        13    -0.064790 4.234442e-08 1.648151e-07       73
features.16                      515    -0.064404 3.792984e-07 1.202905e-07      329
features.8                       163    -0.063073 1.279392e-07 1.157154e-07      137
features.16                      748    -0.063066 3.729019e-07 1.656598e-07      329
features.16                      230    -0.062904 3.707559e-07 1.269872e-07      329
features.15                      870    -0.062479 1.709218e-07 1.538326e-07      329
features.15                      415    -0.062442 1.669070e-07 2.723507e-08      329
features.8                       192    -0.062435 1.748795e-07 8.452362e-07      137
features.16                      752    -0.062305 3.665405e-07 1.037700e-07      329
features.11                      375    -0.062063 2.881770e-07 1.290858e-06      169
features.8                       227    -0.061984 1.195249e-07 1.969759e-08      137
features.6                       123    -0.061704 2.310112e-08 1.519219e-06       73
features.7                        98    -0.061690 7.327217e-07 7.366445e-08      105
features.15                      604    -0.061494 2.431068e-07 2.571537e-06      329
features.5                        61    -0.061372 4.201136e-08 2.911892e-07       73
features.15                      317    -0.061102 1.702316e-07 2.498809e-07      329
features.13                      378    -0.060706 4.891964e-08 2.177525e-07      201
features.8                        75    -0.060485 1.361159e-07 3.143601e-07      137
features.9                        84    -0.060274 5.140138e-08 2.234718e-07      137
features.13                      361    -0.059949 4.815853e-08 7.051403e-08      201
features.8                       141    -0.059925 1.223089e-07 1.213695e-07      137
features.8                       353    -0.059357 1.151121e-07 2.877477e-08      137
features.16                      874    -0.059115 3.507127e-07 1.928840e-07      329
features.8                        78    -0.059005 1.152367e-07 4.083383e-08      137
features.16                      596    -0.058898 3.613646e-07 5.762560e-07      329
