================================================================================
Channel Pruning Log
  iteration  : 17
  alpha      : 0.5000
  timestamp  : 2026-06-05 21:03:26
  remove_target  : 32883
  accum_removed  : 33025
  selected_channels : 153
  gamma             : 0.0050
  remove_target_met : yes
  total_params   : 2289600
  active_after   : 806109
  model_sparsity : 64.8%
================================================================================

[ 레이어별 채널 제거 비율 ]
  layer                total_ch  this_iter    cumul  cumul_%
  ----------------------------------------------------------
  features.1                 32          1       22    68.8%
  features.2                 96          0       92    95.8%
  features.3                144          0      136    94.4%
  features.4                144         10      100    69.4%
  features.5                192          3       83    43.2%
  features.6                192          5      152    79.2%
  features.7                192         13       67    34.9%
  features.8                384          9      129    33.6%
  features.9                384          6      362    94.3%
  features.10               384          1      348    90.6%
  features.11               384         14      341    88.8%
  features.12               576         12      528    91.7%
  features.13               576         20      415    72.0%
  features.14               576          0      558    96.9%
  features.15               960         46      788    82.1%
  features.16               960         13      655    68.2%
  features.17               960          0      931    97.0%

[ 레이어별 보호 영역 (γ=0.01) ]
  layer                  active  protected  protect_%
  --------------------------------------------------
  features.1                 11          1       9.1%
  features.2                  4          1      25.0%
  features.3                  8          1      12.5%
  features.4                 54          1       1.9%
  features.5                112          1       0.9%
  features.6                 45          1       2.2%
  features.7                138          1       0.7%
  features.8                264          2       0.8%
  features.9                 28          1       3.6%
  features.10                37          1       2.7%
  features.11                57          1       1.8%
  features.12                60          1       1.7%
  features.13               181          1       0.6%
  features.14                18          1       5.6%
  features.15               218          2       0.9%
  features.16               318          2       0.6%
  features.17                29          1       3.4%

[ 블록별 제거 채널 수 ]
  features.1: 1채널 제거
  features.10: 1채널 제거
  features.11: 14채널 제거
  features.12: 12채널 제거
  features.13: 20채널 제거
  features.15: 46채널 제거
  features.16: 13채널 제거
  features.4: 10채널 제거
  features.5: 3채널 제거
  features.6: 5채널 제거
  features.7: 13채널 제거
  features.8: 9채널 제거
  features.9: 6채널 제거

[ 선택된 채널 상세 ]
block                             ch        score          phi         perf  weights
--------------------------------------------------------------------------------
features.15                      203    -0.492463 1.529228e-06 4.056589e-07      329
features.15                      106    -0.340181 1.044149e-06 6.543896e-08      329
features.12                      443    -0.228271 1.075456e-07 1.446072e-07      201
features.15                      425    -0.215131 6.618295e-07 6.791548e-08      329
features.9                       273    -0.165331 3.241267e-07 7.565001e-06      137
features.15                      493    -0.148264 4.554435e-07 3.490050e-08      329
features.13                      133    -0.143672 2.501502e-07 2.947582e-05      201
features.15                      108    -0.140444 4.496385e-07 3.536881e-07      329
features.15                      798    -0.140405 4.306120e-07 2.091439e-08      329
features.4                        49    -0.138705 1.427883e-06 4.027708e-06       65
features.15                      586    -0.137832 4.216937e-07 2.482784e-09      329
features.15                      551    -0.136421 4.194104e-07 3.822849e-08      329
features.9                       281    -0.134056 9.743921e-08 3.674038e-07      137
features.10                       65    -0.125817 8.453102e-08 5.054532e-08      137
features.11                       22    -0.124447 3.630167e-07 7.735818e-07      169
features.12                      366    -0.123958 5.839924e-08 7.784164e-08      201
features.4                        74    -0.123055 4.373920e-07 3.356192e-07       65
features.7                       109    -0.122534 9.711698e-07 3.912016e-08      105
features.11                      307    -0.122398 3.641340e-07 1.001500e-06      169
features.13                      102    -0.122210 1.159695e-07 8.082441e-08      201
features.4                        19    -0.121808 4.765886e-07 5.025294e-07       65
features.15                      836    -0.121496 4.026707e-07 5.469687e-07      329
features.13                      394    -0.118473 1.129319e-07 2.098156e-07      201
features.15                      204    -0.113160 4.132351e-07 1.181591e-06      329
features.4                       102    -0.113126 4.395260e-07 4.546363e-07       65
features.15                      385    -0.112641 3.596308e-07 2.661656e-07      329
features.13                      193    -0.112614 1.067893e-07 5.549845e-08      201
features.15                      858    -0.111560 3.752058e-07 5.984282e-07      329
features.12                       27    -0.110372 5.243424e-08 2.898811e-07      201
features.13                        2    -0.110136 1.047508e-07 1.345394e-07      201
features.12                       46    -0.108583 5.192358e-08 4.569904e-07      201
features.11                      343    -0.106971 6.284014e-07 1.139734e-05      169
features.4                        73    -0.106432 5.604617e-07 1.001357e-06       65
features.15                       60    -0.105680 3.252678e-07 3.605252e-08      329
features.13                      203    -0.105574 1.005734e-07 1.706036e-07      201
features.4                         6    -0.105216 1.017915e-06 2.800656e-06       65
features.7                       184    -0.104188 8.241095e-07 3.284787e-08      105
features.15                      712    -0.103838 3.456350e-07 4.936951e-07      329
features.16                      879    -0.102073 7.933409e-07 4.791007e-07      329
features.15                      261    -0.101980 3.180074e-07 1.074744e-07      329
features.11                      228    -0.101657 2.910191e-07 4.447625e-07      169
features.16                      539    -0.101639 7.484258e-07 5.515562e-08      329
features.13                      438    -0.101070 9.566671e-08 4.300379e-09      201
features.16                      948    -0.100130 7.342279e-07 2.300091e-08      329
features.11                      245    -0.100019 3.910688e-07 3.990795e-06      169
features.4                         7    -0.099175 5.016121e-07 8.525245e-07       65
features.12                      198    -0.098992 4.668259e-08 8.505121e-08      201
features.15                      913    -0.098308 3.031425e-07 4.347360e-08      329
features.12                      305    -0.098204 4.639048e-08 1.246576e-07      201
features.15                      854    -0.098134 3.142136e-07 2.477209e-07      329
features.15                      700    -0.097631 3.709158e-07 1.272682e-06      329
features.15                      661    -0.097027 2.992579e-07 4.408179e-08      329
features.6                       163    -0.096776 3.324550e-08 4.999900e-08       73
features.15                      762    -0.095810 3.600280e-07 1.179070e-06      329
features.9                        77    -0.094821 7.185931e-08 3.623259e-07      137
features.15                       30    -0.094464 3.352761e-07 8.159199e-07      329
features.13                      325    -0.094457 9.042299e-08 2.662428e-07      201
features.8                       107    -0.094368 2.145183e-07 7.147063e-08      137
features.15                      848    -0.093972 2.919401e-07 7.972401e-08      329
features.15                      466    -0.093298 2.900693e-07 8.308381e-08      329
features.16                      319    -0.093295 7.063797e-07 2.476101e-07      329
features.15                      800    -0.093276 2.969503e-07 2.053910e-07      329
features.11                       81    -0.091136 2.595759e-07 3.537854e-07      169
features.11                      224    -0.090852 3.409112e-07 3.139394e-06      169
features.13                       52    -0.090680 8.683498e-08 2.628622e-07      201
features.13                      403    -0.090564 8.628903e-08 1.502348e-07      201
features.15                      674    -0.090330 2.871990e-07 1.923523e-07      329
features.11                      160    -0.090257 3.093573e-07 2.124077e-06      169
features.8                       164    -0.090047 2.050505e-07 7.020391e-08      137
features.5                       161    -0.089885 8.194877e-08 5.767798e-07       73
features.6                       188    -0.089376 3.135431e-08 2.335756e-07       73
features.15                      530    -0.089260 2.772445e-07 7.472752e-08      329
features.16                      669    -0.088822 6.588426e-07 9.687516e-08      329
features.11                       82    -0.088400 2.530650e-07 3.866263e-07      169
features.15                      479    -0.088159 2.787804e-07 1.610473e-07      329
features.16                      390    -0.087828 6.434357e-07 1.425446e-08      329
features.12                       63    -0.087629 4.175455e-08 2.934815e-07      201
features.4                        33    -0.087496 3.206686e-07 2.763844e-07       65
features.4                        13    -0.087371 3.807632e-07 5.123596e-07       65
features.13                      382    -0.086792 8.278204e-08 1.663129e-07      201
features.12                       15    -0.086741 4.122489e-08 2.364093e-07      201
features.15                      353    -0.086594 4.431821e-07 3.138579e-06      329
features.7                         1    -0.086577 1.017702e-06 1.107518e-07      105
features.11                       56    -0.086320 2.780740e-07 1.427962e-06      169
features.16                      262    -0.085531 6.372130e-07 1.215536e-07      329
features.15                      496    -0.085509 2.624042e-07 1.546831e-08      329
features.16                      369    -0.085199 6.447468e-07 2.227009e-07      329
features.8                       136    -0.085143 2.203597e-07 2.158197e-07      137
features.11                       41    -0.084454 2.410382e-07 3.446202e-07      169
features.12                      104    -0.084414 4.020561e-08 2.738899e-07      201
features.13                       57    -0.083879 7.963566e-08 6.577621e-08      201
features.8                       275    -0.083645 1.983737e-07 1.098073e-07      137
features.13                      351    -0.083628 7.977829e-08 1.639136e-07      201
features.15                      282    -0.083606 2.592529e-07 6.242443e-08      329
features.12                      262    -0.083018 3.911044e-08 5.166325e-08      201
features.16                      906    -0.082936 6.113131e-07 5.119201e-08      329
features.7                        60    -0.082791 1.364782e-06 2.040799e-07      105
features.11                      281    -0.082358 2.429780e-07 6.048338e-07      169
features.11                       18    -0.082351 2.792174e-07 1.834813e-06      169
features.7                        70    -0.082057 7.229415e-07 4.439258e-08      105
features.15                      140    -0.081765 2.510259e-07 1.671174e-08      329
features.15                      667    -0.081115 2.765690e-07 5.012507e-07      329
features.9                       180    -0.080800 7.339241e-08 7.327334e-07      137
features.6                       141    -0.080178 2.748747e-08 2.523844e-08       73
features.13                      405    -0.079926 7.600293e-08 9.368309e-08      201
features.15                       48    -0.079893 2.472521e-07 5.110833e-08      329
features.8                       296    -0.079857 2.175851e-07 2.639777e-07      137
features.7                       180    -0.079827 6.124113e-07 2.040152e-08      105
features.12                      127    -0.079716 3.847665e-08 5.162727e-07      201
features.7                        86    -0.079518 7.357277e-07 5.183285e-08      105
features.15                      369    -0.079208 2.435983e-07 2.365028e-08      329
features.7                        19    -0.078917 1.263021e-06 1.850289e-07      105
features.12                       76    -0.078376 3.729410e-08 2.362410e-07      201
features.7                        38    -0.078334 7.973337e-07 6.925310e-08      105
features.7                        36    -0.078240 9.183082e-07 9.973693e-08      105
features.15                      875    -0.078043 2.398809e-07 2.093339e-08      329
features.7                        21    -0.077918 6.314210e-07 2.835184e-08      105
features.15                      505    -0.077656 2.598408e-07 3.930325e-07      329
features.16                      364    -0.077165 5.760233e-07 1.212540e-07      329
features.15                      239    -0.077043 2.364085e-07 1.366106e-08      329
features.15                       79    -0.077001 2.375953e-07 3.679066e-08      329
features.13                      507    -0.076860 7.365499e-08 2.367275e-07      201
features.13                      279    -0.076716 7.280599e-08 5.279001e-08      201
features.6                        59    -0.076694 3.030141e-08 1.178379e-06       73
features.9                       287    -0.076620 5.311891e-08 1.202748e-07      137
features.11                       31    -0.076543 7.801526e-07 1.936734e-05      169
features.8                       224    -0.076509 1.691524e-07 3.103152e-08      137
features.5                        46    -0.076434 6.430241e-08 1.541300e-07       73
features.4                       105    -0.076072 6.372463e-07 1.639556e-06       65
features.15                      224    -0.075986 2.685681e-07 6.365509e-07      329
features.15                      213    -0.075285 2.942550e-07 1.126305e-06      329
features.5                       160    -0.074894 6.394474e-08 2.096624e-07       73
features.15                      192    -0.074762 2.927505e-07 1.127998e-06      329
features.16                      332    -0.074596 5.560385e-07 1.089890e-07      329
features.1                        31    -0.073793 1.734989e-07 3.464983e-05       25
features.13                      311    -0.073692 7.105606e-08 3.398458e-07      201
features.7                       106    -0.073601 5.872551e-07 2.447895e-08      105
features.9                       244    -0.073552 6.003423e-08 4.307719e-07      137
features.6                       183    -0.073244 2.526186e-08 6.668972e-08       73
features.13                       54    -0.072927 6.919617e-08 4.648847e-08      201
features.15                      197    -0.072595 2.223613e-07 5.838670e-09      329
features.8                       217    -0.072403 1.560519e-07 6.659567e-09      137
features.13                      241    -0.072388 6.935003e-08 2.179539e-07      201
features.13                      168    -0.072238 7.064519e-08 5.889231e-07      201
features.15                      359    -0.072089 2.572160e-07 6.464965e-07      329
features.7                        16    -0.071987 5.812876e-07 2.567453e-08      105
features.8                       262    -0.071891 1.646182e-07 6.119442e-08      137
features.15                      207    -0.071759 2.251617e-07 1.001312e-07      329
features.8                       333    -0.071487 1.581775e-07 2.971361e-08      137
features.15                       42    -0.071334 2.188653e-07 1.219278e-08      329
features.16                      496    -0.071014 5.228263e-07 3.765741e-08      329
features.16                      227    -0.070968 5.212295e-07 2.483190e-08      329
features.15                      868    -0.070848 2.173882e-07 1.234370e-08      329
