================================================================================
Channel Pruning Log
  iteration  : 15
  alpha      : 0.5000
  timestamp  : 2026-06-05 18:38:54
  remove_target  : 40622
  accum_removed  : 40684
  selected_channels : 188
  gamma             : 0.0050
  remove_target_met : yes
  total_params   : 2289600
  active_after   : 875840
  model_sparsity : 61.7%
================================================================================

[ 레이어별 채널 제거 비율 ]
  layer                total_ch  this_iter    cumul  cumul_%
  ----------------------------------------------------------
  features.1                 32          0       21    65.6%
  features.2                 96          0       92    95.8%
  features.3                144          7      134    93.1%
  features.4                144          4       87    60.4%
  features.5                192         24       59    30.7%
  features.6                192          5      138    71.9%
  features.7                192          3       41    21.4%
  features.8                384          8      109    28.4%
  features.9                384         23      341    88.8%
  features.10               384          2      338    88.0%
  features.11               384          6      292    76.0%
  features.12               576          4      495    85.9%
  features.13               576         18      373    64.8%
  features.14               576          0      558    96.9%
  features.15               960         60      719    74.9%
  features.16               960         24      624    65.0%
  features.17               960          0      931    97.0%

[ 레이어별 보호 영역 (γ=0.01) ]
  layer                  active  protected  protect_%
  --------------------------------------------------
  features.1                 11          1       9.1%
  features.2                  4          1      25.0%
  features.3                 17          1       5.9%
  features.4                 61          1       1.6%
  features.5                157          1       0.6%
  features.6                 59          1       1.7%
  features.7                154          1       0.6%
  features.8                283          2       0.7%
  features.9                 66          1       1.5%
  features.10                48          1       2.1%
  features.11                98          1       1.0%
  features.12                85          1       1.2%
  features.13               221          2       0.9%
  features.14                18          1       5.6%
  features.15               301          2       0.7%
  features.16               360          2       0.6%
  features.17                29          1       3.4%

[ 블록별 제거 채널 수 ]
  features.10: 2채널 제거
  features.11: 6채널 제거
  features.12: 4채널 제거
  features.13: 18채널 제거
  features.15: 60채널 제거
  features.16: 24채널 제거
  features.3: 7채널 제거
  features.4: 4채널 제거
  features.5: 24채널 제거
  features.6: 5채널 제거
  features.7: 3채널 제거
  features.8: 8채널 제거
  features.9: 23채널 제거

[ 선택된 채널 상세 ]
block                             ch        score          phi         perf  weights
--------------------------------------------------------------------------------
features.3                        19    -0.492047 3.710610e-08 7.075815e-06       57
features.3                        31    -0.309069 2.402098e-08 1.301307e-05       57
features.15                      136    -0.248646 5.540631e-07 3.769636e-08      329
features.15                      218    -0.239267 6.233287e-07 2.596327e-06      329
features.5                        35    -0.235648 1.512728e-07 1.236340e-06       73
features.5                        45    -0.201222 1.007914e-07 7.248783e-08       73
features.15                      107    -0.200024 4.601035e-07 4.387669e-07      329
features.5                       126    -0.198571 9.849577e-08 3.799694e-08       73
features.6                       176    -0.192765 5.231298e-08 1.851492e-07       73
features.11                      220    -0.187327 1.288215e-06 6.967894e-06      169
features.3                        73    -0.186982 1.478559e-08 1.091344e-05       57
features.5                       174    -0.185118 9.124241e-08 1.532902e-08       73
features.15                      349    -0.185069 4.314295e-07 5.685546e-07      329
features.15                      828    -0.183182 4.271661e-07 5.666120e-07      329
features.15                      450    -0.182540 4.470579e-07 1.171898e-06      329
features.15                       57    -0.181290 4.075089e-07 1.279357e-07      329
features.9                       301    -0.178568 9.523437e-08 1.112450e-07      137
features.16                      958    -0.168556 9.944429e-07 6.064917e-07      329
features.15                      749    -0.166905 3.914705e-07 5.804531e-07      329
features.5                        24    -0.166184 8.859321e-08 2.452863e-07       73
features.16                      808    -0.161235 9.264718e-07 2.927136e-07      329
features.5                       140    -0.157821 8.999700e-08 4.360312e-07       73
features.15                      840    -0.156799 3.664723e-07 5.085491e-07      329
features.9                       230    -0.153188 7.842989e-08 1.033118e-08      137
features.15                      291    -0.152991 5.093509e-07 4.805672e-06      329
features.3                        70    -0.151816 1.443333e-08 3.802266e-05       57
features.6                        66    -0.151315 4.094214e-08 1.080780e-07       73
features.3                        29    -0.151203 1.162365e-08 4.830235e-06       57
features.5                        66    -0.150718 7.720624e-08 1.136057e-07       73
features.15                      827    -0.148661 3.352231e-07 1.349611e-07      329
features.15                      484    -0.147891 3.390577e-07 2.923893e-07      329
features.15                      664    -0.147372 3.417907e-07 4.027679e-07      329
features.13                      217    -0.146304 1.254755e-07 5.165616e-08      201
features.13                      218    -0.146110 1.261951e-07 2.354495e-07      201
features.3                       131    -0.144977 1.078107e-08 2.609395e-07       57
features.16                      703    -0.144798 8.188506e-07 1.100283e-07      329
features.16                      767    -0.141434 8.258800e-07 4.097377e-07      329
features.5                        64    -0.140052 6.887285e-08 6.153712e-09       73
features.15                      780    -0.139400 3.505583e-07 1.154880e-06      329
features.13                      201    -0.139376 1.197212e-07 8.823432e-08      201
features.16                      873    -0.138980 7.808490e-07 4.646003e-08      329
features.15                      607    -0.138880 3.330591e-07 6.908493e-07      329
features.5                        76    -0.138259 7.830251e-08 3.632880e-07       73
features.16                      776    -0.138049 7.763800e-07 5.496194e-08      329
features.5                        65    -0.136483 7.948669e-08 4.344990e-07       73
features.9                       272    -0.135668 7.365363e-08 1.183421e-07      137
features.15                      844    -0.132339 2.950535e-07 2.458029e-08      329
features.15                      146    -0.131549 3.003306e-07 2.242709e-07      329
features.5                        97    -0.131123 1.060973e-07 1.447453e-06       73
features.5                       178    -0.130905 6.699137e-08 9.640590e-08       73
features.15                      221    -0.130881 2.993081e-07 2.374401e-07      329
features.13                      495    -0.130858 1.143732e-07 4.913921e-07      201
features.5                       163    -0.130375 7.501259e-08 3.832955e-07       73
features.5                        82    -0.130211 6.564299e-08 6.147934e-08       73
features.9                       184    -0.129590 6.791878e-08 4.963483e-08      137
features.9                         4    -0.129578 6.706343e-08 2.752416e-08      137
features.12                      254    -0.128414 9.806835e-08 7.331195e-06      201
features.5                         4    -0.127348 6.422758e-08 6.109960e-08       73
features.13                       80    -0.126284 1.081691e-07 1.624411e-08      201
features.13                      216    -0.126186 1.088028e-07 1.653006e-07      201
features.13                       65    -0.125814 1.081729e-07 1.005264e-07      201
features.6                         8    -0.125601 3.644722e-08 8.416787e-07       73
features.15                      304    -0.125323 2.854757e-07 1.954614e-07      329
features.3                        97    -0.125219 9.674870e-09 4.585061e-06       57
features.15                      172    -0.125118 2.947904e-07 4.728838e-07      329
features.5                         9    -0.124619 6.299818e-08 6.488151e-08       73
features.15                       43    -0.123211 2.781316e-07 1.202771e-07      329
features.15                      811    -0.122395 2.827705e-07 3.035063e-07      329
features.16                      109    -0.120198 6.886169e-07 1.943994e-07      329
features.16                      222    -0.119484 6.920268e-07 2.802356e-07      329
features.15                      235    -0.119267 2.900281e-07 7.069736e-07      329
features.9                       311    -0.119266 6.830040e-08 1.964984e-07      137
features.16                      503    -0.118943 6.801054e-07 1.770096e-07      329
features.15                      813    -0.118031 2.672973e-07 1.395836e-07      329
features.13                      360    -0.117672 1.032817e-07 5.318169e-07      201
features.11                      272    -0.116137 3.178122e-07 1.608259e-07      169
features.9                       258    -0.115364 6.218036e-08 8.891053e-08      137
features.13                      297    -0.115175 1.001949e-07 3.348157e-07      201
features.16                      895    -0.115013 6.441020e-07 1.418294e-08      329
features.5                       139    -0.114729 5.704404e-08 2.666200e-08       73
features.9                       158    -0.114528 6.245848e-08 1.072272e-07      137
features.16                      858    -0.114473 6.420761e-07 2.573679e-08      329
features.7                        10    -0.114323 9.429808e-07 5.237643e-08      105
features.15                      601    -0.114021 2.540215e-07 1.575994e-08      329
features.16                      834    -0.113699 7.234140e-07 1.019476e-06      329
features.15                      208    -0.113588 2.943537e-07 1.188237e-06      329
features.15                      603    -0.113408 2.618646e-07 2.771369e-07      329
features.8                       298    -0.112777 1.854953e-07 9.776065e-09      137
features.15                      311    -0.112592 2.614819e-07 3.177680e-07      329
features.5                        71    -0.112294 5.585858e-08 2.697400e-08       73
features.15                      816    -0.111851 2.500774e-07 4.076644e-08      329
features.15                      563    -0.111701 2.506475e-07 6.639017e-08      329
features.16                      806    -0.111596 6.289671e-07 6.016833e-08      329
features.15                      744    -0.111222 2.507489e-07 9.953848e-08      329
features.13                      392    -0.110870 9.695209e-08 4.264257e-07      201
features.15                       96    -0.110079 2.488887e-07 1.188278e-07      329
features.15                      295    -0.109679 2.447772e-07 2.735283e-08      329
features.15                      684    -0.109319 2.458862e-07 8.155447e-08      329
features.6                       101    -0.108844 3.084073e-08 5.022291e-07       73
features.15                      902    -0.108475 2.515254e-07 2.949530e-07      329
features.9                       322    -0.108297 6.158102e-08 1.670209e-07      137
features.5                       151    -0.106842 1.433761e-07 3.151521e-06       73
features.8                       110    -0.106653 2.211477e-07 9.167394e-08      137
features.15                      348    -0.105966 2.448309e-07 2.632265e-07      329
features.5                       144    -0.105768 5.395019e-08 7.175041e-08       73
features.11                      154    -0.105212 2.780416e-07 6.028784e-08      169
features.15                      274    -0.104951 2.375056e-07 1.192992e-07      329
features.15                      257    -0.104811 2.353121e-07 6.585811e-08      329
features.15                      407    -0.104745 2.436435e-07 3.065868e-07      329
features.4                        15    -0.104004 5.220863e-07 5.910788e-07       65
features.8                        24    -0.103984 1.712693e-07 9.439982e-09      137
features.5                        21    -0.103449 5.286584e-08 7.359892e-08       73
features.15                      265    -0.103330 3.018660e-07 2.048973e-06      329
features.12                      215    -0.102552 5.360485e-08 1.750297e-07      201
features.5                        18    -0.102459 5.198461e-08 5.988927e-08       73
features.9                       299    -0.102303 5.586629e-08 9.773509e-08      137
features.13                      462    -0.102287 8.786909e-08 6.607034e-08      201
features.16                      955    -0.102132 5.778805e-07 8.125802e-08      329
features.15                       94    -0.102114 2.345914e-07 2.156007e-07      329
features.7                        34    -0.102017 8.521341e-07 4.897911e-08      105
features.9                       342    -0.101908 5.364407e-08 4.511189e-08      137
features.11                      347    -0.101783 3.573907e-07 8.230407e-07      169
features.13                      231    -0.101656 8.803023e-08 2.116862e-07      201
features.15                       46    -0.101059 2.298096e-07 1.464420e-07      329
features.9                         1    -0.100995 5.862653e-08 1.869501e-07      137
features.15                      149    -0.100913 2.259650e-07 4.647555e-08      329
features.15                      640    -0.100501 2.336483e-07 2.906192e-07      329
features.4                       112    -0.100112 4.512573e-07 3.333111e-07       65
features.4                       141    -0.099913 4.830420e-07 4.828011e-07       65
features.5                        50    -0.099753 6.244393e-08 4.682161e-07       73
features.9                       298    -0.099471 5.155371e-08 2.300892e-08      137
features.16                      367    -0.099034 5.953352e-07 4.845739e-07      329
features.15                      548    -0.098743 2.505715e-07 8.820999e-07      329
features.13                      397    -0.098501 8.488421e-08 1.191772e-07      201
features.15                      879    -0.098341 2.212595e-07 7.524657e-08      329
features.9                        70    -0.097962 5.124512e-08 3.499093e-08      137
features.15                      159    -0.097763 2.392996e-07 6.239418e-07      329
features.15                      696    -0.097556 2.281100e-07 3.192874e-07      329
features.6                        32    -0.097443 3.024331e-08 1.253541e-06       73
features.9                       236    -0.097409 5.450349e-08 1.271589e-07      137
features.16                      249    -0.097270 5.569671e-07 1.538785e-07      329
features.16                      867    -0.097222 5.515335e-07 9.397691e-08      329
features.12                      294    -0.096696 5.099683e-08 2.691260e-07      201
features.16                       15    -0.096695 5.582746e-07 2.063313e-07      329
features.15                      141    -0.095778 2.217558e-07 2.511035e-07      329
features.16                      775    -0.095351 5.505841e-07 2.042518e-07      329
features.10                      157    -0.095348 5.501204e-08 1.850703e-08      137
features.9                       151    -0.095317 5.124423e-08 7.005099e-08      137
features.8                       112    -0.095287 1.528163e-07 1.209372e-09      137
features.7                        54    -0.095222 6.929790e-07 2.418488e-08      105
features.15                       20    -0.095209 2.167466e-07 1.447520e-07      329
features.9                        15    -0.094846 5.578585e-08 1.945446e-07      137
features.9                       260    -0.094716 5.047947e-08 5.810580e-08      137
features.8                       270    -0.094453 1.782278e-07 4.941896e-08      137
features.13                       32    -0.094417 8.256722e-08 3.637710e-07      201
features.8                        87    -0.094066 1.652562e-07 2.714889e-08      137
features.16                      152    -0.094007 5.299290e-07 5.183975e-08      329
features.13                      538    -0.093945 8.079875e-08 8.062998e-08      201
features.15                      657    -0.093675 2.097210e-07 4.214745e-08      329
features.12                      142    -0.093637 4.916476e-08 2.103411e-07      201
features.11                       50    -0.093614 3.755859e-07 1.162469e-06      169
features.15                      715    -0.093611 2.225324e-07 4.099280e-07      329
features.13                      285    -0.093354 8.130735e-08 2.911673e-07      201
features.15                      212    -0.093098 2.234602e-07 4.686389e-07      329
features.9                       249    -0.093048 5.184350e-08 1.157370e-07      137
features.16                      200    -0.092967 5.235762e-07 4.557899e-08      329
features.15                      368    -0.092551 2.664621e-07 1.724117e-06      329
features.4                        96    -0.092378 3.690678e-07 9.013657e-08       65
features.8                       326    -0.092357 1.503830e-07 5.253931e-09      137
features.13                      304    -0.092344 8.003634e-08 2.068122e-07      201
features.15                      656    -0.092323 2.069588e-07 4.905169e-08      329
features.16                      478    -0.092266 5.265304e-07 1.252509e-07      329
features.9                       314    -0.092170 4.783857e-08 2.310796e-08      137
features.5                         0    -0.092104 5.098994e-08 2.013898e-07       73
features.15                      462    -0.092014 2.049996e-07 1.289924e-08      329
features.9                       122    -0.091892 5.213687e-08 1.387146e-07      137
features.11                      155    -0.091786 3.129955e-07 6.618158e-07      169
features.16                      548    -0.091462 5.191891e-07 9.226196e-08      329
features.10                      286    -0.091342 5.214030e-08 1.107742e-08      137
features.15                      376    -0.091331 2.122253e-07 2.611434e-07      329
features.15                      954    -0.091176 2.055273e-07 8.077406e-08      329
features.15                      610    -0.091061 2.140972e-07 3.313879e-07      329
features.15                       44    -0.090707 2.279951e-07 7.482751e-07      329
features.13                      420    -0.090504 7.775940e-08 6.096432e-08      201
features.9                       196    -0.090453 4.737882e-08 3.391504e-08      137
features.9                        43    -0.090295 4.957489e-08 9.318538e-08      137
features.16                      150    -0.089723 5.060655e-07 5.277052e-08      329
features.8                        39    -0.089660 1.462664e-07 5.597271e-09      137
