================================================================================
Channel Pruning Log
  iteration  : 18
  alpha      : 0.4000
  timestamp  : 2026-05-14 01:30:35
  remove_target  : 29574
  accum_removed  : 29858
  selected_channels : 114
  total_params   : 2289600
  active_after   : 776189
  model_sparsity : 66.1%
================================================================================

[ 레이어별 채널 제거 비율 ]
  layer                total_ch  this_iter    cumul  cumul_%
  ----------------------------------------------------------
  features.1                 32          0       25    78.1%
  features.2                 96          0       86    89.6%
  features.3                144          0      129    89.6%
  features.4                144          4      125    86.8%
  features.5                192          0      172    89.6%
  features.6                192          1      158    82.3%
  features.7                192          0      172    89.6%
  features.8                384         13      326    84.9%
  features.9                384         20      279    72.7%
  features.10               384          0      345    89.8%
  features.11               384          0      345    89.8%
  features.12               576          0      518    89.9%
  features.13               576          0      518    89.9%
  features.14               576          0      518    89.9%
  features.15               960         35      845    88.0%
  features.16               960         41      658    68.5%
  features.17               960          0      864    90.0%

[ 블록별 제거 채널 수 ]
  features.15: 35채널 제거
  features.16: 41채널 제거
  features.4: 4채널 제거
  features.6: 1채널 제거
  features.8: 13채널 제거
  features.9: 20채널 제거

[ 선택된 채널 상세 ]
block                             ch        score          phi         perf  weights
--------------------------------------------------------------------------------
features.4                        82    -0.541520 1.026508e-11 2.172753e-03       65
features.4                        59    -0.418064 7.957489e-12 2.401555e-03       65
features.16                      129    -0.412170 2.552811e-12 7.037712e-06      329
features.16                      439    -0.265401 1.626756e-12 3.463809e-06      329
features.8                        37    -0.253469 7.896017e-13 1.153846e-05      137
features.15                       42    -0.226876 6.852874e-13 1.643272e-06      329
features.16                      924    -0.225394 1.365894e-12 1.960466e-06      329
features.9                       131    -0.199295 5.172403e-13 1.239291e-06      137
features.4                       110    -0.182922 3.446536e-12 2.693962e-04       65
features.16                      263    -0.176923 1.061337e-12 8.601053e-07      329
features.15                      295    -0.176674 5.196370e-13 8.003108e-07      329
features.15                      473    -0.172146 6.246062e-13 4.826394e-06      329
features.8                       149    -0.169448 5.883415e-13 2.849073e-05      137
features.8                        55    -0.156104 4.800500e-13 4.961972e-06      137
features.9                       180    -0.144280 4.830573e-13 1.103537e-05      137
features.15                      369    -0.139365 4.242515e-13 1.122192e-06      329
features.9                         5    -0.132891 3.672365e-13 2.911796e-06      137
features.9                       295    -0.130009 3.387479e-13 9.324707e-07      137
features.15                      804    -0.116925 3.536115e-13 8.617776e-07      329
features.8                        12    -0.108455 3.340017e-13 3.613054e-06      137
features.9                       175    -0.107409 2.938517e-13 2.076485e-06      137
features.16                       36    -0.106009 6.498513e-13 1.388362e-06      329
features.15                      723    -0.102939 3.649585e-13 2.593891e-06      329
features.6                         0    -0.102365 2.688853e-13 1.302877e-05       73
features.9                        42    -0.098814 3.361579e-13 8.054854e-06      137
features.16                      398    -0.095904 5.725731e-13 2.942285e-07      329
features.16                      662    -0.093068 5.571043e-13 3.773664e-07      329
features.16                      875    -0.092961 5.602802e-13 6.163788e-07      329
features.9                        56    -0.091524 3.612940e-13 1.212222e-05      137
features.16                      490    -0.090511 6.173262e-13 5.104062e-06      329
features.16                      822    -0.083777 4.986188e-13 1.595688e-07      329
features.9                       281    -0.082861 2.392981e-13 2.778620e-06      137
features.15                      875    -0.082318 2.985775e-13 2.304477e-06      329
features.16                      367    -0.082116 5.313813e-13 2.831458e-06      329
features.9                       235    -0.078690 2.404405e-13 3.869846e-06      137
features.9                        78    -0.078615 2.056611e-13 6.409135e-07      137
features.15                      792    -0.077657 2.771466e-13 2.019228e-06      329
features.8                        66    -0.075997 2.333926e-13 2.308124e-06      137
features.15                      867    -0.075758 4.384587e-13 7.720229e-06      329
features.8                       177    -0.075625 2.459918e-13 7.017592e-06      137
features.9                       202    -0.074110 1.975504e-13 9.471846e-07      137
features.16                      632    -0.073174 4.480365e-13 9.250775e-07      329
features.16                      496    -0.073073 4.352301e-13 1.592461e-07      329
features.9                        76    -0.068769 1.979224e-13 2.242713e-06      137
features.15                      257    -0.068616 3.377924e-13 4.962704e-06      329
features.15                      678    -0.068584 2.039952e-13 3.885227e-07      329
features.9                       301    -0.065470 1.937658e-13 2.633532e-06      137
features.16                      710    -0.065061 4.015668e-13 1.023410e-06      329
features.16                      414    -0.064061 4.271513e-13 2.999594e-06      329
features.15                      695    -0.063357 1.879111e-13 3.405414e-07      329
features.15                      728    -0.063280 1.939446e-13 5.543420e-07      329
features.8                       172    -0.063254 2.342988e-13 1.567639e-05      137
features.16                      894    -0.063082 4.602197e-13 5.437354e-06      329
features.16                      554    -0.061419 3.876152e-13 1.500846e-06      329
features.9                       300    -0.060204 1.575926e-13 4.998051e-07      137
features.16                       42    -0.059434 3.564614e-13 2.841396e-07      329
features.16                      366    -0.059356 3.648232e-13 8.376359e-07      329
features.16                      281    -0.058091 3.744752e-13 1.912881e-06      329
features.15                      891    -0.057217 1.882568e-13 9.422853e-07      329
features.9                        19    -0.055485 1.558414e-13 1.450167e-06      137
features.9                       376    -0.054804 1.644993e-13 2.419163e-06      137
features.15                      401    -0.054684 2.024042e-13 1.669731e-06      329
features.16                      828    -0.054257 3.545222e-13 2.085215e-06      329
features.15                      210    -0.054241 2.587365e-13 3.639457e-06      329
features.16                       82    -0.053788 3.284869e-13 6.264643e-07      329
features.15                      872    -0.053053 2.552696e-13 3.635017e-06      329
features.16                      344    -0.051707 3.414697e-13 2.213688e-06      329
features.15                      858    -0.051704 1.645190e-13 6.599757e-07      329
features.8                       380    -0.050830 1.894694e-13 1.300600e-05      137
features.15                      442    -0.050700 1.460388e-13 1.242781e-07      329
features.16                      515    -0.050067 3.048289e-13 5.246122e-07      329
features.16                      560    -0.050022 3.035623e-13 4.617483e-07      329
features.15                      392    -0.049528 1.916199e-13 1.796232e-06      329
features.9                       246    -0.048748 1.290355e-13 5.381971e-07      137
features.16                       25    -0.048431 2.885798e-13 1.130299e-07      329
features.9                       253    -0.048285 1.311752e-13 8.473037e-07      137
features.15                      655    -0.047155 1.733973e-13 1.400829e-06      329
features.4                       100    -0.047054 8.882781e-13 1.071852e-04       65
features.9                        35    -0.046995 1.243414e-13 5.136936e-07      137
features.16                      703    -0.046573 2.836036e-13 4.909723e-07      329
features.16                      561    -0.046432 2.806290e-13 3.566768e-07      329
features.15                       74    -0.046111 1.786605e-13 1.681235e-06      329
features.9                       340    -0.045878 1.168084e-13 7.412383e-08      137
features.16                      613    -0.045604 2.813460e-13 7.093419e-07      329
features.15                      715    -0.045395 1.375536e-13 3.437466e-07      329
features.15                      137    -0.045067 1.889450e-13 2.133357e-06      329
features.16                        1    -0.044984 2.742631e-13 4.952718e-07      329
features.15                      425    -0.043754 1.283476e-13 1.864379e-07      329
features.8                       258    -0.042699 1.278340e-13 1.633795e-07      137
features.15                      634    -0.042368 1.226665e-13 1.253378e-07      329
features.15                      941    -0.042141 1.427463e-13 8.340202e-07      329
features.8                       324    -0.041445 1.495380e-13 8.904907e-06      137
features.15                      671    -0.041053 1.224520e-13 2.443636e-07      329
features.8                         0    -0.040888 1.249088e-13 1.014394e-06      137
features.16                      775    -0.040592 2.410403e-13 4.253363e-08      329
features.16                       63    -0.040463 2.453547e-13 3.611192e-07      329
features.15                      432    -0.039930 1.220858e-13 3.396884e-07      329
features.15                      555    -0.039512 1.268387e-13 5.424346e-07      329
features.15                      882    -0.038916 1.173787e-13 2.761355e-07      329
features.16                      112    -0.038549 2.312586e-13 1.878235e-07      329
features.8                       249    -0.038421 3.196998e-13 7.046032e-05      137
features.15                      518    -0.038227 1.585662e-13 1.751332e-06      329
features.16                      619    -0.038190 2.340027e-13 4.932065e-07      329
features.15                      823    -0.037984 1.224897e-13 5.405089e-07      329
features.15                      536    -0.036884 1.078837e-13 1.465078e-07      329
features.16                      705    -0.036746 2.340970e-13 1.035506e-06      329
features.16                      830    -0.036740 2.332312e-13 9.836240e-07      329
features.16                      117    -0.036710 2.417126e-13 1.526575e-06      329
features.16                      625    -0.036075 2.986030e-13 5.330506e-06      329
features.16                      789    -0.035917 2.444541e-13 1.992977e-06      329
features.8                        83    -0.035772 1.104896e-13 1.303394e-06      137
features.16                      879    -0.035758 3.348208e-13 7.719962e-06      329
features.15                      299    -0.035664 1.181064e-13 6.134673e-07      329
features.16                      811    -0.035438 2.454868e-13 2.235837e-06      329
