================================================================================
Channel Pruning Log
  iteration  : 6
  alpha      : 0.4000
  timestamp  : 2026-05-13 10:59:09
  remove_target  : 105036
  accum_removed  : 105077
  selected_channels : 389
  total_params   : 2289600
  active_after   : 1455585
  model_sparsity : 36.4%
================================================================================

[ 레이어별 채널 제거 비율 ]
  layer                total_ch  this_iter    cumul  cumul_%
  ----------------------------------------------------------
  features.1                 32          2       18    56.2%
  features.2                 96          5       66    68.8%
  features.3                144          2       30    20.8%
  features.4                144          0        8     5.6%
  features.5                192          0       22    11.5%
  features.6                192         30       74    38.5%
  features.7                192          0       21    10.9%
  features.8                384          0       65    16.9%
  features.9                384          4      146    38.0%
  features.10               384         18      236    61.5%
  features.11               384         30      174    45.3%
  features.12               576         75      393    68.2%
  features.13               576         40      356    61.8%
  features.14               576         27      429    74.5%
  features.15               960         75      417    43.4%
  features.16               960          1      109    11.4%
  features.17               960         80      595    62.0%

[ 블록별 제거 채널 수 ]
  features.1: 2채널 제거
  features.10: 18채널 제거
  features.11: 30채널 제거
  features.12: 75채널 제거
  features.13: 40채널 제거
  features.14: 27채널 제거
  features.15: 75채널 제거
  features.16: 1채널 제거
  features.17: 80채널 제거
  features.2: 5채널 제거
  features.3: 2채널 제거
  features.6: 30채널 제거
  features.9: 4채널 제거

[ 선택된 채널 상세 ]
block                             ch        score          phi         perf  weights
--------------------------------------------------------------------------------
features.15                      815    -0.599451 3.434226e-07 1.859487e-09      329
features.2                         5    -0.595910 1.427168e-07 5.396808e-06       49
features.17                      932    -0.595717 1.100369e-06 6.123575e-09      489
features.13                      515    -0.583380 6.790820e-08 1.142764e-08      201
features.6                       111    -0.576515 4.438387e-08 3.759050e-09       73
features.6                        50    -0.574866 4.508829e-08 2.336000e-07       73
features.12                      286    -0.558305 5.759405e-08 7.328568e-08      201
features.2                        35    -0.554956 1.329103e-07 5.035544e-06       49
features.6                        79    -0.550621 4.273784e-08 9.965699e-08       73
features.6                        63    -0.533490 4.128615e-08 6.282391e-08       73
features.6                       122    -0.531528 4.104042e-08 3.663472e-08       73
features.12                      261    -0.527977 5.737293e-08 2.053389e-07      201
features.6                        44    -0.525423 4.047455e-08 1.009452e-08       73
features.2                         2    -0.521291 1.285648e-07 2.537148e-05       49
features.15                       82    -0.514178 2.947138e-07 2.446792e-09      329
features.15                       98    -0.502055 2.896284e-07 1.344497e-08      329
features.6                       128    -0.500074 3.850714e-08 5.529679e-09       73
features.6                       130    -0.498861 3.971616e-08 3.655896e-07       73
features.12                       86    -0.496904 5.045535e-08 2.757676e-08      201
features.17                      196    -0.488064 9.072171e-07 9.459109e-09      489
features.6                       160    -0.483840 3.730906e-08 1.973148e-08       73
features.11                      220    -0.481741 3.707298e-07 8.360549e-07      169
features.17                      349    -0.481037 8.848320e-07 2.053490e-09      489
features.15                      480    -0.479803 2.770730e-07 1.451590e-08      329
features.13                      569    -0.479793 5.651877e-08 2.708727e-08      201
features.17                      844    -0.478337 9.051844e-07 2.178431e-08      489
features.15                       10    -0.476788 2.738387e-07 5.567913e-09      329
features.17                       66    -0.475843 8.823891e-07 7.576760e-09      489
features.17                      922    -0.473996 8.731181e-07 2.989096e-09      489
features.15                      694    -0.472635 2.710392e-07 3.060911e-09      329
features.12                      405    -0.466711 4.721567e-08 1.776365e-08      201
features.6                        80    -0.466443 3.714887e-08 3.456017e-07       73
features.12                      518    -0.466046 4.793161e-08 5.438508e-08      201
features.12                      449    -0.463841 5.184291e-08 2.477418e-07      201
features.1                        20    -0.463721 1.378916e-07 8.011913e-06       25
features.17                      262    -0.462441 8.578720e-07 7.624958e-09      489
features.6                        28    -0.461327 3.584056e-08 9.275250e-08       73
features.6                         2    -0.459917 3.586038e-08 1.282490e-07       73
features.15                      633    -0.458358 2.656018e-07 1.928525e-08      329
features.17                      125    -0.455891 8.386946e-07 2.037089e-09      489
features.6                       175    -0.454334 3.508215e-08 3.188319e-08       73
features.17                      921    -0.448642 8.268046e-07 3.132975e-09      489
features.15                      181    -0.447404 2.568413e-07 4.506406e-09      329
features.12                       34    -0.445447 6.021100e-08 7.256391e-07      201
features.17                      123    -0.442285 8.170571e-07 4.623253e-09      489
features.15                      155    -0.441111 2.526833e-07 1.207680e-09      329
features.17                      486    -0.440317 8.127619e-07 4.087265e-09      489
features.12                      143    -0.439687 4.421048e-08 4.045645e-09      201
features.17                      529    -0.439123 8.092546e-07 3.059827e-09      489
features.12                      493    -0.438881 4.536897e-08 6.203054e-08      201
features.12                      393    -0.438637 4.450822e-08 2.290378e-08      201
features.6                       132    -0.437849 3.385064e-08 4.218102e-08       73
features.12                       73    -0.435255 4.944324e-08 2.696860e-07      201
features.14                       62    -0.434806 1.230168e-06 1.267379e-08      265
features.12                      502    -0.433539 4.968022e-08 2.888308e-07      201
features.13                      495    -0.431530 5.204570e-08 5.643314e-08      201
features.15                      534    -0.431390 2.479186e-07 5.949524e-09      329
features.15                      308    -0.430404 2.464927e-07 8.381922e-10      329
features.13                      138    -0.429244 5.196539e-08 6.130379e-08      201
features.12                      328    -0.427956 4.325696e-08 1.451322e-08      201
features.13                      554    -0.426418 4.968567e-08 9.638025e-09      201
features.15                      735    -0.426003 2.497549e-07 3.513896e-08      329
features.12                      113    -0.425258 4.336370e-08 3.217206e-08      201
features.10                       24    -0.424879 6.588723e-08 2.259260e-08      137
features.2                        79    -0.424617 1.013946e-07 2.188021e-06       49
features.6                       146    -0.423940 3.291828e-08 8.035827e-08       73
features.12                       39    -0.423426 4.359943e-08 5.180500e-08      201
features.17                      905    -0.421873 7.767246e-07 2.362903e-09      489
features.15                      443    -0.421831 2.415328e-07 5.231899e-10      329
features.6                        54    -0.421779 3.332876e-08 2.398178e-07       73
features.15                      364    -0.421117 2.420222e-07 5.853263e-09      329
features.17                      553    -0.420416 7.760833e-07 3.946399e-09      489
features.17                      285    -0.418856 7.704870e-07 1.813070e-09      489
features.17                       11    -0.418550 7.718477e-07 3.312229e-09      489
features.12                      425    -0.417554 4.209638e-08 9.049893e-09      201
features.15                      670    -0.417450 2.413825e-07 1.451020e-08      329
features.12                      111    -0.416949 4.266222e-08 3.836875e-08      201
features.15                      774    -0.415616 2.453067e-07 4.402141e-08      329
features.12                      115    -0.415549 4.190234e-08 9.387589e-09      201
features.17                      416    -0.415096 7.630682e-07 1.405136e-09      489
features.17                      102    -0.414808 7.634872e-07 2.144107e-09      489
features.13                      540    -0.414553 4.840546e-08 1.207665e-08      201
features.15                      523    -0.414314 2.445423e-07 4.390689e-08      329
features.15                       58    -0.413701 2.389363e-07 1.272598e-08      329
features.11                       44    -0.412264 2.771146e-07 1.996464e-07      169
features.15                      825    -0.411711 2.357840e-07 7.830927e-10      329
features.15                      675    -0.410493 2.382011e-07 1.925824e-08      329
features.15                       24    -0.409724 2.372902e-07 1.646789e-08      329
features.15                      316    -0.408682 2.360343e-07 1.255405e-08      329
features.15                       53    -0.408447 2.359529e-07 1.287031e-08      329
features.17                      141    -0.408446 7.538187e-07 3.702670e-09      489
features.12                      498    -0.406372 4.161992e-08 3.926154e-08      201
features.15                      949    -0.406301 2.375194e-07 2.944961e-08      329
features.17                      891    -0.404562 7.489978e-07 5.497996e-09      489
features.13                      133    -0.403718 6.939766e-08 6.006175e-07      201
features.17                      683    -0.401333 7.409109e-07 3.809958e-09      489
features.12                      463    -0.401213 4.048304e-08 1.029359e-08      201
features.17                       58    -0.401072 7.426208e-07 5.515775e-09      489
features.17                      711    -0.401066 7.430285e-07 5.842762e-09      489
features.6                        97    -0.399703 3.091980e-08 4.354130e-08       73
features.17                        7    -0.399302 7.336009e-07 1.015031e-09      489
features.12                       75    -0.398527 4.067413e-08 3.184440e-08      201
features.15                      337    -0.396789 2.537905e-07 1.582945e-07      329
features.12                       93    -0.395153 4.283415e-08 1.487495e-07      201
features.15                      826    -0.394646 2.294613e-07 2.121942e-08      329
features.12                      374    -0.394173 3.977643e-08 1.028597e-08      201
features.15                      169    -0.394100 2.336790e-07 4.809961e-08      329
features.17                      662    -0.394006 7.251361e-07 1.987007e-09      489
features.1                         7    -0.393999 1.244694e-07 5.711610e-05       25
features.15                      750    -0.393646 2.357842e-07 6.213177e-08      329
features.17                      105    -0.393020 7.278846e-07 5.540525e-09      489
features.13                      217    -0.392883 4.594705e-08 1.334675e-08      201
features.17                      308    -0.391790 7.359228e-07 1.356748e-08      489
features.12                      350    -0.391143 3.925782e-08 2.469708e-10      201
features.12                       79    -0.390999 3.939870e-08 7.516574e-09      201
features.12                      177    -0.390687 4.146013e-08 1.054347e-07      201
features.13                      309    -0.390489 4.598774e-08 2.174904e-08      201
features.15                      306    -0.389798 2.232567e-07 8.720763e-10      329
features.15                      334    -0.389796 2.232577e-07 8.857060e-10      329
features.12                       87    -0.389755 3.945093e-08 1.580131e-08      201
features.15                       29    -0.388868 2.238248e-07 7.400112e-09      329
features.14                       70    -0.388799 1.355355e-06 9.186681e-08      265
features.12                      312    -0.388206 4.565821e-08 3.135050e-07      201
features.12                      474    -0.387601 3.972683e-08 3.882261e-08      201
features.6                       169    -0.387165 3.040011e-08 1.666563e-07       73
features.12                      226    -0.387019 4.134021e-08 1.170465e-07      201
features.15                      909    -0.386729 2.215622e-07 1.240815e-09      329
features.14                      440    -0.384769 1.205393e-06 4.804942e-08      265
features.17                      521    -0.384678 7.079676e-07 1.939354e-09      489
features.15                      500    -0.384133 2.200829e-07 1.278217e-09      329
features.12                      136    -0.383958 3.881962e-08 1.348020e-08      201
features.15                      784    -0.383820 2.221799e-07 1.478389e-08      329
features.13                      479    -0.382885 4.434074e-08 1.443674e-09      201
features.12                      167    -0.382796 3.853873e-08 5.798253e-09      201
features.14                       16    -0.382715 1.285880e-06 7.520634e-08      265
features.17                      236    -0.382515 7.040779e-07 1.999988e-09      489
features.6                        75    -0.382505 3.048445e-08 2.891147e-07       73
features.12                      359    -0.382147 4.050827e-08 1.009937e-07      201
features.12                       80    -0.381660 3.938032e-08 5.050765e-08      201
features.10                      233    -0.381243 5.937932e-08 2.228725e-08      137
features.11                      187    -0.381112 2.485794e-07 8.697180e-08      169
features.13                      558    -0.380701 4.423459e-08 5.319237e-09      201
features.6                        98    -0.380627 2.945534e-08 4.455711e-08       73
features.17                       83    -0.380072 7.057581e-07 6.803679e-09      489
features.14                      319    -0.380026 1.111192e-06 2.243371e-08      265
features.17                      536    -0.379965 6.997126e-07 2.242953e-09      489
features.17                      622    -0.379707 7.034097e-07 5.493650e-09      489
features.15                      331    -0.379656 2.179912e-07 4.071905e-09      329
features.12                       43    -0.379351 3.878172e-08 3.334214e-08      201
features.13                      533    -0.378538 4.395744e-08 4.604116e-09      201
features.12                      427    -0.378404 3.804447e-08 3.292770e-09      201
features.6                       151    -0.377910 2.963638e-08 1.524176e-07       73
features.6                        58    -0.375496 2.895367e-08 1.504092e-08       73
features.17                      779    -0.375433 6.907011e-07 1.697040e-09      489
features.15                      228    -0.375401 2.175470e-07 1.588790e-08      329
features.13                      508    -0.374936 4.806901e-08 1.244056e-07      201
features.17                      381    -0.374802 6.936745e-07 4.916752e-09      489
features.11                      149    -0.374504 2.639357e-07 3.381411e-07      169
features.12                       55    -0.373944 3.764817e-08 5.692083e-09      201
features.11                       97    -0.373162 2.395117e-07 3.527435e-08      169
features.17                      462    -0.372960 6.860184e-07 1.582204e-09      489
features.13                      567    -0.372911 4.409483e-08 2.545947e-08      201
features.12                      532    -0.372352 3.763511e-08 1.255682e-08      201
features.10                      193    -0.371860 5.643578e-08 1.020265e-08      137
features.15                      313    -0.371789 2.140230e-07 7.245700e-09      329
features.12                      526    -0.371751 3.812775e-08 3.842680e-08      201
features.10                      272    -0.371561 6.908885e-08 1.090329e-07      137
features.13                       84    -0.371536 4.342997e-08 1.207674e-08      201
features.17                      334    -0.370683 6.811773e-07 1.063288e-09      489
features.15                      249    -0.370580 2.139590e-07 1.096952e-08      329
features.10                       48    -0.370522 5.563012e-08 5.474747e-09      137
features.13                       66    -0.370237 4.320111e-08 9.996610e-09      201
features.10                       70    -0.370064 8.446314e-08 2.304274e-07      137
features.15                      265    -0.369623 2.780066e-07 3.942280e-07      329
features.13                      296    -0.369587 4.997051e-08 1.910819e-07      201
features.17                      871    -0.369449 6.796740e-07 1.655243e-09      489
features.11                      123    -0.369327 2.434038e-07 1.165472e-07      169
features.15                       21    -0.369142 2.153259e-07 2.396529e-08      329
features.17                      150    -0.368983 6.858648e-07 7.148370e-09      489
features.12                      347    -0.368797 3.806568e-08 4.939522e-08      201
features.15                      347    -0.368516 2.196410e-07 5.169405e-08      329
features.10                      339    -0.367795 5.485706e-08 2.604510e-09      137
features.3                       141    -0.367394 5.477655e-08 3.238942e-07       57
features.10                      329    -0.367122 5.569692e-08 9.918435e-09      137
features.15                      180    -0.366886 2.101496e-07 9.151151e-10      329
features.14                      500    -0.366228 1.117895e-06 3.645760e-08      265
features.15                      320    -0.366122 2.098635e-07 1.811418e-09      329
features.3                        61    -0.365688 5.410426e-08 1.247144e-07       57
features.17                      934    -0.365646 6.747177e-07 3.229045e-09      489
features.6                        96    -0.364089 2.878428e-08 2.109284e-07       73
features.11                       53    -0.363699 2.438476e-07 1.681256e-07      169
features.15                      324    -0.363614 2.082559e-07 7.905850e-10      329
features.17                      910    -0.363367 6.698745e-07 2.711305e-09      489
features.12                      523    -0.363341 3.679008e-08 1.532719e-08      201
features.11                      117    -0.363234 2.323989e-07 2.482304e-08      169
features.17                      586    -0.363108 6.741045e-07 6.380838e-09      489
features.12                      252    -0.362905 3.695289e-08 2.499050e-08      201
features.13                        1    -0.362390 4.856767e-08 1.759913e-07      201
features.11                      334    -0.361109 2.297550e-07 8.179093e-09      169
features.12                      318    -0.360758 3.686160e-08 3.080160e-08      201
features.14                       44    -0.360346 1.053682e-06 2.128287e-08      265
features.10                      353    -0.360026 7.110032e-08 1.379992e-07      137
features.17                      917    -0.359239 6.622495e-07 2.669810e-09      489
features.14                      187    -0.358567 9.895175e-07 2.581974e-09      265
features.13                      459    -0.358499 4.207562e-08 1.614059e-08      201
features.17                      863    -0.358474 6.641869e-07 5.273220e-09      489
features.17                       41    -0.358432 6.695503e-07 9.515446e-09      489
features.13                      377    -0.358413 4.186272e-08 1.077150e-08      201
features.12                      422    -0.358361 3.608960e-08 5.935617e-09      201
features.15                      679    -0.357867 2.050083e-07 1.039007e-09      329
features.13                      413    -0.357688 4.191047e-08 1.425095e-08      201
features.17                      495    -0.357627 6.649751e-07 7.099126e-09      489
features.17                      222    -0.357207 6.582692e-07 2.471678e-09      489
features.17                       54    -0.356408 6.545825e-07 7.391634e-10      489
features.13                       42    -0.355954 4.348659e-08 6.125612e-08      201
features.12                      116    -0.355641 3.589182e-08 9.454165e-09      201
features.11                      157    -0.355513 2.281738e-07 3.348200e-08      169
features.6                       117    -0.354890 2.774686e-08 1.198611e-07       73
features.17                      378    -0.354347 6.526153e-07 2.152014e-09      489
features.13                      216    -0.353940 4.422584e-08 8.697809e-08      201
features.11                      278    -0.353529 2.244743e-07 2.121466e-09      169
features.11                      330    -0.353212 2.250842e-07 1.254441e-08      169
features.12                       69    -0.352627 3.565382e-08 1.246774e-08      201
features.12                      322    -0.352026 3.564142e-08 1.471253e-08      201
features.15                      379    -0.351088 2.012967e-07 2.036950e-09      329
features.14                      511    -0.350222 1.167564e-06 6.593774e-08      265
features.15                      310    -0.349728 2.023183e-07 1.271802e-08      329
features.13                       65    -0.349714 4.086870e-08 1.109065e-08      201
features.15                      301    -0.349681 2.006885e-07 3.209198e-09      329
features.12                      522    -0.349539 3.624720e-08 5.473515e-08      201
features.10                      307    -0.349314 5.283005e-08 8.151172e-09      137
features.13                      571    -0.349231 4.173648e-08 3.552810e-08      201
features.17                      814    -0.349056 6.469268e-07 5.283172e-09      489
features.11                      372    -0.348336 2.484574e-07 3.525923e-07      169
features.14                      364    -0.348108 1.034414e-06 2.576934e-08      265
features.6                        34    -0.347558 2.822062e-08 4.068328e-07       73
features.13                      382    -0.347425 4.048043e-08 7.823445e-09      201
features.12                       40    -0.347296 3.524650e-08 1.844177e-08      201
features.17                      545    -0.347140 6.375336e-07 6.982850e-10      489
features.12                      570    -0.346566 3.505418e-08 1.287360e-08      201
features.12                      377    -0.346365 3.833085e-08 1.671261e-07      201
features.12                      536    -0.346329 3.524725e-08 2.301725e-08      201
features.13                      451    -0.345789 4.214546e-08 5.688118e-08      201
features.15                      158    -0.345727 2.081284e-07 6.077725e-08      329
features.13                      480    -0.345504 4.108713e-08 2.975311e-08      201
features.6                         8    -0.345235 2.687602e-08 8.452143e-08       73
features.12                      341    -0.345191 3.482414e-08 8.567281e-09      201
features.12                      448    -0.344162 3.826944e-08 1.745967e-07      201
features.17                      472    -0.344124 6.380524e-07 5.415758e-09      489
features.17                      362    -0.344061 6.380930e-07 5.538454e-09      489
features.11                       12    -0.343977 2.186043e-07 4.573992e-09      169
features.11                      328    -0.343930 2.194897e-07 1.632971e-08      169
features.12                       97    -0.343818 3.519574e-08 3.240129e-08      201
features.15                      221    -0.343535 2.005007e-07 2.296612e-08      329
features.15                      247    -0.343204 2.168770e-07 1.212514e-07      329
features.11                      231    -0.342960 2.287973e-07 1.438249e-07      169
features.12                      400    -0.342952 3.737644e-08 1.384980e-07      201
features.11                      116    -0.342891 2.466158e-07 3.733160e-07      169
features.13                       57    -0.342636 3.991323e-08 7.472277e-09      201
features.13                      205    -0.342093 4.038917e-08 2.172443e-08      201
features.17                      204    -0.341509 6.279978e-07 1.315395e-09      489
features.15                      933    -0.341157 2.349923e-07 2.356841e-07      329
features.15                      187    -0.341137 2.264206e-07 1.848963e-07      329
features.17                      217    -0.341049 6.318205e-07 4.953858e-09      489
features.12                       10    -0.340896 3.451731e-08 1.437708e-08      201
features.15                      435    -0.340808 1.955897e-07 3.087686e-09      329
features.10                      164    -0.340724 5.169350e-08 9.217065e-09      137
features.9                       167    -0.340653 1.012318e-07 3.495265e-09      137
features.14                      177    -0.340378 1.148764e-06 6.850584e-08      265
features.13                      535    -0.339882 3.972800e-08 1.099847e-08      201
features.14                      553    -0.339826 1.164108e-06 7.382054e-08      265
features.17                      817    -0.339631 6.241803e-07 1.025333e-09      489
features.11                      111    -0.339564 2.172756e-07 2.347701e-08      169
features.12                      423    -0.339475 3.465468e-08 2.747656e-08      201
features.12                      553    -0.339460 3.432948e-08 1.233087e-08      201
features.12                      154    -0.339171 3.440060e-08 1.701647e-08      201
features.12                      316    -0.339135 3.424496e-08 9.903284e-09      201
features.13                      502    -0.338313 4.003936e-08 2.403834e-08      201
features.15                      563    -0.338301 1.954161e-07 1.057365e-08      329
features.12                      169    -0.338253 3.440346e-08 2.145739e-08      201
features.15                       45    -0.338230 1.938767e-07 1.679270e-09      329
features.10                      275    -0.338176 5.242675e-08 1.786361e-08      137
features.12                      327    -0.337992 3.442197e-08 2.355218e-08      201
features.17                      216    -0.337981 6.227198e-07 2.245396e-09      489
features.15                      709    -0.337959 1.940673e-07 3.730207e-09      329
features.17                       64    -0.337830 6.209810e-07 1.104877e-09      489
features.15                      914    -0.337750 1.999007e-07 3.905175e-08      329
features.14                      406    -0.337034 1.075549e-06 4.830098e-08      265
features.6                        88    -0.336726 2.631199e-08 1.096394e-07       73
features.6                        42    -0.336606 2.687276e-08 2.672358e-07       73
features.11                       93    -0.336278 2.251781e-07 1.517969e-07      169
features.14                      123    -0.335721 9.494127e-07 9.652950e-09      265
features.12                      356    -0.335640 3.493583e-08 5.863749e-08      201
features.15                       17    -0.335525 1.925525e-07 3.008550e-09      329
features.17                      430    -0.335376 6.264485e-07 8.877930e-09      489
features.12                      537    -0.335052 3.529608e-08 7.825534e-08      201
features.13                      250    -0.333521 3.902039e-08 1.174352e-08      201
features.17                      602    -0.333269 6.193263e-07 6.337238e-09      489
features.17                      307    -0.332188 6.174818e-07 6.444645e-09      489
features.13                       29    -0.332118 4.022258e-08 4.784265e-08      201
features.12                      365    -0.332012 3.384675e-08 2.471641e-08      201
features.9                       374    -0.331855 9.907516e-08 4.642815e-09      137
features.13                      273    -0.331850 3.991184e-08 4.044060e-08      201
features.13                      390    -0.331749 3.980589e-08 3.794879e-08      201
features.17                      284    -0.331638 6.093010e-07 8.525221e-10      489
features.14                      308    -0.331577 1.107270e-06 6.301541e-08      265
features.11                       36    -0.331549 2.138658e-07 4.500453e-08      169
features.12                      310    -0.331471 3.383931e-08 2.690713e-08      201
features.9                        50    -0.330861 1.050362e-07 2.154980e-08      137
features.12                       16    -0.330805 3.443961e-08 5.812331e-08      201
features.14                      345    -0.330659 9.248624e-07 6.278892e-09      265
features.15                       48    -0.329994 1.919195e-07 1.803538e-08      329
features.6                        70    -0.329508 2.547026e-08 3.050637e-08       73
features.6                       171    -0.329003 2.852445e-08 8.856384e-07       73
features.11                      131    -0.328878 2.145989e-07 7.619382e-08      169
features.11                       43    -0.328694 2.113128e-07 3.547116e-08      169
features.10                      303    -0.328511 4.900504e-08 2.383189e-09      137
features.15                      217    -0.328251 1.926873e-07 2.851026e-08      329
features.10                      216    -0.327872 5.428238e-08 4.419638e-08      137
features.14                      277    -0.327850 1.213249e-06 9.965669e-08      265
features.15                      693    -0.327631 1.888055e-07 7.584736e-09      329
features.2                        16    -0.327366 7.792072e-08 2.920698e-07       49
features.13                      306    -0.327037 4.011855e-08 6.063764e-08      201
features.17                      218    -0.326987 6.067190e-07 5.490306e-09      489
features.17                      782    -0.325866 5.989091e-07 1.003767e-09      489
features.13                      186    -0.325824 4.025542e-08 6.797278e-08      201
features.17                       50    -0.325612 6.008140e-07 2.852806e-09      489
features.15                      100    -0.325543 1.931250e-07 4.030522e-08      329
features.14                      417    -0.325276 9.399512e-07 1.568477e-08      265
features.11                      105    -0.325125 2.073875e-07 1.413978e-08      169
features.15                       19    -0.325091 1.861505e-07 4.586966e-10      329
features.17                      103    -0.324801 5.982833e-07 2.038698e-09      489
features.12                        8    -0.324395 3.622632e-08 1.718190e-07      201
features.13                      208    -0.324186 3.878182e-08 3.399666e-08      201
features.10                       46    -0.324128 5.259779e-08 3.540397e-08      137
features.11                      244    -0.323811 2.074065e-07 2.508922e-08      169
features.14                       50    -0.323634 1.111633e-06 7.124735e-08      265
features.11                      168    -0.323254 2.114823e-07 8.199608e-08      169
features.15                      253    -0.323245 1.862385e-07 7.250295e-09      329
features.15                      504    -0.323184 1.875944e-07 1.550099e-08      329
features.17                      858    -0.322270 6.036945e-07 9.877311e-09      489
features.12                      205    -0.322187 3.244926e-08 5.462609e-09      201
features.12                       32    -0.321970 3.321906e-08 4.249647e-08      201
features.17                      338    -0.321673 5.963986e-07 5.041989e-09      489
features.11                       24    -0.321655 2.093791e-07 6.800845e-08      169
features.17                      241    -0.321352 5.965376e-07 5.610023e-09      489
features.17                      360    -0.321217 6.012820e-07 9.502520e-09      489
features.10                      262    -0.321106 4.986572e-08 1.762649e-08      137
features.15                      280    -0.320868 1.865474e-07 1.715476e-08      329
features.17                      166    -0.320357 5.911773e-07 2.853418e-09      489
features.11                      139    -0.320169 2.136831e-07 1.354284e-07      169
features.14                      461    -0.319948 9.714454e-07 3.021600e-08      265
features.17                       45    -0.319636 5.890358e-07 2.213428e-09      489
features.15                      632    -0.319414 1.829354e-07 6.610962e-10      329
features.14                      337    -0.319224 9.593634e-07 2.703072e-08      265
features.13                      547    -0.319184 3.750311e-08 1.547334e-08      201
features.15                      801    -0.318727 1.826586e-07 1.353028e-09      329
features.12                      230    -0.318511 3.227133e-08 1.439674e-08      201
features.17                      129    -0.318448 5.929564e-07 6.970388e-09      489
features.11                      202    -0.318343 2.034382e-07 1.868218e-08      169
features.17                      518    -0.318333 5.901050e-07 4.911096e-09      489
features.17                      874    -0.318325 5.895459e-07 4.485913e-09      489
features.14                      210    -0.318222 8.959243e-07 7.887511e-09      265
features.15                      932    -0.318074 2.075317e-07 1.511449e-07      329
features.15                      578    -0.317626 1.863766e-07 2.715101e-08      329
features.14                      545    -0.317594 9.075616e-07 1.210007e-08      265
features.17                      904    -0.316854 5.823915e-07 1.012054e-09      489
features.14                      276    -0.316796 9.495913e-07 2.604422e-08      265
features.11                      204    -0.316600 2.027119e-07 2.355644e-08      169
features.17                      812    -0.316560 5.814995e-07 7.367195e-10      489
features.10                      252    -0.316415 4.955870e-08 2.064919e-08      137
features.17                      272    -0.316252 5.811859e-07 9.326010e-10      489
features.17                      112    -0.316236 5.842389e-07 3.335012e-09      489
features.12                      229    -0.316215 3.184480e-08 5.219136e-09      201
features.16                      303    -0.316157 7.640753e-07 4.754954e-09      329
features.14                      247    -0.316057 1.061003e-06 6.181939e-08      265
features.12                      311    -0.315778 3.174417e-08 2.564392e-09      201
features.15                      746    -0.315424 1.819782e-07 8.533562e-09      329
features.14                      571    -0.315265 9.562552e-07 2.946698e-08      265
features.11                      113    -0.315249 2.111242e-07 1.426595e-07      169
features.15                      915    -0.313548 1.838981e-07 2.629513e-08      329
features.10                       12    -0.313414 4.790427e-08 1.123464e-08      137
features.15                      943    -0.313254 1.803950e-07 6.508832e-09      329
features.17                      807    -0.313244 5.760184e-07 1.203655e-09      489
features.12                      282    -0.312537 3.224630e-08 4.127371e-08      201
features.14                      376    -0.312511 1.001605e-06 4.614703e-08      265
features.15                      938    -0.312429 1.818425e-07 1.789982e-08      329
features.9                       110    -0.312354 9.603197e-08 1.188422e-08      137
features.17                      372    -0.312179 5.774197e-07 3.819493e-09      489
