================================================================================
Channel Pruning Log
  iteration  : 10
  alpha      : 0.4000
  timestamp  : 2026-05-13 15:49:46
  remove_target  : 68848
  accum_removed  : 69175
  selected_channels : 383
  total_params   : 2289600
  active_after   : 1129612
  model_sparsity : 50.7%
================================================================================

[ 레이어별 채널 제거 비율 ]
  layer                total_ch  this_iter    cumul  cumul_%
  ----------------------------------------------------------
  features.1                 32          1       23    71.9%
  features.2                 96          3       86    89.6%
  features.3                144         34       86    59.7%
  features.4                144          5       37    25.7%
  features.5                192         16       77    40.1%
  features.6                192         20      126    65.6%
  features.7                192         92      119    62.0%
  features.8                384          3       68    17.7%
  features.9                384         20      187    48.7%
  features.10               384         51      310    80.7%
  features.11               384         10      257    66.9%
  features.12               576         28      452    78.5%
  features.13               576         23      403    70.0%
  features.14               576          0      518    89.9%
  features.15               960          5      539    56.1%
  features.16               960         28      325    33.9%
  features.17               960         44      831    86.6%

[ 블록별 제거 채널 수 ]
  features.1: 1채널 제거
  features.10: 51채널 제거
  features.11: 10채널 제거
  features.12: 28채널 제거
  features.13: 23채널 제거
  features.15: 5채널 제거
  features.16: 28채널 제거
  features.17: 44채널 제거
  features.2: 3채널 제거
  features.3: 34채널 제거
  features.4: 5채널 제거
  features.5: 16채널 제거
  features.6: 20채널 제거
  features.7: 92채널 제거
  features.8: 3채널 제거
  features.9: 20채널 제거

[ 선택된 채널 상세 ]
block                             ch        score          phi         perf  weights
--------------------------------------------------------------------------------
features.17                      245    -0.592242 2.782585e-06 3.344717e-08      489
features.3                       119    -0.588646 5.161231e-08 2.784857e-06       57
features.7                       168    -0.541090 9.929541e-07 6.399825e-08      105
features.17                      843    -0.526720 2.459310e-06 1.540303e-08      489
features.3                         5    -0.503368 4.426617e-08 2.755116e-06       57
features.7                        31    -0.499983 9.804982e-07 1.072430e-07      105
features.3                       121    -0.493520 4.520717e-08 7.858766e-06       57
features.3                        70    -0.485926 4.275773e-08 2.732205e-06       57
features.3                       124    -0.485092 4.352419e-08 5.124647e-06       57
features.7                        19    -0.477700 9.993270e-07 1.502240e-07      105
features.7                       138    -0.471583 1.008154e-06 1.648180e-07      105
features.3                        95    -0.468559 4.130800e-08 2.858478e-06       57
features.3                        28    -0.452224 3.892830e-08 7.696833e-08       57
features.7                        26    -0.450997 8.283870e-07 5.392509e-08      105
features.7                        87    -0.449683 8.355765e-07 6.110234e-08      105
features.3                       112    -0.445399 3.845029e-08 3.885184e-07       57
features.7                        51    -0.440377 7.893251e-07 3.771722e-08      105
features.7                       127    -0.431928 7.770735e-07 3.920250e-08      105
features.3                        77    -0.425346 3.740005e-08 2.314198e-06       57
features.7                        72    -0.424141 7.571998e-07 3.401672e-08      105
features.7                       150    -0.417726 7.644088e-07 4.775701e-08      105
features.10                      367    -0.416601 1.016478e-07 1.779763e-07      137
features.10                      231    -0.401062 6.912757e-08 6.769715e-09      137
features.7                       125    -0.400338 8.124453e-07 1.067669e-07      105
features.6                       176    -0.392387 2.750171e-08 4.908931e-08       73
features.3                        85    -0.381094 3.950234e-08 1.917904e-05       57
features.17                      703    -0.378609 1.763097e-06 6.735398e-09      489
features.17                       36    -0.376334 1.750652e-06 4.973757e-09      489
features.10                      283    -0.370650 8.064325e-08 1.022494e-07      137
features.3                       117    -0.368591 3.221219e-08 1.441851e-06       57
features.5                        21    -0.366094 6.497791e-08 9.936580e-09       73
features.3                        84    -0.365933 3.547229e-08 1.139908e-05       57
features.3                        30    -0.363132 3.143411e-08 5.614361e-07       57
features.3                       133    -0.358695 3.335217e-08 7.125050e-06       57
features.10                      241    -0.353630 6.636196e-08 3.695800e-08      137
features.6                        15    -0.348093 2.443778e-08 6.955900e-08       73
features.17                      702    -0.346664 1.640813e-06 3.078169e-08      489
features.6                        60    -0.345671 2.440536e-08 1.573039e-07       73
features.7                        13    -0.343612 6.052769e-07 2.132715e-08      105
features.7                        73    -0.342429 6.526542e-07 5.903409e-08      105
features.6                       173    -0.341589 2.397190e-08 6.231512e-08       73
features.7                       103    -0.340316 6.153714e-07 3.326812e-08      105
features.7                       112    -0.336713 7.049273e-07 1.062987e-07      105
features.7                        60    -0.335758 6.865084e-07 9.345561e-08      105
features.10                      377    -0.335304 5.767851e-08 5.001525e-09      137
features.10                       94    -0.334818 5.701288e-08 1.660003e-09      137
features.10                      297    -0.334578 5.774842e-08 6.106245e-09      137
features.2                        22    -0.333940 4.093670e-07 1.588161e-03       49
features.12                      539    -0.333749 6.640602e-08 4.035073e-07      201
features.9                       327    -0.332877 1.852770e-07 3.232949e-07      137
features.2                        12    -0.330065 2.399887e-07 1.294121e-04       49
features.7                        11    -0.328287 6.001677e-07 3.709369e-08      105
features.10                      268    -0.327451 6.186221e-08 3.658792e-08      137
features.17                      762    -0.326264 1.527556e-06 1.344516e-08      489
features.13                       79    -0.324315 6.771828e-08 1.080400e-08      201
features.7                       109    -0.323829 5.671567e-07 1.759958e-08      105
features.7                       186    -0.322171 5.816443e-07 3.079385e-08      105
features.10                      234    -0.322136 6.713228e-08 7.193432e-08      137
features.7                       128    -0.322135 5.661167e-07 1.897986e-08      105
features.7                       144    -0.321948 5.715758e-07 2.338901e-08      105
features.10                      383    -0.317538 6.336860e-08 5.483723e-08      137
features.3                         3    -0.316740 2.945926e-08 6.315075e-06       57
features.17                      636    -0.313666 1.535800e-06 7.542317e-08      489
features.10                        8    -0.312942 5.897054e-08 3.410404e-08      137
features.10                      364    -0.311094 5.307835e-08 2.145615e-09      137
features.17                      610    -0.310642 1.450012e-06 8.708903e-09      489
features.16                      245    -0.310381 8.035338e-07 3.905902e-08      329
features.7                        33    -0.310051 5.905592e-07 5.315843e-08      105
features.17                      768    -0.308040 1.474303e-06 4.250662e-08      489
features.17                      729    -0.304131 1.416951e-06 6.042082e-09      489
features.12                      509    -0.302465 5.646100e-08 1.169572e-07      201
features.7                        50    -0.302200 5.386781e-07 2.360658e-08      105
features.3                       128    -0.301690 2.618783e-08 6.729571e-07       57
features.10                      100    -0.301306 5.276877e-08 9.870353e-09      137
features.6                        57    -0.299470 2.118829e-08 1.650138e-07       73
features.6                       106    -0.299084 2.095836e-08 3.488600e-08       73
features.10                      359    -0.298052 5.551149e-08 2.873957e-08      137
features.7                        86    -0.297173 5.339541e-07 2.644913e-08      105
features.3                       122    -0.295232 2.625555e-08 2.451730e-06       57
features.17                      677    -0.295088 1.396256e-06 2.579276e-08      489
features.3                        52    -0.295059 2.544996e-08 1.951506e-07       57
features.10                      258    -0.293806 5.028695e-08 2.932210e-09      137
features.7                        30    -0.293349 5.110505e-07 1.386271e-08      105
features.7                        44    -0.292416 5.287484e-07 2.857909e-08      105
features.10                      251    -0.291295 5.206691e-08 1.556519e-08      137
features.10                      139    -0.289080 5.294456e-08 2.274298e-08      137
features.7                       167    -0.289017 5.346366e-07 3.743945e-08      105
features.7                        55    -0.288734 4.937476e-07 6.569357e-09      105
features.7                        48    -0.287769 6.404213e-07 1.198438e-07      105
features.5                       101    -0.287011 5.487301e-08 2.936438e-07       73
features.10                      324    -0.285197 5.267972e-08 2.499383e-08      137
features.7                       135    -0.285023 5.582463e-07 6.059912e-08      105
features.17                      440    -0.284846 1.326321e-06 4.934114e-09      489
features.10                      346    -0.284469 5.404118e-08 3.349956e-08      137
features.17                      570    -0.283790 1.343911e-06 2.584100e-08      489
features.12                      268    -0.282846 5.246600e-08 8.712650e-08      201
features.10                      295    -0.281804 5.327799e-08 3.171372e-08      137
features.6                        87    -0.280522 1.975130e-08 9.280739e-08       73
features.7                        64    -0.278130 5.315433e-07 4.904967e-08      105
features.7                        81    -0.277535 5.300860e-07 4.870001e-08      105
features.7                        56    -0.276952 4.934776e-07 2.148524e-08      105
features.7                       189    -0.276207 5.381676e-07 5.657778e-08      105
features.7                        10    -0.275676 5.030127e-07 3.040566e-08      105
features.7                       163    -0.275432 4.931835e-07 2.321035e-08      105
features.7                        27    -0.274322 5.274443e-07 5.080596e-08      105
features.7                       111    -0.272952 8.070767e-07 2.661613e-07      105
features.6                       166    -0.271008 1.930984e-08 2.361061e-07       73
features.13                      402    -0.270948 6.489368e-08 2.103674e-07      201
features.5                       140    -0.270820 5.195495e-08 2.899874e-07       73
features.5                       126    -0.270622 4.822716e-08 2.148972e-08       73
features.2                        29    -0.270231 2.097734e-07 2.222224e-04       49
features.13                       97    -0.269974 5.832510e-08 5.627385e-08      201
features.7                         9    -0.269668 4.671020e-07 1.068591e-08      105
features.6                       180    -0.269350 1.896615e-08 9.005173e-08       73
features.10                      128    -0.267490 4.652123e-08 6.900335e-09      137
features.17                      538    -0.267340 1.245968e-06 5.710650e-09      489
features.10                      317    -0.266925 4.613007e-08 5.207771e-09      137
features.17                      608    -0.266874 1.244017e-06 5.905608e-09      489
features.5                       178    -0.266603 4.766872e-08 3.264323e-08       73
features.17                      716    -0.265055 1.236283e-06 6.558112e-09      489
features.16                       37    -0.264765 6.819291e-07 1.170144e-08      329
features.7                        47    -0.264204 6.012831e-07 1.201929e-07      105
features.7                       147    -0.264016 5.247181e-07 6.195030e-08      105
features.12                      363    -0.263560 6.486033e-08 1.148963e-06      201
features.9                       286    -0.263102 1.193434e-07 1.184777e-07      137
features.13                      297    -0.262979 5.642791e-08 4.547260e-08      201
features.10                      313    -0.261905 4.510392e-08 4.200715e-09      137
features.16                      364    -0.260629 6.758855e-07 3.989754e-08      329
features.6                       135    -0.260566 1.864182e-08 2.757465e-07       73
features.12                      305    -0.259955 4.751162e-08 3.272454e-08      201
features.6                       167    -0.259713 1.849477e-08 2.196863e-07       73
features.10                      330    -0.258847 4.645136e-08 1.488722e-08      137
features.7                        80    -0.257649 5.095192e-07 5.851315e-08      105
features.3                        89    -0.257135 2.300006e-08 2.513797e-06       57
features.3                       130    -0.257046 2.385334e-08 4.971044e-06       57
features.7                       110    -0.256745 5.631532e-07 1.006408e-07      105
features.3                        35    -0.256455 2.218944e-08 3.670509e-07       57
features.10                       90    -0.256402 4.440452e-08 5.534629e-09      137
features.4                       130    -0.256389 6.053642e-07 5.499387e-07       65
features.10                      344    -0.256373 6.822257e-08 1.420012e-07      137
features.3                        92    -0.255514 2.231971e-08 9.698452e-07       57
features.6                        74    -0.254410 1.786644e-08 5.445773e-08       73
features.7                        40    -0.254377 4.597656e-07 2.470742e-08      105
features.17                      808    -0.254131 1.222396e-06 4.074468e-08      489
features.10                      136    -0.253796 4.315210e-08 8.895766e-10      137
features.7                        29    -0.253298 4.595232e-07 2.590705e-08      105
features.17                      605    -0.252452 1.208924e-06 3.546144e-08      489
features.6                        83    -0.252400 1.781283e-08 1.101529e-07       73
features.7                        75    -0.251711 4.612011e-07 2.922663e-08      105
features.7                       114    -0.251426 4.489473e-07 2.023251e-08      105
features.7                       115    -0.251324 4.403487e-07 1.379481e-08      105
features.10                       32    -0.250516 4.334589e-08 5.183483e-09      137
features.17                      567    -0.249339 1.184492e-06 2.616648e-08      489
features.12                      406    -0.249229 4.530649e-08 1.500932e-08      201
features.9                       368    -0.249158 9.442032e-08 1.813499e-08      137
features.7                       145    -0.249090 4.829787e-07 4.922517e-08      105
features.7                        15    -0.248674 4.710543e-07 4.065062e-08      105
features.17                      283    -0.248580 1.185812e-06 3.066496e-08      489
features.10                      158    -0.248038 4.299076e-08 5.553419e-09      137
features.10                      244    -0.246606 4.790249e-08 3.507887e-08      137
features.10                      256    -0.246459 6.101370e-08 1.103268e-07      137
features.3                        78    -0.245909 2.118237e-08 8.194861e-08       57
features.13                      394    -0.245117 5.459628e-08 9.081892e-08      201
features.7                       116    -0.245080 4.310989e-07 1.474370e-08      105
features.12                      430    -0.245032 4.460115e-08 1.860472e-08      201
features.16                       57    -0.244413 6.282999e-07 3.339854e-09      329
features.6                       104    -0.244044 1.736512e-08 1.975528e-07       73
features.12                      398    -0.243957 4.422951e-08 6.760123e-09      201
features.13                      315    -0.243898 5.164359e-08 2.547180e-08      201
features.13                      553    -0.243145 5.240063e-08 4.757527e-08      201
features.12                      296    -0.242384 4.974245e-08 3.943519e-07      201
features.6                       187    -0.242048 1.704543e-08 8.200013e-08       73
features.7                       173    -0.241974 4.327603e-07 1.999922e-08      105
features.7                        54    -0.241790 4.317387e-07 1.945396e-08      105
features.10                        9    -0.241326 5.226660e-08 6.520240e-08      137
features.12                      480    -0.241238 4.415713e-08 3.479993e-08      201
features.7                       159    -0.241206 5.098955e-07 7.990445e-08      105
features.17                      675    -0.240650 1.129558e-06 1.255927e-08      489
features.7                        24    -0.239346 4.130273e-07 8.298558e-09      105
features.17                      483    -0.237233 1.108718e-06 7.916571e-09      489
features.10                      127    -0.236948 4.415764e-08 2.299992e-08      137
features.13                      486    -0.236454 5.141328e-08 5.726795e-08      201
features.12                      220    -0.236426 4.323802e-08 3.155317e-08      201
features.17                      906    -0.236199 1.153938e-06 5.441314e-08      489
features.7                        66    -0.236133 4.351074e-07 2.928778e-08      105
features.7                        79    -0.236086 4.642674e-07 5.162210e-08      105
features.3                       135    -0.235931 2.049470e-08 5.690537e-07       57
features.7                        91    -0.235711 4.315181e-07 2.708862e-08      105
features.7                       129    -0.235066 4.616360e-07 5.092215e-08      105
features.7                       165    -0.235000 4.848219e-07 6.871745e-08      105
features.17                      948    -0.233602 1.097988e-06 1.359675e-08      489
features.16                      892    -0.233129 6.069669e-07 5.044604e-08      329
features.3                        37    -0.232680 2.031162e-08 8.446363e-07       57
features.7                       134    -0.232353 4.370359e-07 3.561237e-08      105
features.7                       157    -0.231902 4.706671e-07 6.188104e-08      105
features.10                      209    -0.231861 4.050982e-08 7.041236e-09      137
features.10                       71    -0.231793 4.043615e-08 6.684627e-09      137
features.15                      821    -0.230007 3.622751e-07 1.925615e-07      329
features.7                       137    -0.229716 4.116540e-07 1.960959e-08      105
features.7                       124    -0.229421 3.953280e-07 7.517487e-09      105
features.12                       51    -0.228662 4.198193e-08 4.146265e-08      201
features.17                      690    -0.228361 1.064353e-06 4.924149e-09      489
features.13                      198    -0.228141 4.834275e-08 2.468721e-08      201
features.10                       60    -0.227997 5.610073e-08 1.001006e-07      137
features.7                        98    -0.226751 4.510745e-07 5.352572e-08      105
features.7                         5    -0.226690 4.200034e-07 2.987102e-08      105
features.5                        55    -0.224823 6.110282e-08 1.547450e-06       73
features.4                        84    -0.224811 4.248051e-07 1.783466e-07       65
features.15                      705    -0.224270 3.172115e-07 1.657434e-08      329
features.15                       41    -0.224246 3.178214e-07 1.963504e-08      329
features.17                      195    -0.224242 1.076211e-06 3.370684e-08      489
features.5                        95    -0.223829 4.188598e-08 1.630233e-07       73
features.12                      287    -0.223617 4.184551e-08 9.335130e-08      201
features.16                      522    -0.223563 5.753534e-07 7.063006e-09      329
features.16                      342    -0.223175 5.797752e-07 4.044092e-08      329
features.16                      431    -0.222021 5.843431e-07 8.683234e-08      329
features.13                      476    -0.221364 4.758450e-08 4.035835e-08      201
features.7                         8    -0.220805 4.479829e-07 5.879571e-08      105
features.13                       35    -0.220608 4.834730e-08 6.261708e-08      201
features.13                      110    -0.220315 4.639283e-08 1.678162e-08      201
features.15                      757    -0.219759 8.393171e-07 2.527335e-06      329
features.12                       98    -0.219437 4.037231e-08 4.540923e-08      201
features.17                      329    -0.219413 1.043637e-06 2.424228e-08      489
features.3                        63    -0.218833 1.890256e-08 2.227135e-07       57
features.12                      462    -0.218599 4.117710e-08 1.093452e-07      201
features.7                        84    -0.218146 5.209354e-07 1.179333e-07      105
features.10                      269    -0.217946 3.808663e-08 6.663910e-09      137
features.5                       125    -0.217603 4.143165e-08 2.101726e-07       73
features.11                      208    -0.217525 6.904912e-07 4.516417e-06      169
features.10                      120    -0.216586 3.699236e-08 1.715726e-09      137
features.11                      178    -0.216425 2.707956e-07 2.229661e-07      169
features.5                        57    -0.216373 4.207551e-08 2.728287e-07       73
features.12                      421    -0.216206 4.081415e-08 1.140195e-07      201
features.12                      134    -0.216153 3.930689e-08 1.389786e-08      201
features.10                       11    -0.216002 3.850038e-08 1.092053e-08      137
features.6                       163    -0.215857 1.509918e-08 7.862834e-09       73
features.9                       277    -0.215809 8.457133e-08 2.981340e-08      137
features.12                      514    -0.215629 3.988750e-08 5.905144e-08      201
features.10                      355    -0.215222 3.788950e-08 8.178572e-09      137
features.3                       109    -0.215116 1.951271e-08 2.876802e-06       57
features.16                      498    -0.215038 5.577431e-07 3.346843e-08      329
features.17                      295    -0.214921 1.009483e-06 1.185683e-08      489
features.10                      105    -0.213883 3.664627e-08 2.356690e-09      137
features.13                       49    -0.213843 4.589404e-08 3.720310e-08      201
features.7                        69    -0.213366 3.750673e-07 1.264783e-08      105
features.3                        20    -0.212431 1.840464e-08 3.736266e-07       57
features.17                      525    -0.211853 1.078981e-06 8.969477e-08      489
features.3                       138    -0.211770 1.994582e-08 4.934529e-06       57
features.7                       113    -0.211554 4.081173e-07 4.021842e-08      105
features.10                      201    -0.211416 3.865214e-08 1.624058e-08      137
features.3                        91    -0.211403 1.832992e-08 4.125240e-07       57
features.16                      585    -0.210847 5.438049e-07 1.392054e-08      329
features.13                      342    -0.210698 4.479322e-08 2.634660e-08      201
features.10                      116    -0.210477 3.833530e-08 1.533741e-08      137
features.3                        53    -0.210348 1.935679e-08 3.602554e-06       57
features.13                      506    -0.210264 4.768934e-08 9.862318e-08      201
features.12                      114    -0.209996 4.190800e-08 2.622441e-07      201
features.17                      263    -0.209199 9.773026e-07 6.609949e-09      489
features.16                      672    -0.209068 5.384799e-07 9.256439e-09      329
features.11                      293    -0.208864 2.535672e-07 1.354687e-07      169
features.7                       185    -0.208753 3.638642e-07 1.000999e-08      105
features.11                      272    -0.208550 2.530073e-07 1.334298e-07      169
features.5                        86    -0.208362 3.867650e-08 1.288525e-07       73
features.16                      161    -0.208255 5.370038e-07 1.302878e-08      329
features.13                      485    -0.208160 4.625316e-08 7.442913e-08      201
features.10                      350    -0.208129 3.681636e-08 8.914877e-09      137
features.9                       347    -0.208027 7.818628e-08 1.186921e-08      137
features.16                      381    -0.207745 5.361207e-07 1.565894e-08      329
features.7                        57    -0.207745 4.272723e-07 5.973889e-08      105
features.6                       178    -0.207354 1.456749e-08 4.800929e-08       73
features.3                        36    -0.207147 1.813687e-08 9.064289e-07       57
features.16                      196    -0.206784 5.317698e-07 4.062748e-09      329
features.17                      235    -0.206767 9.809567e-07 2.049545e-08      489
features.17                      470    -0.206172 9.895158e-07 3.101838e-08      489
features.10                      196    -0.205210 3.615133e-08 7.937881e-09      137
features.16                        0    -0.205083 5.280162e-07 7.854601e-09      329
features.17                       46    -0.204643 9.724473e-07 2.174045e-08      489
features.11                       64    -0.204621 2.968416e-07 6.296044e-07      169
features.9                       273    -0.204322 2.187387e-07 7.295748e-07      137
features.16                      959    -0.204038 5.328199e-07 5.396461e-08      329
features.17                      344    -0.203947 9.714612e-07 2.382720e-08      489
features.9                        85    -0.203476 7.574988e-08 7.938087e-09      137
features.9                       206    -0.203445 8.002846e-08 2.963510e-08      137
features.4                         0    -0.203359 4.864870e-07 4.543456e-07       65
features.13                      147    -0.203237 4.228189e-08 3.024768e-09      201
features.7                        70    -0.203168 3.590644e-07 1.351262e-08      105
features.7                         6    -0.203166 3.903008e-07 3.737514e-08      105
features.16                      326    -0.202676 5.265537e-07 3.691998e-08      329
features.13                      251    -0.202628 4.245565e-08 1.028805e-08      201
features.7                        20    -0.202199 3.890183e-07 3.763674e-08      105
features.9                       252    -0.201838 7.861290e-08 2.543761e-08      137
features.16                      416    -0.201688 5.187148e-07 4.276226e-09      329
features.11                       77    -0.201426 2.398168e-07 8.220406e-08      169
features.7                       164    -0.201406 3.792653e-07 3.120418e-08      105
features.10                      365    -0.201046 3.570744e-08 9.436219e-09      137
features.5                       191    -0.200834 3.622439e-08 4.751094e-08       73
features.7                       133    -0.200831 3.556973e-07 1.393980e-08      105
features.7                        65    -0.200640 3.729658e-07 2.737573e-08      105
features.15                      552    -0.200608 3.330674e-07 2.491904e-07      329
features.12                      342    -0.200605 3.710427e-08 5.466301e-08      201
features.3                        49    -0.200393 1.728424e-08 1.313823e-07       57
features.6                        93    -0.200377 1.401988e-08 9.564079e-09       73
features.7                       152    -0.200112 3.626311e-07 2.015876e-08      105
features.17                      682    -0.200066 9.677061e-07 3.706767e-08      489
features.16                       30    -0.200033 5.147078e-07 5.767136e-09      329
features.16                      406    -0.200000 1.541057e-06 6.328040e-06      329
features.4                        46    -0.200000 9.677186e-07 1.849374e-06       65
features.8                       189    -0.200000 6.144307e-07 7.397914e-07      137
features.1                         4    -0.199999 6.867620e-07 1.606341e-02       25
features.13                      357    -0.199995 1.244557e-07 2.008225e-06      201
features.12                      171    -0.199995 1.085305e-07 4.837205e-06      201
features.5                       151    -0.199994 1.062687e-07 5.151103e-06       73
features.6                         3    -0.199986 4.193492e-08 1.792583e-05       73
features.10                      166    -0.199538 3.558381e-08 1.019134e-08      137
features.16                      617    -0.199356 5.130636e-07 6.351836e-09      329
features.17                      903    -0.199124 9.393798e-07 1.479431e-08      489
features.10                      261    -0.198873 3.950676e-08 3.330855e-08      137
features.9                       270    -0.198793 7.436405e-08 9.563982e-09      137
features.7                       180    -0.198725 3.446723e-07 8.221825e-09      105
features.7                       143    -0.198658 3.788684e-07 3.442774e-08      105
features.17                      526    -0.198657 9.522853e-07 2.880709e-08      489
features.13                       54    -0.198502 4.151731e-08 8.288096e-09      201
features.10                        6    -0.198435 3.444451e-08 4.735526e-09      137
features.17                      377    -0.198422 9.250264e-07 4.475893e-09      489
features.7                        14    -0.198179 3.729549e-07 3.052558e-08      105
features.12                      108    -0.198082 3.691220e-08 7.233196e-08      201
features.4                         2    -0.197413 3.236854e-07 1.514792e-08       65
features.16                        8    -0.197207 5.099200e-07 2.098039e-08      329
features.17                      100    -0.196480 9.151673e-07 3.683682e-09      489
features.7                        36    -0.196321 4.319431e-07 7.796841e-08      105
features.3                        44    -0.196176 2.176832e-08 1.396473e-05       57
features.12                      429    -0.195600 3.714275e-08 1.177576e-07      201
features.8                        21    -0.195374 2.016769e-07 2.896526e-09      137
features.5                        51    -0.195322 3.806263e-08 2.521472e-07       73
features.12                      254    -0.195055 3.865598e-08 2.255195e-07      201
features.9                       343    -0.195045 7.307997e-08 9.979593e-09      137
features.7                        68    -0.194848 3.799337e-07 4.013131e-08      105
features.9                       168    -0.194505 7.168842e-08 3.936588e-09      137
features.11                      209    -0.194420 2.321015e-07 8.577020e-08      169
features.7                        21    -0.193900 3.393474e-07 1.034674e-08      105
features.7                       161    -0.193686 3.748359e-07 3.772869e-08      105
features.13                      391    -0.193527 4.175487e-08 3.901810e-08      201
features.16                      797    -0.192850 4.953744e-07 3.266011e-10      329
features.9                        89    -0.192666 7.672562e-08 3.280439e-08      137
features.7                         7    -0.192392 3.345079e-07 8.585838e-09      105
features.5                        29    -0.192349 3.651840e-08 1.781503e-07       73
features.10                      177    -0.191796 4.929580e-08 9.625202e-08      137
features.7                        17    -0.191790 4.122167e-07 6.871615e-08      105
features.17                      869    -0.191665 9.253257e-07 3.388973e-08      489
features.7                       160    -0.191041 3.473596e-07 2.013646e-08      105
features.9                       366    -0.190981 7.090914e-08 6.493315e-09      137
features.12                      283    -0.190749 3.470965e-08 1.376609e-08      201
features.13                      507    -0.190742 4.256652e-08 7.264564e-08      201
features.16                      880    -0.190620 4.938476e-07 2.619039e-08      329
features.9                       154    -0.190615 7.833095e-08 4.470550e-08      137
features.6                       165    -0.190555 1.343790e-08 7.655453e-08       73
features.9                       134    -0.190500 7.244495e-08 1.514865e-08      137
features.12                       11    -0.190437 3.566138e-08 8.116434e-08      201
features.11                      382    -0.190315 2.264091e-07 7.583243e-08      169
features.7                        49    -0.189716 7.428832e-07 3.239571e-07      105
features.7                        59    -0.189615 3.352955e-07 1.275163e-08      105
features.17                      467    -0.189593 9.272914e-07 4.464705e-08      489
features.9                       245    -0.189591 7.298470e-08 1.955483e-08      137
features.11                       30    -0.189208 2.201735e-07 2.492766e-08      169
features.10                       66    -0.189145 3.750653e-08 3.129149e-08      137
features.17                      791    -0.189049 9.257228e-07 4.553788e-08      489
features.12                      503    -0.188457 3.471800e-08 4.204313e-08      201
features.13                      295    -0.188066 3.947336e-08 1.121376e-08      201
features.16                      896    -0.187943 4.877587e-07 3.105068e-08      329
features.17                      484    -0.187942 8.846019e-07 1.208122e-08      489
features.12                       76    -0.187754 3.468429e-08 4.828602e-08      201
features.16                       28    -0.187636 4.836754e-07 1.075761e-08      329
features.9                       127    -0.187569 7.979314e-08 5.771841e-08      137
features.16                      719    -0.187399 4.828370e-07 9.340402e-09      329
features.16                       45    -0.187345 4.858171e-07 2.854741e-08      329
features.8                       288    -0.187260 2.034273e-07 2.106451e-08      137
features.9                       280    -0.187126 6.932542e-08 5.591876e-09      137
features.9                       116    -0.186922 7.078766e-08 1.336388e-08      137
features.7                       106    -0.186774 3.221776e-07 6.377451e-09      105
features.5                        66    -0.186681 3.380313e-08 5.371802e-08       73
features.5                        42    -0.186553 3.687120e-08 2.784473e-07       73
features.11                      212    -0.186533 2.201591e-07 5.636558e-08      169
features.17                      305    -0.186247 8.886779e-07 2.317694e-08      489
