================================================================================
Channel Pruning Log
  iteration  : 3
  alpha      : 0.4000
  timestamp  : 2026-05-13 07:18:16
  remove_target  : 144118
  accum_removed  : 144290
  selected_channels : 498
  total_params   : 2289600
  active_after   : 1807191
  model_sparsity : 21.1%
================================================================================

[ 레이어별 채널 제거 비율 ]
  layer                total_ch  this_iter    cumul  cumul_%
  ----------------------------------------------------------
  features.1                 32          2       13    40.6%
  features.2                 96         10       47    49.0%
  features.3                144          8       22    15.3%
  features.4                144          2        8     5.6%
  features.5                192          2       22    11.5%
  features.6                192          1       26    13.5%
  features.7                192          6       20    10.4%
  features.8                384          0       65    16.9%
  features.9                384         41      122    31.8%
  features.10               384         26      157    40.9%
  features.11               384         12       99    25.8%
  features.12               576         64      180    31.2%
  features.13               576         80      180    31.2%
  features.14               576         38      334    58.0%
  features.15               960         52      138    14.4%
  features.16               960          2      105    10.9%
  features.17               960        152      343    35.7%

[ 블록별 제거 채널 수 ]
  features.1: 2채널 제거
  features.10: 26채널 제거
  features.11: 12채널 제거
  features.12: 64채널 제거
  features.13: 80채널 제거
  features.14: 38채널 제거
  features.15: 52채널 제거
  features.16: 2채널 제거
  features.17: 152채널 제거
  features.2: 10채널 제거
  features.3: 8채널 제거
  features.4: 2채널 제거
  features.5: 2채널 제거
  features.6: 1채널 제거
  features.7: 6채널 제거
  features.9: 41채널 제거

[ 선택된 채널 상세 ]
block                             ch        score          phi         perf  weights
--------------------------------------------------------------------------------
features.17                       24    -0.598908 8.011786e-07 7.000505e-10      489
features.13                      289    -0.594382 1.213209e-07 6.785664e-09      201
features.1                        12    -0.594225 1.971494e-07 2.760749e-05       25
features.2                        10    -0.591375 2.346201e-07 6.796998e-07       49
features.15                      686    -0.590354 7.169727e-07 1.014992e-08      329
features.12                      567    -0.588431 1.384777e-07 1.196402e-08      201
features.3                        13    -0.587659 5.783585e-08 5.936002e-07       57
features.15                      513    -0.575335 6.877307e-07 2.032526e-10      329
features.13                      395    -0.564246 1.148928e-07 4.786230e-09      201
features.17                       63    -0.553899 7.473871e-07 3.732003e-09      489
features.15                      338    -0.553780 6.647474e-07 2.646257e-09      329
features.12                       20    -0.544163 1.276152e-07 9.070277e-09      201
features.14                       49    -0.520315 1.405658e-06 5.303179e-08      265
features.12                      464    -0.519561 1.270789e-07 3.211898e-08      201
features.13                      302    -0.517203 1.049858e-07 2.425789e-09      201
features.17                      239    -0.513281 6.869836e-07 7.691796e-10      489
features.17                      253    -0.512706 6.862373e-07 7.794658e-10      489
features.3                       100    -0.511027 5.088284e-08 8.102969e-07       57
features.17                      502    -0.506141 6.774082e-07 7.486882e-10      489
features.2                         6    -0.505107 2.054482e-07 1.599325e-06       49
features.17                      413    -0.500931 6.703909e-07 7.202248e-10      489
features.13                      374    -0.500751 1.026626e-07 8.425595e-09      201
features.13                      155    -0.500052 1.013824e-07 1.615708e-09      201
features.13                      389    -0.495842 1.044790e-07 2.522032e-08      201
features.13                      356    -0.490642 1.004037e-07 7.140304e-09      201
features.13                      106    -0.489232 9.970228e-08 4.651868e-09      201
features.2                        84    -0.488041 1.918540e-07 2.041329e-07       49
features.17                      482    -0.486393 6.501937e-07 3.430890e-10      489
features.12                      212    -0.484427 1.128148e-07 4.527744e-09      201
features.12                       26    -0.484067 1.119374e-07 9.671411e-10      201
features.2                        70    -0.480073 1.919590e-07 8.534233e-07       49
features.2                        60    -0.478400 1.917555e-07 9.442381e-07       49
features.12                      184    -0.478385 1.115828e-07 5.255995e-09      201
features.13                      184    -0.475852 9.644900e-08 1.376183e-09      201
features.17                      424    -0.473518 6.347561e-07 1.186157e-09      489
features.12                      354    -0.473294 1.096800e-07 1.993570e-09      201
features.13                      561    -0.471180 9.565355e-08 2.268433e-09      201
features.17                       51    -0.470854 6.350174e-07 3.021261e-09      489
features.9                       228    -0.468222 1.373769e-07 2.696984e-08      137
features.17                        5    -0.467923 6.269948e-07 1.046490e-09      489
features.14                      460    -0.467916 1.140435e-06 1.256123e-08      265
features.10                       96    -0.467608 8.508005e-08 3.125702e-09      137
features.13                      498    -0.467120 9.452892e-08 4.535626e-10      201
features.17                      766    -0.466508 6.279676e-07 2.421665e-09      489
features.17                      220    -0.465231 6.229773e-07 8.430304e-10      489
features.14                      372    -0.465124 1.123942e-06 9.734009e-09      265
features.13                      501    -0.464058 9.407177e-08 1.421898e-09      201
features.13                       41    -0.463679 9.463092e-08 5.223497e-09      201
features.13                      523    -0.463354 9.397775e-08 1.710534e-09      201
features.13                      400    -0.462883 9.387772e-08 1.682635e-09      201
features.13                      429    -0.460967 9.438088e-08 7.007027e-09      201
features.13                      330    -0.459046 9.457924e-08 1.051515e-08      201
features.12                      313    -0.458823 1.065753e-07 3.047288e-09      201
features.17                      777    -0.458753 6.141680e-07 7.666243e-10      489
features.10                      254    -0.458475 8.278314e-08 1.576701e-09      137
features.9                       176    -0.457951 1.171495e-07 1.547241e-09      137
features.13                      546    -0.455233 9.262712e-08 3.453914e-09      201
features.12                      543    -0.455142 1.070768e-07 9.103826e-09      201
features.12                      223    -0.454057 1.060894e-07 5.800415e-09      201
features.13                       76    -0.453852 9.207651e-08 1.831371e-09      201
features.13                      177    -0.453551 9.210652e-08 2.374132e-09      201
features.17                       75    -0.452636 6.179783e-07 6.523273e-09      489
features.13                      477    -0.451938 9.157846e-08 1.167659e-09      201
features.17                      774    -0.447256 5.993195e-07 1.008581e-09      489
features.12                      292    -0.446712 1.036111e-07 2.290159e-09      201
features.15                       81    -0.444907 5.342209e-07 2.269027e-09      329
features.14                      281    -0.444719 1.143950e-06 2.899809e-08      265
features.12                      214    -0.443696 1.026821e-07 1.246843e-09      201
features.3                       136    -0.442526 4.417422e-08 7.576286e-07       57
features.13                       86    -0.440880 8.946895e-08 1.923681e-09      201
features.17                      659    -0.440199 5.967308e-07 4.292937e-09      489
features.9                       231    -0.439572 1.368117e-07 3.663000e-08      137
features.17                      603    -0.438917 5.877857e-07 8.167635e-10      489
features.13                      123    -0.437426 8.911082e-08 3.957181e-09      201
features.13                      418    -0.437401 8.851366e-08 4.174974e-10      201
features.9                         6    -0.437014 1.249263e-07 2.042027e-08      137
features.9                       329    -0.436276 1.118449e-07 1.820394e-09      137
features.17                      405    -0.435774 5.862432e-07 2.092430e-09      489
features.9                       163    -0.435215 1.156008e-07 7.626153e-09      137
features.1                        28    -0.435191 1.434777e-07 7.002747e-06       25
features.13                       19    -0.434621 9.137018e-08 2.085675e-08      201
features.17                      309    -0.432611 5.797142e-07 9.845944e-10      489
features.17                      913    -0.431957 5.792370e-07 1.175086e-09      489
features.15                      669    -0.431669 5.345360e-07 1.647665e-08      329
features.4                        54    -0.431544 7.014731e-07 2.463474e-07       65
features.17                      246    -0.431351 5.776396e-07 7.960271e-10      489
features.9                       381    -0.429362 1.130687e-07 6.113414e-09      137
features.10                      232    -0.428773 1.074552e-07 7.182492e-08      137
features.13                      116    -0.428763 8.741850e-08 4.312527e-09      201
features.17                      907    -0.428683 5.762782e-07 1.854177e-09      489
features.9                       137    -0.427019 1.086034e-07 5.290315e-10      137
features.9                       274    -0.426358 1.099851e-07 2.763685e-09      137
features.9                       313    -0.426274 1.126296e-07 6.609150e-09      137
features.17                      865    -0.425791 5.697674e-07 5.809151e-10      489
features.12                      188    -0.425579 9.871820e-08 2.221114e-09      201
features.13                      423    -0.425455 8.619509e-08 9.974880e-10      201
features.17                      959    -0.425440 5.694096e-07 6.342314e-10      489
features.17                      671    -0.424395 5.679972e-07 6.262827e-10      489
features.9                        62    -0.423716 1.260918e-07 2.696380e-08      137
features.12                      424    -0.423515 9.785425e-08 4.833204e-10      201
features.3                        55    -0.423186 4.159300e-08 3.996015e-07       57
features.13                      575    -0.423079 8.615498e-08 3.630221e-09      201
features.17                      135    -0.422403 5.712550e-07 3.470301e-09      489
features.17                      478    -0.419782 5.618838e-07 6.484993e-10      489
features.3                        23    -0.419083 4.099820e-08 3.000349e-07       57
features.13                      563    -0.417964 8.517053e-08 3.927790e-09      201
features.12                      185    -0.417324 9.711291e-08 3.565448e-09      201
features.13                      329    -0.417301 9.845957e-08 8.418285e-08      201
features.13                      153    -0.417240 8.448036e-08 6.769051e-10      201
features.13                       34    -0.417234 8.469406e-08 1.961422e-09      201
features.17                      347    -0.416608 5.578398e-07 7.419321e-10      489
features.15                      747    -0.416103 4.987376e-07 1.331897e-09      329
features.9                        69    -0.415942 1.204938e-07 2.173120e-08      137
features.17                      818    -0.415846 5.596220e-07 2.087462e-09      489
features.17                      282    -0.415347 5.579623e-07 1.610065e-09      489
features.17                      820    -0.414578 5.555131e-07 9.265614e-10      489
features.9                       215    -0.413923 1.051908e-07 3.946074e-10      137
features.13                      291    -0.411751 8.402117e-08 4.567074e-09      201
features.17                      794    -0.411594 5.583523e-07 4.205771e-09      489
features.17                      471    -0.410169 5.506490e-07 1.418268e-09      489
features.9                       328    -0.410006 1.058756e-07 2.814748e-09      137
features.12                      141    -0.409057 9.469901e-08 1.297518e-09      201
features.17                      911    -0.409012 5.467645e-07 2.936596e-10      489
features.13                      366    -0.407906 8.255705e-08 4.614400e-10      201
features.12                      183    -0.406631 1.106307e-07 7.522071e-08      201
features.17                      634    -0.406605 5.446023e-07 7.992756e-10      489
features.17                      599    -0.405967 5.459560e-07 1.859336e-09      489
features.15                      931    -0.405531 4.864889e-07 1.670230e-09      329
features.12                      447    -0.405203 9.358384e-08 2.863722e-10      201
features.15                      935    -0.404801 4.842171e-07 4.386899e-10      329
features.12                      515    -0.404425 9.733147e-08 1.788976e-08      201
features.17                      827    -0.402227 5.401824e-07 1.484729e-09      489
features.17                      739    -0.401908 5.424432e-07 2.775324e-09      489
features.15                      482    -0.401642 4.822625e-07 2.041056e-09      329
features.9                       183    -0.400788 1.033026e-07 2.473278e-09      137
features.12                      119    -0.400763 9.380740e-08 5.882157e-09      201
features.13                      202    -0.400411 8.121724e-08 1.512108e-09      201
features.17                      717    -0.400290 5.487291e-07 6.835014e-09      489
features.15                      222    -0.400283 4.791358e-07 7.182201e-10      329
features.15                      491    -0.399221 4.845529e-07 6.605326e-09      329
features.13                       88    -0.398384 8.078056e-08 1.351730e-09      201
features.13                      424    -0.398331 8.141588e-08 5.214905e-09      201
features.13                      298    -0.398067 8.087694e-08 2.310920e-09      201
features.17                      620    -0.396890 5.323734e-07 1.156377e-09      489
features.13                       48    -0.396343 8.061514e-08 2.830664e-09      201
features.12                      431    -0.395091 9.131083e-08 5.587845e-10      201
features.3                       108    -0.394341 3.811483e-08 5.114749e-08       57
features.17                      856    -0.394116 5.323891e-07 2.944116e-09      489
features.12                      426    -0.391641 9.132996e-08 4.213627e-09      201
features.12                      362    -0.390796 9.061002e-08 1.860615e-09      201
features.13                      411    -0.390551 7.929604e-08 1.945067e-09      201
features.17                      772    -0.389085 5.226199e-07 1.477534e-09      489
features.17                      275    -0.388898 5.215860e-07 1.100707e-09      489
features.17                      172    -0.388894 5.202193e-07 4.467020e-10      489
features.17                      753    -0.388415 5.198720e-07 5.870686e-10      489
features.15                      225    -0.387898 4.655749e-07 1.808857e-09      329
features.15                      585    -0.387460 4.651305e-07 1.878243e-09      329
features.12                      465    -0.387219 8.972682e-08 1.602781e-09      201
features.13                      165    -0.386988 7.857646e-08 1.950338e-09      201
features.10                      145    -0.386402 6.968121e-08 1.122177e-09      137
features.15                      788    -0.386298 4.646488e-07 2.676497e-09      329
features.17                      121    -0.385571 5.156912e-07 4.032282e-10      489
features.13                      180    -0.385532 8.189001e-08 2.352295e-08      201
features.17                      584    -0.385386 5.154396e-07 4.005906e-10      489
features.13                      246    -0.384905 7.890554e-08 6.436823e-09      201
features.13                        8    -0.384885 7.910542e-08 7.656430e-09      201
features.10                      361    -0.384618 9.839336e-08 6.912193e-08      137
features.17                      350    -0.384570 5.160571e-07 1.221153e-09      489
features.12                      446    -0.383350 9.325002e-08 2.139787e-08      201
features.13                      156    -0.382507 7.742885e-08 5.068795e-10      201
features.17                      238    -0.382054 5.149293e-07 2.293759e-09      489
features.17                      438    -0.381043 5.104465e-07 7.882306e-10      489
features.15                      940    -0.380827 4.575144e-07 2.151451e-09      329
features.15                      404    -0.380152 4.592705e-07 4.408303e-09      329
features.12                      151    -0.380008 1.001243e-07 5.566924e-08      201
features.12                      454    -0.379759 9.071255e-08 1.373853e-08      201
features.17                       12    -0.377979 5.058379e-07 5.397162e-10      489
features.17                      433    -0.376910 5.104356e-07 3.434814e-09      489
features.9                        27    -0.374782 9.534976e-08 5.099689e-10      137
features.17                      754    -0.374481 5.018707e-07 8.779819e-10      489
features.17                      840    -0.374270 5.013499e-07 7.630340e-10      489
features.17                      128    -0.373549 5.006261e-07 8.778909e-10      489
features.15                      445    -0.373091 4.482075e-07 2.095800e-09      329
features.17                      225    -0.372430 4.988884e-07 7.608119e-10      489
features.14                       98    -0.371819 9.834683e-07 3.192540e-08      265
features.12                      182    -0.371461 8.595178e-08 9.831166e-10      201
features.13                      283    -0.371444 7.534626e-08 1.429768e-09      201
features.14                      544    -0.371221 1.002581e-06 3.775257e-08      265
features.13                      240    -0.371189 7.576829e-08 4.261294e-09      201
features.17                      499    -0.370218 4.950806e-07 3.502970e-10      489
features.12                      477    -0.369730 8.606724e-08 3.291595e-09      201
features.14                      462    -0.369274 9.375574e-07 2.057723e-08      265
features.9                       276    -0.369162 9.599795e-08 3.500012e-09      137
features.17                      767    -0.368783 4.947497e-07 1.112276e-09      489
features.17                      646    -0.367945 4.921010e-07 3.769450e-10      489
features.17                      448    -0.367557 4.956545e-07 2.333836e-09      489
features.17                      580    -0.366817 4.935453e-07 1.794989e-09      489
features.12                      270    -0.366293 8.481030e-08 1.213554e-09      201
features.17                      184    -0.366167 4.893245e-07 1.837637e-10      489
features.17                      267    -0.366142 4.902717e-07 6.549576e-10      489
features.15                      378    -0.365039 4.374035e-07 1.055084e-09      329
features.2                        82    -0.364570 1.439242e-07 2.750708e-07       49
features.12                      255    -0.364524 8.460005e-08 2.101368e-09      201
features.12                       71    -0.364130 8.423274e-08 8.616132e-10      201
features.13                      396    -0.363924 7.418965e-08 3.605723e-09      201
features.15                      110    -0.363448 4.351789e-07 7.703370e-10      329
features.17                      665    -0.362836 4.859160e-07 6.830981e-10      489
features.14                      352    -0.362739 8.643925e-07 4.141606e-09      265
features.12                      445    -0.362636 8.432200e-08 2.807798e-09      201
features.14                      239    -0.361457 9.263941e-07 2.260834e-08      265
features.9                       365    -0.361324 1.069547e-07 2.217084e-08      137
features.17                      776    -0.361207 4.834845e-07 5.598458e-10      489
features.15                      288    -0.360773 4.324679e-07 1.197541e-09      329
features.15                      714    -0.360678 4.320858e-07 9.607785e-10      329
features.14                      510    -0.360473 9.452486e-07 2.861900e-08      265
features.5                       109    -0.360228 8.791823e-08 1.437198e-07       73
features.13                        0    -0.360012 7.326955e-08 2.834212e-09      201
features.17                      660    -0.359814 4.822546e-07 8.628426e-10      489
features.9                       187    -0.359480 1.063157e-07 2.192334e-08      137
features.12                      159    -0.359288 8.437459e-08 6.506765e-09      201
features.13                      307    -0.359197 7.266078e-08 1.793695e-10      201
features.15                      476    -0.358507 4.314536e-07 2.688667e-09      329
features.9                        51    -0.358408 9.735746e-08 9.393013e-09      137
features.17                      469    -0.358169 4.817442e-07 1.672888e-09      489
features.17                      230    -0.358020 4.841928e-07 2.945350e-09      489
features.17                      286    -0.357418 4.819905e-07 2.273109e-09      489
features.12                      487    -0.357210 8.271522e-08 1.219072e-09      201
features.9                       171    -0.357003 9.265777e-08 3.127532e-09      137
features.13                       30    -0.356933 7.239851e-08 1.348310e-09      201
features.17                      798    -0.356272 4.765837e-07 4.104269e-10      489
features.17                      380    -0.355519 4.766117e-07 9.067394e-10      489
features.10                       86    -0.355140 6.647846e-08 6.734302e-09      137
features.17                      382    -0.355027 4.756957e-07 7.826901e-10      489
features.14                       10    -0.354254 1.144792e-06 8.944306e-08      265
features.12                        1    -0.353783 8.481806e-08 1.419059e-08      201
features.9                       247    -0.353770 9.828972e-08 1.243362e-08      137
features.15                       51    -0.353388 4.251638e-07 2.537108e-09      329
features.15                      127    -0.353300 4.239400e-07 1.552028e-09      329
features.17                      183    -0.353004 4.738829e-07 1.209660e-09      489
features.15                      318    -0.352579 4.230973e-07 1.568077e-09      329
features.11                      141    -0.352501 2.583012e-07 4.065202e-09      169
features.12                      112    -0.352494 8.184657e-08 2.204100e-09      201
features.2                        11    -0.351718 1.387394e-07 2.429266e-07       49
features.10                      373    -0.351620 6.470867e-08 4.065653e-09      137
features.10                      213    -0.351569 6.572910e-08 6.476960e-09      137
features.17                      101    -0.351439 4.730858e-07 1.830542e-09      489
features.17                      846    -0.350593 4.728311e-07 2.251571e-09      489
features.17                      771    -0.350464 4.691363e-07 5.582653e-10      489
features.17                      743    -0.350189 4.686322e-07 4.926685e-10      489
features.13                      425    -0.349926 7.293423e-08 1.302215e-08      201
features.17                      342    -0.349287 4.674525e-07 5.044531e-10      489
features.15                      120    -0.349200 4.186496e-07 1.207161e-09      329
features.16                      410    -0.349114 7.014367e-07 1.983398e-09      329
features.10                       61    -0.349084 6.420466e-08 3.948772e-09      137
features.13                      316    -0.348933 7.068572e-08 7.799411e-10      201
features.10                       98    -0.348689 6.466331e-08 5.188987e-09      137
features.15                      220    -0.348568 4.170688e-07 4.804009e-10      329
features.2                        18    -0.347630 1.366770e-07 1.494487e-07       49
features.17                      649    -0.347602 4.671683e-07 1.449459e-09      489
features.17                      543    -0.347423 4.749501e-07 5.303582e-09      489
features.13                      161    -0.347412 7.051973e-08 1.626486e-09      201
features.16                      675    -0.347194 7.039115e-07 9.534275e-09      329
features.17                      698    -0.346112 4.662806e-07 1.978842e-09      489
features.12                      333    -0.345806 8.810618e-08 3.718203e-08      201
features.17                      243    -0.345544 4.634054e-07 9.614245e-10      489
features.17                      277    -0.345536 4.644785e-07 1.482319e-09      489
features.13                      416    -0.345481 8.408764e-08 8.508188e-08      201
features.12                      384    -0.344865 7.993030e-08 1.506677e-09      201
features.17                      247    -0.344724 4.642324e-07 1.884895e-09      489
features.17                      655    -0.344349 4.652891e-07 2.633360e-09      489
features.9                       362    -0.344069 8.944067e-08 3.215995e-09      137
features.12                      161    -0.343507 7.997922e-08 3.131614e-09      201
features.7                       107    -0.343016 1.250479e-06 1.095050e-07      105
features.7                       177    -0.342763 1.020708e-06 4.384416e-08      105
features.12                      412    -0.342754 8.175143e-08 1.185461e-08      201
features.17                      663    -0.342724 4.596461e-07 9.641956e-10      489
features.17                       62    -0.342109 4.592780e-07 1.182212e-09      489
features.17                      429    -0.342104 4.572514e-07 2.116125e-10      489
features.13                      100    -0.342049 7.085028e-08 1.008555e-08      201
features.14                      356    -0.342039 9.057786e-07 2.967517e-08      265
features.10                      245    -0.342023 6.328774e-08 4.763199e-09      137
features.17                      435    -0.341744 4.575502e-07 5.860043e-10      489
features.13                      176    -0.341596 6.921018e-08 8.271268e-10      201
features.9                       157    -0.340866 9.842499e-08 1.734699e-08      137
features.4                       124    -0.340438 5.134769e-07 1.330568e-07       65
features.17                       22    -0.339963 4.607083e-07 3.246899e-09      489
features.17                      832    -0.339772 4.551747e-07 7.097857e-10      489
features.15                      154    -0.339768 4.078114e-07 1.588404e-09      329
features.13                      141    -0.339720 7.149102e-08 1.673252e-08      201
features.12                      297    -0.339603 8.025953e-08 8.427118e-09      201
features.17                      741    -0.339497 4.546640e-07 6.407824e-10      489
features.15                      957    -0.339444 4.105650e-07 4.353928e-09      329
features.17                      363    -0.339125 4.568088e-07 1.910522e-09      489
features.12                      528    -0.338769 7.838741e-08 8.973781e-10      201
features.17                       91    -0.338733 4.530155e-07 3.387921e-10      489
features.10                       69    -0.338231 6.330878e-08 6.403082e-09      137
features.15                      567    -0.338067 4.049222e-07 8.343757e-10      329
features.17                      330    -0.337576 4.513394e-07 2.761567e-10      489
features.14                      477    -0.337457 8.357679e-07 1.283610e-08      265
features.11                      226    -0.337304 2.503266e-07 2.132268e-08      169
features.17                      742    -0.337143 4.518874e-07 8.173723e-10      489
features.17                      226    -0.337111 4.512512e-07 5.321396e-10      489
features.13                      286    -0.337013 6.880164e-08 3.925837e-09      201
features.15                       83    -0.336625 4.034108e-07 1.019970e-09      329
features.12                      109    -0.336543 7.784983e-08 7.911805e-10      201
features.17                      581    -0.336049 4.524873e-07 1.807387e-09      489
features.17                      175    -0.335883 4.549716e-07 3.107959e-09      489
features.12                      135    -0.335663 7.773841e-08 1.201605e-09      201
features.9                       146    -0.335640 9.022429e-08 7.428021e-09      137
features.2                        52    -0.335599 1.319541e-07 1.457780e-07       49
features.17                      604    -0.335418 4.561026e-07 3.949781e-09      489
features.10                      119    -0.335401 6.151134e-08 3.380120e-09      137
features.15                      388    -0.335364 4.026715e-07 1.696491e-09      329
features.13                      163    -0.335346 7.703081e-08 5.514178e-08      201
features.17                      394    -0.334915 4.529792e-07 2.771678e-09      489
features.14                      137    -0.334597 8.589621e-07 2.132825e-08      265
features.12                      428    -0.334338 7.855613e-08 6.237606e-09      201
features.12                       68    -0.333990 8.173473e-08 2.084568e-08      201
features.13                       50    -0.333819 6.849695e-08 5.965351e-09      201
features.17                      757    -0.333739 4.485776e-07 1.410709e-09      489
features.17                      376    -0.333353 4.461083e-07 4.722990e-10      489
features.17                      498    -0.333281 4.492678e-07 2.036339e-09      489
features.3                        90    -0.332275 3.227321e-08 1.216949e-07       57
features.10                      356    -0.332208 6.489432e-08 1.264352e-08      137
features.12                      157    -0.332195 7.779902e-08 5.060970e-09      201
features.17                      800    -0.331358 4.431696e-07 3.403103e-10      489
features.13                       68    -0.331066 6.763922e-08 4.165507e-09      201
features.15                      267    -0.330524 3.963590e-07 1.230199e-09      329
features.9                       112    -0.330307 8.781114e-08 5.897125e-09      137
features.10                      169    -0.329701 6.312415e-08 9.548874e-09      137
features.14                      466    -0.328955 8.631708e-07 2.627894e-08      265
features.13                       47    -0.328281 6.690062e-08 3.116396e-09      201
features.17                      132    -0.327822 4.392006e-07 7.019445e-10      489
features.13                      224    -0.327726 6.652245e-08 1.526349e-09      201
features.11                      285    -0.327699 2.507863e-07 6.255311e-08      169
features.11                       62    -0.327645 2.594361e-07 1.104647e-07      169
features.15                       50    -0.327393 3.925272e-07 1.150989e-09      329
features.17                      826    -0.326209 4.400555e-07 2.147407e-09      489
features.17                      908    -0.326162 4.378944e-07 1.138981e-09      489
features.12                      227    -0.325876 7.693082e-08 7.706851e-09      201
features.13                       85    -0.325677 6.597093e-08 7.056790e-10      201
features.13                      154    -0.325556 6.642539e-08 3.569456e-09      201
features.3                       140    -0.325068 3.247457e-08 5.691803e-07       57
features.17                      773    -0.325016 4.355768e-07 7.608379e-10      489
features.14                      107    -0.324825 8.864366e-07 3.563658e-08      265
features.17                      674    -0.324168 4.393245e-07 3.106241e-09      489
features.14                      330    -0.324006 7.893468e-07 8.600766e-09      265
features.12                      546    -0.323749 8.368814e-08 4.019658e-08      201
features.15                      643    -0.323609 3.894626e-07 2.433914e-09      329
features.11                      304    -0.323529 2.366692e-07 1.513355e-09      169
features.12                       91    -0.323502 7.698910e-08 1.042421e-08      201
features.15                       37    -0.323330 3.906630e-07 3.784978e-09      329
features.12                      174    -0.323037 7.492316e-08 1.644343e-09      201
features.17                      468    -0.322882 4.356638e-07 2.172292e-09      489
features.13                      284    -0.322736 6.543479e-08 1.055737e-09      201
features.9                       383    -0.322557 8.607181e-08 6.221927e-09      137
features.17                      694    -0.322244 4.309546e-07 3.185801e-10      489
features.17                      508    -0.321615 4.307552e-07 6.258074e-10      489
features.17                      693    -0.321402 4.306316e-07 7.032600e-10      489
features.14                      143    -0.320922 9.381680e-07 5.292924e-08      265
features.10                       44    -0.320729 5.756895e-08 3.005681e-10      137
features.15                      810    -0.320687 3.883723e-07 4.548701e-09      329
features.17                      829    -0.319968 4.321946e-07 2.374913e-09      489
features.15                      535    -0.319853 3.841628e-07 1.719130e-09      329
features.9                       140    -0.319749 8.120874e-08 2.333126e-10      137
features.17                      419    -0.319491 4.297133e-07 1.488314e-09      489
features.9                       265    -0.319362 9.749233e-08 2.386403e-08      137
features.13                       82    -0.319284 7.284297e-08 4.952124e-08      201
features.17                      654    -0.319142 4.312885e-07 2.469583e-09      489
features.10                       58    -0.318927 5.868603e-08 3.673115e-09      137
features.12                      236    -0.318610 7.383489e-08 1.346844e-09      201
features.17                      838    -0.318357 4.261932e-07 5.241610e-10      489
features.10                      189    -0.318274 5.806277e-08 2.487142e-09      137
features.10                      203    -0.318252 5.991991e-08 6.846485e-09      137
features.17                      273    -0.318051 4.316363e-07 3.336421e-09      489
features.17                      137    -0.318040 4.257162e-07 4.989131e-10      489
features.10                      125    -0.317872 7.183162e-08 3.490642e-08      137
features.10                      118    -0.317768 5.763023e-08 1.686410e-09      137
features.15                      852    -0.317668 3.812049e-07 1.413791e-09      329
features.17                      293    -0.317612 4.312014e-07 3.409367e-09      489
features.17                      758    -0.316855 4.237802e-07 3.284053e-10      489
features.17                       99    -0.316072 4.234474e-07 6.712562e-10      489
features.17                      353    -0.315801 4.225624e-07 4.196527e-10      489
features.5                         8    -0.315064 7.376797e-08 4.704505e-09       73
features.15                      606    -0.314756 3.781916e-07 1.824036e-09      329
features.17                      406    -0.314686 4.211443e-07 4.539281e-10      489
features.15                      588    -0.314656 3.785740e-07 2.266393e-09      329
features.17                      268    -0.314561 4.233423e-07 1.590309e-09      489
features.13                       14    -0.314436 6.363236e-08 3.132243e-10      201
features.12                      352    -0.314217 7.435832e-08 8.238001e-09      201
features.17                       52    -0.314080 4.222689e-07 1.383380e-09      489
features.7                        82    -0.313773 9.434251e-07 4.272806e-08      105
features.15                      595    -0.313603 3.756708e-07 8.180774e-10      329
features.11                      196    -0.313535 2.313240e-07 1.230720e-08      169
features.17                      669    -0.313309 4.196349e-07 6.122713e-10      489
features.11                      266    -0.313084 2.301706e-07 7.761273e-09      169
features.14                      176    -0.312464 7.511519e-07 5.431940e-09      265
features.17                      387    -0.312330 4.192339e-07 1.047639e-09      489
features.17                      170    -0.312157 4.193173e-07 1.198425e-09      489
features.15                      350    -0.311973 3.746241e-07 1.611807e-09      329
features.15                      189    -0.311680 3.742227e-07 1.566729e-09      329
features.15                        8    -0.311257 3.763957e-07 3.924677e-09      329
features.2                        73    -0.310773 1.236551e-07 4.297301e-07       49
features.13                      219    -0.310436 6.291737e-08 8.743710e-10      201
features.12                      494    -0.310251 7.310049e-08 6.702779e-09      201
features.15                      856    -0.309323 3.724183e-07 2.457467e-09      329
features.13                       59    -0.309162 6.278762e-08 1.638959e-09      201
features.12                        4    -0.308832 7.275334e-08 6.614735e-09      201
features.15                      410    -0.308717 3.710003e-07 1.846378e-09      329
features.17                      114    -0.308505 4.194636e-07 3.612264e-09      489
features.9                       357    -0.308156 8.621468e-08 1.169336e-08      137
features.15                      345    -0.308008 3.690235e-07 8.519556e-10      329
features.7                       105    -0.307644 8.969063e-07 3.384386e-08      105
features.7                       151    -0.307312 8.619506e-07 2.406755e-08      105
features.13                      464    -0.306944 6.305589e-08 5.924430e-09      201
features.15                      362    -0.306886 3.750107e-07 7.305147e-09      329
features.9                       186    -0.306657 7.842275e-08 1.001436e-09      137
features.9                       326    -0.306568 1.008945e-07 3.344970e-08      137
features.15                      166    -0.306425 3.684150e-07 1.981915e-09      329
features.17                      866    -0.306191 4.107757e-07 9.220617e-10      489
features.11                      257    -0.306174 2.249945e-07 7.061562e-09      169
features.17                       90    -0.306083 4.111100e-07 1.152163e-09      489
features.10                        1    -0.305931 5.711810e-08 5.452395e-09      137
features.12                      276    -0.305840 7.079994e-08 9.540475e-10      201
features.14                      290    -0.305365 7.812649e-07 1.871103e-08      265
features.9                       358    -0.304974 7.790651e-08 8.721889e-10      137
features.17                      311    -0.304929 4.081183e-07 4.551820e-10      489
features.17                      563    -0.304799 4.081202e-07 5.393780e-10      489
features.13                      226    -0.304740 6.207812e-08 2.742568e-09      201
features.14                       57    -0.304626 9.347063e-07 6.279175e-08      265
features.11                      296    -0.304544 2.411906e-07 1.029286e-07      169
features.13                      541    -0.304524 6.642985e-08 2.902199e-08      201
features.14                      191    -0.304194 7.231986e-07 2.994834e-09      265
features.13                      505    -0.303737 6.240059e-08 5.883143e-09      201
features.13                      449    -0.303733 6.159019e-08 1.042326e-09      201
features.14                      133    -0.303445 7.739813e-07 1.791959e-08      265
features.14                      434    -0.303248 7.541760e-07 1.242450e-08      265
features.17                      393    -0.303235 4.063930e-07 7.128044e-10      489
features.9                       324    -0.303092 8.481999e-08 1.153290e-08      137
features.10                      343    -0.303027 6.239920e-08 1.904018e-08      137
features.10                      305    -0.302929 5.636642e-08 4.950846e-09      137
features.12                       66    -0.302658 7.575137e-08 2.644014e-08      201
features.12                      285    -0.302497 7.027297e-08 2.049824e-09      201
features.17                      291    -0.301578 4.039763e-07 6.145958e-10      489
features.17                      801    -0.301543 4.037776e-07 5.417995e-10      489
features.12                      540    -0.301523 7.227710e-08 1.204086e-08      201
features.14                      341    -0.301504 7.258868e-07 5.548746e-09      265
features.6                        61    -0.300961 6.250329e-08 1.454278e-07       73
features.9                       192    -0.300652 8.077845e-08 6.595084e-09      137
features.12                      492    -0.300100 6.938480e-08 5.483478e-10      201
features.14                      379    -0.299636 7.424907e-07 1.150907e-08      265
features.11                      275    -0.299500 2.386862e-07 1.094424e-07      169
features.9                       193    -0.299464 8.037964e-08 6.454465e-09      137
features.11                       59    -0.299207 2.319931e-07 7.371720e-08      169
features.13                      527    -0.298426 6.247779e-08 1.276573e-08      201
features.9                       307    -0.298352 7.840588e-08 4.013904e-09      137
features.14                      517    -0.298340 7.356169e-07 1.041881e-08      265
features.17                      476    -0.297988 4.017119e-07 1.830474e-09      489
features.17                      582    -0.297230 3.974156e-07 2.517650e-10      489
features.10                      276    -0.296956 5.518464e-08 4.688332e-09      137
features.17                      221    -0.296938 4.005921e-07 1.966348e-09      489
features.14                      307    -0.296849 7.829945e-07 2.486997e-08      265
features.11                      339    -0.296816 2.498521e-07 1.818215e-07      169
features.17                      292    -0.296471 4.005335e-07 2.237462e-09      489
features.17                      686    -0.296278 3.970437e-07 6.844223e-10      489
features.9                       161    -0.296231 7.914709e-08 5.858301e-09      137
features.17                      201    -0.296089 3.966064e-07 5.955382e-10      489
features.9                        52    -0.296079 7.575702e-08 1.023694e-09      137
features.14                       14    -0.295841 7.224261e-07 8.334719e-09      265
features.13                       43    -0.295669 6.238339e-08 1.553487e-08      201
features.9                       261    -0.295434 8.512330e-08 1.477056e-08      137
features.14                      126    -0.295110 7.380274e-07 1.325308e-08      265
features.15                      260    -0.295022 3.786044e-07 2.295415e-08      329
features.14                      280    -0.294892 7.144997e-07 6.714791e-09      265
features.14                       37    -0.294275 7.202619e-07 8.761887e-09      265
features.12                      336    -0.294150 7.090440e-08 1.351600e-08      201
features.13                      516    -0.294050 6.069965e-08 7.424767e-09      201
features.14                       76    -0.293654 7.387940e-07 1.444010e-08      265
features.17                      661    -0.293544 3.970206e-07 2.427690e-09      489
features.17                      793    -0.293383 3.976443e-07 2.830566e-09      489
features.10                      206    -0.293253 5.455428e-08 4.765545e-09      137
features.17                      475    -0.293057 3.926586e-07 6.440521e-10      489
features.14                       96    -0.292682 7.174881e-07 9.034616e-09      265
features.7                       122    -0.292456 7.760689e-07 1.023405e-08      105
features.9                        74    -0.292135 9.134656e-08 2.495386e-08      137
features.14                      205    -0.292025 7.393430e-07 1.568004e-08      265
features.13                       11    -0.292025 5.968354e-08 3.797780e-09      201
features.17                      595    -0.291919 3.927640e-07 1.424696e-09      489
features.17                      678    -0.291876 3.947760e-07 2.419467e-09      489
features.12                      525    -0.291840 6.762905e-08 1.224315e-09      201
features.17                        8    -0.291375 3.909917e-07 9.224913e-10      489
features.17                      645    -0.291158 3.947377e-07 2.861839e-09      489
features.14                       33    -0.291099 7.258212e-07 1.245508e-08      265
features.14                      525    -0.291012 6.950033e-07 3.758762e-09      265
features.17                      176    -0.290943 3.893116e-07 3.921929e-10      489
features.14                       26    -0.290600 8.348892e-07 4.377047e-08      265
features.12                      389    -0.290439 6.724226e-08 9.392789e-10      201
features.15                      182    -0.290373 3.500362e-07 2.688691e-09      329
