================================================================================
Channel Pruning Log
  iteration  : 3
  alpha      : 0.5000
  timestamp  : 2026-04-10 01:22:17
  remove_target  : 144742
  accum_removed  : 144742
  selected_channels : 582
  total_params   : 2289600
  active_after   : 1806983
  model_sparsity : 21.1%
================================================================================

[ 레이어별 채널 제거 비율 ]
  layer                total_ch  this_iter    cumul  cumul_%
  ----------------------------------------------------------
  features.1                 32          3        9    28.1%
  features.2                 96          8       27    28.1%
  features.3                144         12       39    27.1%
  features.4                144         12       39    27.1%
  features.5                192         16       52    27.1%
  features.6                192         16       52    27.1%
  features.7                192         16       52    27.1%
  features.8                384         31      104    27.1%
  features.9                384         31      104    27.1%
  features.10               384         31      104    27.1%
  features.11               384         31      104    27.1%
  features.12               576         47      157    27.3%
  features.13               576         47      157    27.3%
  features.14               576         47      157    27.3%
  features.15               960         78      260    27.1%
  features.16               960         78      260    27.1%
  features.17               960         78      260    27.1%

[ 블록별 제거 채널 수 ]
  features.1: 3채널 제거
  features.10: 31채널 제거
  features.11: 31채널 제거
  features.12: 47채널 제거
  features.13: 47채널 제거
  features.14: 47채널 제거
  features.15: 78채널 제거
  features.16: 78채널 제거
  features.17: 78채널 제거
  features.2: 8채널 제거
  features.3: 12채널 제거
  features.4: 12채널 제거
  features.5: 16채널 제거
  features.6: 16채널 제거
  features.7: 16채널 제거
  features.8: 31채널 제거
  features.9: 31채널 제거

[ 선택된 채널 상세 ]
block                             ch        score          phi         perf  weights
--------------------------------------------------------------------------------
features.1                         5    -0.350021 2.004834e-07 3.984882e-04       25
features.1                        29    -0.226163 9.071075e-08 1.747022e-07       25
features.1                        25    -0.205222 8.996006e-08 5.084228e-05       25
features.2                        15    -0.435995 2.443388e-07 4.149693e-08       49
features.2                        28    -0.410888 2.774404e-07 8.504395e-07       49
features.2                        91    -0.409169 2.323721e-07 9.169572e-08       49
features.2                        33    -0.385519 2.406541e-07 4.598496e-07       49
features.2                        94    -0.374021 2.364934e-07 4.980126e-07       49
features.2                        17    -0.345769 2.227468e-07 5.312120e-07       49
features.2                         8    -0.340677 1.976457e-07 1.480885e-07       49
features.2                        80    -0.338085 1.896170e-07 3.473328e-08       49
features.3                        43    -0.258037 5.653367e-08 3.761684e-07       57
features.3                        99    -0.161849 3.388078e-08 8.171533e-08       57
features.3                         9    -0.134359 2.831786e-08 8.656571e-08       57
features.3                       137    -0.122496 2.577007e-08 7.427035e-08       57
features.3                       124    -0.120330 3.015298e-08 5.456253e-07       57
features.3                        23    -0.117376 2.622481e-08 2.208115e-07       57
features.3                       131    -0.112670 2.338100e-08 3.687025e-08       57
features.3                       136    -0.107943 2.936790e-08 7.159957e-07       57
features.3                        18    -0.106221 2.714986e-08 5.336746e-07       57
features.3                        74    -0.102254 2.181181e-08 9.131409e-08       57
features.3                       140    -0.097353 2.309159e-08 3.140963e-07       57
features.3                        80    -0.096324 1.982055e-08 1.507437e-08       57
features.4                        75    -0.103724 5.094429e-07 1.950139e-07       65
features.4                        56    -0.090911 5.010617e-07 2.092825e-07       65
features.4                       129    -0.086759 2.314576e-07 2.623601e-08       65
features.4                        38    -0.084828 4.441874e-07 1.788609e-07       65
features.4                        84    -0.083991 3.338466e-07 1.025890e-07       65
features.4                        47    -0.081301 4.048193e-07 1.567286e-07       65
features.4                        20    -0.077336 2.053870e-07 2.273044e-08       65
features.4                        51    -0.076174 1.822159e-07 8.265499e-09       65
features.4                        76    -0.075110 1.843585e-07 1.144649e-08       65
features.4                       139    -0.072939 2.531452e-07 6.323287e-08       65
features.4                       105    -0.069297 2.572711e-07 7.186517e-08       65
features.4                       134    -0.069214 1.959091e-07 2.884751e-08       65
features.5                       126    -0.211835 5.252346e-08 1.035782e-08       73
features.5                        45    -0.211487 5.291962e-08 2.194372e-08       73
features.5                        23    -0.200004 5.811461e-08 2.148321e-07       73
features.5                        66    -0.199487 5.251663e-08 8.323490e-08       73
features.5                       108    -0.189672 4.699736e-08 8.532004e-09       73
features.5                       114    -0.174829 4.556532e-08 6.188559e-08       73
features.5                       101    -0.172360 4.770681e-08 1.279997e-07       73
features.5                       170    -0.170669 4.564872e-08 8.849480e-08       73
features.5                        95    -0.169053 4.455644e-08 7.178299e-08       73
features.5                       142    -0.159453 3.942069e-08 5.033424e-09       73
features.5                        87    -0.157434 3.963769e-08 2.219493e-08       73
features.5                       146    -0.156998 4.033059e-08 4.144309e-08       73
features.5                       143    -0.156591 3.872720e-08 5.282270e-09       73
features.5                       110    -0.155423 3.930964e-08 2.620216e-08       73
features.5                       115    -0.148978 4.485610e-08 1.977384e-07       73
features.5                        29    -0.148196 4.027283e-08 9.211850e-08       73
features.6                        92    -0.184361 4.440645e-08 1.311960e-08       73
features.6                        11    -0.169474 4.106252e-08 1.807663e-08       73
features.6                        77    -0.165445 3.940118e-08 6.072277e-10       73
features.6                       114    -0.162556 4.174890e-08 7.608566e-08       73
features.6                       119    -0.161336 1.190013e-07 2.004299e-06       73
features.6                         4    -0.157969 3.924083e-08 4.086499e-08       73
features.6                       190    -0.151787 3.646203e-08 8.357042e-09       73
features.6                        56    -0.149290 3.582724e-08 7.349234e-09       73
features.6                        55    -0.146256 3.582815e-08 2.532651e-08       73
features.6                       128    -0.140733 3.362351e-08 3.194735e-09       73
features.6                       132    -0.140262 3.499305e-08 4.003869e-08       73
features.6                        28    -0.139820 3.613844e-08 7.113633e-08       73
features.6                        63    -0.131483 3.255302e-08 3.132048e-08       73
features.6                       129    -0.130078 4.005549e-08 2.261907e-07       73
features.6                         2    -0.129096 3.437550e-08 9.076216e-08       73
features.6                        44    -0.125023 3.024082e-08 1.205250e-08       73
features.7                       170    -0.173759 1.461574e-06 1.154712e-07      105
features.7                        82    -0.144993 9.719079e-07 5.805288e-08      105
features.7                       164    -0.128193 6.605324e-07 2.059241e-08      105
features.7                        21    -0.125568 6.183162e-07 1.573435e-08      105
features.7                       103    -0.124981 6.773876e-07 2.524183e-08      105
features.7                       186    -0.117652 7.155095e-07 3.579838e-08      105
features.7                       114    -0.115640 5.899985e-07 1.767051e-08      105
features.7                       137    -0.112609 5.380511e-07 1.156633e-08      105
features.7                        84    -0.112552 8.249829e-07 5.597042e-08      105
features.7                        51    -0.112209 6.237538e-07 2.507282e-08      105
features.7                        62    -0.111748 6.243207e-07 2.545338e-08      105
features.7                        87    -0.109389 8.691497e-07 6.481197e-08      105
features.7                        89    -0.108413 6.116538e-07 2.561642e-08      105
features.7                        44    -0.107883 6.043236e-07 2.481982e-08      105
features.7                        99    -0.101121 1.192517e-06 1.200732e-07      105
features.7                       109    -0.099121 4.650391e-07 8.856323e-09      105
features.8                       114    -0.132557 1.234658e-07 1.421137e-08      137
features.8                       189    -0.132046 4.415936e-07 7.224506e-07      137
features.8                        97    -0.123315 1.103182e-07 3.129174e-09      137
features.8                       160    -0.117522 1.041767e-07 8.496769e-10      137
features.8                       377    -0.116008 1.072300e-07 1.061020e-08      137
features.8                       220    -0.114475 1.070200e-07 1.315340e-08      137
features.8                       183    -0.113105 1.017439e-07 4.114774e-09      137
features.8                       273    -0.112082 1.002607e-07 2.826716e-09      137
features.8                       376    -0.109695 9.857750e-08 3.771464e-09      137
features.8                       106    -0.109308 1.574595e-07 1.354314e-07      137
features.8                       288    -0.107893 9.750197e-08 4.917035e-09      137
features.8                       362    -0.100992 9.070963e-08 3.366764e-09      137
features.8                        60    -0.100330 9.051751e-08 4.240286e-09      137
features.8                       253    -0.099499 9.162088e-08 8.324115e-09      137
features.8                       159    -0.098604 8.744513e-08 7.975540e-10      137
features.8                       306    -0.097477 1.944062e-07 2.407985e-07      137
features.8                       359    -0.096274 9.885387e-08 3.073687e-08      137
features.8                       212    -0.096157 8.530370e-08 8.414909e-10      137
features.8                       227    -0.089524 8.354363e-08 9.953647e-09      137
features.8                       297    -0.087593 8.932893e-08 2.660563e-08      137
features.8                       109    -0.087319 8.168916e-08 1.016052e-08      137
features.8                       171    -0.087013 8.085496e-08 8.905102e-09      137
features.8                       132    -0.086120 8.480192e-08 1.943451e-08      137
features.8                       350    -0.083845 7.599699e-08 4.327110e-09      137
features.8                       148    -0.082149 7.466734e-08 4.700019e-09      137
features.8                       284    -0.081142 7.245196e-08 1.751509e-09      137
features.8                       278    -0.080977 7.660608e-08 1.131179e-08      137
features.8                         9    -0.080554 7.160464e-08 1.023587e-09      137
features.8                       158    -0.079489 7.067597e-08 1.050186e-09      137
features.8                        85    -0.079211 7.021615e-08 5.738024e-10      137
features.8                        24    -0.078558 7.331144e-08 8.736594e-09      137
features.9                       133    -0.490210 1.263127e-07 4.230554e-10      137
features.9                       239    -0.442279 1.202569e-07 6.685113e-09      137
features.9                       346    -0.432974 1.132668e-07 2.078161e-09      137
features.9                       137    -0.431853 1.115995e-07 6.968779e-10      137
features.9                       310    -0.424734 1.096716e-07 5.970744e-10      137
features.9                       163    -0.420576 1.156818e-07 7.684832e-09      137
features.9                       221    -0.413456 1.072352e-07 1.057538e-09      137
features.9                       139    -0.411566 1.069571e-07 1.265090e-09      137
features.9                       354    -0.396042 1.077556e-07 6.056995e-09      137
features.9                       381    -0.395440 1.061659e-07 4.619844e-09      137
features.9                       176    -0.394523 1.028189e-07 1.504023e-09      137
features.9                       212    -0.391130 1.010349e-07 5.900772e-10      137
features.9                       313    -0.389965 1.068096e-07 6.672633e-09      137
features.9                       171    -0.388931 1.025912e-07 2.714132e-09      137
features.9                       276    -0.388317 1.029806e-07 3.262082e-09      137
features.9                        62    -0.374263 1.140939e-07 1.800524e-08      137
features.9                        64    -0.366847 9.469826e-08 4.894743e-10      137
features.9                       329    -0.359306 9.383996e-08 1.569268e-09      137
features.9                        27    -0.354804 9.156071e-08 4.446070e-10      137
features.9                       222    -0.349908 9.508297e-08 5.230958e-09      137
features.9                       231    -0.345860 1.284034e-07 3.963899e-08      137
features.9                       265    -0.334924 1.048015e-07 1.881647e-08      137
features.9                       228    -0.334841 1.134095e-07 2.745786e-08      137
features.9                       274    -0.334832 8.894557e-08 2.961940e-09      137
features.9                       215    -0.328041 8.457231e-08 3.288591e-10      137
features.9                       140    -0.322856 8.315835e-08 2.463818e-10      137
features.9                       358    -0.320613 8.318826e-08 8.532721e-10      137
features.9                       183    -0.318676 8.374158e-08 1.905576e-09      137
features.9                       146    -0.309299 8.715532e-08 7.735466e-09      137
features.9                       357    -0.309177 8.836498e-08 8.978159e-09      137
features.9                       362    -0.306637 8.242089e-08 3.679073e-09      137
features.10                       57    -0.449578 9.736222e-08 3.730274e-10      137
features.10                       33    -0.434302 9.994632e-08 6.408781e-09      137
features.10                      134    -0.432591 1.078766e-07 1.492843e-08      137
features.10                      144    -0.429453 9.435077e-08 1.738948e-09      137
features.10                       96    -0.422083 9.535842e-08 4.405657e-09      137
features.10                      341    -0.397605 8.991914e-08 4.243373e-09      137
features.10                      331    -0.393388 8.648838e-08 1.655619e-09      137
features.10                      270    -0.389231 8.883909e-08 4.989296e-09      137
features.10                       76    -0.388955 8.858679e-08 4.791470e-09      137
features.10                      148    -0.386953 9.868053e-08 1.559616e-08      137
features.10                       55    -0.386809 8.503108e-08 1.616853e-09      137
features.10                      278    -0.384909 8.754645e-08 4.619686e-09      137
features.10                      265    -0.382864 8.339473e-08 8.106937e-10      137
features.10                      229    -0.378211 8.511597e-08 3.608093e-09      137
features.10                       17    -0.369115 8.848127e-08 9.077067e-09      137
features.10                      188    -0.366158 8.023293e-08 1.265024e-09      137
features.10                      143    -0.358516 7.955807e-08 2.264766e-09      137
features.10                      186    -0.345087 7.780830e-08 3.442925e-09      137
features.10                      354    -0.344562 7.658981e-08 2.308299e-09      137
features.10                      345    -0.342875 7.467675e-08 7.182676e-10      137
features.10                      129    -0.333779 9.047126e-08 1.894598e-08      137
features.10                      215    -0.329894 7.718202e-08 6.164862e-09      137
features.10                      290    -0.329725 7.360339e-08 2.528793e-09      137
features.10                      207    -0.322089 8.068962e-08 1.149400e-08      137
features.10                      178    -0.321171 7.397547e-08 4.805162e-09      137
features.10                      310    -0.315733 6.840612e-08 2.927122e-10      137
features.10                      358    -0.312275 6.780645e-08 4.428587e-10      137
features.10                      314    -0.312016 6.973404e-08 2.478928e-09      137
features.10                      220    -0.308914 7.242118e-08 5.924369e-09      137
features.10                      124    -0.308151 7.289672e-08 6.581458e-09      137
features.10                      253    -0.307687 7.590816e-08 9.775407e-09      137
features.11                      337    -0.305035 2.764693e-07 1.641017e-07      169
features.11                      373    -0.270793 2.236735e-07 4.415078e-08      169
features.11                      213    -0.267161 2.302540e-07 8.825767e-08      169
features.11                      172    -0.265086 2.432435e-07 1.565219e-07      169
features.11                       55    -0.264284 2.233126e-07 6.648924e-08      169
features.11                      280    -0.263486 2.174482e-07 4.207469e-08      169
features.11                      200    -0.259343 2.076249e-07 1.153242e-08      169
features.11                      112    -0.257885 2.593006e-07 2.580201e-07      169
features.11                      304    -0.257318 2.038171e-07 1.240919e-09      169
features.11                       35    -0.256671 2.105971e-07 3.526304e-08      169
features.11                      226    -0.256124 2.072081e-07 2.146744e-08      169
features.11                      141    -0.251839 1.998794e-07 3.089247e-09      169
features.11                      246    -0.251005 2.016637e-07 1.449196e-08      169
features.11                      196    -0.247872 1.984061e-07 1.085638e-08      169
features.11                      106    -0.244598 1.954322e-07 9.065990e-09      169
features.11                      285    -0.237918 2.053907e-07 8.018556e-08      169
features.11                      109    -0.233537 1.851348e-07 1.844259e-09      169
features.11                      253    -0.233268 1.863383e-07 8.451115e-09      169
features.11                      266    -0.232151 1.851077e-07 6.832018e-09      169
features.11                      313    -0.232046 2.350004e-07 2.400093e-07      169
features.11                       59    -0.231534 1.932836e-07 4.725892e-08      169
features.11                       98    -0.230983 1.988045e-07 7.504955e-08      169
features.11                       28    -0.230439 1.825494e-07 1.214898e-09      169
features.11                      341    -0.225149 1.797762e-07 7.800253e-09      169
features.11                      144    -0.224988 1.789305e-07 4.449446e-09      169
features.11                       11    -0.224202 1.784698e-07 5.202154e-09      169
features.11                      108    -0.224099 1.907171e-07 6.272399e-08      169
features.11                      222    -0.223820 1.943876e-07 8.087926e-08      169
features.11                       72    -0.218001 2.567024e-07 3.931032e-07      169
features.11                       51    -0.216743 1.957694e-07 1.134461e-07      169
features.11                      296    -0.212611 1.807748e-07 5.873620e-08      169
features.12                        3    -0.253722 1.148635e-07 2.225717e-09      201
features.12                       20    -0.245254 1.145504e-07 7.441873e-09      201
features.12                      378    -0.235708 1.060244e-07 1.039875e-09      201
features.12                      567    -0.234050 1.118484e-07 1.090556e-08      201
features.12                      185    -0.228991 1.038447e-07 2.274948e-09      201
features.12                      323    -0.226591 1.346419e-07 5.016829e-08      201
features.12                       26    -0.223088 1.003065e-07 9.224986e-10      201
features.12                      510    -0.222887 1.004436e-07 1.263268e-09      201
features.12                      354    -0.220212 9.966772e-08 1.893571e-09      201
features.12                      568    -0.219906 9.887867e-08 9.133723e-10      201
features.12                      562    -0.211065 9.518816e-08 1.304545e-09      201
features.12                      204    -0.210711 9.519696e-08 1.555329e-09      201
features.12                      292    -0.210405 9.543824e-08 2.123656e-09      201
features.12                      184    -0.209947 9.668751e-08 4.308856e-09      201
features.12                      182    -0.207213 9.322567e-08 9.420220e-10      201
features.12                      313    -0.205713 9.389951e-08 2.962396e-09      201
features.12                      424    -0.202667 9.083806e-08 4.070909e-10      201
features.12                      188    -0.202119 9.162684e-08 1.960408e-09      201
features.12                      543    -0.198365 9.295862e-08 6.482684e-09      201
features.12                      141    -0.192239 8.662013e-08 1.071413e-09      201
features.12                      415    -0.190847 8.605637e-08 1.159060e-09      201
features.12                      447    -0.189559 8.488564e-08 2.643805e-10      201
features.12                      426    -0.184763 8.499992e-08 3.657028e-09      201
features.12                      135    -0.179890 8.107753e-08 1.035451e-09      201
features.12                      431    -0.179779 8.075024e-08 6.176122e-10      201
features.12                        1    -0.177958 8.933343e-08 1.473965e-08      201
features.12                      119    -0.177129 8.279372e-08 5.468514e-09      201
features.12                      223    -0.173873 7.962301e-08 2.890308e-09      201
features.12                      255    -0.173313 7.862072e-08 1.759715e-09      201
features.12                      297    -0.172641 8.235165e-08 7.817828e-09      201
features.12                        4    -0.171844 8.028442e-08 5.246973e-09      201
features.12                      454    -0.170917 8.356139e-08 1.079394e-08      201
features.12                      477    -0.168994 7.739016e-08 2.811228e-09      201
features.12                      445    -0.168788 7.718189e-08 2.636405e-09      201
features.12                       71    -0.168568 7.589828e-08 8.552830e-10      201
features.12                      494    -0.167447 7.787723e-08 4.582359e-09      201
features.12                      525    -0.167386 7.560934e-08 1.215029e-09      201
features.12                      362    -0.167242 7.574131e-08 1.509921e-09      201
features.12                       47    -0.164813 9.160539e-08 2.698113e-08      201
features.12                      236    -0.164247 7.406353e-08 9.996992e-10      201
features.12                      515    -0.163672 8.501239e-08 1.783972e-08      201
features.12                      384    -0.163426 7.406826e-08 1.558535e-09      201
features.12                      528    -0.161695 7.289142e-08 9.523197e-10      201
features.12                      174    -0.160339 7.261114e-08 1.441962e-09      201
features.12                      112    -0.159907 7.273540e-08 1.918752e-09      201
features.12                      446    -0.158226 8.281751e-08 1.819884e-08      201
features.12                      487    -0.157522 7.087640e-08 7.269079e-10      201
features.13                      374    -0.462837 1.018185e-07 6.136070e-09      201
features.13                      389    -0.445943 1.033658e-07 2.347701e-08      201
features.13                      356    -0.426499 9.416772e-08 6.799155e-09      201
features.13                      498    -0.412414 8.918425e-08 3.225119e-10      201
features.13                      501    -0.408043 8.860562e-08 1.542670e-09      201
features.13                      477    -0.397920 8.633383e-08 1.258715e-09      201
features.13                      161    -0.395897 8.604047e-08 1.737836e-09      201
features.13                      302    -0.392484 8.542610e-08 2.147874e-09      201
features.13                      289    -0.392437 8.662211e-08 6.172804e-09      201
features.13                       82    -0.391181 9.455788e-08 3.355997e-08      201
features.13                      411    -0.382403 8.322058e-08 2.055059e-09      201
features.13                      366    -0.380439 8.234155e-08 5.375175e-10      201
features.13                      291    -0.379351 8.327055e-08 4.421935e-09      201
features.13                      156    -0.377615 8.178292e-08 7.089424e-10      201
features.13                      159    -0.375146 8.233354e-08 4.326091e-09      201
features.13                      449    -0.373801 8.109905e-08 1.176397e-09      201
features.13                      177    -0.373560 8.133599e-08 2.140399e-09      201
features.13                      563    -0.373301 8.188846e-08 4.171317e-09      201
features.13                      240    -0.373075 8.227894e-08 5.636593e-09      201
features.13                      330    -0.370940 8.295365e-08 9.427400e-09      201
features.13                       60    -0.361942 7.866812e-08 1.613098e-09      201
features.13                      184    -0.361874 7.856752e-08 1.326087e-09      201
features.13                      329    -0.360820 1.080064e-07 1.003217e-07      201
features.13                      546    -0.359780 7.860321e-08 2.954841e-09      201
features.13                        8    -0.358243 7.859488e-08 4.034397e-09      201
features.13                       59    -0.357605 7.785577e-08 2.028550e-09      201
features.13                       41    -0.345575 7.565220e-08 3.346655e-09      201
features.13                      202    -0.342622 7.440742e-08 1.321611e-09      201
features.13                      396    -0.341994 7.479521e-08 3.068083e-09      201
features.13                      416    -0.340991 8.854564e-08 4.967568e-08      201
features.13                      180    -0.340128 8.003581e-08 2.190102e-08      201
features.13                      176    -0.338881 7.340353e-08 6.683031e-10      201
features.13                       19    -0.338237 7.996922e-08 2.304156e-08      201
features.13                      575    -0.336591 7.341864e-08 2.369498e-09      201
features.13                       68    -0.334757 7.340630e-08 3.650406e-09      201
features.13                      423    -0.333840 7.233804e-08 7.464530e-10      201
features.13                      106    -0.330336 7.268543e-08 4.431568e-09      201
features.13                       88    -0.330097 7.163771e-08 1.107623e-09      201
features.13                      286    -0.326153 7.150744e-08 3.515509e-09      201
features.13                      541    -0.323396 7.658986e-08 2.246253e-08      201
features.13                       86    -0.320704 6.971482e-08 1.461382e-09      201
features.13                      425    -0.317175 7.211181e-08 1.200409e-08      201
features.13                      153    -0.317129 6.865687e-08 5.083823e-10      201
features.13                      246    -0.316649 7.051147e-08 7.042782e-09      201
features.13                      165    -0.316433 6.879457e-08 1.469602e-09      201
features.13                      100    -0.315754 7.148991e-08 1.095285e-08      201
features.13                       14    -0.315043 6.814187e-08 2.935089e-10      201
features.14                      164    -0.387772 1.209282e-06 2.827726e-08      265
features.14                      102    -0.339559 9.903964e-07 1.762196e-08      265
features.14                      292    -0.308871 8.127618e-07 6.848272e-09      265
features.14                      478    -0.307623 9.279633e-07 1.916429e-08      265
features.14                      552    -0.297911 7.769840e-07 5.882574e-09      265
features.14                      377    -0.296939 8.432119e-07 1.302708e-08      265
features.14                      487    -0.295643 7.320094e-07 1.768677e-09      265
features.14                      558    -0.293093 7.912714e-07 8.584978e-09      265
features.14                      344    -0.292398 7.818887e-07 7.782650e-09      265
features.14                        4    -0.286998 7.689709e-07 7.797446e-09      265
features.14                      231    -0.286032 7.299688e-07 3.977692e-09      265
features.14                      138    -0.278479 6.776052e-07 4.256714e-10      265
features.14                      128    -0.276102 7.711294e-07 1.076768e-08      265
features.14                      251    -0.276050 6.958529e-07 2.938573e-09      265
features.14                      565    -0.275818 6.917043e-07 2.564833e-09      265
features.14                       49    -0.274328 8.881121e-07 2.340174e-08      265
features.14                      194    -0.273253 7.083303e-07 4.943160e-09      265
features.14                      190    -0.271785 6.783022e-07 2.184919e-09      265
features.14                      454    -0.269598 7.076940e-07 5.797898e-09      265
features.14                      457    -0.268398 7.202345e-07 7.406695e-09      265
features.14                      116    -0.266394 6.931879e-07 5.093944e-09      265
features.14                      228    -0.264516 7.669330e-07 1.324974e-08      265
features.14                      460    -0.260013 6.734212e-07 4.642400e-09      265
features.14                      541    -0.259343 6.496594e-07 2.335746e-09      265
features.14                      534    -0.258946 7.316595e-07 1.097856e-08      265
features.14                      489    -0.258925 6.319871e-07 6.000210e-10      265
features.14                      169    -0.256281 7.259969e-07 1.106014e-08      265
features.14                       67    -0.255619 6.483015e-07 3.132702e-09      265
features.14                      369    -0.255614 6.314268e-07 1.376011e-09      265
features.14                      476    -0.253113 6.137334e-07 1.627727e-10      265
features.14                       41    -0.251753 7.426542e-07 1.393626e-08      265
features.14                      514    -0.250004 6.722399e-07 7.041246e-09      265
features.14                      531    -0.250003 6.372333e-07 3.394701e-09      265
features.14                      442    -0.249392 6.346599e-07 3.280540e-09      265
features.14                      413    -0.248007 6.044152e-07 4.785692e-10      265
features.14                      250    -0.247675 6.485920e-07 5.164594e-09      265
features.14                      421    -0.247570 6.782820e-07 8.284072e-09      265
features.14                      567    -0.247152 6.148548e-07 1.781583e-09      265
features.14                      118    -0.246818 6.481266e-07 5.331971e-09      265
features.14                      266    -0.246726 6.010975e-07 4.555965e-10      265
features.14                      404    -0.244957 5.947689e-07 2.421459e-10      265
features.14                      342    -0.242461 6.157963e-07 3.061677e-09      265
features.14                      120    -0.241419 5.954387e-07 1.203322e-09      265
features.14                       63    -0.240413 6.677813e-07 8.993372e-09      265
features.14                      550    -0.240320 6.562456e-07 7.814938e-09      265
features.14                      212    -0.239276 6.054217e-07 2.783384e-09      265
features.14                      380    -0.238412 6.003290e-07 2.470567e-09      265
features.15                      404    -0.495006 5.048206e-07 4.315368e-09      329
features.15                      642    -0.487217 4.928771e-07 8.236075e-10      329
features.15                      797    -0.466968 4.764082e-07 4.225939e-09      329
features.15                      663    -0.430148 4.565400e-07 1.904036e-08      329
features.15                       49    -0.392142 4.005946e-07 3.998383e-09      329
features.15                      815    -0.384503 3.887370e-07 4.502222e-10      329
features.15                      834    -0.381541 3.931733e-07 6.807487e-09      329
features.15                      384    -0.377946 3.871077e-07 4.722822e-09      329
features.15                      559    -0.371737 3.781446e-07 2.416624e-09      329
features.15                      437    -0.369744 3.765862e-07 2.805043e-09      329
features.15                      161    -0.354126 3.628213e-07 4.520122e-09      329
features.15                      694    -0.350778 3.557085e-07 1.324567e-09      329
features.15                      838    -0.348570 3.528049e-07 7.479145e-10      329
features.15                       83    -0.340575 3.451180e-07 1.077790e-09      329
features.15                      290    -0.340017 3.438381e-07 4.638483e-10      329
features.15                      260    -0.339319 3.657788e-07 1.984884e-08      329
features.15                      223    -0.334982 3.392352e-07 8.758256e-10      329
features.15                      281    -0.325845 3.305771e-07 1.360660e-09      329
features.15                      211    -0.321032 4.346658e-07 9.461976e-08      329
features.15                      345    -0.320169 3.240397e-07 6.700456e-10      329
features.15                      577    -0.318969 3.230958e-07 8.992861e-10      329
features.15                      790    -0.315687 3.193413e-07 5.221547e-10      329
features.15                      649    -0.309095 3.181335e-07 5.185427e-09      329
features.15                       27    -0.307454 3.132693e-07 2.439783e-09      329
features.15                      459    -0.306282 3.105871e-07 1.156528e-09      329
features.15                      483    -0.302674 3.067987e-07 1.031945e-09      329
features.15                      595    -0.302087 3.059132e-07 7.812372e-10      329
features.15                      406    -0.301324 3.066129e-07 2.039921e-09      329
features.15                      423    -0.298171 3.127408e-07 1.001043e-08      329
features.15                      615    -0.297162 3.003596e-07 2.844734e-10      329
features.15                      448    -0.297099 3.004637e-07 4.273919e-10      329
features.15                      497    -0.295914 3.054696e-07 5.736801e-09      329
features.15                      144    -0.293769 2.980623e-07 1.250041e-09      329
features.15                      742    -0.290008 2.937618e-07 8.192493e-10      329
features.15                      591    -0.289979 2.941314e-07 1.160644e-09      329
features.15                      627    -0.289817 2.947301e-07 1.813543e-09      329
features.15                      424    -0.287058 2.911362e-07 1.121194e-09      329
features.15                      910    -0.286864 3.098172e-07 1.727961e-08      329
features.15                      567    -0.284980 2.885417e-07 6.963458e-10      329
features.15                      722    -0.279418 2.955786e-07 1.152687e-08      329
features.15                       88    -0.276703 2.803967e-07 8.775836e-10      329
features.15                      315    -0.276367 2.803728e-07 1.147568e-09      329
features.15                      956    -0.275499 2.791593e-07 8.591378e-10      329
features.15                      456    -0.272309 2.754317e-07 4.248818e-10      329
features.15                      588    -0.272120 2.758269e-07 9.268165e-10      329
features.15                      242    -0.271977 2.761807e-07 1.353042e-09      329
features.15                      269    -0.270927 2.746008e-07 9.084443e-10      329
features.15                      650    -0.269233 2.818570e-07 8.583478e-09      329
features.15                      899    -0.268932 2.722202e-07 5.950586e-10      329
features.15                      953    -0.265705 2.691567e-07 7.612052e-10      329
features.15                      808    -0.265503 2.693052e-07 1.062681e-09      329
features.15                      869    -0.264929 2.686452e-07 9.937349e-10      329
features.15                      786    -0.262075 2.762134e-07 9.939090e-09      329
features.15                      165    -0.260398 2.633061e-07 3.394975e-10      329
features.15                      350    -0.260324 2.637359e-07 7.716671e-10      329
features.15                      859    -0.260073 2.629965e-07 3.560175e-10      329
features.15                      189    -0.259514 2.630756e-07 9.064737e-10      329
features.15                      318    -0.259374 2.629091e-07 8.853187e-10      329
features.15                       61    -0.259332 2.625529e-07 6.160820e-10      329
features.15                      928    -0.257494 2.608002e-07 7.043851e-10      329
features.15                      422    -0.257098 2.600529e-07 4.074981e-10      329
features.15                      590    -0.256796 2.603210e-07 8.979023e-10      329
features.15                      319    -0.256088 2.678102e-07 7.920018e-09      329
features.15                        4    -0.255406 2.739322e-07 1.375044e-08      329
features.15                      167    -0.255081 2.580746e-07 4.572414e-10      329
features.15                      921    -0.254632 2.578934e-07 6.900275e-10      329
features.15                      782    -0.254435 2.624727e-07 4.780306e-09      329
features.15                      245    -0.252927 3.165127e-07 5.234148e-08      329
features.15                      558    -0.252242 2.556233e-07 8.125334e-10      329
features.15                      476    -0.252001 2.563040e-07 1.603545e-09      329
features.15                      545    -0.250543 2.587530e-07 4.959511e-09      329
features.15                      389    -0.250061 2.529689e-07 4.249026e-10      329
features.15                      746    -0.249816 2.555414e-07 2.838590e-09      329
features.15                       28    -0.249590 2.521797e-07 1.564172e-10      329
features.15                      908    -0.248047 2.516118e-07 1.003589e-09      329
features.15                      354    -0.247968 2.504165e-07 4.931013e-11      329
features.15                      293    -0.247345 2.505063e-07 6.645737e-10      329
features.15                       72    -0.246058 2.605890e-07 1.040718e-08      329
features.16                      334    -0.201641 5.788873e-07 6.485907e-09      329
features.16                      933    -0.176557 5.206051e-07 1.718270e-08      329
features.16                       19    -0.173060 4.930180e-07 2.370718e-09      329
features.16                      430    -0.169485 5.226159e-07 3.564463e-08      329
features.16                      899    -0.168964 4.805386e-07 1.635496e-09      329
features.16                      120    -0.166575 4.724413e-07 5.198782e-10      329
features.16                      485    -0.162537 4.615894e-07 1.012117e-09      329
features.16                      947    -0.161301 4.587872e-07 1.596909e-09      329
features.16                      617    -0.157917 4.508998e-07 3.018220e-09      329
features.16                      461    -0.155852 4.491584e-07 6.460716e-09      329
features.16                      317    -0.154471 4.390642e-07 1.279771e-09      329
features.16                      296    -0.150399 4.275351e-07 1.285915e-09      329
features.16                      840    -0.144842 4.244502e-07 1.188490e-08      329
features.16                      748    -0.144442 4.308037e-07 1.815514e-08      329
features.16                      435    -0.143588 4.074734e-07 6.397014e-10      329
features.16                      846    -0.142603 4.114930e-07 6.344510e-09      329
features.16                      721    -0.142129 4.054644e-07 2.419008e-09      329
features.16                      320    -0.141090 4.050857e-07 4.567207e-09      329
features.16                      691    -0.141009 4.008609e-07 1.220177e-09      329
features.16                      506    -0.140610 4.003713e-07 1.756301e-09      329
features.16                      365    -0.140055 3.987346e-07 1.702848e-09      329
features.16                        8    -0.139934 4.016793e-07 4.457155e-09      329
features.16                      362    -0.139486 3.959743e-07 7.397627e-10      329
features.16                      754    -0.137686 3.929225e-07 2.455804e-09      329
features.16                      304    -0.137643 3.922726e-07 2.012164e-09      329
features.16                      630    -0.136041 3.906077e-07 4.417488e-09      329
features.16                      520    -0.135121 3.837019e-07 8.158130e-10      329
features.16                      111    -0.134897 3.839235e-07 1.533813e-09      329
features.16                      172    -0.132980 4.191587e-07 3.559760e-08      329
features.16                      321    -0.132451 3.858572e-07 8.956000e-09      329
features.16                      518    -0.132201 3.791224e-07 3.909220e-09      329
features.16                      536    -0.131881 3.744306e-07 7.385442e-10      329
features.16                      482    -0.131610 3.753574e-07 2.158248e-09      329
features.16                      661    -0.131262 3.818412e-07 8.413762e-09      329
features.16                      861    -0.129712 3.852910e-07 1.498077e-08      329
features.16                      587    -0.129705 3.687492e-07 1.142926e-09      329
features.16                      156    -0.129516 3.693848e-07 2.123099e-09      329
features.16                      493    -0.126349 3.704623e-07 1.054038e-08      329
features.16                       22    -0.125679 3.649041e-07 7.472485e-09      329
features.16                      502    -0.125428 3.567432e-07 1.232167e-09      329
features.16                      544    -0.125412 3.811733e-07 2.173389e-08      329
features.16                      605    -0.124574 3.535425e-07 5.771590e-10      329
features.16                      882    -0.123745 3.518228e-07 1.103583e-09      329
features.16                      312    -0.122820 3.507303e-07 2.382817e-09      329
features.16                      218    -0.122380 3.571554e-07 8.809899e-09      329
features.16                       69    -0.121465 3.452960e-07 1.046646e-09      329
features.16                      588    -0.120738 3.431144e-07 9.430966e-10      329
features.16                      293    -0.120446 3.492230e-07 6.753055e-09      329
features.16                       17    -0.119670 3.395306e-07 4.760413e-10      329
features.16                      103    -0.119389 3.444914e-07 5.299302e-09      329
features.16                      527    -0.118977 3.395201e-07 2.110976e-09      329
features.16                      944    -0.118921 3.372302e-07 3.265249e-10      329
features.16                      653    -0.118783 3.485625e-07 1.014706e-08      329
features.16                      865    -0.118749 3.378888e-07 1.285606e-09      329
features.16                      697    -0.118177 3.366812e-07 1.632691e-09      329
features.16                      866    -0.118079 3.384730e-07 3.364986e-09      329
features.16                      283    -0.117707 3.364126e-07 2.521444e-09      329
features.16                      938    -0.116729 3.318352e-07 1.007463e-09      329
features.16                      417    -0.116563 3.313585e-07 1.002114e-09      329
features.16                      780    -0.115851 3.326085e-07 3.738662e-09      329
features.16                      178    -0.115716 3.296730e-07 1.600309e-09      329
features.16                      333    -0.115650 3.293503e-07 1.486122e-09      329
features.16                      402    -0.115594 3.286796e-07 1.058355e-09      329
features.16                      236    -0.115120 3.272895e-07 1.018319e-09      329
features.16                       28    -0.114290 3.302206e-07 5.443011e-09      329
features.16                      601    -0.113563 3.234538e-07 1.499972e-09      329
features.16                      763    -0.112563 3.232981e-07 3.740138e-09      329
features.16                      214    -0.112220 3.394344e-07 1.807050e-08      329
features.16                      342    -0.111773 3.351929e-07 1.557887e-08      329
features.16                      566    -0.111757 3.188715e-07 1.946338e-09      329
features.16                      781    -0.111485 3.179128e-07 1.786994e-09      329
features.16                      452    -0.111286 3.203999e-07 4.343331e-09      329
features.16                      373    -0.111169 3.293247e-07 1.209664e-08      329
features.16                      163    -0.110831 3.147402e-07 6.822305e-10      329
features.16                      862    -0.110486 3.158133e-07 2.399914e-09      329
features.16                      436    -0.110418 3.171356e-07 3.668370e-09      329
features.16                      562    -0.109655 3.113334e-07 6.191484e-10      329
features.16                      337    -0.109502 3.126842e-07 2.113294e-09      329
features.17                      394    -0.496441 9.158666e-07 2.036336e-09      489
features.17                      609    -0.482861 8.875471e-07 9.603014e-10      489
features.17                       49    -0.469484 8.663698e-07 1.999209e-09      489
features.17                      832    -0.385915 7.111835e-07 1.340283e-09      489
features.17                      927    -0.370770 6.825824e-07 1.071560e-09      489
features.17                      239    -0.370744 6.815348e-07 7.594318e-10      489
features.17                      673    -0.358314 6.614376e-07 1.593944e-09      489
features.17                       24    -0.352977 6.483495e-07 5.588427e-10      489
features.17                      663    -0.349053 6.423650e-07 9.346461e-10      489
features.17                      911    -0.347448 6.376490e-07 3.799272e-10      489
features.17                      695    -0.345840 7.062281e-07 2.272447e-08      489
features.17                      836    -0.329886 6.122764e-07 2.503481e-09      489
features.17                      953    -0.325111 6.007819e-07 1.644882e-09      489
features.17                      643    -0.323544 6.040014e-07 3.547072e-09      489
features.17                      774    -0.322993 5.951176e-07 1.086973e-09      489
features.17                      766    -0.322919 5.994157e-07 2.472136e-09      489
features.17                      620    -0.320674 5.912692e-07 1.211780e-09      489
features.17                      777    -0.317515 5.836021e-07 6.246593e-10      489
features.17                      818    -0.316110 5.855377e-07 2.032887e-09      489
features.17                      254    -0.315642 5.850990e-07 2.163692e-09      489
features.17                      865    -0.314168 5.773630e-07 5.907094e-10      489
features.17                      492    -0.312294 5.752849e-07 1.013694e-09      489
features.17                      846    -0.310573 5.767183e-07 2.446533e-09      489
features.17                      213    -0.308119 5.658703e-07 4.617105e-10      489
features.17                      275    -0.306511 5.652751e-07 1.195920e-09      489
features.17                      498    -0.306440 5.693105e-07 2.497433e-09      489
features.17                      522    -0.306315 5.639347e-07 8.893199e-10      489
features.17                      776    -0.306278 5.629913e-07 6.157637e-10      489
features.17                      840    -0.304452 5.612044e-07 1.102603e-09      489
features.17                      599    -0.300119 5.569708e-07 2.259158e-09      489
features.17                      907    -0.299365 5.541232e-07 1.801361e-09      489
features.17                      253    -0.299229 5.498104e-07 5.316810e-10      489
features.17                      738    -0.299072 5.493167e-07 4.674757e-10      489
features.17                      135    -0.296411 5.533565e-07 3.252223e-09      489
features.17                      943    -0.294892 5.428867e-07 8.506957e-10      489
features.17                      417    -0.292186 5.378791e-07 8.346548e-10      489
features.17                      584    -0.289605 5.317643e-07 4.013883e-10      489
features.17                      501    -0.288961 5.361991e-07 2.155489e-09      489
features.17                      502    -0.287542 5.283476e-07 5.146892e-10      489
features.17                      465    -0.287338 5.285157e-07 6.839935e-10      489
features.17                      137    -0.286747 5.266667e-07 4.441845e-10      489
features.17                      277    -0.283938 5.243747e-07 1.335903e-09      489
features.17                      482    -0.283576 5.202708e-07 2.610236e-10      489
features.17                      688    -0.282073 5.190233e-07 7.311882e-10      489
features.17                      230    -0.281814 5.261536e-07 3.106823e-09      489
features.17                       22    -0.281579 5.263189e-07 3.292771e-09      489
features.17                      282    -0.281453 5.201830e-07 1.448160e-09      489
features.17                      209    -0.281164 5.164919e-07 4.606343e-10      489
features.17                      121    -0.280315 5.146448e-07 3.690598e-10      489
features.17                      742    -0.277692 5.108064e-07 6.709528e-10      489
features.17                      183    -0.277078 5.117150e-07 1.306254e-09      489
features.17                      132    -0.276777 5.098178e-07 8.857072e-10      489
features.17                      172    -0.276519 5.076767e-07 3.646115e-10      489
features.17                      634    -0.274791 5.055821e-07 6.992523e-10      489
features.17                      623    -0.274439 5.104366e-07 2.416805e-09      489
features.17                      655    -0.273873 5.101868e-07 2.663018e-09      489
features.17                      220    -0.271872 5.011715e-07 9.917724e-10      489
features.17                      741    -0.271787 5.000730e-07 6.970091e-10      489
features.17                      469    -0.271189 5.020032e-07 1.642262e-09      489
features.17                      671    -0.271116 4.983019e-07 5.277973e-10      489
features.17                      503    -0.270283 4.989967e-07 1.221586e-09      489
features.17                      238    -0.270189 5.031584e-07 2.575578e-09      489
features.17                      170    -0.268791 4.959627e-07 1.127657e-09      489
features.17                      380    -0.268789 4.944918e-07 6.692851e-10      489
features.17                      793    -0.268174 5.006208e-07 2.935681e-09      489
features.17                      405    -0.266335 4.943287e-07 2.022185e-09      489
features.17                      184    -0.265638 4.872981e-07 2.245785e-10      489
features.17                      476    -0.263837 4.894875e-07 1.939409e-09      489
features.17                      299    -0.263759 4.857239e-07 8.080150e-10      489
features.17                      806    -0.263490 4.854327e-07 8.710585e-10      489
features.17                      243    -0.262235 4.836785e-07 1.041668e-09      489
features.17                      866    -0.262187 4.836452e-07 1.058513e-09      489
features.17                      128    -0.262001 4.833129e-07 1.061339e-09      489
features.17                      659    -0.259405 4.855339e-07 3.240701e-09      489
features.17                      603    -0.258360 4.754506e-07 6.883544e-10      489
features.17                      509    -0.257988 4.762547e-07 1.152683e-09      489
features.17                      633    -0.257556 4.760925e-07 1.348917e-09      489
features.17                      444    -0.257483 4.733298e-07 5.276784e-10      489
