================================================================================
Channel Pruning Log
  iteration  : 8
  alpha      : 0.5000
  timestamp  : 2026-04-10 06:20:00
  remove_target  : 84545
  accum_removed  : 84545
  selected_channels : 337
  total_params   : 2289600
  active_after   : 1276467
  model_sparsity : 44.2%
================================================================================

[ 레이어별 채널 제거 비율 ]
  layer                total_ch  this_iter    cumul  cumul_%
  ----------------------------------------------------------
  features.1                 32          1       18    56.2%
  features.2                 96          4       55    57.3%
  features.3                144          7       82    56.9%
  features.4                144          7       82    56.9%
  features.5                192          9      109    56.8%
  features.6                192          9      109    56.8%
  features.7                192          9      109    56.8%
  features.8                384         18      218    56.8%
  features.9                384         18      218    56.8%
  features.10               384         18      218    56.8%
  features.11               384         18      218    56.8%
  features.12               576         27      328    56.9%
  features.13               576         27      328    56.9%
  features.14               576         27      328    56.9%
  features.15               960         46      547    57.0%
  features.16               960         46      547    57.0%
  features.17               960         46      547    57.0%

[ 블록별 제거 채널 수 ]
  features.1: 1채널 제거
  features.10: 18채널 제거
  features.11: 18채널 제거
  features.12: 27채널 제거
  features.13: 27채널 제거
  features.14: 27채널 제거
  features.15: 46채널 제거
  features.16: 46채널 제거
  features.17: 46채널 제거
  features.2: 4채널 제거
  features.3: 7채널 제거
  features.4: 7채널 제거
  features.5: 9채널 제거
  features.6: 9채널 제거
  features.7: 9채널 제거
  features.8: 18채널 제거
  features.9: 18채널 제거

[ 선택된 채널 상세 ]
block                             ch        score          phi         perf  weights
--------------------------------------------------------------------------------
features.1                        20    -0.497335 1.953427e-07 1.323423e-05       25
features.2                        46    -0.492171 3.177718e-07 1.324889e-06       49
features.2                        86    -0.395707 2.682748e-07 4.470131e-06       49
features.2                        19    -0.364516 2.587511e-07 7.213032e-06       49
features.2                        27    -0.297172 1.890857e-07 5.837806e-08       49
features.3                        25    -0.090073 5.709627e-08 1.345811e-05       57
features.3                        38    -0.079172 2.479782e-08 1.807142e-07       57
features.3                       112    -0.064889 2.040914e-08 1.871841e-07       57
features.3                        21    -0.064702 2.563415e-08 2.610913e-06       57
features.3                       133    -0.063920 2.262533e-08 1.340999e-06       57
features.3                         5    -0.062954 2.049989e-08 5.024889e-07       57
features.3                        79    -0.060457 3.225749e-08 6.250129e-06       57
features.4                         6    -0.102437 7.290496e-07 9.163471e-07       65
features.4                       103    -0.086074 4.447799e-07 3.331320e-07       65
features.4                        35    -0.073891 4.495477e-07 4.622726e-07       65
features.4                        39    -0.070873 3.808613e-07 3.123867e-07       65
features.4                        65    -0.070448 3.506828e-07 2.378993e-07       65
features.4                       104    -0.068508 3.389728e-07 2.260032e-07       65
features.4                       136    -0.063621 3.459484e-07 2.909833e-07       65
features.5                        43    -0.220820 5.113862e-08 1.845841e-07       73
features.5                       177    -0.194100 4.318958e-08 2.891413e-08       73
features.5                        70    -0.193052 5.164308e-08 6.864743e-07       73
features.5                       147    -0.176674 4.213512e-08 2.400661e-07       73
features.5                       178    -0.175567 4.017214e-08 1.099221e-07       73
features.5                       100    -0.169942 3.776064e-08 2.126137e-08       73
features.5                       120    -0.168326 4.055356e-08 2.597235e-07       73
features.5                        20    -0.151403 7.469143e-08 3.127142e-06       73
features.5                       182    -0.142780 3.282109e-08 1.008233e-07       73
features.6                       154    -0.275294 5.466252e-08 2.074019e-06       73
features.6                       110    -0.207483 3.039573e-08 1.217858e-07       73
features.6                       166    -0.199392 2.930396e-08 1.295102e-07       73
features.6                         1    -0.196744 2.985664e-08 2.534710e-07       73
features.6                       149    -0.193818 3.062995e-08 4.121294e-07       73
features.6                       174    -0.180970 2.620679e-08 6.553331e-08       73
features.6                        15    -0.169811 2.461019e-08 6.408045e-08       73
features.6                       173    -0.165617 2.368752e-08 2.048992e-08       73
features.6                       183    -0.162094 2.321505e-08 2.425113e-08       73
features.7                       169    -0.241551 1.145163e-06 1.667065e-07      105
features.7                        19    -0.213086 1.823968e-06 6.609183e-07      105
features.7                       134    -0.200988 8.500560e-07 7.379542e-08      105
features.7                        98    -0.195346 8.606862e-07 9.350488e-08      105
features.7                       147    -0.191058 1.011053e-06 1.983339e-07      105
features.7                        79    -0.186906 8.674363e-07 1.172102e-07      105
features.7                       159    -0.186640 1.149005e-06 2.956224e-07      105
features.7                        31    -0.180702 1.281884e-06 3.932088e-07      105
features.7                        70    -0.178985 7.262764e-07 4.631899e-08      105
features.8                        18    -0.471430 1.020593e-07 9.910506e-08      137
features.8                        31    -0.341549 7.464999e-08 8.384225e-08      137
features.8                        13    -0.308405 6.399417e-08 1.771578e-08      137
features.8                       211    -0.302184 6.226142e-08 9.848311e-09      137
features.8                        11    -0.301588 7.760978e-08 2.727942e-07      137
features.8                       138    -0.288654 6.263465e-08 6.313314e-08      137
features.8                       319    -0.280501 6.006719e-08 4.778011e-08      137
features.8                       152    -0.279752 5.885214e-08 2.972864e-08      137
features.8                       131    -0.276451 5.656766e-08 2.351769e-09      137
features.8                        15    -0.270463 5.688295e-08 2.848475e-08      137
features.8                       364    -0.266897 5.664945e-08 3.688852e-08      137
features.8                       308    -0.264764 6.664270e-08 2.141470e-07      137
features.8                       309    -0.264346 5.529439e-08 2.270630e-08      137
features.8                       209    -0.262976 6.058068e-08 1.173133e-07      137
features.8                        66    -0.261514 5.543638e-08 3.494624e-08      137
features.8                       201    -0.258945 5.464959e-08 3.048513e-08      137
features.8                       276    -0.254632 5.293841e-08 1.636479e-08      137
features.8                        37    -0.251620 5.422679e-08 4.871336e-08      137
features.9                       343    -0.326246 7.796198e-08 1.732955e-08      137
features.9                       336    -0.305240 1.138778e-07 2.101988e-07      137
features.9                       154    -0.303301 7.450565e-08 2.571490e-08      137
features.9                        10    -0.294122 8.907993e-08 1.046860e-07      137
features.9                        22    -0.280090 6.657498e-08 1.318522e-08      137
features.9                       377    -0.270991 6.465386e-08 1.390147e-08      137
features.9                       262    -0.267395 6.739928e-08 3.079254e-08      137
features.9                       189    -0.266625 6.377849e-08 1.446611e-08      137
features.9                       238    -0.265006 6.416522e-08 1.804603e-08      137
features.9                       284    -0.259783 5.974297e-08 2.726774e-09      137
features.9                       158    -0.257865 6.146714e-08 1.296717e-08      137
features.9                       367    -0.253399 5.984814e-08 1.011510e-08      137
features.9                        87    -0.248797 7.205205e-08 7.291401e-08      137
features.9                       340    -0.244137 5.661549e-08 4.792340e-09      137
features.9                       149    -0.239580 5.635907e-08 8.495758e-09      137
features.9                       168    -0.238196 5.464958e-08 1.889314e-09      137
features.9                        93    -0.238069 7.886768e-08 1.167908e-07      137
features.9                       280    -0.234987 5.566909e-08 1.018386e-08      137
features.10                      360    -0.337092 7.418244e-08 2.419926e-08      137
features.10                      327    -0.335189 6.853081e-08 8.459603e-09      137
features.10                       77    -0.333853 6.709214e-08 4.950981e-09      137
features.10                      353    -0.329880 9.438034e-08 8.863739e-08      137
features.10                      162    -0.326353 7.341362e-08 2.818227e-08      137
features.10                       94    -0.306772 6.087389e-08 2.235861e-09      137
features.10                       85    -0.305138 6.156345e-08 5.246287e-09      137
features.10                      208    -0.303228 6.123600e-08 5.386565e-09      137
features.10                       42    -0.300468 6.399468e-08 1.522501e-08      137
features.10                      183    -0.288611 6.255532e-08 1.786185e-08      137
features.10                      311    -0.284154 5.763820e-08 5.805113e-09      137
features.10                      291    -0.281608 7.491643e-08 5.881141e-08      137
features.10                       75    -0.279602 5.949593e-08 1.400445e-08      137
features.10                       21    -0.276792 5.801308e-08 1.122514e-08      137
features.10                      329    -0.274085 5.780173e-08 1.217701e-08      137
features.10                      164    -0.270929 5.622988e-08 9.334325e-09      137
features.10                      173    -0.270565 5.510966e-08 6.206955e-09      137
features.10                      355    -0.267011 5.436394e-08 6.060319e-09      137
features.11                       34    -0.202488 3.125273e-07 9.498062e-08      169
features.11                      189    -0.156187 2.533799e-07 1.690452e-07      169
features.11                      168    -0.152190 2.715110e-07 3.561701e-07      169
features.11                      223    -0.149920 2.401075e-07 1.381139e-07      169
features.11                      139    -0.149736 2.464105e-07 1.892530e-07      169
features.11                      193    -0.148724 2.320474e-07 8.922056e-08      169
features.11                      247    -0.141808 2.751283e-07 5.040609e-07      169
features.11                      219    -0.138654 2.287009e-07 1.793537e-07      169
features.11                      354    -0.138639 2.088997e-07 2.551669e-08      169
features.11                       75    -0.137970 2.270570e-07 1.744534e-07      169
features.11                      178    -0.137485 2.379483e-07 2.647608e-07      169
features.11                      363    -0.137195 2.085389e-07 3.936389e-08      169
features.11                        1    -0.136302 2.296391e-07 2.137719e-07      169
features.11                      242    -0.136023 2.088655e-07 5.541960e-08      169
features.11                      212    -0.134416 2.048498e-07 4.272594e-08      169
features.11                      319    -0.132491 2.095551e-07 1.015251e-07      169
features.11                      318    -0.130711 2.316626e-07 2.940147e-07      169
features.11                      345    -0.128238 1.996488e-07 7.354540e-08      169
features.12                      425    -0.398792 6.266079e-08 7.152857e-09      201
features.12                      120    -0.355698 6.109399e-08 5.431706e-08      201
features.12                      115    -0.336609 5.358994e-08 1.248211e-08      201
features.12                      209    -0.334372 5.351838e-08 1.502035e-08      201
features.12                       36    -0.329712 6.213732e-08 1.010700e-07      201
features.12                      128    -0.329079 6.744028e-08 1.508194e-07      201
features.12                      155    -0.321183 5.110379e-08 1.163247e-08      201
features.12                      401    -0.298826 5.765345e-08 1.039158e-07      201
features.12                      463    -0.293714 4.686189e-08 1.182284e-08      201
features.12                      328    -0.288448 4.684258e-08 1.917129e-08      201
features.12                       75    -0.285191 4.639481e-08 1.970266e-08      201
features.12                      573    -0.283136 4.473862e-08 7.385649e-09      201
features.12                       55    -0.282293 4.473288e-08 8.537544e-09      201
features.12                      319    -0.281523 4.567987e-08 1.836014e-08      201
features.12                      308    -0.279946 4.719643e-08 3.458369e-08      201
features.12                      293    -0.272512 4.514868e-08 2.634716e-08      201
features.12                      488    -0.271955 4.394975e-08 1.609997e-08      201
features.12                      417    -0.270395 4.405768e-08 1.932370e-08      201
features.12                      279    -0.267668 4.258890e-08 9.694055e-09      201
features.12                      167    -0.262720 4.116233e-08 3.625164e-09      201
features.12                      147    -0.261057 4.082783e-08 2.921733e-09      201
features.12                      355    -0.257091 4.014741e-08 2.323640e-09      201
features.12                       67    -0.255002 4.379855e-08 3.893909e-08      201
features.12                       45    -0.251714 4.060967e-08 1.426715e-08      201
features.12                      261    -0.249719 4.995020e-08 1.031529e-07      201
features.12                      432    -0.249021 4.039196e-08 1.611120e-08      201
features.12                       70    -0.248630 4.085400e-08 2.092574e-08      201
features.13                      300    -0.332836 5.116763e-08 1.624707e-08      201
features.13                      147    -0.324634 4.870981e-08 3.686241e-09      201
features.13                      382    -0.323960 4.911050e-08 8.777612e-09      201
features.13                      560    -0.323428 5.190416e-08 3.796324e-08      201
features.13                      401    -0.313405 5.424643e-08 7.692275e-08      201
features.13                      138    -0.304815 5.295955e-08 7.684534e-08      201
features.13                      398    -0.304436 7.446274e-08 2.958727e-07      201
features.13                      250    -0.301287 4.674516e-08 1.905060e-08      201
features.13                      140    -0.294446 6.008631e-08 1.649360e-07      201
features.13                      528    -0.293638 4.446574e-08 7.466360e-09      201
features.13                      564    -0.286119 4.545711e-08 2.891420e-08      201
features.13                      428    -0.282911 4.578146e-08 3.706250e-08      201
features.13                      533    -0.281508 4.224153e-08 3.222492e-09      201
features.13                      345    -0.276972 4.742606e-08 6.275597e-08      201
features.13                      486    -0.269149 4.343750e-08 3.407108e-08      201
features.13                       57    -0.268938 4.105283e-08 1.016503e-08      201
features.13                      535    -0.267562 4.111296e-08 1.285782e-08      201
features.13                      377    -0.263475 3.995667e-08 7.294681e-09      201
features.13                      447    -0.259660 4.033394e-08 1.689962e-08      201
features.13                      406    -0.258421 3.961548e-08 1.147411e-08      201
features.13                      502    -0.256123 4.067233e-08 2.568821e-08      201
features.13                       73    -0.255263 4.103736e-08 3.069753e-08      201
features.13                       27    -0.254382 3.980531e-08 1.951450e-08      201
features.13                       66    -0.252939 3.863130e-08 9.770704e-09      201
features.13                      313    -0.250460 3.759443e-08 2.986634e-09      201
features.13                      473    -0.249473 3.838511e-08 1.251380e-08      201
features.13                       54    -0.242518 3.763252e-08 1.539102e-08      201
features.14                      222    -0.470406 1.181628e-06 1.332604e-08      265
features.14                      255    -0.431384 1.184992e-06 3.321901e-08      265
features.14                       28    -0.405792 1.141872e-06 3.687822e-08      265
features.14                      519    -0.385625 1.187579e-06 5.626609e-08      265
features.14                      511    -0.376516 1.076840e-06 3.781088e-08      265
features.14                      361    -0.345030 8.561972e-07 7.600434e-09      265
features.14                       13    -0.339915 1.006445e-06 4.123602e-08      265
features.14                      485    -0.336527 1.099982e-06 6.227670e-08      265
features.14                      150    -0.335907 8.365324e-07 8.015230e-09      265
features.14                      528    -0.331488 9.457631e-07 3.281350e-08      265
features.14                      473    -0.330445 8.450567e-07 1.246788e-08      265
features.14                      173    -0.329718 8.420346e-07 1.219978e-08      265
features.14                       95    -0.329265 8.458178e-07 1.320625e-08      265
features.14                      353    -0.324577 8.610370e-07 1.866480e-08      265
features.14                       39    -0.320410 8.507045e-07 1.857432e-08      265
features.14                      160    -0.314525 8.876175e-07 2.911487e-08      265
features.14                      177    -0.314018 9.129303e-07 3.460720e-08      265
features.14                      461    -0.312906 7.848802e-07 8.632576e-09      265
features.14                      481    -0.312632 7.624274e-07 4.116604e-09      265
features.14                      104    -0.311629 8.755575e-07 2.804186e-08      265
features.14                       43    -0.311243 9.467195e-07 4.297077e-08      265
features.14                      108    -0.309373 8.203835e-07 1.772378e-08      265
features.14                      400    -0.308612 7.358619e-07 5.919645e-10      265
features.14                      499    -0.308595 7.987339e-07 1.362241e-08      265
features.14                      388    -0.308342 8.528514e-07 2.495617e-08      265
features.14                      310    -0.307276 9.973646e-07 5.541195e-08      265
features.14                      472    -0.304373 8.128479e-07 1.862308e-08      265
features.15                      683    -0.311731 2.098764e-07 2.549624e-08      329
features.15                      578    -0.301310 2.011042e-07 1.823939e-08      329
features.15                      280    -0.297041 1.973228e-07 1.458197e-08      329
features.15                      639    -0.288654 1.925971e-07 1.725368e-08      329
features.15                       60    -0.282643 1.842689e-07 1.149124e-09      329
features.15                      933    -0.277085 2.735626e-07 3.399642e-07      329
features.15                       21    -0.259886 1.760528e-07 2.519950e-08      329
features.15                      599    -0.256500 1.717992e-07 1.772488e-08      329
features.15                      474    -0.247286 1.629910e-07 7.471489e-09      329
features.15                      756    -0.246657 1.633942e-07 1.043478e-08      329
features.15                      398    -0.237168 1.646045e-07 3.736971e-08      329
features.15                      492    -0.234401 1.566980e-07 1.510482e-08      329
features.15                      565    -0.230973 1.518196e-07 5.449172e-09      329
features.15                       41    -0.228951 1.585922e-07 3.494712e-08      329
features.15                      914    -0.228090 1.570605e-07 3.140364e-08      329
features.15                       43    -0.227903 1.522108e-07 1.416304e-08      329
features.15                      589    -0.226678 1.685601e-07 7.669143e-08      329
features.15                      587    -0.225847 1.505628e-07 1.303286e-08      329
features.15                      309    -0.225456 1.505508e-07 1.391806e-08      329
features.15                      732    -0.224221 1.485973e-07 9.723546e-09      329
features.15                      689    -0.223507 1.470062e-07 5.617977e-09      329
features.15                      665    -0.222677 1.455555e-07 2.296816e-09      329
features.15                      470    -0.221953 1.802083e-07 1.303817e-07      329
features.15                       80    -0.219588 1.501581e-07 2.641307e-08      329
features.15                      452    -0.219527 1.547502e-07 4.330210e-08      329
features.15                      393    -0.218514 1.456908e-07 1.267156e-08      329
features.15                      717    -0.218386 1.477738e-07 2.057048e-08      329
features.15                      329    -0.217941 1.433927e-07 5.649568e-09      329
features.15                      566    -0.216390 1.447581e-07 1.430934e-08      329
features.15                      282    -0.214755 1.431199e-07 1.221661e-08      329
features.15                      291    -0.214145 1.849012e-07 1.660268e-07      329
features.15                      174    -0.212324 1.496522e-07 4.180699e-08      329
features.15                      795    -0.209576 1.437120e-07 2.666812e-08      329
features.15                      292    -0.209022 1.378479e-07 6.597971e-09      329
features.15                      744    -0.208408 1.403851e-07 1.730796e-08      329
features.15                       35    -0.208136 1.509325e-07 5.641634e-08      329
features.15                      126    -0.205889 1.429532e-07 3.265042e-08      329
features.15                      959    -0.205407 1.357792e-07 7.632986e-09      329
features.15                      340    -0.205070 1.830471e-07 1.808028e-07      329
features.15                      799    -0.204388 1.342270e-07 4.392728e-09      329
features.15                      630    -0.202509 1.377879e-07 2.183814e-08      329
features.15                       46    -0.201706 1.345500e-07 1.193481e-08      329
features.15                      528    -0.201452 1.378172e-07 2.445159e-08      329
features.15                      257    -0.200376 1.322058e-07 6.542701e-09      329
features.15                      906    -0.198975 1.346608e-07 1.882156e-08      329
features.15                      462    -0.198230 1.303262e-07 4.783490e-09      329
features.16                      136    -0.148551 3.666468e-07 8.132820e-09      329
features.16                      823    -0.144692 3.554755e-07 4.107323e-09      329
features.16                      886    -0.136940 3.357734e-07 2.369254e-09      329
features.16                      235    -0.126730 3.137420e-07 9.142713e-09      329
features.16                      157    -0.126053 3.085820e-07 1.027654e-09      329
features.16                      343    -0.125515 3.097710e-07 6.827276e-09      329
features.16                      606    -0.123837 3.074406e-07 1.092510e-08      329
features.16                      786    -0.123707 3.044291e-07 4.692947e-09      329
features.16                      489    -0.122987 3.017069e-07 2.463640e-09      329
features.16                      640    -0.122689 3.042418e-07 1.001620e-08      329
features.16                      442    -0.122179 3.113276e-07 2.930498e-08      329
features.16                      523    -0.121582 2.977064e-07 1.151733e-09      329
features.16                      948    -0.120138 2.962468e-07 5.944129e-09      329
features.16                      492    -0.117991 2.932364e-07 1.112685e-08      329
features.16                      519    -0.116649 3.028554e-07 4.098441e-08      329
features.16                      397    -0.116450 3.092318e-07 5.687297e-08      329
features.16                      553    -0.116281 2.847894e-07 1.247685e-09      329
features.16                      481    -0.114428 2.805390e-07 1.894748e-09      329
features.16                       59    -0.113621 2.838204e-07 1.405634e-08      329
features.16                      931    -0.112483 2.779903e-07 7.001824e-09      329
features.16                      152    -0.111711 2.765516e-07 8.039392e-09      329
features.16                      328    -0.111222 2.804044e-07 1.972709e-08      329
features.16                      188    -0.110249 2.698470e-07 7.900596e-10      329
features.16                      366    -0.110085 2.717189e-07 6.055031e-09      329
features.16                      546    -0.110081 2.696673e-07 1.328997e-09      329
features.16                      584    -0.109013 2.672758e-07 1.836398e-09      329
features.16                      937    -0.108794 2.668768e-07 2.149178e-09      329
features.16                      946    -0.108624 2.708879e-07 1.239429e-08      329
features.16                      222    -0.108470 2.723165e-07 1.657645e-08      329
features.16                      707    -0.108373 2.699334e-07 1.160935e-08      329
features.16                      440    -0.108293 2.939203e-07 6.758551e-08      329
features.16                      129    -0.107602 2.908525e-07 6.439404e-08      329
features.16                      879    -0.106679 2.900848e-07 6.783895e-08      329
features.16                      559    -0.106161 3.006541e-07 9.523436e-08      329
features.16                      361    -0.105890 2.637606e-07 1.136656e-08      329
features.16                        7    -0.103966 2.583197e-07 9.664333e-09      329
features.16                       83    -0.103463 2.594049e-07 1.502003e-08      329
features.16                      586    -0.103240 2.585844e-07 1.438086e-08      329
features.16                      595    -0.103179 2.558523e-07 8.401543e-09      329
features.16                      959    -0.102823 2.610782e-07 2.251586e-08      329
features.16                       40    -0.102696 2.548155e-07 8.738391e-09      329
features.16                      876    -0.101881 2.613251e-07 2.841522e-08      329
features.16                      350    -0.100799 2.490316e-07 6.080057e-09      329
features.16                      266    -0.100446 2.462826e-07 1.718606e-09      329
features.16                      364    -0.099952 2.501081e-07 1.336664e-08      329
features.16                       74    -0.099611 2.523693e-07 2.052812e-08      329
features.17                      588    -0.499021 1.058487e-06 1.475309e-09      489
features.17                      815    -0.496339 1.052939e-06 1.568666e-09      489
features.17                        7    -0.461243 9.793762e-07 2.090576e-09      489
features.17                      714    -0.451492 9.594796e-07 2.622111e-09      489
features.17                      817    -0.439820 9.330067e-07 1.367105e-09      489
features.17                       36    -0.438219 9.303024e-07 1.854545e-09      489
features.17                      898    -0.436896 9.309313e-07 4.297202e-09      489
features.17                      408    -0.431025 9.257940e-07 9.490243e-09      489
features.17                      837    -0.426419 9.053337e-07 1.862879e-09      489
features.17                      416    -0.424250 9.014705e-07 2.381177e-09      489
features.17                      904    -0.398278 8.451829e-07 1.452298e-09      489
features.17                      278    -0.390964 8.335296e-07 4.179132e-09      489
features.17                       43    -0.384436 8.261661e-07 8.777047e-09      489
features.17                      211    -0.368843 7.945016e-07 9.736542e-09      489
features.17                      210    -0.368261 7.959779e-07 1.166537e-08      489
features.17                      228    -0.367517 7.862834e-07 5.881692e-09      489
features.17                      125    -0.367143 7.806028e-07 2.399526e-09      489
features.17                      801    -0.366998 7.793080e-07 1.695964e-09      489
features.17                      807    -0.366729 7.789571e-07 1.852394e-09      489
features.17                      262    -0.366617 7.898211e-07 9.758962e-09      489
features.17                      672    -0.366414 7.833844e-07 5.480556e-09      489
features.17                       81    -0.366135 7.770586e-07 1.395512e-09      489
features.17                      886    -0.365858 7.850586e-07 7.511280e-09      489
features.17                      891    -0.363948 7.780842e-07 5.423888e-09      489
features.17                      769    -0.363320 7.747485e-07 3.994011e-09      489
features.17                       40    -0.361879 7.694365e-07 2.383854e-09      489
features.17                      578    -0.361005 7.761226e-07 8.463271e-09      489
features.17                      382    -0.360199 7.650298e-07 1.779090e-09      489
features.17                      287    -0.354297 7.640535e-07 9.982154e-09      489
features.17                       70    -0.351959 7.540903e-07 6.411066e-09      489
features.17                      130    -0.347646 7.375848e-07 1.158746e-09      489
features.17                      302    -0.343927 7.302567e-07 1.547329e-09      489
features.17                      700    -0.341963 7.266850e-07 1.963816e-09      489
features.17                      212    -0.340434 7.219642e-07 9.068201e-10      489
features.17                      521    -0.338049 7.192880e-07 2.596578e-09      489
features.17                      391    -0.336768 7.157273e-07 1.992410e-09      489
features.17                      119    -0.335940 7.220654e-07 7.755084e-09      489
features.17                       58    -0.334343 7.188266e-07 7.855744e-09      489
features.17                      557    -0.332591 7.071224e-07 2.162270e-09      489
features.17                      138    -0.332278 7.050710e-07 1.173146e-09      489
features.17                       52    -0.329895 7.052521e-07 4.895101e-09      489
features.17                      934    -0.329770 7.042615e-07 4.378154e-09      489
features.17                      385    -0.328977 7.242725e-07 1.982498e-08      489
features.17                      662    -0.328176 6.973539e-07 1.861366e-09      489
features.17                      415    -0.326542 6.949748e-07 2.631195e-09      489
features.17                      406    -0.326459 6.924523e-07 9.584482e-10      489
