================================================================================
Channel Pruning Log
  iteration  : 1
  alpha      : 0.5000
  timestamp  : 2026-04-09 23:23:09
  remove_target  : 177880
  accum_removed  : 177880
  selected_channels : 712
  total_params   : 2289600
  active_after   : 2111720
  model_sparsity : 7.8%
================================================================================

[ 레이어별 채널 제거 비율 ]
  layer                total_ch  this_iter    cumul  cumul_%
  ----------------------------------------------------------
  features.1                 32          3        3     9.4%
  features.2                 96         10       10    10.4%
  features.3                144         14       14     9.7%
  features.4                144         14       14     9.7%
  features.5                192         19       19     9.9%
  features.6                192         19       19     9.9%
  features.7                192         19       19     9.9%
  features.8                384         38       38     9.9%
  features.9                384         38       38     9.9%
  features.10               384         38       38     9.9%
  features.11               384         38       38     9.9%
  features.12               576         58       58    10.1%
  features.13               576         58       58    10.1%
  features.14               576         58       58    10.1%
  features.15               960         96       96    10.0%
  features.16               960         96       96    10.0%
  features.17               960         96       96    10.0%

[ 블록별 제거 채널 수 ]
  features.1: 3채널 제거
  features.10: 38채널 제거
  features.11: 38채널 제거
  features.12: 58채널 제거
  features.13: 58채널 제거
  features.14: 58채널 제거
  features.15: 96채널 제거
  features.16: 96채널 제거
  features.17: 96채널 제거
  features.2: 10채널 제거
  features.3: 14채널 제거
  features.4: 14채널 제거
  features.5: 19채널 제거
  features.6: 19채널 제거
  features.7: 19채널 제거
  features.8: 38채널 제거
  features.9: 38채널 제거

[ 선택된 채널 상세 ]
block                             ch        score          phi         perf  weights
--------------------------------------------------------------------------------
features.1                        21    -0.488068 1.699578e-07 1.637681e-05       25
features.1                        30    -0.400760 1.428703e-07 2.683852e-05       25
features.1                        22    -0.306198 1.058326e-07 7.069926e-06       25
features.2                         3    -0.419989 4.140166e-07 8.860300e-07       49
features.2                        83    -0.302691 2.615954e-07 1.465343e-07       49
features.2                        20    -0.292024 3.067333e-07 8.683255e-07       49
features.2                        57    -0.285747 2.748478e-07 5.114128e-07       49
features.2                        81    -0.285672 2.440960e-07 1.009657e-07       49
features.2                        87    -0.270411 2.358741e-07 1.600099e-07       49
features.2                        56    -0.265722 2.296314e-07 1.284438e-07       49
features.2                        45    -0.248272 2.139332e-07 1.117407e-07       49
features.2                        25    -0.246003 2.094877e-07 7.741933e-08       49
features.2                        36    -0.228404 1.970834e-07 1.064093e-07       49
features.3                        51    -0.348193 1.224900e-07 1.087745e-07       57
features.3                       101    -0.260259 9.062607e-08 4.518382e-08       57
features.3                        66    -0.249370 9.623210e-08 4.083029e-07       57
features.3                       129    -0.192928 6.964270e-08 1.291341e-07       57
features.3                         6    -0.185081 7.518400e-08 4.491242e-07       57
features.3                        55    -0.122854 4.699120e-08 1.849112e-07       57
features.3                        14    -0.110728 3.836730e-08 1.185373e-08       57
features.3                        62    -0.105179 3.682743e-08 2.613198e-08       57
features.3                        58    -0.101735 3.535880e-08 1.507195e-08       57
features.3                       108    -0.084088 2.934517e-08 1.710871e-08       57
features.3                         0    -0.084066 3.405138e-08 2.001905e-07       57
features.3                        49    -0.081423 2.823863e-08 9.708915e-09       57
features.3                       114    -0.077069 3.447887e-08 3.102103e-07       57
features.3                        40    -0.075922 3.503726e-08 3.472114e-07       57
features.4                        86    -0.341823 9.176016e-07 1.951165e-07       65
features.4                       132    -0.215578 6.705237e-07 1.847702e-07       65
features.4                        17    -0.172315 4.715242e-07 1.043795e-07       65
features.4                        24    -0.167561 4.884372e-07 1.216114e-07       65
features.4                       123    -0.163415 5.710033e-07 1.822228e-07       65
features.4                       113    -0.150825 3.324184e-07 3.738717e-08       65
features.4                       124    -0.148990 3.680594e-07 6.360778e-08       65
features.4                         7    -0.139759 3.254479e-07 4.635310e-08       65
features.4                         3    -0.132744 2.732496e-07 1.992102e-08       65
features.4                        54    -0.132688 4.531228e-07 1.408924e-07       65
features.4                        72    -0.129173 3.782860e-07 9.492632e-08       65
features.4                        36    -0.127132 4.773981e-07 1.640629e-07       65
features.4                        71    -0.116231 5.044257e-07 1.956759e-07       65
features.4                       138    -0.108523 6.294080e-07 2.891912e-07       65
features.5                       155    -0.499747 3.809723e-07 1.686519e-09       73
features.5                       106    -0.337785 2.650266e-07 6.733437e-08       73
features.5                       113    -0.244875 2.129986e-07 2.324378e-07       73
features.5                       189    -0.218495 1.698367e-07 2.951962e-08       73
features.5                        85    -0.139649 1.068126e-07 3.588688e-09       73
features.5                       174    -0.137255 1.051356e-07 4.877307e-09       73
features.5                        74    -0.123126 9.455691e-08 6.525171e-09       73
features.5                        78    -0.115492 9.145402e-08 3.039906e-08       73
features.5                       190    -0.113522 9.053566e-08 3.553012e-08       73
features.5                        94    -0.111395 8.715970e-08 2.008617e-08       73
features.5                        81    -0.109092 8.537202e-08 1.979177e-08       73
features.5                        40    -0.103584 8.050029e-08 1.385582e-08       73
features.5                         9    -0.100260 7.946688e-08 2.704761e-08       73
features.5                       102    -0.090119 7.038598e-08 1.513446e-08       73
features.5                        64    -0.085703 6.546415e-08 1.432222e-09       73
features.5                        73    -0.084680 6.497061e-08 3.952778e-09       73
features.5                       176    -0.082958 2.896640e-07 1.992523e-06       73
features.5                        15    -0.081339 6.458216e-08 2.293168e-08       73
features.5                       186    -0.074600 6.126987e-08 3.896859e-08       73
features.6                       181    -0.475979 1.303581e-07 8.803028e-08       73
features.6                        52    -0.369075 1.017777e-07 7.806781e-08       73
features.6                       139    -0.339774 9.375525e-08 7.268289e-08       73
features.6                       172    -0.339434 8.864347e-08 2.064179e-09       73
features.6                        18    -0.329078 8.607633e-08 3.930849e-09       73
features.6                        30    -0.320783 8.390322e-08 3.786877e-09       73
features.6                        12    -0.313458 9.512919e-08 1.884548e-07       73
features.6                       107    -0.281904 7.628837e-08 3.923650e-08       73
features.6                        67    -0.276591 7.251887e-08 5.715105e-09       73
features.6                        33    -0.271528 7.104948e-08 3.617265e-09       73
features.6                        29    -0.269215 8.647118e-08 2.288990e-07       73
features.6                       147    -0.257471 6.753989e-08 5.798359e-09       73
features.6                        64    -0.236909 6.187657e-08 1.548862e-09       73
features.6                        38    -0.218185 5.704868e-08 2.302649e-09       73
features.6                        45    -0.212969 5.561598e-08 1.281902e-09       73
features.6                       156    -0.203216 5.330176e-08 4.495267e-09       73
features.6                       126    -0.199171 5.232599e-08 5.603546e-09       73
features.6                        62    -0.197242 5.379932e-08 3.338521e-08       73
features.6                       152    -0.191441 4.999059e-08 1.101747e-09       73
features.7                        97    -0.324446 1.654605e-06 7.420554e-08      105
features.7                        12    -0.304915 1.348030e-06 4.088924e-08      105
features.7                       179    -0.302321 1.431833e-06 5.382073e-08      105
features.7                       136    -0.301910 1.519589e-06 6.625116e-08      105
features.7                       126    -0.284386 1.729462e-06 1.039533e-07      105
features.7                       100    -0.260532 1.193511e-06 4.074987e-08      105
features.7                       146    -0.221272 1.230011e-06 6.476574e-08      105
features.7                       174    -0.209788 8.460795e-07 1.678750e-08      105
features.7                        92    -0.194025 9.121488e-07 3.359653e-08      105
features.7                         0    -0.191830 8.284984e-07 2.299505e-08      105
features.7                        71    -0.177764 7.990990e-07 2.567868e-08      105
features.7                       176    -0.175496 7.049122e-07 1.364357e-08      105
features.7                        50    -0.138369 5.534734e-07 1.043517e-08      105
features.7                       168    -0.135358 6.313816e-07 2.274611e-08      105
features.7                       105    -0.134128 6.684111e-07 2.850064e-08      105
features.7                       130    -0.133567 5.990166e-07 1.909837e-08      105
features.7                       184    -0.133086 5.207856e-07 8.426161e-09      105
features.7                       181    -0.130381 5.354312e-07 1.177177e-08      105
features.7                       116    -0.127664 4.864076e-07 6.248554e-09      105
features.8                       285    -0.497057 3.098113e-07 3.106354e-09      137
features.8                       316    -0.443607 2.756308e-07 1.297120e-09      137
features.8                       251    -0.432761 2.941775e-07 4.436863e-08      137
features.8                        86    -0.428643 2.710163e-07 9.236877e-09      137
features.8                       257    -0.392778 2.449479e-07 2.681244e-09      137
features.8                       226    -0.360361 2.319342e-07 1.473814e-08      137
features.8                       383    -0.320530 2.003278e-07 2.931348e-09      137
features.8                        36    -0.319011 2.000419e-07 4.048367e-09      137
features.8                       101    -0.313353 1.979416e-07 6.444190e-09      137
features.8                       360    -0.312103 1.938780e-07 8.377711e-10      137
features.8                        20    -0.308799 1.922015e-07 1.469425e-09      137
features.8                        95    -0.307366 1.908501e-07 6.799562e-10      137
features.8                        67    -0.301040 1.902341e-07 6.311045e-09      137
features.8                        92    -0.300061 1.871235e-07 2.043153e-09      137
features.8                       139    -0.290017 1.801698e-07 7.978960e-10      137
features.8                        72    -0.289747 1.811248e-07 2.711430e-09      137
features.8                        93    -0.289115 1.795455e-07 6.866289e-10      137
features.8                         7    -0.277472 1.723817e-07 7.723355e-10      137
features.8                       199    -0.277419 1.753417e-07 5.874808e-09      137
features.8                       127    -0.273076 1.695955e-07 6.667755e-10      137
features.8                       311    -0.270665 1.680528e-07 5.829524e-10      137
features.8                       122    -0.266667 1.657252e-07 8.377775e-10      137
features.8                       382    -0.265461 1.699648e-07 9.338788e-09      137
features.8                       290    -0.262168 1.629407e-07 8.439349e-10      137
features.8                       150    -0.252267 1.580953e-07 3.042303e-09      137
features.8                       175    -0.250271 1.554225e-07 5.934642e-10      137
features.8                        56    -0.249520 1.550584e-07 7.662454e-10      137
features.8                        98    -0.244630 1.521224e-07 9.264716e-10      137
features.8                       263    -0.242357 1.508980e-07 1.239860e-09      137
features.8                        33    -0.241266 1.503448e-07 1.449468e-09      137
features.8                       367    -0.240308 1.493668e-07 7.945844e-10      137
features.8                       137    -0.240041 1.506758e-07 3.307488e-09      137
features.8                       371    -0.238991 1.498917e-07 3.079923e-09      137
features.8                       321    -0.235623 1.500434e-07 6.896475e-09      137
features.8                        88    -0.225385 1.441982e-07 7.746438e-09      137
features.8                       343    -0.221200 1.372870e-07 3.848937e-10      137
features.8                       378    -0.220586 1.396770e-07 5.107586e-09      137
features.8                        46    -0.220107 1.796326e-07 7.372466e-08      137
features.9                       256    -0.483463 5.254865e-07 7.148081e-09      137
features.9                       181    -0.270772 3.041546e-07 8.053457e-09      137
features.9                       306    -0.268755 2.862665e-07 1.567984e-09      137
features.9                       174    -0.244607 2.587256e-07 6.785973e-10      137
features.9                        41    -0.229054 2.435471e-07 1.158878e-09      137
features.9                        49    -0.215997 2.413606e-07 5.903403e-09      137
features.9                        46    -0.200306 2.113421e-07 3.397266e-10      137
features.9                        17    -0.187974 2.012270e-07 1.510114e-09      137
features.9                        31    -0.186976 2.205502e-07 9.889042e-09      137
features.9                       120    -0.185911 1.980499e-07 1.095047e-09      137
features.9                       136    -0.182146 1.957261e-07 1.766609e-09      137
features.9                        91    -0.171468 2.117738e-07 1.298320e-08      137
features.9                       100    -0.164941 1.758967e-07 1.048017e-09      137
features.9                       379    -0.164690 1.752981e-07 9.100865e-10      137
features.9                       242    -0.158487 1.724754e-07 2.430489e-09      137
features.9                        66    -0.158098 1.693649e-07 1.319231e-09      137
features.9                       208    -0.157227 1.663591e-07 4.595295e-10      137
features.9                       259    -0.156326 1.755246e-07 4.618964e-09      137
features.9                       234    -0.155137 1.692520e-07 2.552796e-09      137
features.9                       372    -0.153703 1.674365e-07 2.426218e-09      137
features.9                       337    -0.153115 1.664133e-07 2.259459e-09      137
features.9                        37    -0.150760 1.611079e-07 1.095346e-09      137
features.9                        29    -0.149349 1.633272e-07 2.618135e-09      137
features.9                       271    -0.147462 1.660218e-07 4.542251e-09      137
features.9                       143    -0.142579 1.550759e-07 2.150674e-09      137
features.9                       275    -0.140512 1.516101e-07 1.618754e-09      137
features.9                       135    -0.140352 1.496459e-07 8.800837e-10      137
features.9                        96    -0.140066 1.486842e-07 6.078681e-10      137
features.9                       115    -0.139658 1.493312e-07 1.050728e-09      137
features.9                       106    -0.138468 1.484261e-07 1.192832e-09      137
features.9                       371    -0.134412 1.430757e-07 7.453035e-10      137
features.9                       170    -0.131036 1.402162e-07 1.028304e-09      137
features.9                        73    -0.129714 1.381358e-07 7.441661e-10      137
features.9                       328    -0.127454 1.390886e-07 2.113017e-09      137
features.9                       263    -0.124497 1.351517e-07 1.771953e-09      137
features.9                       232    -0.123753 1.320062e-07 8.000325e-10      137
features.9                       250    -0.119415 1.266601e-07 4.762600e-10      137
features.9                       345    -0.119216 1.271174e-07 7.505684e-10      137
features.10                      349    -0.496040 2.218155e-07 2.418750e-09      137
features.10                       30    -0.461527 2.085939e-07 5.297572e-09      137
features.10                      227    -0.451604 2.083202e-07 1.098497e-08      137
features.10                      372    -0.423579 1.903567e-07 3.365559e-09      137
features.10                       99    -0.423525 1.886876e-07 1.099166e-09      137
features.10                      147    -0.394060 1.774946e-07 3.687056e-09      137
features.10                      306    -0.383921 1.732414e-07 4.024588e-09      137
features.10                      333    -0.381307 1.709833e-07 2.511302e-09      137
features.10                      250    -0.380412 1.696391e-07 1.206519e-09      137
features.10                      192    -0.352279 1.571299e-07 1.167357e-09      137
features.10                      280    -0.345809 1.538343e-07 5.814680e-10      137
features.10                      263    -0.337882 1.507170e-07 1.131488e-09      137
features.10                      240    -0.335126 1.496985e-07 1.412782e-09      137
features.10                       35    -0.322479 1.443253e-07 1.740200e-09      137
features.10                       40    -0.320025 1.431119e-07 1.568074e-09      137
features.10                      259    -0.316142 1.556961e-07 2.127820e-08      137
features.10                      191    -0.314085 1.399685e-07 8.679317e-10      137
features.10                       25    -0.313107 1.404854e-07 2.177610e-09      137
features.10                      190    -0.301849 1.347582e-07 1.168075e-09      137
features.10                      155    -0.298170 1.345081e-07 3.072456e-09      137
features.10                      316    -0.288600 1.295273e-07 2.059479e-09      137
features.10                       53    -0.274831 1.235538e-07 2.245088e-09      137
features.10                      337    -0.270702 1.225115e-07 3.332739e-09      137
features.10                      228    -0.264349 1.176176e-07 4.736341e-10      137
features.10                      212    -0.259154 1.156725e-07 9.686152e-10      137
features.10                      255    -0.255540 1.367077e-07 3.215664e-08      137
features.10                      135    -0.252233 1.122641e-07 5.031844e-10      137
features.10                      366    -0.249744 1.126869e-07 2.606667e-09      137
features.10                      334    -0.246027 1.120677e-07 4.025152e-09      137
features.10                      219    -0.234583 1.055614e-07 2.056146e-09      137
features.10                      194    -0.233387 1.045267e-07 1.361702e-09      137
features.10                      221    -0.228154 1.063993e-07 7.139766e-09      137
features.10                      321    -0.226044 1.006199e-07 4.672785e-10      137
features.10                      152    -0.219502 9.844056e-08 1.463184e-09      137
features.10                       13    -0.218898 9.835856e-08 1.719751e-09      137
features.10                       29    -0.217055 9.679444e-08 6.913510e-10      137
features.10                      121    -0.216944 1.062758e-07 1.382114e-08      137
features.10                       52    -0.212768 9.763759e-08 4.472541e-09      137
features.11                      225    -0.437022 3.630947e-07 6.419669e-09      169
features.11                      329    -0.358558 4.128130e-07 3.292711e-07      169
features.11                      169    -0.353965 2.932033e-07 2.707333e-09      169
features.11                      163    -0.347216 3.017076e-07 4.239641e-08      169
features.11                      283    -0.319762 3.388075e-07 2.109191e-07      169
features.11                       95    -0.315654 3.044262e-07 1.235377e-07      169
features.11                      122    -0.296379 2.468487e-07 6.062753e-09      169
features.11                      214    -0.281923 2.339584e-07 3.370089e-09      169
features.11                      114    -0.272090 3.047959e-07 2.259973e-07      169
features.11                      360    -0.269684 2.264331e-07 1.064285e-08      169
features.11                      130    -0.260110 2.305237e-07 4.446475e-08      169
features.11                      335    -0.249610 2.141920e-07 2.285966e-08      169
features.11                       23    -0.245734 2.033457e-07 1.298459e-09      169
features.11                      377    -0.244857 2.083706e-07 1.750941e-08      169
features.11                      340    -0.240948 2.016461e-07 7.648360e-09      169
features.11                      357    -0.237433 1.967058e-07 1.901480e-09      169
features.11                      215    -0.236639 1.961895e-07 2.294863e-09      169
features.11                        7    -0.234619 2.109924e-07 4.873591e-08      169
features.11                      292    -0.230548 2.064167e-07 4.531226e-08      169
features.11                      322    -0.223228 1.857061e-07 3.954955e-09      169
features.11                      315    -0.222323 2.424808e-07 1.661484e-07      169
features.11                      171    -0.221426 2.327247e-07 1.407256e-07      169
features.11                      268    -0.219462 2.186712e-07 1.056737e-07      169
features.11                       69    -0.216335 1.905408e-07 3.363495e-08      169
features.11                       66    -0.215822 1.872977e-07 2.568495e-08      169
features.11                      290    -0.214685 1.788019e-07 4.375629e-09      169
features.11                      121    -0.213820 1.830909e-07 1.848324e-08      169
features.11                      194    -0.212239 1.762626e-07 2.910235e-09      169
features.11                      142    -0.209475 1.809667e-07 2.260833e-08      169
features.11                      238    -0.204868 1.861371e-07 4.791296e-08      169
features.11                       74    -0.203911 1.701443e-07 5.045670e-09      169
features.11                      270    -0.203880 1.720843e-07 1.058948e-08      169
features.11                      103    -0.203668 1.700391e-07 5.315223e-09      169
features.11                      359    -0.201362 1.673923e-07 3.220692e-09      169
features.11                       73    -0.198357 1.644144e-07 1.820407e-09      169
features.11                      232    -0.198073 1.731052e-07 2.698505e-08      169
features.11                      348    -0.197593 1.640996e-07 2.709617e-09      169
features.11                      134    -0.197113 1.640748e-07 3.758129e-09      169
features.12                       84    -0.491884 2.735683e-07 4.418711e-09      201
features.12                      241    -0.419398 2.309407e-07 1.465036e-09      201
features.12                      339    -0.365530 2.003796e-07 3.824671e-10      201
features.12                       57    -0.352490 1.944367e-07 1.568564e-09      201
features.12                      253    -0.346584 2.290735e-07 3.925695e-08      201
features.12                       44    -0.333174 1.838106e-07 1.511348e-09      201
features.12                      132    -0.327177 1.832204e-07 4.189074e-09      201
features.12                      455    -0.324577 1.792367e-07 1.640100e-09      201
features.12                       33    -0.313954 1.822524e-07 1.042650e-08      201
features.12                      484    -0.310911 1.719904e-07 1.870007e-09      201
features.12                      475    -0.308904 1.703816e-07 1.361607e-09      201
features.12                       83    -0.307954 1.696271e-07 1.128200e-09      201
features.12                      224    -0.307593 1.688803e-07 5.815642e-10      201
features.12                       53    -0.301456 1.665162e-07 1.570670e-09      201
features.12                      501    -0.300845 1.655428e-07 9.343469e-10      201
features.12                       92    -0.300084 1.652177e-07 1.025170e-09      201
features.12                      162    -0.290295 1.613344e-07 2.490988e-09      201
features.12                      329    -0.285792 1.572373e-07 8.655884e-10      201
features.12                      520    -0.284954 1.571844e-07 1.269279e-09      201
features.12                      460    -0.283274 1.569101e-07 1.910864e-09      201
features.12                      216    -0.277353 1.531787e-07 1.421283e-09      201
features.12                      140    -0.276496 1.530791e-07 1.789046e-09      201
features.12                       54    -0.266545 1.468148e-07 9.733458e-10      201
features.12                      519    -0.264488 1.467084e-07 1.987473e-09      201
features.12                       96    -0.261322 1.455495e-07 2.557970e-09      201
features.12                      307    -0.259473 1.429091e-07 9.367322e-10      201
features.12                      453    -0.258039 1.443925e-07 3.194103e-09      201
features.12                      444    -0.254903 1.410933e-07 1.618187e-09      201
features.12                      300    -0.253632 1.397451e-07 9.684835e-10      201
features.12                      265    -0.252355 1.396993e-07 1.618567e-09      201
features.12                      456    -0.250226 1.388931e-07 1.975139e-09      201
features.12                      418    -0.248290 1.391060e-07 3.241330e-09      201
features.12                      552    -0.246423 1.445448e-07 9.671210e-09      201
features.12                      301    -0.245716 1.391282e-07 4.665373e-09      201
features.12                      100    -0.244216 1.343960e-07 7.721346e-10      201
features.12                      218    -0.241600 1.331407e-07 9.474062e-10      201
features.12                      533    -0.241071 1.351274e-07 3.212619e-09      201
features.12                      572    -0.240976 1.347742e-07 2.912856e-09      201
features.12                      380    -0.239080 1.315859e-07 7.721902e-10      201
features.12                      332    -0.237272 1.316526e-07 1.823338e-09      201
features.12                      358    -0.235573 1.299919e-07 1.095814e-09      201
features.12                      367    -0.230337 1.265468e-07 5.181360e-10      201
features.12                      144    -0.226607 1.251358e-07 1.144888e-09      201
features.12                      181    -0.221134 1.220627e-07 1.066960e-09      201
features.12                      246    -0.219754 1.211226e-07 8.824600e-10      201
features.12                      433    -0.219481 1.219497e-07 1.854301e-09      201
features.12                      511    -0.218626 1.206755e-07 1.051948e-09      201
features.12                      486    -0.218588 1.208763e-07 1.272351e-09      201
features.12                      178    -0.215977 1.208518e-07 2.669988e-09      201
features.12                      390    -0.215352 1.180441e-07 2.156786e-10      201
features.12                       88    -0.214746 1.188633e-07 1.361038e-09      201
features.12                      234    -0.213628 1.197984e-07 2.900734e-09      201
features.12                      479    -0.210128 1.194513e-07 4.461245e-09      201
features.12                       82    -0.207881 1.152864e-07 1.539145e-09      201
features.12                      483    -0.207496 1.146890e-07 1.154518e-09      201
features.12                        6    -0.206915 1.141166e-07 9.012924e-10      201
features.12                      284    -0.206366 1.137695e-07 8.546118e-10      201
features.12                      434    -0.205098 1.163071e-07 4.070728e-09      201
features.13                      117    -0.495307 2.386704e-07 1.983339e-09      201
features.13                      539    -0.399639 1.921310e-07 1.210218e-09      201
features.13                      290    -0.396993 1.937940e-07 3.802079e-09      201
features.13                      160    -0.378943 1.847900e-07 3.458371e-09      201
features.13                      111    -0.373870 1.811439e-07 2.373722e-09      201
features.13                      350    -0.369176 1.781677e-07 1.722110e-09      201
features.13                      326    -0.336250 1.620062e-07 1.328551e-09      201
features.13                      233    -0.325167 1.578706e-07 2.351422e-09      201
features.13                      556    -0.310295 1.511606e-07 2.695945e-09      201
features.13                      222    -0.305342 1.482725e-07 2.231893e-09      201
features.13                      474    -0.305107 1.581422e-07 1.107395e-08      201
features.13                      129    -0.301998 1.453602e-07 1.066357e-09      201
features.13                      335    -0.300778 1.458105e-07 1.980822e-09      201
features.13                      105    -0.300530 1.494023e-07 5.267337e-09      201
features.13                      113    -0.296441 1.447798e-07 2.901604e-09      201
features.13                      270    -0.287720 1.384635e-07 9.943804e-10      201
features.13                      337    -0.285091 1.376138e-07 1.353175e-09      201
features.13                      243    -0.279786 1.340428e-07 4.332711e-10      201
features.13                      183    -0.276516 1.342584e-07 2.006543e-09      201
features.13                      314    -0.266266 1.281196e-07 9.029871e-10      201
features.13                      131    -0.260158 1.256856e-07 1.329777e-09      201
features.13                       99    -0.252882 1.235382e-07 2.504105e-09      201
features.13                      263    -0.250397 1.202070e-07 6.040250e-10      201
features.13                      433    -0.249208 1.197744e-07 7.233374e-10      201
features.13                      274    -0.238624 1.157717e-07 1.652993e-09      201
features.13                      267    -0.233895 1.126501e-07 8.874582e-10      201
features.13                      212    -0.230103 1.114393e-07 1.418530e-09      201
features.13                      349    -0.229925 1.114625e-07 1.514290e-09      201
features.13                      327    -0.220065 1.131327e-07 7.162761e-09      201
features.13                      249    -0.217050 1.048553e-07 1.105743e-09      201
features.13                      172    -0.213509 1.035418e-07 1.439343e-09      201
features.13                      171    -0.212145 1.029537e-07 1.495265e-09      201
features.13                      321    -0.211282 1.027476e-07 1.677252e-09      201
features.13                      207    -0.206807 1.029566e-07 3.754820e-09      201
features.13                      557    -0.206705 1.012134e-07 2.253710e-09      201
features.13                      293    -0.205231 1.006436e-07 2.372297e-09      201
features.13                      573    -0.203066 9.897039e-08 1.805591e-09      201
features.13                       58    -0.203026 9.870131e-08 1.584176e-09      201
features.13                      375    -0.202829 9.729013e-08 4.174043e-10      201
features.13                      230    -0.202800 9.981132e-08 2.662918e-09      201
features.13                        7    -0.196398 9.431390e-08 5.003135e-10      201
features.13                      446    -0.195365 9.455997e-08 1.155085e-09      201
features.13                      282    -0.194469 1.225876e-07 2.636048e-08      201
features.13                      334    -0.194123 9.353867e-08 7.752993e-10      201
features.13                      331    -0.193642 1.124206e-07 1.770427e-08      201
features.13                      526    -0.191401 9.732680e-08 5.281728e-09      201
features.13                      457    -0.191168 9.186103e-08 5.387438e-10      201
features.13                      343    -0.191115 9.274730e-08 1.346475e-09      201
features.13                      384    -0.190580 9.184730e-08 7.752442e-10      201
features.13                      572    -0.189930 9.182158e-08 1.027480e-09      201
features.13                      287    -0.189760 9.914639e-08 7.587500e-09      201
features.13                        5    -0.184983 8.879135e-08 4.348714e-10      201
features.13                      190    -0.183774 9.112711e-08 3.015338e-09      201
features.13                      215    -0.182300 8.773362e-08 6.325060e-10      201
features.13                      107    -0.181338 8.781041e-08 1.107178e-09      201
features.13                       53    -0.179764 8.662312e-08 7.211116e-10      201
features.13                      536    -0.176922 8.476058e-08 2.727637e-10      201
features.13                       74    -0.175971 8.593629e-08 1.716335e-09      201
features.14                       94    -0.452233 1.116411e-06 2.020240e-09      265
features.14                      373    -0.448589 1.201697e-06 8.457415e-09      265
features.14                      512    -0.413643 1.169172e-06 1.198004e-08      265
features.14                      224    -0.407289 1.011544e-06 2.235924e-09      265
features.14                      263    -0.406232 1.105966e-06 8.872903e-09      265
features.14                      188    -0.386599 9.404146e-07 7.710372e-10      265
features.14                      396    -0.381436 9.765643e-07 4.094630e-09      265
features.14                      214    -0.375950 9.298078e-07 1.796786e-09      265
features.14                       38    -0.334677 9.101826e-07 7.243202e-09      265
features.14                      574    -0.323214 8.086532e-07 2.179544e-09      265
features.14                      524    -0.307894 9.361935e-07 1.342963e-08      265
features.14                      288    -0.303904 7.559394e-07 1.748058e-09      265
features.14                      486    -0.270155 7.712756e-07 8.349762e-09      265
features.14                       60    -0.268065 9.252449e-07 1.923245e-08      265
features.14                      270    -0.266431 7.050119e-07 4.426711e-09      265
features.14                      496    -0.253246 6.880742e-07 5.436402e-09      265
features.14                      141    -0.251174 6.784075e-07 5.115567e-09      265
features.14                      100    -0.249380 6.938544e-07 6.468063e-09      265
features.14                       31    -0.247856 6.245699e-07 1.976417e-09      265
features.14                       55    -0.242122 6.220877e-07 2.749797e-09      265
features.14                      346    -0.239577 6.477658e-07 4.926044e-09      265
features.14                      306    -0.235476 7.486666e-07 1.250712e-08      265
features.14                      338    -0.233537 6.526570e-07 6.254457e-09      265
features.14                      560    -0.233148 5.932644e-07 2.253133e-09      265
features.14                      252    -0.232828 7.293360e-07 1.161953e-08      265
features.14                      328    -0.232228 5.909479e-07 2.245971e-09      265
features.14                      559    -0.224245 6.260824e-07 5.964043e-09      265
features.14                      230    -0.222864 6.158099e-07 5.488086e-09      265
features.14                      436    -0.221474 5.548621e-07 1.544958e-09      265
features.14                      533    -0.219900 5.819205e-07 3.656117e-09      265
features.14                      515    -0.219249 5.634700e-07 2.500236e-09      265
features.14                      343    -0.218001 5.393751e-07 1.056270e-09      265
features.14                      363    -0.217847 5.676609e-07 3.017796e-09      265
features.14                      256    -0.217655 6.395543e-07 7.970322e-09      265
features.14                      314    -0.216090 5.637773e-07 3.040992e-09      265
features.14                      393    -0.214946 5.605375e-07 3.007412e-09      265
features.14                      140    -0.211820 5.231868e-07 9.651183e-10      265
features.14                      201    -0.209278 7.303915e-07 1.556600e-08      265
features.14                       32    -0.202583 5.419774e-07 3.770763e-09      265
features.14                      296    -0.201911 5.223959e-07 2.541092e-09      265
features.14                       27    -0.201849 5.330836e-07 3.282851e-09      265
features.14                      555    -0.201769 5.060511e-07 1.445667e-09      265
features.14                      572    -0.201527 5.009648e-07 1.137326e-09      265
features.14                      405    -0.200738 5.009103e-07 1.263285e-09      265
features.14                      424    -0.196416 5.780307e-07 7.253079e-09      265
features.14                      557    -0.196239 4.990215e-07 1.874208e-09      265
features.14                      302    -0.191318 4.774965e-07 1.210379e-09      265
features.14                      371    -0.190459 4.697414e-07 8.208280e-10      265
features.14                      244    -0.190404 4.777058e-07 1.375149e-09      265
features.14                      554    -0.190198 5.058764e-07 3.337167e-09      265
features.14                        9    -0.188833 5.124883e-07 4.014246e-09      265
features.14                      522    -0.188825 4.987051e-07 3.072131e-09      265
features.14                       79    -0.188672 4.818351e-07 1.942631e-09      265
features.14                      443    -0.188623 4.859291e-07 2.230982e-09      265
features.14                      483    -0.188220 5.205728e-07 4.668514e-09      265
features.14                      119    -0.187247 6.100414e-07 1.095253e-08      265
features.14                      298    -0.186984 4.623807e-07 8.887963e-10      265
features.14                      427    -0.185962 4.684224e-07 1.470392e-09      265
features.15                      861    -0.499799 1.753239e-06 1.243995e-10      329
features.15                      522    -0.274446 1.032203e-06 1.234670e-08      329
features.15                      629    -0.234912 8.279754e-07 7.530272e-10      329
features.15                      488    -0.204675 7.222869e-07 8.124844e-10      329
features.15                      460    -0.201781 7.104248e-07 5.095623e-10      329
features.15                      645    -0.194896 7.068655e-07 4.147392e-09      329
features.15                      903    -0.187451 6.606258e-07 5.888703e-10      329
features.15                      833    -0.184571 6.535715e-07 1.126799e-09      329
features.15                      561    -0.182179 6.412961e-07 4.396311e-10      329
features.15                      676    -0.182116 6.407893e-07 3.890868e-10      329
features.15                      865    -0.176185 6.207827e-07 5.290247e-10      329
features.15                       56    -0.174098 7.582810e-07 2.612150e-08      329
features.15                      408    -0.171299 6.034015e-07 4.849954e-10      329
features.15                      781    -0.170461 6.028241e-07 9.026411e-10      329
features.15                      367    -0.168935 5.949142e-07 4.498550e-10      329
features.15                      819    -0.164884 5.811675e-07 5.308204e-10      329
features.15                      575    -0.158386 5.648211e-07 1.669185e-09      329
features.15                       68    -0.156695 5.530558e-07 6.376915e-10      329
features.15                      596    -0.156221 5.520634e-07 7.561653e-10      329
features.15                      300    -0.156181 5.531535e-07 9.734643e-10      329
features.15                      573    -0.155201 5.487969e-07 8.107844e-10      329
features.15                      360    -0.154125 5.434413e-07 5.307940e-10      329
features.15                       40    -0.151748 5.350407e-07 5.197241e-10      329
features.15                      582    -0.147783 5.212264e-07 5.353444e-10      329
features.15                      572    -0.144353 5.095987e-07 6.054651e-10      329
features.15                      338    -0.142390 5.038370e-07 8.038282e-10      329
features.15                      535    -0.141919 5.029103e-07 9.320884e-10      329
features.15                      164    -0.141359 5.002852e-07 8.152539e-10      329
features.15                      905    -0.138715 4.956866e-07 1.640827e-09      329
features.15                      878    -0.137828 4.859710e-07 4.737282e-10      329
features.15                      618    -0.137109 4.836114e-07 5.019329e-10      329
features.15                      680    -0.134535 4.837027e-07 2.113642e-09      329
features.15                      193    -0.132878 4.779736e-07 2.127851e-09      329
features.15                      853    -0.131129 4.617443e-07 3.434960e-10      329
features.15                      824    -0.130213 4.611113e-07 7.989312e-10      329
features.15                      119    -0.127692 4.500336e-07 4.036910e-10      329
features.15                       33    -0.124579 4.391366e-07 4.069969e-10      329
features.15                      886    -0.123710 4.356106e-07 3.220834e-10      329
features.15                      622    -0.122234 4.328290e-07 7.452472e-10      329
features.15                       64    -0.121605 4.292764e-07 5.072446e-10      329
features.15                      517    -0.121476 4.291375e-07 5.629151e-10      329
features.15                      931    -0.120015 4.230866e-07 3.990483e-10      329
features.15                      729    -0.119462 4.217538e-07 5.056590e-10      329
features.15                      231    -0.117557 4.151064e-07 5.118746e-10      329
features.15                      426    -0.117211 4.146142e-07 6.389843e-10      329
features.15                      817    -0.117158 4.333457e-07 3.982022e-09      329
features.15                      542    -0.116846 4.134196e-07 6.539315e-10      329
features.15                      225    -0.116478 4.118490e-07 6.043306e-10      329
features.15                      145    -0.116405 4.334925e-07 4.474824e-09      329
features.15                      669    -0.116220 4.475182e-07 7.068375e-09      329
features.15                      544    -0.115692 4.256350e-07 3.527763e-09      329
features.15                      458    -0.114383 4.030860e-07 3.539053e-10      329
features.15                      271    -0.114233 4.042775e-07 6.579832e-10      329
features.15                      110    -0.114126 4.027019e-07 4.458691e-10      329
features.15                      302    -0.113728 4.161041e-07 3.060529e-09      329
features.15                      643    -0.112851 3.992993e-07 6.342060e-10      329
features.15                      421    -0.111687 4.001813e-07 1.511368e-09      329
features.15                      335    -0.110539 3.908982e-07 5.823242e-10      329
features.15                      719    -0.110524 3.905866e-07 5.367204e-10      329
features.15                      196    -0.109140 3.855132e-07 4.973493e-10      329
features.15                      130    -0.108140 3.920979e-07 2.280868e-09      329
features.15                      451    -0.106608 3.761957e-07 4.202269e-10      329
features.15                      206    -0.106583 3.847340e-07 1.944612e-09      329
features.15                      773    -0.106121 3.786490e-07 1.155227e-09      329
features.15                      270    -0.104414 3.692796e-07 5.570948e-10      329
features.15                      611    -0.104324 3.861567e-07 3.595557e-09      329
features.15                      154    -0.104074 3.668800e-07 3.442319e-10      329
features.15                      339    -0.103985 3.695798e-07 8.760337e-10      329
features.15                      178    -0.103451 3.658820e-07 5.535260e-10      329
features.15                      244    -0.100091 3.590724e-07 1.432484e-09      329
features.15                      166    -0.099683 3.536778e-07 7.317328e-10      329
features.15                      652    -0.098148 3.471433e-07 5.280326e-10      329
features.15                      104    -0.097402 3.503320e-07 1.553976e-09      329
features.15                      907    -0.096912 3.452402e-07 9.577792e-10      329
features.15                      929    -0.096080 3.380545e-07 2.035039e-10      329
features.15                       37    -0.095620 3.437591e-07 1.496532e-09      329
features.15                      923    -0.095139 3.368984e-07 5.823182e-10      329
features.15                      711    -0.094784 3.398110e-07 1.317092e-09      329
features.15                      256    -0.094550 3.377762e-07 1.102179e-09      329
features.15                      383    -0.094205 3.342387e-07 6.910890e-10      329
features.15                      506    -0.093841 3.509323e-07 3.867175e-09      329
features.15                      139    -0.093772 3.439882e-07 2.682605e-09      329
features.15                      500    -0.093369 3.288582e-07 2.581318e-10      329
features.15                      847    -0.093138 3.289638e-07 4.200037e-10      329
features.15                      702    -0.091895 3.246033e-07 4.195952e-10      329
features.15                      267    -0.090951 3.213525e-07 4.305214e-10      329
features.15                      686    -0.089941 3.288293e-07 2.377563e-09      329
features.15                      926    -0.088812 3.125827e-07 2.061011e-10      329
features.15                      362    -0.088750 3.405665e-07 5.190051e-09      329
features.15                      411    -0.088631 3.143959e-07 6.386562e-10      329
features.15                      127    -0.088466 3.123213e-07 3.741512e-10      329
features.15                      822    -0.087826 3.116559e-07 6.528905e-10      329
features.15                      507    -0.087258 3.108975e-07 8.708201e-10      329
features.15                        8    -0.087176 3.128972e-07 1.275495e-09      329
features.15                       91    -0.087146 3.083306e-07 4.869076e-10      329
features.15                      194    -0.086173 3.051861e-07 5.343651e-10      329
features.16                      678    -0.496652 1.297806e-06 2.192158e-09      329
features.16                      241    -0.470158 1.223707e-06 8.469198e-10      329
features.16                      311    -0.294391 7.838356e-07 4.971800e-09      329
features.16                      234    -0.263269 6.855909e-07 5.663238e-10      329
features.16                      484    -0.259519 6.760389e-07 6.122612e-10      329
features.16                      307    -0.254436 6.653090e-07 1.233784e-09      329
features.16                      298    -0.249286 6.501814e-07 7.900989e-10      329
features.16                      400    -0.246729 6.421241e-07 4.314917e-10      329
features.16                      353    -0.239817 6.239976e-07 3.849354e-10      329
features.16                      291    -0.232598 6.803062e-07 1.931549e-08      329
features.16                       31    -0.230748 6.373748e-07 9.697060e-09      329
features.16                      791    -0.213747 5.629618e-07 2.057666e-09      329
features.16                      850    -0.213504 5.544964e-07 8.121891e-11      329
features.16                      229    -0.211992 5.793385e-07 7.337388e-09      329
features.16                      219    -0.209671 5.648776e-07 5.209491e-09      329
features.16                       11    -0.203399 5.309382e-07 7.547873e-10      329
features.16                      684    -0.200879 5.242568e-07 7.198304e-10      329
features.16                      881    -0.197519 5.154251e-07 6.916059e-10      329
features.16                       70    -0.196624 5.138913e-07 8.907181e-10      329
features.16                      242    -0.195100 5.084364e-07 5.124877e-10      329
features.16                      177    -0.191945 5.017361e-07 8.884135e-10      329
features.16                      889    -0.191347 4.985156e-07 4.672465e-10      329
features.16                      528    -0.185193 4.939781e-07 3.352247e-09      329
features.16                      355    -0.184996 4.832295e-07 7.693861e-10      329
features.16                      244    -0.184040 4.892436e-07 2.912755e-09      329
features.16                      813    -0.182327 4.757473e-07 6.295940e-10      329
features.16                       27    -0.177838 4.666010e-07 1.261758e-09      329
features.16                      173    -0.177332 4.639333e-07 9.199462e-10      329
features.16                      756    -0.176374 4.773531e-07 4.932693e-09      329
features.16                      878    -0.175432 4.568526e-07 3.780738e-10      329
features.16                      610    -0.174921 4.549583e-07 2.347663e-10      329
features.16                      928    -0.174834 4.560556e-07 5.686061e-10      329
features.16                      287    -0.174720 4.561078e-07 6.565808e-10      329
features.16                      530    -0.171604 4.484470e-07 7.640700e-10      329
features.16                      387    -0.170303 4.437031e-07 4.190484e-10      329
features.16                      529    -0.166675 4.358360e-07 8.105423e-10      329
features.16                      194    -0.165916 4.317845e-07 2.851386e-10      329
features.16                      762    -0.164151 4.278793e-07 4.557429e-10      329
features.16                       72    -0.164057 4.282581e-07 6.128831e-10      329
features.16                      532    -0.163701 4.268317e-07 4.862010e-10      329
features.16                      514    -0.162868 4.244137e-07 4.216551e-10      329
features.16                      838    -0.162694 4.240387e-07 4.409614e-10      329
features.16                      138    -0.161609 4.223671e-07 7.295140e-10      329
features.16                      927    -0.160557 4.637027e-07 1.184540e-08      329
features.16                      848    -0.160109 4.171162e-07 3.874247e-10      329
features.16                      568    -0.159388 4.212229e-07 1.895388e-09      329
features.16                      505    -0.159111 4.181448e-07 1.300201e-09      329
features.16                      372    -0.158438 4.124493e-07 3.043663e-10      329
features.16                      184    -0.156165 4.065550e-07 3.055455e-10      329
features.16                      318    -0.155872 4.056909e-07 2.790695e-10      329
features.16                      629    -0.155700 4.066491e-07 6.337306e-10      329
features.16                      471    -0.155429 4.040606e-07 1.583159e-10      329
features.16                      793    -0.154438 4.034143e-07 6.437165e-10      329
features.16                      802    -0.153528 4.010988e-07 6.555720e-10      329
features.16                      609    -0.151328 3.951570e-07 5.971634e-10      329
features.16                      454    -0.151045 3.952601e-07 8.085080e-10      329
features.16                      270    -0.149899 3.899612e-07 2.223544e-10      329
features.16                      383    -0.148389 3.864881e-07 3.348544e-10      329
features.16                      460    -0.146202 3.806418e-07 2.923624e-10      329
features.16                      578    -0.145914 3.804978e-07 4.442112e-10      329
features.16                      437    -0.145724 3.801500e-07 4.811296e-10      329
features.16                      627    -0.144946 3.796712e-07 8.694855e-10      329
features.16                      331    -0.144752 4.668097e-07 2.297723e-08      329
features.16                      385    -0.142862 3.780392e-07 1.822191e-09      329
features.16                      477    -0.142200 3.700752e-07 2.471232e-10      329
features.16                      783    -0.142055 3.971052e-07 7.160351e-09      329
features.16                      450    -0.140580 3.663238e-07 3.611403e-10      329
features.16                      313    -0.139865 4.034506e-07 1.019480e-08      329
features.16                      101    -0.139532 3.751643e-07 3.277245e-09      329
features.16                      693    -0.139521 3.636632e-07 3.836344e-10      329
features.16                      901    -0.137770 3.589335e-07 3.366950e-10      329
features.16                      189    -0.137528 3.582047e-07 3.117866e-10      329
features.16                      557    -0.137160 3.581427e-07 5.369701e-10      329
features.16                      226    -0.136625 3.565810e-07 4.931590e-10      329
features.16                      952    -0.135385 3.557559e-07 1.097238e-09      329
features.16                      303    -0.135292 3.542171e-07 7.695337e-10      329
features.16                      282    -0.135051 3.770751e-07 6.693729e-09      329
features.16                       64    -0.134678 3.629534e-07 3.375546e-09      329
features.16                      215    -0.134614 3.553507e-07 1.499643e-09      329
features.16                      616    -0.133386 3.493752e-07 7.959914e-10      329
features.16                      884    -0.132545 3.457657e-07 4.362305e-10      329
features.16                      185    -0.132367 3.464111e-07 7.158774e-10      329
features.16                      555    -0.131480 3.453319e-07 1.024005e-09      329
features.16                      444    -0.131381 3.429615e-07 4.914144e-10      329
features.16                      174    -0.131080 3.527587e-07 3.159314e-09      329
features.16                      929    -0.130791 3.429999e-07 8.868184e-10      329
features.16                      695    -0.130356 3.418669e-07 8.860304e-10      329
features.16                      835    -0.129697 3.428143e-07 1.556660e-09      329
features.16                      724    -0.128817 3.357895e-07 3.607337e-10      329
features.16                       91    -0.128608 3.393147e-07 1.387073e-09      329
features.16                      940    -0.128238 3.361139e-07 8.218662e-10      329
features.16                      344    -0.125836 3.525604e-07 6.542844e-09      329
features.16                      259    -0.125771 3.300265e-07 9.011509e-10      329
features.16                      855    -0.125668 3.280393e-07 4.675971e-10      329
features.16                      132    -0.125159 3.413267e-07 4.152646e-09      329
features.16                      476    -0.124508 3.265488e-07 8.513720e-10      329
features.17                      445    -0.491537 1.184372e-06 2.635431e-09      489
features.17                      744    -0.428842 1.015916e-06 1.292010e-11      489
features.17                      957    -0.415202 9.849985e-07 1.958828e-10      489
features.17                      579    -0.366026 8.752130e-07 1.076724e-09      489
features.17                      520    -0.357362 8.499087e-07 4.483077e-10      489
features.17                       97    -0.345904 8.246309e-07 6.933316e-10      489
features.17                      564    -0.343895 8.333777e-07 2.468727e-09      489
features.17                      249    -0.334171 7.936679e-07 2.763216e-10      489
features.17                      816    -0.333005 7.905849e-07 2.339978e-10      489
features.17                      146    -0.292954 6.968826e-07 3.877912e-10      489
features.17                      167    -0.283241 6.749964e-07 5.352701e-10      489
features.17                      896    -0.281734 6.698554e-07 3.285426e-10      489
features.17                      760    -0.277782 6.595344e-07 2.022524e-10      489
features.17                      340    -0.277493 6.684654e-07 1.466563e-09      489
features.17                      104    -0.273203 6.489577e-07 2.379262e-10      489
features.17                       92    -0.272796 6.737008e-07 3.617793e-09      489
features.17                      481    -0.272013 6.585374e-07 1.868147e-09      489
features.17                       82    -0.271602 6.539115e-07 1.387890e-09      489
features.17                      367    -0.271405 6.516349e-07 1.149843e-09      489
features.17                      725    -0.268470 6.504470e-07 1.907847e-09      489
features.17                      122    -0.266820 6.331836e-07 1.519663e-10      489
features.17                       30    -0.265355 6.438387e-07 2.009106e-09      489
features.17                      151    -0.253207 6.045159e-07 6.222267e-10      489
features.17                      809    -0.247528 5.876371e-07 1.718178e-10      489
features.17                      333    -0.246682 5.934174e-07 1.195092e-09      489
features.17                       79    -0.241906 5.795837e-07 8.636513e-10      489
features.17                       88    -0.241155 5.771615e-07 7.792048e-10      489
features.17                      519    -0.238193 5.683021e-07 5.368159e-10      489
features.17                      317    -0.237278 5.751162e-07 1.717852e-09      489
features.17                      190    -0.233970 5.637867e-07 1.258442e-09      489
features.17                      364    -0.230375 5.734503e-07 3.648687e-09      489
features.17                      839    -0.228906 5.513173e-07 1.196136e-09      489
features.17                       47    -0.228323 5.425373e-07 2.231907e-10      489
features.17                      860    -0.227085 5.521459e-07 1.872042e-09      489
features.17                      410    -0.226906 5.441845e-07 8.812266e-10      489
features.17                      386    -0.224719 5.377121e-07 7.112552e-10      489
features.17                      423    -0.218194 5.296607e-07 1.684894e-09      489
features.17                      124    -0.216837 5.190234e-07 7.090454e-10      489
features.17                      706    -0.215807 5.212332e-07 1.320193e-09      489
features.17                       94    -0.215158 5.110516e-07 1.837348e-10      489
features.17                      156    -0.212623 5.068176e-07 4.163792e-10      489
features.17                      914    -0.211279 5.154849e-07 1.974639e-09      489
features.17                      480    -0.209442 4.991868e-07 4.037752e-10      489
features.17                      425    -0.208244 4.942430e-07 1.269658e-10      489
features.17                      787    -0.207441 5.017646e-07 1.366007e-09      489
features.17                      514    -0.206134 4.931700e-07 6.430280e-10      489
features.17                       86    -0.206057 4.926767e-07 6.021799e-10      489
features.17                      770    -0.204905 4.963629e-07 1.445487e-09      489
features.17                      479    -0.202813 4.836919e-07 4.312299e-10      489
features.17                      819    -0.202494 4.932284e-07 1.784477e-09      489
features.17                       53    -0.201252 4.812321e-07 5.940206e-10      489
features.17                      790    -0.198321 4.812888e-07 1.514067e-09      489
features.17                      535    -0.196980 4.723275e-07 7.534822e-10      489
features.17                      258    -0.196407 4.679813e-07 3.606068e-10      489
features.17                      597    -0.195624 4.737227e-07 1.359311e-09      489
features.17                      845    -0.195319 4.652201e-07 3.365757e-10      489
features.17                       60    -0.193311 4.601065e-07 2.894895e-10      489
features.17                      127    -0.191983 4.671702e-07 1.631681e-09      489
features.17                      577    -0.190886 4.549117e-07 3.617274e-10      489
features.17                      629    -0.190203 4.533978e-07 3.754161e-10      489
features.17                      627    -0.189294 4.653797e-07 2.233742e-09      489
features.17                      505    -0.185506 4.409267e-07 1.986792e-10      489
features.17                      206    -0.185377 4.420119e-07 3.815553e-10      489
features.17                       80    -0.184226 4.419596e-07 7.330000e-10      489
features.17                        2    -0.183588 4.414395e-07 8.632355e-10      489
features.17                      432    -0.182793 4.388631e-07 7.721956e-10      489
features.17                       29    -0.181242 4.307220e-07 1.848418e-10      489
features.17                      199    -0.179707 4.330513e-07 9.692850e-10      489
features.17                      781    -0.179592 4.283447e-07 3.862267e-10      489
features.17                      803    -0.179266 4.254682e-07 1.093475e-10      489
features.17                       44    -0.177377 4.237837e-07 4.763951e-10      489
features.17                       20    -0.177184 4.226495e-07 3.873514e-10      489
features.17                      881    -0.177023 4.223348e-07 3.960192e-10      489
features.17                       98    -0.176521 4.207371e-07 3.424810e-10      489
features.17                      637    -0.176324 4.200676e-07 3.157974e-10      489
features.17                       15    -0.174314 4.233467e-07 1.372805e-09      489
features.17                      593    -0.173488 4.218046e-07 1.427348e-09      489
features.17                      117    -0.172739 4.136189e-07 5.843470e-10      489
features.17                      624    -0.170700 4.064007e-07 2.703437e-10      489
features.17                       78    -0.170564 4.130504e-07 1.187074e-09      489
features.17                      346    -0.170261 4.123801e-07 1.193123e-09      489
features.17                      831    -0.169494 4.088597e-07 9.691949e-10      489
features.17                      795    -0.169414 4.022983e-07 1.314365e-10      489
features.17                      600    -0.169136 4.110455e-07 1.368025e-09      489
features.17                      626    -0.168991 4.132141e-07 1.698299e-09      489
features.17                      147    -0.168660 4.140348e-07 1.909329e-09      489
features.17                      361    -0.167802 3.994651e-07 2.610114e-10      489
features.17                      572    -0.166682 4.002125e-07 7.080384e-10      489
features.17                      240    -0.166646 4.072853e-07 1.649101e-09      489
features.17                       19    -0.166282 4.062677e-07 1.628866e-09      489
features.17                      685    -0.165476 3.932824e-07 1.726004e-10      489
features.17                      562    -0.165342 3.941689e-07 3.306472e-10      489
features.17                      269    -0.165093 3.942814e-07 4.230039e-10      489
features.17                      867    -0.164318 3.961638e-07 9.119444e-10      489
features.17                      651    -0.164118 3.944024e-07 7.426162e-10      489
features.17                      759    -0.163537 3.911484e-07 4.957890e-10      489
