================================================================================
Channel Pruning Log
  iteration  : 1
  alpha      : 0.3000
  timestamp  : 2026-05-15 15:28:24
  remove_target  : 177930
  accum_removed  : 178179
  selected_channels : 763
  gamma             : 0.4000
  remove_target_met : yes
  total_params   : 2289600
  active_after   : 2111421
  model_sparsity : 7.8%
================================================================================

[ 레이어별 채널 제거 비율 ]
  layer                total_ch  this_iter    cumul  cumul_%
  ----------------------------------------------------------
  features.1                 32          2        2     6.2%
  features.2                 96         19       19    19.8%
  features.3                144          1        1     0.7%
  features.4                144          3        3     2.1%
  features.5                192          4        4     2.1%
  features.6                192         21       21    10.9%
  features.7                192         16       16     8.3%
  features.8                384         63       63    16.4%
  features.9                384         26       26     6.8%
  features.10               384         56       56    14.6%
  features.11               384         62       62    16.1%
  features.12               576        104      104    18.1%
  features.13               576         88       88    15.3%
  features.14               576        119      119    20.7%
  features.15               960         29       29     3.0%
  features.16               960         62       62     6.5%
  features.17               960         88       88     9.2%

[ 레이어별 보호 영역 (γ=0.40) ]
  layer                  active  protected  protect_%
  --------------------------------------------------
  features.1                 32         13      40.6%
  features.2                 96         39      40.6%
  features.3                144         58      40.3%
  features.4                144         58      40.3%
  features.5                192         77      40.1%
  features.6                192         77      40.1%
  features.7                192         77      40.1%
  features.8                384        154      40.1%
  features.9                384        154      40.1%
  features.10               384        154      40.1%
  features.11               384        154      40.1%
  features.12               576        231      40.1%
  features.13               576        231      40.1%
  features.14               576        231      40.1%
  features.15               960        384      40.0%
  features.16               960        384      40.0%
  features.17               960        384      40.0%

[ 블록별 제거 채널 수 ]
  features.1: 2채널 제거
  features.10: 56채널 제거
  features.11: 62채널 제거
  features.12: 104채널 제거
  features.13: 88채널 제거
  features.14: 119채널 제거
  features.15: 29채널 제거
  features.16: 62채널 제거
  features.17: 88채널 제거
  features.2: 19채널 제거
  features.3: 1채널 제거
  features.4: 3채널 제거
  features.5: 4채널 제거
  features.6: 21채널 제거
  features.7: 16채널 제거
  features.8: 63채널 제거
  features.9: 26채널 제거

[ 선택된 채널 상세 ]
block                             ch        score          phi         perf  weights
--------------------------------------------------------------------------------
features.15                      861    -0.699872 1.785394e-06 1.275456e-10      329
features.5                       155    -0.699810 3.765433e-07 1.651207e-09       73
features.8                       285    -0.698147 3.064187e-07 2.746467e-09      137
features.10                      349    -0.697258 2.212813e-07 2.269198e-09      137
features.13                      117    -0.696762 2.376586e-07 1.888030e-09      201
features.12                       84    -0.695064 2.756830e-07 3.942545e-09      201
features.16                      241    -0.664209 1.227700e-06 8.244965e-10      329
features.14                       94    -0.643439 1.115480e-06 1.876321e-09      265
features.8                        86    -0.611841 2.699817e-07 7.297360e-09      137
features.11                      225    -0.604064 3.622231e-07 6.098410e-09      169
features.17                      744    -0.599296 1.016652e-06 1.277331e-11      489
features.10                       99    -0.592510 1.876790e-07 9.858477e-10      137
features.10                      372    -0.590892 1.877890e-07 2.614422e-09      137
features.12                      241    -0.584243 2.307925e-07 1.415368e-09      201
features.14                      224    -0.581757 1.011545e-06 2.177437e-09      265
features.17                      957    -0.580417 9.852628e-07 1.925959e-10      489
features.13                      290    -0.562848 1.931254e-07 3.491018e-09      201
features.8                       257    -0.561245 2.463429e-07 2.244019e-09      137
features.13                      539    -0.560479 1.909387e-07 1.114690e-09      201
features.14                      188    -0.544540 9.388758e-07 7.612183e-10      265
features.8                       316    -0.542475 2.377994e-07 1.136087e-09      137
features.10                      333    -0.539468 1.713585e-07 2.157885e-09      137
features.10                      250    -0.534804 1.694969e-07 1.142839e-09      137
features.14                      214    -0.534155 9.274532e-07 1.787050e-09      265
features.13                      160    -0.533563 1.830321e-07 3.231867e-09      201
features.13                      111    -0.528900 1.808327e-07 2.172775e-09      201
features.13                      350    -0.519148 1.772073e-07 1.632141e-09      201
features.12                      339    -0.506970 1.998427e-07 3.664922e-10      201
features.17                      520    -0.500074 8.498247e-07 4.333679e-10      489
features.10                      192    -0.496516 1.573368e-07 9.942518e-10      137
features.12                       57    -0.487294 1.926420e-07 1.478793e-09      201
features.11                      169    -0.487269 2.917559e-07 2.575580e-09      169
features.10                      280    -0.485965 1.538369e-07 5.627722e-10      137
features.6                       172    -0.473408 8.859541e-08 1.993871e-09       73
features.13                      326    -0.472409 1.610962e-07 1.214965e-09      201
features.10                      263    -0.472080 1.496368e-07 1.058908e-09      137
features.10                      240    -0.470787 1.493170e-07 1.292068e-09      137
features.17                      249    -0.466441 7.921842e-07 2.671016e-10      489
features.17                      816    -0.465035 7.896290e-07 2.188962e-10      489
features.12                       44    -0.463518 1.832667e-07 1.455882e-09      201
features.14                      574    -0.462176 8.059718e-07 2.107273e-09      265
features.8                        36    -0.461322 2.029095e-07 3.285722e-09      137
features.13                      233    -0.460230 1.575330e-07 2.197798e-09      201
features.6                        18    -0.459969 8.613690e-08 3.636073e-09       73
features.8                       383    -0.455708 2.002135e-07 2.476783e-09      137
features.12                      132    -0.453126 1.802533e-07 3.645543e-09      201
features.10                       35    -0.451774 1.433970e-07 1.529039e-09      137
features.12                      455    -0.451694 1.786512e-07 1.539435e-09      201
features.10                       40    -0.450327 1.429097e-07 1.450830e-09      137
features.6                        30    -0.450098 8.428847e-08 3.561837e-09       73
features.8                       360    -0.442167 1.937935e-07 8.067412e-10      137
features.10                       25    -0.441851 1.405093e-07 2.181568e-09      137
features.10                      191    -0.441245 1.397999e-07 8.245092e-10      137
features.13                      556    -0.437786 1.501135e-07 2.542325e-09      201
features.2                        83    -0.437133 2.618135e-07 1.330221e-07       49
features.8                       101    -0.435521 1.924599e-07 6.148566e-09      137
features.14                      288    -0.435290 7.567862e-07 1.615545e-09      265
features.12                      484    -0.435252 1.722697e-07 1.729819e-09      201
features.8                        20    -0.434974 1.908196e-07 1.400400e-09      137
features.8                        95    -0.434571 1.904261e-07 6.640726e-10      137
features.13                      222    -0.431635 1.477954e-07 2.147643e-09      201
features.12                      224    -0.429987 1.696239e-07 5.685384e-10      201
features.12                      475    -0.429733 1.698796e-07 1.290814e-09      201
features.13                      129    -0.429489 1.464406e-07 1.070956e-09      201
features.8                        67    -0.427521 1.889637e-07 6.167762e-09      137
features.8                        92    -0.426108 1.870820e-07 1.886087e-09      137
features.12                       83    -0.425409 1.680684e-07 1.070305e-09      201
features.13                      335    -0.424785 1.452917e-07 1.841614e-09      201
features.10                      190    -0.423740 1.343765e-07 1.113910e-09      137
features.13                      113    -0.420224 1.440555e-07 2.378383e-09      201
features.12                      501    -0.419858 1.657862e-07 8.758597e-10      201
features.12                       53    -0.419788 1.660157e-07 1.397848e-09      201
features.12                       92    -0.417329 1.648133e-07 9.228237e-10      201
features.8                       139    -0.411279 1.802584e-07 7.594176e-10      137
features.8                        93    -0.410010 1.796593e-07 6.122645e-10      137
features.11                      122    -0.408952 2.455730e-07 6.012908e-09      169
features.13                      270    -0.408391 1.392169e-07 9.669361e-10      201
features.17                      146    -0.407809 6.931241e-07 3.799534e-10      489
features.12                      162    -0.407230 1.614260e-07 2.119729e-09      201
features.2                        81    -0.406458 2.424234e-07 9.424744e-08       49
features.10                      316    -0.406341 1.291476e-07 1.824255e-09      137
features.13                      337    -0.402941 1.375281e-07 1.244576e-09      201
features.8                        72    -0.401938 1.766147e-07 2.268408e-09      137
features.12                      520    -0.397345 1.570814e-07 1.203902e-09      201
features.8                       199    -0.396657 1.753342e-07 5.764397e-09      137
features.12                      329    -0.396121 1.564025e-07 8.041590e-10      201
features.17                      896    -0.394807 6.708725e-07 3.245973e-10      489
features.13                      183    -0.392973 1.344977e-07 1.852739e-09      201
features.2                        87    -0.392221 2.360989e-07 1.536145e-07       49
features.12                      460    -0.392071 1.552193e-07 1.639778e-09      201
features.13                      243    -0.390423 1.328095e-07 4.394931e-10      201
features.8                         7    -0.389800 1.708298e-07 6.709472e-10      137
features.11                      214    -0.389521 2.334356e-07 3.183043e-09      169
features.12                      140    -0.388647 1.538926e-07 1.684437e-09      201
features.17                      760    -0.387232 6.574983e-07 1.761570e-10      489
features.6                        67    -0.386776 7.250432e-08 5.282375e-09       73
features.10                       53    -0.385509 1.225883e-07 1.892431e-09      137
features.12                      216    -0.384803 1.521959e-07 1.312984e-09      201
features.2                        56    -0.383161 2.298172e-07 1.261214e-07       49
features.8                       127    -0.382576 1.676417e-07 5.823855e-10      137
features.8                       311    -0.382121 1.674313e-07 5.441701e-10      137
features.8                       382    -0.382102 1.698549e-07 8.788712e-09      137
features.17                      104    -0.381695 6.482862e-07 2.276599e-10      489
features.8                       122    -0.380659 1.668430e-07 7.203985e-10      137
features.9                       306    -0.379211 2.850620e-07 1.417734e-09      137
features.6                        33    -0.378921 7.096705e-08 3.230526e-09       73
features.11                      360    -0.377165 2.270989e-07 8.875943e-09      169
features.13                      314    -0.374959 1.278235e-07 8.931621e-10      201
features.8                       290    -0.372735 1.634077e-07 8.324685e-10      137
features.16                      234    -0.371912 6.876134e-07 5.630001e-10      329
features.10                      228    -0.371455 1.175940e-07 4.468200e-10      137
features.17                      122    -0.370548 6.291064e-07 1.506814e-10      489
features.12                      519    -0.369482 1.464301e-07 1.857208e-09      201
features.12                       54    -0.368978 1.457506e-07 8.816186e-10      201
features.16                      484    -0.365967 6.767007e-07 5.975150e-10      329
features.3                       101    -0.365444 9.045154e-08 4.311199e-08       57
features.12                       96    -0.365387 1.451007e-07 2.432565e-09      201
features.12                      453    -0.363653 1.446315e-07 2.866221e-09      201
features.13                      131    -0.363600 1.241553e-07 1.217093e-09      201
features.10                      212    -0.362559 1.149243e-07 8.207229e-10      137
features.12                      307    -0.362020 1.430117e-07 8.845198e-10      201
features.6                       147    -0.360704 6.762933e-08 5.301928e-09       73
features.13                       99    -0.360444 1.236917e-07 2.262412e-09      201
features.8                        56    -0.358761 1.572575e-07 7.206487e-10      137
features.2                        45    -0.357981 2.142269e-07 1.037348e-07       49
features.16                      307    -0.357819 6.626462e-07 1.141011e-09      329
features.8                       150    -0.356909 1.571270e-07 3.026547e-09      137
features.12                      444    -0.356614 1.411464e-07 1.419515e-09      201
features.14                       31    -0.355941 6.223629e-07 1.887773e-09      265
features.13                      263    -0.354551 1.207267e-07 6.044577e-10      201
features.10                      135    -0.353595 1.119600e-07 4.777715e-10      137
features.14                       55    -0.353323 6.234710e-07 2.786416e-09      265
features.12                      300    -0.352008 1.391157e-07 9.796979e-10      201
features.13                      433    -0.351898 1.198654e-07 6.726287e-10      201
features.2                        25    -0.351843 2.096800e-07 7.668079e-08       49
features.12                      265    -0.351807 1.392954e-07 1.504807e-09      201
features.16                      298    -0.351557 6.504243e-07 7.774530e-10      329
features.8                       175    -0.350770 1.537068e-07 5.414100e-10      137
features.11                      335    -0.350598 2.135609e-07 2.158726e-08      169
features.10                      366    -0.350329 1.116220e-07 2.298324e-09      137
features.12                      456    -0.347921 1.378055e-07 1.587386e-09      201
features.17                      809    -0.347717 5.904436e-07 1.694994e-10      489
features.12                      418    -0.347551 1.383257e-07 2.938831e-09      201
features.8                        98    -0.346501 1.519322e-07 8.611810e-10      137
features.16                      400    -0.346473 6.404022e-07 4.266071e-10      329
features.8                       137    -0.345506 1.520368e-07 2.691190e-09      137
features.9                       174    -0.344591 2.582901e-07 6.257139e-10      137
features.8                       263    -0.343461 1.506932e-07 1.171898e-09      137
features.8                        33    -0.343195 1.505922e-07 1.225046e-09      137
features.11                      377    -0.343126 2.080622e-07 1.598857e-08      169
features.12                      100    -0.339420 1.340442e-07 7.487173e-10      201
features.8                       367    -0.339416 1.487928e-07 7.318317e-10      137
features.12                      572    -0.339125 1.349052e-07 2.731012e-09      201
features.12                      533    -0.338455 1.347513e-07 2.954401e-09      201
features.11                       23    -0.338453 2.025483e-07 1.231682e-09      169
features.8                       371    -0.338308 1.488777e-07 2.663567e-09      137
features.16                      353    -0.337603 6.239508e-07 3.843655e-10      329
features.8                       321    -0.337547 1.493551e-07 5.411392e-09      137
features.8                       213    -0.337440 1.480418e-07 1.118047e-09      137
features.14                      328    -0.337130 5.908213e-07 2.004573e-09      265
features.12                      218    -0.335999 1.327601e-07 8.770069e-10      201
features.13                      274    -0.335903 1.149672e-07 1.587729e-09      201
features.11                      340    -0.335839 2.020730e-07 7.130308e-09      169
features.14                      560    -0.335570 5.893008e-07 2.190232e-09      265
features.12                      380    -0.333236 1.316029e-07 7.367563e-10      201
features.6                        64    -0.332102 6.215367e-08 1.483231e-09       73
features.12                      332    -0.331320 1.313037e-07 1.660559e-09      201
features.10                      219    -0.330866 1.053216e-07 1.910551e-09      137
features.10                      194    -0.329141 1.044709e-07 1.110487e-09      137
features.11                      357    -0.328571 1.967363e-07 1.749301e-09      169
features.13                      267    -0.328356 1.119752e-07 8.486607e-10      201
features.12                      358    -0.326217 1.289816e-07 1.027044e-09      201
features.2                        36    -0.326150 1.955592e-07 1.055315e-07       49
features.11                      215    -0.325762 1.951230e-07 2.105677e-09      169
features.15                      629    -0.324065 8.283719e-07 7.179453e-10      329
features.13                      349    -0.323935 1.107823e-07 1.378628e-09      201
features.7                       174    -0.323164 8.412151e-07 1.525908e-08      105
features.13                      212    -0.322982 1.104309e-07 1.330321e-09      201
features.9                        41    -0.322453 2.422956e-07 1.116802e-09      137
features.8                        88    -0.319998 1.420232e-07 6.597324e-09      137
features.14                      363    -0.319572 5.637825e-07 2.499259e-09      265
features.1                         2    -0.319432 7.806932e-08 4.228028e-06       25
features.17                       47    -0.318742 5.414583e-07 2.164469e-10      489
features.14                      515    -0.317897 5.603069e-07 2.402577e-09      265
features.12                      367    -0.317785 1.254037e-07 5.055324e-10      201
features.2                        40    -0.317674 1.888168e-07 5.476228e-08       49
features.14                      314    -0.317101 5.620816e-07 2.906622e-09      265
features.14                      436    -0.316543 5.525282e-07 1.526922e-09      265
features.10                      321    -0.316120 1.001007e-07 4.446233e-10      137
features.2                        64    -0.314978 1.865902e-07 3.624500e-08       49
features.12                      144    -0.314545 1.243985e-07 1.055163e-09      201
features.8                       160    -0.314485 1.378122e-07 5.033869e-10      137
features.8                       343    -0.314426 1.377459e-07 3.662692e-10      137
features.14                      393    -0.314215 5.573923e-07 2.948477e-09      265
features.10                      152    -0.313696 9.971533e-08 1.442971e-09      137
features.5                       189    -0.313541 1.702818e-07 2.652114e-08       73
features.10                       13    -0.310900 9.892265e-08 1.682059e-09      137
features.11                      322    -0.308835 1.852822e-07 3.613115e-09      169
features.14                      343    -0.307969 5.345782e-07 1.006710e-09      265
features.7                         0    -0.307896 8.231366e-07 2.071233e-08      105
features.12                      511    -0.307376 1.214890e-07 8.799658e-10      201
features.10                       29    -0.306541 9.716214e-08 6.794084e-10      137
features.12                      433    -0.306379 1.215177e-07 1.735165e-09      201
features.13                      249    -0.306334 1.046046e-07 1.031269e-09      201
features.12                      246    -0.306149 1.209773e-07 8.225745e-10      201
features.8                       378    -0.305966 1.353812e-07 4.904543e-09      137
features.12                      486    -0.305872 1.210426e-07 1.176421e-09      201
features.12                      181    -0.305839 1.209555e-07 1.025897e-09      201
features.6                        38    -0.303988 5.692126e-08 2.238191e-09       73
features.17                       94    -0.302795 5.142722e-07 1.783660e-10      489
features.12                      178    -0.302589 1.202972e-07 2.287283e-09      201
features.13                      172    -0.302249 1.034314e-07 1.398700e-09      201
features.13                      171    -0.302188 1.034181e-07 1.411238e-09      201
features.14                      140    -0.302132 5.238947e-07 8.990322e-10      265
features.8                       198    -0.302061 1.323518e-07 4.294362e-10      137
features.7                        71    -0.301116 8.095681e-07 2.155524e-08      105
features.8                       153    -0.301091 1.319011e-07 3.410357e-10      137
features.14                       27    -0.300540 5.341985e-07 2.991150e-09      265
features.8                       243    -0.300532 1.317041e-07 5.039948e-10      137
features.2                         0    -0.300443 1.774845e-07 2.024761e-08       49
features.16                      850    -0.300423 5.547591e-07 7.970627e-11      329
features.12                      390    -0.299709 1.181368e-07 2.053375e-10      201
features.11                      121    -0.299480 1.823070e-07 1.780850e-08      169
features.12                       88    -0.298512 1.181567e-07 1.202145e-09      201
features.17                      156    -0.298475 5.077837e-07 4.159361e-10      489
features.12                      479    -0.297483 1.191124e-07 3.963741e-09      201
features.17                      480    -0.297197 5.055867e-07 4.079644e-10      489
features.8                       170    -0.297175 1.305051e-07 1.419802e-09      137
features.12                      234    -0.297158 1.183591e-07 2.695037e-09      201
features.13                      321    -0.296654 1.016777e-07 1.649791e-09      201
features.13                      207    -0.296582 1.025232e-07 3.144629e-09      201
features.14                      296    -0.295310 5.211057e-07 2.329567e-09      265
features.6                        45    -0.295116 5.522705e-08 1.180366e-09       73
features.11                      290    -0.295079 1.771730e-07 4.232001e-09      169
features.8                       240    -0.294634 1.300792e-07 3.747279e-09      137
features.13                      557    -0.294454 1.012291e-07 2.162132e-09      201
features.10                      199    -0.293908 9.316818e-08 6.782354e-10      137
features.11                      194    -0.293459 1.759378e-07 2.784240e-09      169
features.13                      293    -0.292891 1.007671e-07 2.280473e-09      201
features.17                      425    -0.291537 4.949765e-07 1.222934e-10      489
features.12                       82    -0.291058 1.153089e-07 1.380319e-09      201
features.14                      555    -0.290534 5.065475e-07 1.308035e-09      265
features.13                      230    -0.290514 1.000263e-07 2.393890e-09      201
features.12                      434    -0.290141 1.162487e-07 4.019530e-09      201
features.10                      226    -0.289065 9.175152e-08 9.772496e-10      137
features.17                      479    -0.288906 4.916532e-07 4.447218e-10      489
features.12                      483    -0.288866 1.142781e-07 1.040003e-09      201
features.12                        6    -0.288604 1.140707e-07 8.293028e-10      201
features.13                      375    -0.288008 9.802396e-08 4.148060e-10      201
features.14                      572    -0.287551 5.002191e-07 1.113696e-09      265
features.14                      405    -0.287363 5.002173e-07 1.165150e-09      265
features.13                       58    -0.286916 9.826491e-08 1.466408e-09      201
features.1                        19    -0.286460 7.010570e-08 4.683520e-06       25
features.12                      284    -0.286396 1.131892e-07 8.048833e-10      201
features.11                      270    -0.286061 1.727352e-07 9.400136e-09      169
features.2                        30    -0.285762 1.697249e-07 4.566371e-08       49
features.16                       11    -0.285585 5.285569e-07 7.348226e-10      329
features.6                       156    -0.285462 5.351484e-08 3.977142e-09       73
features.8                       363    -0.285312 1.253988e-07 1.714404e-09      137
features.13                      573    -0.284624 9.766966e-08 1.780500e-09      201
features.10                      225    -0.284616 9.021173e-08 6.280029e-10      137
features.14                      557    -0.283531 4.980427e-07 1.871188e-09      265
features.14                      554    -0.283168 5.042924e-07 2.974175e-09      265
features.11                      103    -0.283126 1.700763e-07 4.493932e-09      169
features.12                      175    -0.282801 1.116307e-07 5.155654e-10      201
features.16                      684    -0.282731 5.232239e-07 7.003042e-10      329
features.11                       74    -0.282637 1.698085e-07 4.626590e-09      169
features.12                      441    -0.282356 1.114114e-07 4.255928e-10      201
features.10                      288    -0.282019 8.934044e-08 4.962177e-10      137
features.15                      488    -0.281293 7.193804e-07 7.575409e-10      329
features.10                      104    -0.280879 8.929949e-08 1.333045e-09      137
features.9                        46    -0.280665 2.101633e-07 3.228644e-10      137
features.16                      881    -0.279995 5.181129e-07 6.669250e-10      329
features.8                       239    -0.279731 1.233374e-07 3.007782e-09      137
features.15                      460    -0.279464 7.140861e-07 5.092728e-10      329
features.14                      522    -0.279391 4.962737e-07 2.727006e-09      265
features.13                        7    -0.279039 9.503310e-08 5.079757e-10      201
features.6                       126    -0.278769 5.230913e-08 5.355951e-09       73
features.12                      395    -0.278656 1.116077e-07 3.781065e-09      201
features.12                      272    -0.278596 1.103034e-07 1.182302e-09      201
features.11                      359    -0.278357 1.669678e-07 3.097606e-09      169
features.8                        52    -0.277698 1.231230e-07 5.297734e-09      137
features.12                      251    -0.277230 1.100996e-07 1.860311e-09      201
features.17                      258    -0.276936 4.710549e-07 3.617786e-10      489
features.16                       70    -0.276737 5.124783e-07 8.758764e-10      329
features.10                       39    -0.276701 8.791883e-08 1.176076e-09      137
features.8                       373    -0.276691 1.212341e-07 3.894358e-10      137
features.8                       236    -0.276329 1.228332e-07 6.346539e-09      137
features.14                      514    -0.275511 4.918094e-07 3.078895e-09      265
features.14                      443    -0.275444 4.865937e-07 2.260119e-09      265
features.14                      375    -0.274961 4.920288e-07 3.265388e-09      265
features.10                       67    -0.274807 8.715131e-08 7.341590e-10      137
features.17                      845    -0.274656 4.670994e-07 3.371060e-10      489
features.13                      446    -0.274489 9.377814e-08 1.006404e-09      201
features.13                      334    -0.273828 9.339679e-08 7.364787e-10      201
features.6                        62    -0.273622 5.193575e-08 2.306264e-08       73
features.16                      242    -0.273553 5.058869e-07 4.834312e-10      329
features.14                      244    -0.273542 4.776998e-07 1.356415e-09      265
features.12                      269    -0.273487 1.082065e-07 1.010683e-09      201
features.12                      557    -0.273471 1.084071e-07 1.430054e-09      201
features.10                      362    -0.273169 8.666909e-08 8.273461e-10      137
features.14                       79    -0.273119 4.791904e-07 1.712082e-09      265
features.11                       73    -0.272870 1.634248e-07 1.670713e-09      169
features.6                       179    -0.272446 5.166480e-08 2.152570e-08       73
features.11                        3    -0.272419 1.651875e-07 1.269334e-08      169
features.16                      177    -0.272278 5.042120e-07 8.567386e-10      329
features.11                      134    -0.272088 1.633027e-07 3.543012e-09      169
features.8                       178    -0.271880 1.192337e-07 7.463682e-10      137
features.14                      302    -0.271864 4.736333e-07 1.165613e-09      265
features.11                      348    -0.271515 1.628008e-07 2.678628e-09      169
features.12                      542    -0.270709 1.080877e-07 2.989222e-09      201
features.12                      470    -0.270657 1.068061e-07 4.301686e-10      201
features.13                      457    -0.270614 9.217250e-08 5.075729e-10      201
features.13                      343    -0.270423 9.251964e-08 1.216059e-09      201
features.17                       60    -0.270041 4.590554e-07 2.762233e-10      489
features.10                       37    -0.269855 8.556664e-08 6.829750e-10      137
features.16                      889    -0.269826 4.989598e-07 4.573475e-10      329
features.14                      371    -0.269584 4.675692e-07 8.200755e-10      265
features.2                        15    -0.269543 1.596192e-07 2.941787e-08       49
features.12                       31    -0.269419 1.073090e-07 2.440412e-09      201
features.13                      384    -0.269067 9.176254e-08 7.059450e-10      201
features.14                      469    -0.268041 4.696978e-07 1.586576e-09      265
features.12                      499    -0.268034 1.059985e-07 8.874910e-10      201
features.14                      392    -0.268032 4.722635e-07 2.000825e-09      265
features.13                      572    -0.267894 9.148344e-08 9.108784e-10      201
features.8                        23    -0.267838 1.173707e-07 4.294184e-10      137
features.17                      577    -0.267523 4.551142e-07 3.696022e-10      489
features.7                       176    -0.267288 6.973960e-07 1.308536e-08      105
features.14                      298    -0.267152 4.637235e-07 8.726040e-10      265
features.14                      427    -0.266955 4.668136e-07 1.422846e-09      265
features.9                        17    -0.266588 2.008129e-07 1.362753e-09      137
features.17                      629    -0.266553 4.534785e-07 3.721444e-10      489
features.14                      449    -0.266428 4.743367e-07 2.775245e-09      265
features.6                       152    -0.266023 4.978253e-08 1.057677e-09       73
features.14                      420    -0.265694 4.682714e-07 2.003793e-09      265
features.8                       314    -0.265661 1.163687e-07 2.627980e-10      137
features.14                      451    -0.265495 4.712440e-07 2.535837e-09      265
features.12                      387    -0.265217 1.046469e-07 3.962630e-10      201
features.13                      190    -0.264948 9.154464e-08 2.735371e-09      201
features.2                        91    -0.264582 1.571881e-07 4.351576e-08       49
features.12                      399    -0.264373 1.050093e-07 1.806175e-09      201
features.12                      458    -0.263759 1.041769e-07 6.079192e-10      201
features.9                       120    -0.263595 1.982140e-07 1.041738e-09      137
features.14                      541    -0.263515 4.566211e-07 7.340625e-10      265
features.17                      206    -0.263455 4.481766e-07 3.588870e-10      489
features.17                      505    -0.263313 4.473796e-07 2.016760e-10      489
features.16                      355    -0.263112 4.869639e-07 6.770362e-10      329
features.8                       181    -0.261775 1.167185e-07 7.214534e-09      137
features.11                      109    -0.261405 1.563954e-07 7.159896e-10      169
features.13                        5    -0.260739 8.875764e-08 4.006807e-10      201
features.11                      306    -0.260473 1.590634e-07 1.821105e-08      169
features.10                       72    -0.260307 8.304200e-08 1.977313e-09      137
features.9                       136    -0.259873 1.960220e-07 1.565349e-09      137
features.14                      149    -0.259754 4.519049e-07 1.012601e-09      265
features.15                      903    -0.259032 6.621402e-07 5.756149e-10      329
features.14                      380    -0.258659 4.528400e-07 1.464205e-09      265
features.16                      813    -0.258111 4.776142e-07 6.131296e-10      329
features.11                       86    -0.258088 1.547185e-07 2.377374e-09      169
features.13                      215    -0.257367 8.773876e-08 6.175221e-10      201
features.15                      833    -0.257262 6.586794e-07 9.901662e-10      329
features.14                      131    -0.256887 4.443859e-07 5.951043e-10      265
features.12                      574    -0.256812 1.018919e-07 1.522827e-09      201
features.14                      116    -0.256659 4.545527e-07 2.289551e-09      265
features.13                      107    -0.256640 8.773952e-08 1.042776e-09      201
features.10                      131    -0.256316 8.127726e-08 6.586513e-10      137
features.14                      292    -0.254702 4.559157e-07 3.047368e-09      265
features.10                       14    -0.254692 8.076974e-08 6.742883e-10      137
features.12                      260    -0.253781 1.011103e-07 2.359204e-09      201
features.2                         8    -0.253771 1.530993e-07 1.092586e-07       49
features.17                       29    -0.253360 4.303850e-07 1.701246e-10      489
features.14                      505    -0.253230 4.362249e-07 2.922864e-10      265
features.11                       71    -0.253153 1.537089e-07 1.290153e-08      169
features.17                      781    -0.252817 4.301780e-07 3.723082e-10      489
features.10                      357    -0.252388 8.039273e-08 1.594809e-09      137
features.13                       53    -0.252299 8.606894e-08 7.047299e-10      201
features.15                      676    -0.252151 6.440421e-07 3.600151e-10      329
features.11                      309    -0.251813 1.544257e-07 2.113456e-08      169
features.11                      150    -0.251754 1.512611e-07 4.160876e-09      169
features.14                       42    -0.250950 4.413169e-07 1.737230e-09      265
features.12                      364    -0.250791 9.991098e-08 2.314615e-09      201
features.12                      315    -0.250772 9.925556e-08 1.000346e-09      201
features.6                        68    -0.250590 4.690813e-08 1.409406e-09       73
features.6                       164    -0.250401 4.688862e-08 1.883919e-09       73
features.17                      803    -0.250328 4.250120e-07 1.054679e-10      489
features.15                      561    -0.250188 6.392017e-07 4.259298e-10      329
features.16                       27    -0.249410 4.625971e-07 1.188473e-09      329
features.13                       74    -0.249148 8.549949e-08 1.565017e-09      201
features.17                       98    -0.249108 4.237510e-07 3.338274e-10      489
features.12                      544    -0.248751 9.814915e-08 3.698863e-10      201
features.17                      637    -0.248746 4.230182e-07 3.004884e-10      489
features.17                       20    -0.248738 4.233070e-07 3.862096e-10      489
features.13                      536    -0.248332 8.446023e-08 2.546598e-10      201
features.16                      173    -0.248287 4.599657e-07 8.811439e-10      329
features.17                      881    -0.247884 4.218966e-07 3.966937e-10      489
features.14                       54    -0.247865 4.311809e-07 9.598718e-10      265
features.13                      484    -0.247317 8.612109e-08 3.701973e-09      201
features.16                      610    -0.247239 4.568585e-07 2.354640e-10      329
features.16                      287    -0.246998 4.571610e-07 6.466904e-10      329
features.12                      402    -0.246526 9.872357e-08 3.313614e-09      201
features.14                      233    -0.245865 4.229586e-07 1.907684e-10      265
features.16                      928    -0.245467 4.541831e-07 5.639015e-10      329
features.10                      310    -0.245236 7.764356e-08 3.150803e-10      137
features.16                      878    -0.245121 4.531715e-07 3.581009e-10      329
features.16                      530    -0.245067 4.537949e-07 7.569066e-10      329
features.14                      212    -0.245003 4.271925e-07 1.107750e-09      265
features.12                      335    -0.244970 9.695774e-08 9.743392e-10      201
features.12                      125    -0.244717 9.795085e-08 3.191143e-09      201
features.8                       255    -0.243986 1.076696e-07 2.937586e-09      137
features.13                      194    -0.243985 8.336603e-08 9.104091e-10      201
features.12                      419    -0.243660 9.656878e-08 1.231882e-09      201
features.14                      332    -0.243566 4.292888e-07 1.839700e-09      265
features.13                      414    -0.243270 8.320183e-08 1.045609e-09      201
features.8                       357    -0.242414 1.062627e-07 5.007396e-10      137
features.8                       322    -0.242274 1.063317e-07 9.427292e-10      137
features.13                      491    -0.242088 8.253094e-08 5.820430e-10      201
features.15                      865    -0.241789 6.179638e-07 4.982585e-10      329
features.14                      552    -0.241763 4.269774e-07 1.965232e-09      265
features.13                      268    -0.241740 8.270619e-08 1.086597e-09      201
features.14                       85    -0.241433 4.214235e-07 1.164625e-09      265
features.14                      134    -0.241058 4.340351e-07 3.291992e-09      265
features.6                         5    -0.240977 4.524184e-08 5.356491e-09       73
features.14                      272    -0.240654 4.154494e-07 4.201931e-10      265
features.11                      140    -0.240514 1.440207e-07 1.333755e-09      169
features.14                      470    -0.240255 4.184724e-07 1.015286e-09      265
features.14                      208    -0.240208 4.209843e-07 1.431381e-09      265
features.14                      241    -0.239198 4.260798e-07 2.527280e-09      265
features.6                        85    -0.239197 4.507566e-08 1.036656e-08       73
features.16                      387    -0.239180 4.422066e-07 3.598730e-10      329
features.12                      153    -0.238735 9.431560e-08 5.952875e-10      201
features.17                      624    -0.238469 4.053951e-07 2.466730e-10      489
features.10                      106    -0.237682 7.527301e-08 3.606709e-10      137
features.15                      408    -0.237409 6.067635e-07 4.862504e-10      329
features.10                      195    -0.237388 7.519333e-08 3.949329e-10      137
features.12                      368    -0.237238 9.395011e-08 1.050187e-09      201
features.14                      452    -0.236670 4.167405e-07 1.724301e-09      265
features.15                      781    -0.236403 6.050773e-07 8.332534e-10      329
features.14                      329    -0.236149 4.248154e-07 3.163980e-09      265
features.15                      367    -0.235925 6.028766e-07 4.464863e-10      329
features.17                      795    -0.235904 4.006240e-07 1.279812e-10      489
features.14                      536    -0.235877 4.190859e-07 2.319305e-09      265
features.14                      548    -0.235596 4.184663e-07 2.297147e-09      265
features.14                      348    -0.235502 4.230194e-07 3.053640e-09      265
features.17                      361    -0.234885 3.993548e-07 2.576891e-10      489
features.10                      153    -0.234698 7.436608e-08 4.559430e-10      137
features.11                      110    -0.234611 1.414651e-07 6.611701e-09      169
features.16                      529    -0.234123 4.336676e-07 7.983082e-10      329
features.14                      453    -0.234030 4.144753e-07 2.087587e-09      265
features.9                       100    -0.233768 1.759063e-07 1.031068e-09      137
features.2                        88    -0.233424 1.383269e-07 2.826420e-08       49
features.17                      562    -0.233157 3.966948e-07 3.345167e-10      489
features.11                       47    -0.233074 1.411218e-07 9.734294e-09      169
features.10                       59    -0.232933 7.443676e-08 2.103551e-09      137
features.12                      516    -0.232764 9.181894e-08 3.014412e-10      201
features.14                      387    -0.232709 4.107605e-07 1.855071e-09      265
features.9                       379    -0.232496 1.747172e-07 8.202692e-10      137
features.13                      103    -0.232340 7.914526e-08 4.516436e-10      201
features.16                      532    -0.231859 4.288956e-07 4.720782e-10      329
features.16                       72    -0.231782 4.290288e-07 6.246068e-10      329
features.11                      346    -0.231582 1.396242e-07 6.447521e-09      169
features.8                       317    -0.231551 1.028884e-07 5.181768e-09      137
features.16                      194    -0.231343 4.275800e-07 2.730387e-10      329
features.2                        80    -0.231335 1.371229e-07 2.900025e-08       49
features.14                       47    -0.231295 4.161706e-07 3.112800e-09      265
features.6                       143    -0.231226 4.327765e-08 1.129625e-09       73
features.17                      269    -0.230993 3.932737e-07 4.051615e-10      489
features.17                      540    -0.230895 3.925446e-07 2.458355e-10      489
features.17                      685    -0.230795 3.920912e-07 1.655158e-10      489
features.14                      250    -0.230783 4.106882e-07 2.373939e-09      265
features.16                      762    -0.230753 4.267919e-07 4.379842e-10      329
features.14                      179    -0.230652 4.141760e-07 2.969808e-09      265
features.14                      569    -0.230538 4.110923e-07 2.506308e-09      265
features.13                       60    -0.230343 7.872932e-08 9.019334e-10      201
features.13                      150    -0.229909 7.839094e-08 5.736253e-10      201
features.12                      513    -0.229740 9.124561e-08 1.554662e-09      201
features.10                      260    -0.229561 7.322225e-08 1.714363e-09      137
features.11                      200    -0.229303 1.377289e-07 3.557187e-09      169
features.13                      348    -0.229250 7.835005e-08 8.876828e-10      201
features.16                      514    -0.229117 4.237247e-07 4.123276e-10      329
features.13                       18    -0.229023 7.863979e-08 1.518557e-09      201
features.17                      861    -0.229022 3.896448e-07 3.245599e-10      489
features.16                      838    -0.228735 4.230183e-07 4.117873e-10      329
features.14                       22    -0.228538 4.040693e-07 1.929534e-09      265
features.12                      507    -0.228510 9.025625e-08 5.301304e-10      201
features.8                        65    -0.228454 1.002434e-07 8.113024e-10      137
features.12                      497    -0.228260 9.022420e-08 6.650445e-10      201
features.9                       259    -0.228178 1.751420e-07 4.059019e-09      137
features.11                      333    -0.228088 1.367574e-07 2.226285e-09      169
features.7                       168    -0.228000 6.306275e-07 2.134732e-08      105
features.17                      830    -0.227672 3.875118e-07 3.690048e-10      489
features.14                      199    -0.227598 4.036101e-07 2.114690e-09      265
features.4                       113    -0.227554 3.257741e-07 3.226895e-08       65
features.12                      478    -0.227522 8.980012e-08 3.941194e-10      201
features.15                      819    -0.227421 5.813536e-07 5.118822e-10      329
features.16                      138    -0.227392 4.210978e-07 7.192831e-10      329
features.14                      169    -0.227153 4.086754e-07 3.050128e-09      265
features.13                        3    -0.226112 7.716471e-08 6.818440e-10      201
features.12                      436    -0.226050 8.987116e-08 1.714483e-09      201
features.14                      422    -0.226020 3.915217e-07 6.091053e-10      265
features.11                      249    -0.225496 1.349991e-07 1.092562e-09      169
features.11                      129    -0.225422 1.381447e-07 1.839747e-08      169
features.12                      415    -0.225288 8.903611e-08 6.290363e-10      201
features.11                      137    -0.224974 1.374282e-07 1.596210e-08      169
features.9                        66    -0.224831 1.694424e-07 1.223509e-09      137
features.12                      150    -0.224573 8.870852e-08 5.359391e-10      201
features.9                       242    -0.224459 1.700820e-07 2.037268e-09      137
features.13                      358    -0.224453 7.694000e-08 1.263873e-09      201
features.14                      566    -0.224333 3.903275e-07 8.818322e-10      265
features.13                      344    -0.223532 7.809175e-08 3.781244e-09      201
features.16                      372    -0.223516 4.131776e-07 2.986356e-10      329
features.17                      449    -0.223339 3.796307e-07 2.186269e-10      489
features.17                      721    -0.222830 3.786067e-07 1.731163e-10      489
features.11                      197    -0.222791 1.335100e-07 1.786835e-09      169
features.11                      173    -0.222737 1.350162e-07 1.013217e-08      169
features.17                      801    -0.222314 3.780303e-07 2.579610e-10      489
features.9                       372    -0.222118 1.687111e-07 2.373363e-09      137
features.16                      848    -0.221940 4.103744e-07 3.569204e-10      329
features.13                      492    -0.221918 7.618347e-08 1.442916e-09      201
features.9                       208    -0.221449 1.660080e-07 4.198960e-10      137
features.14                      502    -0.221252 3.868856e-07 1.177822e-09      265
features.17                      297    -0.221223 3.765274e-07 3.561609e-10      489
features.14                      184    -0.221219 3.826452e-07 5.062077e-10      265
features.12                      203    -0.221002 8.721884e-08 3.668124e-10      201
features.10                      143    -0.220708 7.017285e-08 1.056584e-09      137
features.9                       337    -0.220435 1.671520e-07 2.106429e-09      137
features.17                      492    -0.220285 3.748321e-07 3.269395e-10      489
features.10                      322    -0.220083 6.970607e-08 3.511994e-10      137
features.11                       87    -0.220019 1.316770e-07 8.316613e-10      169
features.13                      561    -0.219723 7.528256e-08 1.175327e-09      201
features.15                      575    -0.219569 5.639107e-07 1.529360e-09      329
features.16                      629    -0.219569 4.064755e-07 6.208371e-10      329
features.13                      503    -0.219496 7.455423e-08 5.558667e-11      201
features.17                       84    -0.219463 3.734447e-07 3.286041e-10      489
features.4                         7    -0.219425 3.253600e-07 4.447338e-08       65
features.16                      318    -0.218959 4.047189e-07 2.735079e-10      329
features.14                      194    -0.218947 3.838704e-07 1.328414e-09      265
features.17                      209    -0.218871 3.719700e-07 1.955036e-10      489
features.13                      395    -0.218788 7.508893e-08 1.387793e-09      201
features.13                      440    -0.218609 7.513884e-08 1.578401e-09      201
features.14                      344    -0.218507 3.952576e-07 3.277214e-09      265
features.14                      251    -0.218276 3.830484e-07 1.381181e-09      265
features.16                      793    -0.218232 4.040342e-07 6.350013e-10      329
features.11                      106    -0.218072 1.307471e-07 2.102186e-09      169
features.13                      220    -0.218065 7.447711e-08 7.579480e-10      201
features.14                      216    -0.217990 3.850857e-07 1.787039e-09      265
features.7                       130    -0.217639 5.955108e-07 1.853673e-08      105
features.14                      237    -0.217534 3.777850e-07 7.407323e-10      265
features.17                      463    -0.217496 3.698043e-07 2.426968e-10      489
features.16                      184    -0.217495 4.020674e-07 3.015337e-10      329
features.16                      471    -0.217445 4.017080e-07 1.547668e-10      329
features.15                      573    -0.217346 5.564123e-07 8.097606e-10      329
features.15                       68    -0.217313 5.557626e-07 5.870400e-10      329
features.17                      620    -0.217201 3.695729e-07 3.190287e-10      489
features.14                      454    -0.217194 3.884622e-07 2.547966e-09      265
features.12                      101    -0.217149 8.580156e-08 5.695515e-10      201
features.17                      840    -0.216994 3.692917e-07 3.386749e-10      489
features.9                       234    -0.216758 1.647096e-07 2.377563e-09      137
features.14                      206    -0.216756 3.836205e-07 1.891637e-09      265
features.8                       259    -0.216460 9.480624e-08 1.785605e-10      137
features.8                       112    -0.216324 9.479757e-08 3.505375e-10      137
features.16                      802    -0.216235 4.003376e-07 6.297919e-10      329
features.11                      102    -0.215990 1.297852e-07 3.633885e-09      169
features.15                      300    -0.215804 5.528214e-07 9.443691e-10      329
features.13                      374    -0.215767 7.509978e-08 3.169764e-09      201
features.9                       271    -0.215328 1.657011e-07 4.205116e-09      137
features.13                      155    -0.215303 7.357336e-08 8.166204e-10      201
features.14                       71    -0.215176 3.829273e-07 2.215250e-09      265
features.9                        29    -0.214976 1.630636e-07 2.099377e-09      137
features.13                       41    -0.214916 7.398251e-08 1.745741e-09      201
features.15                      596    -0.214896 5.499697e-07 7.333563e-10      329
features.14                      358    -0.214813 3.821777e-07 2.194996e-09      265
features.15                      360    -0.214547 5.485831e-07 5.379640e-10      329
features.17                      325    -0.214388 3.642461e-07 1.620518e-10      489
features.10                      167    -0.213871 6.793771e-08 8.633798e-10      137
features.17                      482    -0.213604 3.626744e-07 9.376618e-11      489
features.9                        37    -0.213587 1.607797e-07 9.950949e-10      137
features.14                      170    -0.213368 3.787042e-07 2.035298e-09      265
features.7                        50    -0.213210 5.528378e-07 9.451635e-09      105
features.11                      266    -0.212670 1.277722e-07 3.480798e-09      169
features.16                      454    -0.212246 3.932457e-07 7.798769e-10      329
features.14                      138    -0.212159 3.649686e-07 1.637529e-10      265
features.14                      190    -0.211495 3.673525e-07 7.291678e-10      265
features.17                      339    -0.211362 3.592948e-07 2.131797e-10      489
features.16                      270    -0.211297 3.904710e-07 2.164324e-10      329
features.14                      537    -0.211228 3.808165e-07 2.963614e-09      265
features.2                        77    -0.211099 1.257781e-07 4.526762e-08       49
features.17                      773    -0.211052 3.590316e-07 2.878626e-10      489
features.12                       14    -0.210844 8.323593e-08 4.026211e-10      201
features.13                      211    -0.210811 7.256549e-08 1.705824e-09      201
features.12                      275    -0.210692 8.322484e-08 5.012596e-10      201
features.10                      379    -0.210675 6.713917e-08 1.418154e-09      137
features.2                        41    -0.210547 1.284748e-07 1.326588e-07       49
features.14                      369    -0.210407 3.640877e-07 5.046276e-10      265
features.16                      609    -0.210398 3.894814e-07 5.853242e-10      329
features.15                       40    -0.209950 5.367891e-07 5.109395e-10      329
features.10                      369    -0.209753 6.680013e-08 1.293489e-09      137
features.14                      118    -0.209706 3.796152e-07 3.189864e-09      265
features.11                      288    -0.209458 1.277639e-07 1.385319e-08      169
features.8                        21    -0.209228 9.178100e-08 6.541230e-10      137
features.13                      393    -0.209127 7.144295e-08 7.586026e-10      201
features.14                      231    -0.209085 3.651802e-07 1.043895e-09      265
features.11                      111    -0.208422 1.257626e-07 6.353938e-09      169
features.17                      280    -0.208321 3.539231e-07 1.532464e-10      489
features.16                      437    -0.208136 3.851293e-07 4.884480e-10      329
features.17                      515    -0.208046 3.540048e-07 3.081251e-10      489
features.13                      235    -0.207989 7.102253e-08 7.004076e-10      201
features.17                      306    -0.207944 3.537239e-07 2.778635e-10      489
features.7                       181    -0.207565 5.440060e-07 1.085553e-08      105
features.12                      378    -0.207511 8.200742e-08 5.732204e-10      201
features.16                      383    -0.207338 3.833454e-07 3.179006e-10      329
features.17                       74    -0.207297 3.529084e-07 3.573320e-10      489
features.13                      472    -0.207036 7.064546e-08 6.080561e-10      201
features.14                      531    -0.206911 3.632531e-07 1.333268e-09      265
features.14                       61    -0.206834 3.585483e-07 5.992645e-10      265
features.17                        5    -0.206691 3.520701e-07 4.111175e-10      489
features.17                      687    -0.206587 3.509794e-07 1.524453e-10      489
features.11                      248    -0.206507 1.242809e-07 4.527519e-09      169
features.6                       185    -0.206299 3.889924e-08 9.634339e-09       73
features.13                      310    -0.205597 7.034546e-08 9.324977e-10      201
features.17                      741    -0.205433 3.493508e-07 2.454141e-10      489
features.12                      204    -0.205376 8.139771e-08 1.042092e-09      201
features.14                      235    -0.205355 3.734892e-07 3.404617e-09      265
features.12                       28    -0.205285 8.132879e-08 9.747583e-10      201
features.16                      578    -0.205130 3.794787e-07 4.325425e-10      329
features.16                      627    -0.205060 3.799950e-07 7.885664e-10      329
features.9                       143    -0.204758 1.551789e-07 1.881027e-09      137
features.14                      499    -0.204458 3.658475e-07 2.425138e-09      265
features.15                      582    -0.204441 5.228016e-07 5.357289e-10      329
features.13                      523    -0.204181 6.986463e-08 9.320731e-10      201
features.14                       15    -0.203877 3.560262e-07 1.008563e-09      265
features.14                       19    -0.203776 3.616654e-07 1.941447e-09      265
features.16                      460    -0.203719 3.766145e-07 2.896321e-10      329
features.12                      182    -0.203349 8.030354e-08 4.419445e-10      201
features.17                      841    -0.202856 3.448228e-07 2.012686e-10      489
features.11                      280    -0.202830 1.240871e-07 1.539781e-08      169
features.17                      943    -0.202709 3.447676e-07 2.562632e-10      489
features.14                      489    -0.202573 3.486892e-07 1.900702e-10      265
features.10                        3    -0.202527 6.418728e-08 4.326368e-10      137
features.17                      289    -0.202400 3.446868e-07 3.815519e-10      489
features.14                      399    -0.202247 3.589757e-07 1.930924e-09      265
features.6                       184    -0.202201 3.793357e-08 3.645561e-09       73
features.14                      426    -0.201944 3.489219e-07 4.007856e-10      265
features.7                       170    -0.201643 5.632124e-07 2.044339e-08      105
features.10                      174    -0.201630 6.383011e-08 2.391884e-10      137
features.13                      481    -0.201495 6.924425e-08 1.433625e-09      201
features.17                      451    -0.200831 3.414980e-07 2.326369e-10      489
features.9                       275    -0.200532 1.514898e-07 1.410591e-09      137
features.11                       83    -0.200520 1.199626e-07 5.147998e-10      169
features.7                       184    -0.200470 5.159046e-07 7.775117e-09      105
features.15                      572    -0.200386 5.126103e-07 5.954220e-10      329
features.17                      132    -0.200199 3.409139e-07 3.703909e-10      489
features.14                       67    -0.199471 3.482853e-07 9.793811e-10      265
features.13                      386    -0.199434 6.790591e-08 3.355279e-10      201
features.7                       151    -0.199345 5.341594e-07 1.375981e-08      105
features.14                      457    -0.199017 3.583018e-07 2.711899e-09      265
features.17                      303    -0.198924 3.389483e-07 4.265380e-10      489
features.13                      365    -0.198808 6.843969e-08 1.618778e-09      201
features.13                      291    -0.198565 6.870590e-08 2.218124e-09      201
features.14                       34    -0.198521 3.524238e-07 1.905109e-09      265
features.16                      477    -0.198454 3.667913e-07 2.329202e-10      329
features.17                      502    -0.198143 3.367043e-07 1.663650e-10      489
features.9                        96    -0.197889 1.485499e-07 5.552799e-10      137
features.17                      663    -0.197641 3.365003e-07 3.493377e-10      489
features.12                      267    -0.197591 7.843109e-08 1.243404e-09      201
features.10                       10    -0.197292 6.267365e-08 8.020662e-10      137
features.5                        85    -0.197171 1.062578e-07 3.195200e-09       73
features.15                      535    -0.197043 5.048733e-07 9.058302e-10      329
features.4                         3    -0.196894 2.750399e-07 1.978038e-08       65
features.9                       115    -0.196872 1.481787e-07 9.005335e-10      137
features.17                      820    -0.196845 3.348774e-07 2.724265e-10      489
features.15                      338    -0.196629 5.034739e-07 7.713202e-10      329
features.9                       135    -0.196543 1.478398e-07 8.178845e-10      137
features.10                      144    -0.196399 6.255924e-08 1.242555e-09      137
features.9                       106    -0.196185 1.478868e-07 1.097111e-09      137
features.14                      174    -0.196141 3.499554e-07 2.164262e-09      265
features.12                      510    -0.196108 7.765633e-08 8.571818e-10      201
features.11                      246    -0.196067 1.185547e-07 7.319221e-09      169
features.17                      756    -0.196017 3.330400e-07 1.497916e-10      489
features.11                       35    -0.195947 1.192895e-07 1.169464e-08      169
features.14                      275    -0.195875 3.387190e-07 4.341481e-10      265
features.17                      406    -0.195807 3.327022e-07 1.551355e-10      489
features.14                      120    -0.195777 3.395874e-07 6.002950e-10      265
features.12                      221    -0.195702 7.724996e-08 3.567327e-10      201
features.12                      472    -0.195656 7.753150e-08 9.650547e-10      201
features.17                      224    -0.195638 3.323068e-07 1.243685e-10      489
features.16                      693    -0.195604 3.617794e-07 3.706779e-10      329
features.15                      164    -0.195544 5.008026e-07 8.086773e-10      329
features.14                      124    -0.195372 3.379037e-07 4.416232e-10      265
features.13                       10    -0.195213 6.727211e-08 1.709939e-09      201
features.14                      403    -0.195202 3.378216e-07 4.753811e-10      265
features.16                      450    -0.195076 3.607300e-07 3.293759e-10      329
features.8                       304    -0.194732 8.563158e-08 1.319431e-09      137
features.17                      271    -0.194227 3.299242e-07 1.272003e-10      489
features.11                      240    -0.194033 1.185076e-07 1.365877e-08      169
features.12                      487    -0.194024 7.661779e-08 4.148017e-10      201
features.13                      302    -0.193910 6.649018e-08 1.125946e-09      201
features.16                      901    -0.193870 3.584270e-07 2.876623e-10      329
features.10                       55    -0.193582 6.147632e-08 7.383275e-10      137
features.14                       21    -0.193365 3.334980e-07 2.873019e-10      265
features.5                       174    -0.193218 1.042046e-07 4.396913e-09       73
features.11                       28    -0.193038 1.154980e-07 5.611240e-10      169
features.16                      189    -0.192983 3.568224e-07 3.055471e-10      329
features.17                      177    -0.192921 3.283343e-07 3.045331e-10      489
features.17                      697    -0.192887 3.285374e-07 3.780258e-10      489
features.14                      340    -0.192886 3.318930e-07 1.615697e-10      265
features.15                      905    -0.192859 4.958713e-07 1.563181e-09      329
features.11                      174    -0.192839 1.153888e-07 6.113932e-10      169
features.11                      341    -0.192796 1.159840e-07 3.979366e-09      169
features.16                      557    -0.192709 3.567064e-07 5.202983e-10      329
features.14                      565    -0.192701 3.356037e-07 8.079649e-10      265
features.13                      178    -0.191945 6.595977e-08 1.361341e-09      201
features.16                      952    -0.191588 3.555581e-07 1.027310e-09      329
features.13                      159    -0.191490 6.660939e-08 2.743539e-09      201
features.16                      226    -0.191484 3.543534e-07 4.692831e-10      329
features.17                      402    -0.191452 3.254221e-07 1.852339e-10      489
features.11                      196    -0.190903 1.150932e-07 5.287530e-09      169
features.17                      465    -0.190873 3.245011e-07 2.028935e-10      489
features.7                       147    -0.190643 5.379181e-07 2.087577e-08      105
features.13                      456    -0.190585 6.533516e-08 1.081347e-09      201
features.7                       116    -0.190578 4.854206e-07 5.959238e-09      105
features.11                      117    -0.190536 1.147881e-07 4.821612e-09      169
features.14                      355    -0.190337 3.290978e-07 4.147379e-10      265
features.17                      783    -0.190292 3.236014e-07 2.269956e-10      489
features.12                       20    -0.190103 7.666312e-08 3.640287e-09      201
features.17                      638    -0.190095 3.237432e-07 3.616516e-10      489
features.17                      226    -0.189795 3.223983e-07 1.251619e-10      489
features.15                      878    -0.189787 4.851955e-07 4.457917e-10      329
features.15                      618    -0.189628 4.849086e-07 4.916539e-10      329
features.9                       371    -0.189560 1.425220e-07 7.311590e-10      137
features.12                      141    -0.189406 7.491636e-08 6.532535e-10      201
features.14                      266    -0.189374 3.260155e-07 1.850795e-10      265
features.17                       24    -0.189280 3.218346e-07 2.129838e-10      489
features.17                      493    -0.189134 3.213215e-07 1.379331e-10      489
features.12                      212    -0.188990 7.557004e-08 2.311974e-09      201
features.14                      197    -0.188934 3.294321e-07 8.547133e-10      265
features.16                      303    -0.188913 3.501130e-07 7.478266e-10      329
features.14                      527    -0.188657 3.369659e-07 2.140106e-09      265
features.14                      413    -0.188505 3.245240e-07 1.850948e-10      265
features.12                       17    -0.188438 7.518179e-08 1.965325e-09      201
features.11                      144    -0.188401 1.131240e-07 2.716869e-09      169
features.11                       45    -0.188069 1.161571e-07 2.024842e-08      169
features.11                      254    -0.187770 1.128118e-07 3.070481e-09      169
features.17                      865    -0.187728 3.190016e-07 1.561146e-10      489
features.2                        39    -0.187531 1.130244e-07 7.748233e-08       49
features.17                      253    -0.187496 3.186288e-07 1.622142e-10      489
features.16                      616    -0.187491 3.475017e-07 7.553719e-10      329
features.8                       301    -0.187303 8.235402e-08 1.231756e-09      137
features.7                       128    -0.187201 4.911415e-07 9.935450e-09      105
features.15                      680    -0.187110 4.823746e-07 2.022314e-09      329
features.8                        39    -0.186977 8.256063e-08 2.416563e-09      137
features.8                        85    -0.186826 8.190375e-08 4.130806e-10      137
features.17                      417    -0.186230 3.167579e-07 2.402313e-10      489
features.11                      253    -0.186204 1.119874e-07 3.678393e-09      169
features.16                      185    -0.185980 3.444624e-07 6.187214e-10      329
features.11                       59    -0.185637 1.142667e-07 1.788107e-08      169
features.17                      738    -0.185603 3.154690e-07 1.767405e-10      489
features.7                       122    -0.185463 4.791292e-07 7.719268e-09      105
features.7                        72    -0.185442 5.129831e-07 1.738226e-08      105
features.14                      476    -0.185431 3.184549e-07 5.725196e-11      265
features.10                       36    -0.185429 5.889904e-08 7.385033e-10      137
features.17                      376    -0.185415 3.152551e-07 2.064895e-10      489
features.14                       45    -0.185404 3.386318e-07 3.302999e-09      265
features.16                      555    -0.185148 3.435795e-07 9.774195e-10      329
features.16                      884    -0.185123 3.425316e-07 4.259241e-10      329
