================================================================================
Channel Pruning Log
  iteration  : 7
  alpha      : 0.3000
  timestamp  : 2026-05-15 22:46:07
  remove_target  : 94489
  accum_removed  : 94656
  selected_channels : 328
  gamma             : 0.4000
  remove_target_met : yes
  total_params   : 2289600
  active_after   : 1360540
  model_sparsity : 40.6%
================================================================================

[ 레이어별 채널 제거 비율 ]
  layer                total_ch  this_iter    cumul  cumul_%
  ----------------------------------------------------------
  features.1                 32          1        8    25.0%
  features.2                 96          4       45    46.9%
  features.3                144          6       24    16.7%
  features.4                144         11       53    36.8%
  features.5                192          4       42    21.9%
  features.6                192          7       58    30.2%
  features.7                192         16       88    45.8%
  features.8                384         14      135    35.2%
  features.9                384          6       93    24.2%
  features.10               384         12      149    38.8%
  features.11               384         17      283    73.7%
  features.12               576         48      257    44.6%
  features.13               576         13      342    59.4%
  features.14               576         16      473    82.1%
  features.15               960         26      426    44.4%
  features.16               960         22      285    29.7%
  features.17               960        105      667    69.5%

[ 레이어별 보호 영역 (γ=0.40) ]
  layer                  active  protected  protect_%
  --------------------------------------------------
  features.1                 25         10      40.0%
  features.2                 55         22      40.0%
  features.3                126         51      40.5%
  features.4                102         41      40.2%
  features.5                154         62      40.3%
  features.6                141         57      40.4%
  features.7                120         48      40.0%
  features.8                263        106      40.3%
  features.9                297        119      40.1%
  features.10               247         99      40.1%
  features.11               118         48      40.7%
  features.12               367        147      40.1%
  features.13               247         99      40.1%
  features.14               119         48      40.3%
  features.15               560        224      40.0%
  features.16               697        279      40.0%
  features.17               398        160      40.2%

[ 블록별 제거 채널 수 ]
  features.1: 1채널 제거
  features.10: 12채널 제거
  features.11: 17채널 제거
  features.12: 48채널 제거
  features.13: 13채널 제거
  features.14: 16채널 제거
  features.15: 26채널 제거
  features.16: 22채널 제거
  features.17: 105채널 제거
  features.2: 4채널 제거
  features.3: 6채널 제거
  features.4: 11채널 제거
  features.5: 4채널 제거
  features.6: 7채널 제거
  features.7: 16채널 제거
  features.8: 14채널 제거
  features.9: 6채널 제거

[ 선택된 채널 상세 ]
block                             ch        score          phi         perf  weights
--------------------------------------------------------------------------------
features.10                       30    -0.524160 4.360251e-07 1.023218e-08      137
features.15                      352    -0.477341 9.028004e-07 1.630710e-08      329
features.13                      327    -0.409290 1.826926e-07 4.183276e-08      201
features.14                      268    -0.396079 3.172307e-06 7.992273e-08      265
features.17                      739    -0.387412 1.279834e-06 3.918976e-09      489
features.17                       79    -0.386087 1.275858e-06 4.060477e-09      489
features.15                      817    -0.380837 7.216238e-07 1.532104e-08      329
features.17                      615    -0.337162 1.115177e-06 3.928669e-09      489
features.11                       58    -0.335528 5.105093e-07 5.262554e-07      169
features.17                        2    -0.333445 1.102966e-06 3.917513e-09      489
features.17                      535    -0.319893 1.058088e-06 3.739292e-09      489
features.3                       129    -0.300421 9.391998e-08 2.368320e-07       57
features.11                      252    -0.284749 4.386849e-07 5.488174e-07      169
features.17                      432    -0.281738 9.318237e-07 3.269155e-09      489
features.17                      580    -0.255399 8.455959e-07 3.303840e-09      489
features.17                      651    -0.252159 8.359946e-07 3.695497e-09      489
features.17                       69    -0.234420 7.776324e-07 3.608494e-09      489
features.7                        92    -0.231620 1.488191e-06 9.735666e-08      105
features.17                      858    -0.226065 7.495679e-07 3.345573e-09      489
features.11                      116    -0.210898 3.262687e-07 4.320270e-07      169
features.17                      199    -0.208765 6.929122e-07 3.361278e-09      489
features.17                      888    -0.206258 6.849625e-07 3.463221e-09      489
features.4                        72    -0.206191 4.613480e-07 1.495877e-07       65
features.14                      119    -0.197816 1.832045e-06 8.555423e-08      265
features.4                        50    -0.194732 4.326882e-07 1.354165e-07       65
features.11                      247    -0.193890 3.075147e-07 5.392612e-07      169
features.11                      216    -0.187398 2.946890e-07 4.736548e-07      169
features.11                       50    -0.178212 2.825489e-07 4.937700e-07      169
features.14                       29    -0.177255 1.711187e-06 8.947826e-08      265
features.11                      149    -0.176445 2.796691e-07 4.874057e-07      169
features.17                      254    -0.168129 5.607407e-07 3.746342e-09      489
features.14                      495    -0.167682 1.638906e-06 8.835696e-08      265
features.17                      458    -0.160563 5.366904e-07 4.032784e-09      489
features.4                        16    -0.153228 3.648836e-07 1.538990e-07       65
features.17                      674    -0.153039 5.114878e-07 3.824163e-09      489
features.17                      863    -0.150864 4.985801e-07 1.601051e-09      489
features.14                      519    -0.149938 1.508475e-06 8.692865e-08      265
features.17                      501    -0.141830 4.750181e-07 3.925850e-09      489
features.12                      290    -0.140426 7.470022e-08 1.653109e-08      201
features.6                       151    -0.138964 4.554380e-08 6.428969e-08       73
features.15                       58    -0.138047 2.663629e-07 1.379811e-08      329
features.9                       355    -0.136817 2.214620e-07 9.482625e-09      137
features.17                      895    -0.136491 4.573157e-07 3.847275e-09      489
features.17                      708    -0.133295 4.465658e-07 3.740467e-09      489
features.15                      228    -0.132900 2.574489e-07 1.503585e-08      329
features.17                      724    -0.132717 4.437198e-07 3.374361e-09      489
features.17                      192    -0.132278 4.436388e-07 3.897275e-09      489
features.11                      317    -0.129933 2.155937e-07 5.402676e-07      169
features.7                        43    -0.129501 9.571174e-07 9.752422e-08      105
features.17                       32    -0.128705 4.310573e-07 3.562023e-09      489
features.17                      329    -0.127597 4.281904e-07 3.855093e-09      489
features.16                      907    -0.127080 5.048306e-07 6.481420e-09      329
features.17                       58    -0.126130 4.213899e-07 3.089552e-09      489
features.12                      208    -0.123792 6.232221e-08 5.552830e-09      201
features.17                      230    -0.123606 4.156691e-07 4.070305e-09      489
features.15                      249    -0.123515 2.394252e-07 1.424494e-08      329
features.12                      432    -0.123275 6.493726e-08 1.287793e-08      201
features.15                      938    -0.123015 2.374490e-07 1.245323e-08      329
features.17                       43    -0.116189 3.906650e-07 3.802421e-09      489
features.16                      917    -0.113425 4.506318e-07 5.826795e-09      329
features.12                      372    -0.113082 6.223497e-08 1.862977e-08      201
features.17                      797    -0.110307 3.688534e-07 2.826922e-09      489
features.12                       24    -0.110156 6.001002e-08 1.657716e-08      201
features.12                      105    -0.110100 5.571132e-08 5.659552e-09      201
features.8                       184    -0.109772 8.987544e-08 2.848660e-08      137
features.15                      519    -0.106063 2.085664e-07 1.734995e-08      329
features.12                      195    -0.105670 5.423327e-08 7.383479e-09      201
features.17                       28    -0.105613 3.556274e-07 3.656945e-09      489
features.17                      310    -0.104917 3.505253e-07 2.571859e-09      489
features.17                      586    -0.104820 3.525332e-07 3.466386e-09      489
features.12                      404    -0.103375 5.107709e-08 2.167008e-09      201
features.17                      630    -0.102298 3.367366e-07 5.697208e-10      489
features.12                      573    -0.102216 5.162529e-08 5.007443e-09      201
features.12                      170    -0.102198 5.150111e-08 4.712125e-09      201
features.17                      291    -0.102068 3.372635e-07 1.061914e-09      489
features.16                      512    -0.101866 4.046881e-07 5.214004e-09      329
features.6                        88    -0.101814 3.370843e-08 5.805934e-08       73
features.12                      482    -0.101264 5.714396e-08 2.029354e-08      201
features.17                       65    -0.100610 3.323809e-07 1.022017e-09      489
features.12                      488    -0.100357 5.385381e-08 1.301193e-08      201
features.12                      558    -0.098946 5.343757e-08 1.369989e-08      201
features.12                      485    -0.098387 5.153149e-08 9.522944e-09      201
features.3                        43    -0.098009 3.219127e-08 2.521155e-07       57
features.2                        18    -0.097259 1.352306e-07 2.108341e-07       49
features.1                        25    -0.097222 6.101262e-08 2.364482e-05       25
features.17                       77    -0.096061 3.248027e-07 3.841804e-09      489
features.12                      467    -0.095824 5.155225e-08 1.275842e-08      201
features.17                      453    -0.094882 3.132338e-07 8.779495e-10      489
features.12                      334    -0.094762 5.208580e-08 1.544144e-08      201
features.17                      649    -0.094721 3.207035e-07 3.953995e-09      489
features.17                      168    -0.094482 3.115632e-07 7.399269e-10      489
features.16                      739    -0.094344 3.762053e-07 6.071355e-09      329
features.6                        28    -0.093680 3.127509e-08 6.178448e-08       73
features.17                      530    -0.091897 3.024885e-07 5.068899e-10      489
features.8                       270    -0.091864 7.422467e-08 1.788608e-08      137
features.17                      475    -0.091322 3.029143e-07 1.396537e-09      489
features.16                      103    -0.090601 3.618420e-07 6.327282e-09      329
features.7                        48    -0.090162 7.366035e-07 9.209928e-08      105
features.17                      662    -0.090152 2.978316e-07 9.160227e-10      489
features.16                      502    -0.090075 3.542725e-07 1.446798e-09      329
features.9                        51    -0.089883 1.545032e-07 1.223180e-08      137
features.14                      242    -0.089753 1.091539e-06 8.678020e-08      265
features.14                      382    -0.089490 8.605647e-07 4.455715e-08      265
features.12                      374    -0.089168 4.644338e-08 7.967527e-09      201
features.15                      843    -0.088796 1.666102e-07 7.407960e-10      329
features.17                      575    -0.088502 2.935044e-07 1.331954e-09      489
features.17                        9    -0.088345 2.932217e-07 1.420857e-09      489
features.17                      497    -0.088011 2.901513e-07 6.611950e-10      489
features.11                      136    -0.087924 1.292309e-07 5.244615e-08      169
features.17                      605    -0.087781 2.977196e-07 3.862178e-09      489
features.15                      624    -0.087439 1.731015e-07 1.629717e-08      329
features.4                       105    -0.087023 1.841075e-07 4.256960e-08       65
features.12                       40    -0.086984 4.750311e-08 1.338717e-08      201
features.17                      200    -0.086705 2.857586e-07 6.167610e-10      489
features.15                      528    -0.086425 1.704325e-07 1.496967e-08      329
features.12                      207    -0.086347 4.423823e-08 5.834627e-09      201
features.17                      892    -0.086296 2.866471e-07 1.474275e-09      489
features.17                      701    -0.085667 2.815812e-07 3.185667e-10      489
features.17                      653    -0.085377 2.901644e-07 3.985425e-09      489
features.12                      427    -0.085245 4.244538e-08 2.621250e-09      201
features.12                      565    -0.084916 4.593183e-08 1.193963e-08      201
features.17                       66    -0.084545 2.865320e-07 3.637395e-09      489
features.17                      877    -0.084500 2.825687e-07 2.170013e-09      489
features.12                      250    -0.084084 4.321566e-08 6.031441e-09      201
features.14                      303    -0.083715 8.494659e-07 4.986908e-08      265
features.4                       134    -0.083605 1.742836e-07 3.587073e-08       65
features.17                      588    -0.083379 2.746142e-07 5.228445e-10      489
features.17                      768    -0.083106 2.795744e-07 2.775924e-09      489
features.15                      395    -0.083065 1.602158e-07 8.200520e-09      329
features.17                      313    -0.082936 2.795953e-07 2.997772e-09      489
features.12                        9    -0.082915 4.240863e-08 5.420453e-09      201
features.13                       28    -0.082913 3.623763e-08 4.255401e-09      201
features.13                      158    -0.082463 4.263377e-08 4.026568e-08      201
features.17                      126    -0.082141 2.745919e-07 2.075122e-09      489
features.17                      474    -0.081624 2.720192e-07 1.737540e-09      489
features.12                      341    -0.081432 4.496584e-08 1.379736e-08      201
features.17                      607    -0.081392 2.756018e-07 3.407463e-09      489
features.17                       42    -0.081037 2.693986e-07 1.469487e-09      489
features.3                        59    -0.080954 2.698096e-08 2.523781e-07       57
features.7                       117    -0.080894 5.089033e-07 3.026259e-08      105
features.17                      392    -0.080847 2.661873e-07 4.732538e-10      489
features.12                      143    -0.080769 4.145099e-08 5.637519e-09      201
features.17                      601    -0.080711 2.656219e-07 4.279086e-10      489
features.12                      145    -0.080591 4.253754e-08 8.636444e-09      201
features.8                       284    -0.080457 6.303425e-08 3.782461e-09      137
features.17                      610    -0.080107 2.661890e-07 1.407629e-09      489
features.17                      802    -0.079989 2.653767e-07 1.243875e-09      489
features.17                      871    -0.079926 2.634195e-07 5.707547e-10      489
features.8                       231    -0.079887 6.286489e-08 5.424832e-09      137
features.15                      250    -0.079802 1.502964e-07 1.632903e-09      329
features.16                      253    -0.079711 3.135674e-07 1.332772e-09      329
features.4                        12    -0.079627 1.810407e-07 6.334750e-08       65
features.12                      106    -0.079475 4.129868e-08 6.855838e-09      201
features.8                       294    -0.079385 6.535814e-08 2.278025e-08      137
features.6                        14    -0.079324 2.551261e-08 2.107837e-08       73
features.14                       64    -0.079294 6.355863e-07 1.609211e-08      265
features.7                       155    -0.079148 4.810410e-07 2.379394e-08      105
features.17                      909    -0.079117 2.614685e-07 8.391021e-10      489
features.16                      611    -0.078982 3.101311e-07 8.156362e-10      329
features.13                      403    -0.078919 3.527805e-08 8.346546e-09      201
features.12                       79    -0.078905 4.055244e-08 5.655834e-09      201
features.14                      217    -0.078820 5.883885e-07 8.000223e-09      265
features.17                      576    -0.078787 2.614113e-07 1.233179e-09      489
features.10                      151    -0.078686 6.702694e-08 9.353454e-09      137
features.17                      488    -0.078606 2.584799e-07 3.346990e-10      489
features.14                      349    -0.078554 8.532193e-07 5.713501e-08      265
features.15                      215    -0.078526 1.485682e-07 2.771569e-09      329
features.15                      292    -0.078278 1.475758e-07 1.861856e-09      329
features.17                      250    -0.078112 2.594868e-07 1.343973e-09      489
features.11                      323    -0.078030 1.173002e-07 9.564624e-08      169
features.11                      211    -0.077949 1.133669e-07 2.389545e-08      169
features.13                       13    -0.077868 3.426965e-08 5.292401e-09      201
features.15                      855    -0.077790 1.461309e-07 9.435449e-10      329
features.2                        53    -0.077770 1.080144e-07 1.622522e-07       49
features.17                      215    -0.077706 2.569955e-07 8.978103e-10      489
features.17                      675    -0.077663 2.560520e-07 5.894142e-10      489
features.16                      716    -0.077638 3.106873e-07 5.968864e-09      329
features.7                        16    -0.077597 4.395208e-07 1.226908e-08      105
features.17                      720    -0.077544 2.588014e-07 1.796333e-09      489
features.15                      802    -0.077489 1.532523e-07 1.418143e-08      329
features.12                      375    -0.077438 4.192563e-08 1.098744e-08      201
features.17                      527    -0.077412 2.553930e-07 6.518944e-10      489
features.17                      275    -0.077351 2.581077e-07 1.773302e-09      489
features.17                      356    -0.076945 2.547158e-07 9.800438e-10      489
features.8                       341    -0.076879 6.024601e-08 3.700164e-09      137
features.16                      851    -0.076796 3.072557e-07 5.847940e-09      329
features.17                      591    -0.076739 2.527982e-07 5.017121e-10      489
features.8                        81    -0.076712 6.025995e-08 4.565977e-09      137
features.8                       302    -0.076482 6.201665e-08 1.621716e-08      137
features.8                       197    -0.076428 6.055346e-08 7.661395e-09      137
features.12                      299    -0.076417 4.295539e-08 1.488653e-08      201
features.15                      631    -0.076327 1.509436e-07 1.395200e-08      329
features.12                      406    -0.076320 3.960817e-08 6.452944e-09      201
features.8                       147    -0.076235 6.028777e-08 6.962884e-09      137
features.13                      507    -0.076164 4.019238e-08 4.164541e-08      201
features.12                      190    -0.075931 3.924148e-08 5.998411e-09      201
features.16                      504    -0.075868 3.036759e-07 5.894429e-09      329
features.16                      719    -0.075852 3.022324e-07 4.674304e-09      329
features.12                       65    -0.075836 3.997719e-08 7.996627e-09      201
features.17                      704    -0.075714 2.576228e-07 3.649457e-09      489
features.12                       38    -0.075697 4.093842e-08 1.062669e-08      201
features.5                       137    -0.075693 4.313247e-08 5.417012e-08       73
features.12                      381    -0.075589 3.941105e-08 6.856780e-09      201
features.17                      779    -0.075476 2.494049e-07 7.885819e-10      489
features.7                       140    -0.075451 4.440126e-07 1.766526e-08      105
features.17                      550    -0.075353 2.487871e-07 7.061837e-10      489
features.10                       28    -0.075334 6.423365e-08 9.264777e-09      137
features.10                      114    -0.075268 6.367485e-08 6.757890e-09      137
features.17                      691    -0.075236 2.501614e-07 1.382887e-09      489
features.10                      275    -0.075216 6.353572e-08 6.276175e-09      137
features.17                      707    -0.075051 2.547756e-07 3.390326e-09      489
features.7                         7    -0.075024 4.126983e-07 7.642216e-09      105
features.17                      431    -0.074765 2.474844e-07 9.466595e-10      489
features.11                      145    -0.074602 1.145098e-07 1.358407e-07      169
features.17                      716    -0.074601 2.465422e-07 7.912304e-10      489
features.6                        65    -0.074257 2.397221e-08 2.260406e-08       73
features.15                      498    -0.074201 1.466790e-07 1.345749e-08      329
features.16                      797    -0.074008 2.907138e-07 8.653249e-10      329
features.17                      185    -0.073847 2.437757e-07 6.767151e-10      489
features.12                       86    -0.073792 3.933592e-08 8.896585e-09      201
features.17                      824    -0.073745 2.455069e-07 1.471262e-09      489
features.12                       87    -0.073695 4.114804e-08 1.364790e-08      201
features.17                      751    -0.073641 2.478016e-07 2.485196e-09      489
features.13                      112    -0.073586 3.724261e-08 3.154826e-08      201
features.15                      678    -0.073530 1.377132e-07 1.771577e-10      329
features.14                      312    -0.073482 7.594023e-07 4.631118e-08      265
features.8                       300    -0.073446 5.726960e-08 1.811430e-09      137
features.4                       125    -0.073446 2.137184e-07 1.490432e-07       65
features.10                      245    -0.073377 6.177048e-08 5.069124e-09      137
features.12                      325    -0.073234 4.142251e-08 1.492191e-08      201
features.7                       129    -0.073130 4.993557e-07 4.089778e-08      105
features.13                       78    -0.073124 3.351654e-08 1.226386e-08      201
features.13                      462    -0.073114 3.373618e-08 1.348932e-08      201
features.17                      902    -0.072936 2.467476e-07 2.969030e-09      489
features.12                      158    -0.072900 3.581599e-08 1.008352e-09      201
features.17                      343    -0.072863 2.421126e-07 1.278294e-09      489
features.3                        23    -0.072704 2.439078e-08 2.446127e-07       57
features.7                         1    -0.072564 6.022705e-07 7.737442e-08      105
features.3                        90    -0.072393 2.288283e-08 8.534519e-08       57
features.13                      450    -0.072363 3.187870e-08 5.092113e-09      201
features.17                      518    -0.072332 2.420122e-07 1.908663e-09      489
features.12                      398    -0.072329 3.593060e-08 2.009872e-09      201
features.14                      129    -0.072321 6.866760e-07 3.438981e-08      265
features.15                      400    -0.072264 1.433968e-07 1.405062e-08      329
features.14                      407    -0.072203 5.355020e-07 6.684991e-09      265
features.15                      309    -0.071987 1.400358e-07 9.154340e-09      329
features.4                        33    -0.071920 1.558484e-07 4.234370e-08       65
features.16                      656    -0.071917 2.829149e-07 1.206966e-09      329
features.17                      814    -0.071857 2.409427e-07 2.096745e-09      489
features.7                       124    -0.071826 3.994407e-07 8.808383e-09      105
features.12                       77    -0.071824 3.832650e-08 8.760793e-09      201
features.7                       118    -0.071809 5.948820e-07 7.618303e-08      105
features.16                      359    -0.071747 2.868123e-07 5.247793e-09      329
features.13                      143    -0.071563 3.604769e-08 2.974594e-08      201
features.15                      328    -0.071425 1.430007e-07 1.607047e-08      329
features.5                        62    -0.071410 4.182395e-08 7.301303e-08       73
features.11                      312    -0.071328 1.076729e-07 9.582598e-08      169
features.17                      778    -0.071324 2.427276e-07 3.454815e-09      489
features.10                       68    -0.071281 6.090076e-08 9.376330e-09      137
features.17                      734    -0.071173 2.358347e-07 9.934638e-10      489
features.12                      350    -0.071048 3.457940e-08 1.480034e-10      201
features.17                      639    -0.070965 2.414071e-07 3.399591e-09      489
features.13                      486    -0.070912 3.615813e-08 3.187234e-08      201
features.3                        52    -0.070878 2.226644e-08 6.804005e-08       57
features.17                      334    -0.070857 2.333421e-07 4.335213e-10      489
features.17                      155    -0.070845 2.334141e-07 4.762080e-10      489
features.17                      389    -0.070759 2.377655e-07 2.258784e-09      489
features.11                      308    -0.070754 1.022188e-07 8.818282e-09      169
features.12                      534    -0.070666 3.561922e-08 3.279689e-09      201
features.7                       131    -0.070584 3.786758e-07 3.881820e-09      105
features.7                         2    -0.070508 6.231629e-07 8.826189e-08      105
features.4                        83    -0.070496 1.545167e-07 4.490732e-08       65
features.8                       292    -0.070406 5.522721e-08 3.711853e-09      137
features.7                        59    -0.070284 4.089131e-07 1.483807e-08      105
features.16                      225    -0.070269 2.773916e-07 2.029201e-09      329
features.17                      442    -0.070200 2.395070e-07 3.633204e-09      489
features.15                      644    -0.070183 1.393924e-07 1.385923e-08      329
features.5                       146    -0.070166 3.922021e-08 3.545185e-08       73
features.14                      563    -0.070021 5.965107e-07 2.070596e-08      265
features.10                      308    -0.070006 5.921548e-08 6.246339e-09      137
features.17                      106    -0.069987 2.302856e-07 3.544696e-10      489
features.17                      567    -0.069985 2.337333e-07 1.682603e-09      489
features.13                      272    -0.069953 3.605554e-08 3.355241e-08      201
features.17                      377    -0.069931 2.304882e-07 5.028036e-10      489
features.5                       161    -0.069853 3.840727e-08 2.294340e-08       73
features.10                      351    -0.069830 5.991200e-08 1.043260e-08      137
features.12                      324    -0.069826 3.743140e-08 8.954658e-09      201
features.15                      925    -0.069816 1.355309e-07 8.391650e-09      329
features.15                      937    -0.069769 1.387498e-07 1.408828e-08      329
features.6                       163    -0.069746 2.206424e-08 6.681825e-09       73
features.8                       280    -0.069665 5.455447e-08 3.126167e-09      137
features.12                      330    -0.069642 3.681763e-08 7.613703e-09      201
features.2                        27    -0.069493 9.498302e-08 6.300610e-08       49
features.10                       69    -0.069493 5.836200e-08 4.112366e-09      137
features.8                       188    -0.069384 5.471568e-08 5.406340e-09      137
features.17                      886    -0.069300 2.359994e-07 3.417924e-09      489
features.16                      163    -0.069290 2.720405e-07 6.869172e-10      329
features.11                      229    -0.069279 1.034687e-07 7.219603e-08      169
features.17                      446    -0.069243 2.297042e-07 1.068709e-09      489
features.12                       45    -0.069149 3.856403e-08 1.268881e-08      201
features.11                      186    -0.069093 1.015800e-07 4.171627e-08      169
features.10                      305    -0.069058 5.809733e-08 4.588768e-09      137
features.12                       55    -0.069041 3.564521e-08 5.363460e-09      201
features.12                      199    -0.068940 3.763283e-08 1.056874e-08      201
features.16                      604    -0.068867 2.717566e-07 1.899212e-09      329
features.17                      179    -0.068751 2.277465e-07 9.360446e-10      489
features.9                       357    -0.068742 1.133677e-07 6.160618e-09      137
features.9                        55    -0.068729 1.121524e-07 5.364609e-09      137
features.4                        35    -0.068722 1.702187e-07 8.176310e-08       65
features.14                      561    -0.068717 5.183367e-07 7.962575e-09      265
features.17                      755    -0.068640 2.331503e-07 3.154493e-09      489
features.10                      197    -0.068442 5.837439e-08 8.501682e-09      137
features.17                      473    -0.068348 2.270432e-07 1.173716e-09      489
features.2                        59    -0.068335 9.368579e-08 7.722418e-08       49
features.15                      365    -0.068175 1.340544e-07 1.113977e-08      329
features.16                      553    -0.068120 2.685527e-07 1.651624e-09      329
features.11                       76    -0.068109 9.864161e-08 1.307256e-08      169
features.9                       346    -0.068072 1.066371e-07 2.354108e-09      137
features.16                      829    -0.068012 2.731839e-07 6.128779e-09      329
features.17                      945    -0.067954 2.301313e-07 2.857892e-09      489
features.17                      113    -0.067937 2.264659e-07 1.469423e-09      489
features.9                       276    -0.067930 1.037273e-07 5.603254e-10      137
features.6                        48    -0.067911 2.160783e-08 1.050491e-08       73
features.16                      415    -0.067888 2.702726e-07 3.982400e-09      329
features.4                        15    -0.067826 1.983058e-07 1.394628e-07       65
features.17                      426    -0.067801 2.310827e-07 3.415852e-09      489
features.7                       172    -0.067612 4.061351e-07 1.867479e-08      105
features.16                      680    -0.067582 2.712187e-07 5.878753e-09      329
