================================================================================
Channel Pruning Log
  iteration  : 8
  alpha      : 0.3000
  timestamp  : 2026-05-17 01:08:35
  remove_target  : 84995
  accum_removed  : 85099
  selected_channels : 291
  gamma             : 0.2000
  remove_target_met : yes
  total_params   : 2289600
  active_after   : 1275157
  model_sparsity : 44.3%
================================================================================

[ 레이어별 채널 제거 비율 ]
  layer                total_ch  this_iter    cumul  cumul_%
  ----------------------------------------------------------
  features.1                 32          1       21    65.6%
  features.2                 96          1       61    63.5%
  features.3                144          3       41    28.5%
  features.4                144          7       67    46.5%
  features.5                192          4       49    25.5%
  features.6                192         18       84    43.8%
  features.7                192         21      130    67.7%
  features.8                384          9      112    29.2%
  features.9                384         27      255    66.4%
  features.10               384         11      179    46.6%
  features.11               384          5      255    66.4%
  features.12               576         10      294    51.0%
  features.13               576          8      337    58.5%
  features.14               576         12      462    80.2%
  features.15               960         16      403    42.0%
  features.16               960         39      529    55.1%
  features.17               960         99      628    65.4%

[ 레이어별 보호 영역 (γ=0.20) ]
  layer                  active  protected  protect_%
  --------------------------------------------------
  features.1                 12          3      25.0%
  features.2                 36          8      22.2%
  features.3                106         22      20.8%
  features.4                 84         17      20.2%
  features.5                147         30      20.4%
  features.6                126         26      20.6%
  features.7                 83         17      20.5%
  features.8                281         57      20.3%
  features.9                156         32      20.5%
  features.10               216         44      20.4%
  features.11               134         27      20.1%
  features.12               292         59      20.2%
  features.13               247         50      20.2%
  features.14               126         26      20.6%
  features.15               573        115      20.1%
  features.16               470         94      20.0%
  features.17               431         87      20.2%

[ 블록별 제거 채널 수 ]
  features.1: 1채널 제거
  features.10: 11채널 제거
  features.11: 5채널 제거
  features.12: 10채널 제거
  features.13: 8채널 제거
  features.14: 12채널 제거
  features.15: 16채널 제거
  features.16: 39채널 제거
  features.17: 99채널 제거
  features.2: 1채널 제거
  features.3: 3채널 제거
  features.4: 7채널 제거
  features.5: 4채널 제거
  features.6: 18채널 제거
  features.7: 21채널 제거
  features.8: 9채널 제거
  features.9: 27채널 제거

[ 선택된 채널 상세 ]
block                             ch        score          phi         perf  weights
--------------------------------------------------------------------------------
features.10                      227    -0.673981 4.338135e-07 2.001206e-08      137
features.6                        29    -0.593655 1.344753e-07 1.672491e-07       73
features.16                      219    -0.531104 1.109530e-06 2.092564e-08      329
features.17                       82    -0.520678 1.930333e-06 7.195466e-09      489
features.2                        57    -0.515507 6.395027e-07 1.090921e-05       49
features.17                      597    -0.390363 1.451305e-06 7.131899e-09      489
features.9                       267    -0.342541 1.603008e-07 6.027499e-08      137
features.16                      228    -0.281865 5.932256e-07 2.767255e-08      329
features.17                      819    -0.277946 1.036303e-06 6.328070e-09      489
features.17                       92    -0.277121 1.035200e-06 7.144960e-09      489
features.17                      593    -0.266075 9.937069e-07 6.763852e-09      489
features.9                       308    -0.266025 1.260146e-07 5.417812e-08      137
features.7                        99    -0.265628 1.639975e-06 2.809432e-07      105
features.1                        24    -0.264046 1.658846e-07 1.033624e-04       25
features.16                      493    -0.230003 4.851536e-07 2.666127e-08      329
features.17                      181    -0.227708 8.523454e-07 6.605115e-09      489
features.17                      188    -0.224551 8.419581e-07 7.121017e-09      489
features.17                      739    -0.212813 7.962215e-07 6.015989e-09      489
features.17                      600    -0.212573 7.949465e-07 5.849469e-09      489
features.17                      851    -0.212395 7.946473e-07 6.000135e-09      489
features.17                      360    -0.203322 7.637174e-07 7.023759e-09      489
features.16                      861    -0.196093 4.153798e-07 2.936444e-08      329
features.12                       56    -0.188936 1.080985e-07 6.925320e-08      201
features.7                       138    -0.188789 1.251920e-06 2.721933e-07      105
features.17                      433    -0.182311 6.857239e-07 6.690593e-09      489
features.11                      172    -0.173479 4.980979e-07 7.007343e-07      169
features.7                         8    -0.168054 1.103684e-06 2.332816e-07      105
features.9                       312    -0.160520 7.276842e-08 1.686117e-08      137
features.17                      793    -0.155857 5.895978e-07 7.152391e-09      489
features.9                         5    -0.154785 8.054188e-08 6.648969e-08      137
features.12                      545    -0.147800 8.731692e-08 7.095163e-08      201
features.17                      453    -0.146112 5.408265e-07 1.653671e-09      489
features.3                        26    -0.145475 3.929980e-08 1.338740e-07       57
features.11                      300    -0.145384 4.465676e-07 8.079680e-07      169
features.17                      691    -0.145323 5.388061e-07 2.026171e-09      489
features.6                       137    -0.144139 3.286158e-08 6.750162e-08       73
features.17                      198    -0.143828 5.346151e-07 2.579019e-09      489
features.14                      459    -0.143042 1.697716e-06 1.189846e-07      265
features.10                       45    -0.142261 9.152154e-08 4.166758e-09      137
features.17                      498    -0.142238 5.331381e-07 4.432323e-09      489
features.17                      604    -0.141707 5.366394e-07 6.745225e-09      489
features.16                      172    -0.140950 2.987832e-07 2.190884e-08      329
features.9                       138    -0.140174 6.182960e-08 6.417040e-09      137
features.17                      796    -0.137483 5.116253e-07 2.717385e-09      489
features.7                       188    -0.136918 7.753994e-07 8.608140e-08      105
features.7                        80    -0.136734 9.078245e-07 1.980625e-07      105
features.14                      113    -0.136552 1.139939e-06 1.742290e-08      265
features.17                      147    -0.134562 5.117538e-07 7.326319e-09      489
features.9                       269    -0.133704 5.881947e-08 5.364478e-09      137
features.15                      809    -0.132126 2.757391e-07 2.889083e-08      329
features.17                       17    -0.131875 4.870031e-07 1.014565e-09      489
features.17                      714    -0.131697 4.860069e-07 8.695856e-10      489
features.3                        45    -0.131290 3.642148e-08 1.166710e-06       57
features.7                        36    -0.130797 8.880179e-07 2.059349e-07      105
features.4                        49    -0.130794 3.817614e-07 5.158203e-07       65
features.10                      136    -0.130635 8.150774e-08 6.809805e-10      137
features.9                         4    -0.130496 5.689089e-08 2.730150e-09      137
features.15                      735    -0.130328 2.726321e-07 2.979551e-08      329
features.9                        76    -0.130148 6.246808e-08 3.046425e-08      137
features.9                       243    -0.126905 6.792673e-08 6.367613e-08      137
features.9                       131    -0.126665 5.867647e-08 1.938416e-08      137
features.17                      882    -0.126279 4.794439e-07 6.531452e-09      489
features.6                        88    -0.126279 2.884548e-08 6.621337e-08       73
features.6                        70    -0.125201 2.826558e-08 2.315212e-08       73
features.17                      169    -0.124717 4.632459e-07 2.095864e-09      489
features.7                        57    -0.124458 8.123780e-07 1.685702e-07      105
features.15                      516    -0.123265 2.438968e-07 1.394177e-10      329
features.9                        19    -0.122781 5.451816e-08 7.366534e-09      137
features.17                      805    -0.122220 4.527938e-07 1.554137e-09      489
features.9                       189    -0.121883 5.522411e-08 1.266195e-08      137
features.9                       107    -0.121840 5.306669e-08 2.304164e-09      137
features.7                        91    -0.121384 6.823718e-07 7.207115e-08      105
features.17                      467    -0.121208 4.626459e-07 7.311721e-09      489
features.5                       146    -0.120906 6.459740e-08 7.601692e-08       73
features.17                      334    -0.120580 4.445600e-07 6.176341e-10      489
features.16                      823    -0.120236 2.505143e-07 2.199403e-09      329
features.17                      174    -0.120136 4.435561e-07 8.835124e-10      489
features.12                       87    -0.118375 6.399313e-08 2.064184e-08      201
features.6                        72    -0.117551 2.665748e-08 3.689019e-08       73
features.16                      407    -0.117528 2.487133e-07 1.667424e-08      329
features.11                       44    -0.117101 3.605287e-07 6.571166e-07      169
features.9                       109    -0.117043 5.184347e-08 6.409269e-09      137
features.6                       177    -0.116860 2.653384e-08 4.087941e-08       73
features.12                       74    -0.116172 6.986411e-08 6.327488e-08      201
features.16                      473    -0.115825 2.464726e-07 2.158951e-08      329
features.7                       161    -0.115732 7.197606e-07 1.268020e-07      105
features.6                       189    -0.115079 2.617328e-08 4.584769e-08       73
features.13                      458    -0.115054 6.773776e-08 7.915462e-08      201
features.6                        79    -0.114788 2.734035e-08 2.028368e-07       73
features.9                       377    -0.114781 5.330932e-08 1.823362e-08      137
features.17                      736    -0.114348 4.242557e-07 1.719256e-09      489
features.10                      339    -0.114029 7.254036e-08 2.324291e-09      137
features.17                      797    -0.113515 4.235607e-07 2.723561e-09      489
features.16                      595    -0.113385 2.381390e-07 9.257578e-09      329
features.15                      938    -0.113108 2.299131e-07 1.240818e-08      329
features.7                        52    -0.113040 7.158897e-07 1.346638e-07      105
features.8                       358    -0.112659 1.175659e-07 7.098238e-09      137
features.17                      909    -0.112450 4.165053e-07 1.391054e-09      489
features.14                      485    -0.112189 1.401434e-06 1.073021e-07      265
features.16                      692    -0.112055 2.370847e-07 1.572523e-08      329
features.16                      769    -0.111141 2.378376e-07 2.575783e-08      329
features.14                       86    -0.111058 1.315733e-06 9.190474e-08      265
features.14                      234    -0.110939 1.009813e-06 3.089558e-08      265
features.11                       25    -0.109460 3.515790e-07 7.246513e-07      169
features.9                        42    -0.109167 5.097050e-08 1.864290e-08      137
features.17                      547    -0.109000 4.082505e-07 3.266934e-09      489
features.17                      755    -0.108858 4.090386e-07 3.822715e-09      489
features.17                      194    -0.108683 4.017293e-07 9.949188e-10      489
features.17                      900    -0.108479 4.078943e-07 3.927391e-09      489
features.17                      296    -0.108407 4.003141e-07 8.239351e-10      489
features.17                      672    -0.107870 4.050641e-07 3.677148e-09      489
features.16                      760    -0.107472 2.240790e-07 2.569965e-09      329
features.9                       268    -0.107186 4.722500e-08 4.646103e-09      137
features.17                      357    -0.107033 4.005968e-07 3.086059e-09      489
features.9                       318    -0.106953 4.674914e-08 2.829561e-09      137
features.7                       154    -0.106680 6.315302e-07 9.006239e-08      105
features.17                      459    -0.106647 3.971096e-07 2.208822e-09      489
features.17                        9    -0.106547 3.956328e-07 1.737910e-09      489
features.7                         3    -0.106506 6.931839e-07 1.425633e-07      105
features.16                      141    -0.106384 2.222541e-07 4.214610e-09      329
features.10                       85    -0.106316 7.160380e-08 7.094878e-09      137
features.16                      125    -0.105940 2.228563e-07 9.985975e-09      329
features.17                      393    -0.105900 3.935542e-07 1.865540e-09      489
features.17                       27    -0.105824 3.911709e-07 9.719984e-10      489
features.16                      187    -0.105526 2.235373e-07 1.581472e-08      329
features.6                       117    -0.105485 2.405484e-08 5.011844e-08       73
features.17                      228    -0.105433 3.945041e-07 2.996017e-09      489
features.9                       162    -0.105219 4.879534e-08 1.636115e-08      137
features.9                        44    -0.105149 5.135310e-08 2.889355e-08      137
features.16                      925    -0.104887 2.255543e-07 2.846702e-08      329
features.17                      512    -0.104189 3.990216e-07 6.851054e-09      489
features.4                        79    -0.104189 2.616169e-07 2.194321e-07       65
features.17                      168    -0.104040 3.844593e-07 9.061384e-10      489
features.17                      191    -0.103811 3.853187e-07 1.627967e-09      489
features.6                        23    -0.103658 2.419452e-08 1.201165e-07       73
features.14                      445    -0.103355 1.035331e-06 4.769551e-08      265
features.16                      694    -0.103317 2.173132e-07 9.642864e-09      329
features.17                      923    -0.103221 3.811659e-07 7.851641e-10      489
features.17                      385    -0.102887 3.925715e-07 6.145055e-09      489
features.7                       131    -0.102837 5.163884e-07 9.220463e-09      105
features.9                       300    -0.102696 4.614540e-08 8.802874e-09      137
features.7                       120    -0.102671 5.539409e-07 4.144525e-08      105
features.16                      805    -0.102630 2.201389e-07 2.573202e-08      329
features.17                      701    -0.102179 3.765512e-07 4.517872e-10      489
features.17                      164    -0.101327 3.764671e-07 1.744601e-09      489
features.8                       185    -0.101029 1.041136e-07 1.962789e-09      137
features.9                        53    -0.100976 4.499823e-08 6.843182e-09      137
features.16                      571    -0.100965 2.112462e-07 5.192498e-09      329
features.16                      351    -0.100955 2.169268e-07 2.675394e-08      329
features.17                      549    -0.100711 3.726612e-07 1.090154e-09      489
features.13                      571    -0.100571 5.204138e-08 3.602747e-08      201
features.17                      552    -0.100569 3.742121e-07 1.969969e-09      489
features.17                      260    -0.100449 3.749513e-07 2.470484e-09      489
features.8                        74    -0.100149 1.060613e-07 1.149848e-08      137
features.17                      208    -0.099929 3.743260e-07 3.016725e-09      489
features.17                      837    -0.099812 3.682540e-07 6.224375e-10      489
features.17                      511    -0.099770 3.722722e-07 2.392670e-09      489
features.16                      319    -0.099763 2.115316e-07 1.571697e-08      329
features.7                        68    -0.099710 6.534891e-07 1.372782e-07      105
features.16                       37    -0.099684 2.076989e-07 1.842065e-09      329
features.6                       104    -0.099618 2.405673e-08 2.180096e-07       73
features.14                       36    -0.099538 1.249981e-06 9.651853e-08      265
features.17                      768    -0.099337 3.710696e-07 2.558073e-09      489
features.17                      252    -0.099307 3.690494e-07 1.747005e-09      489
features.4                       128    -0.099292 2.088075e-07 2.656688e-08       65
features.17                      904    -0.099144 3.658479e-07 6.428950e-10      489
features.17                      647    -0.099107 3.661921e-07 8.462427e-10      489
features.9                       223    -0.099002 4.355115e-08 3.963065e-09      137
features.6                       112    -0.098899 2.243906e-08 3.248021e-08       73
features.6                       113    -0.098771 2.362931e-08 1.877684e-07       73
features.8                       359    -0.098678 1.140494e-07 4.327443e-08      137
features.17                      636    -0.098659 3.771316e-07 6.186368e-09      489
features.10                       75    -0.098435 6.598398e-08 6.181404e-09      137
features.8                        94    -0.098110 1.011704e-07 2.123342e-09      137
features.17                      696    -0.097675 3.620695e-07 1.329892e-09      489
features.15                      447    -0.097591 2.008818e-07 1.574597e-08      329
features.16                      169    -0.097394 2.034326e-07 3.708725e-09      329
features.7                       180    -0.097325 5.089012e-07 2.568339e-08      105
features.16                      389    -0.097298 2.083610e-07 2.310881e-08      329
features.12                      393    -0.097289 5.277512e-08 1.806770e-08      201
features.16                      896    -0.097273 2.045905e-07 9.044197e-09      329
features.10                       64    -0.097168 6.330608e-08 3.832439e-09      137
features.17                      352    -0.097138 3.605299e-07 1.514245e-09      489
features.6                       110    -0.097053 2.217411e-08 5.148970e-08       73
features.12                       62    -0.096971 5.106831e-08 8.662195e-09      201
features.5                        29    -0.096815 5.379488e-08 1.287424e-07       73
features.16                      577    -0.096722 2.017517e-07 2.640322e-09      329
features.16                      773    -0.096694 2.021736e-07 4.454205e-09      329
features.17                      446    -0.096654 3.602477e-07 2.148776e-09      489
features.16                      510    -0.096513 2.008651e-07 9.233423e-10      329
features.7                         6    -0.096478 6.217207e-07 1.239366e-07      105
features.17                      456    -0.096197 3.614076e-07 3.353903e-09      489
features.17                      632    -0.096164 3.563599e-07 1.263291e-09      489
features.9                       209    -0.095881 4.317153e-08 8.646636e-09      137
features.6                       163    -0.095850 2.156830e-08 8.680316e-09       73
features.15                      566    -0.095810 1.984047e-07 1.784582e-08      329
features.7                        14    -0.095770 7.620259e-07 2.446996e-07      105
features.8                        17    -0.095740 9.943285e-08 4.433630e-09      137
features.12                      167    -0.095574 4.999753e-08 6.498062e-09      201
features.17                      812    -0.095314 3.522465e-07 8.435947e-10      489
features.9                        57    -0.095240 4.214890e-08 5.035471e-09      137
features.17                        7    -0.094985 3.503919e-07 5.696936e-10      489
features.17                      400    -0.094831 3.502091e-07 7.318364e-10      489
features.15                      632    -0.094643 1.874371e-07 4.559076e-10      329
features.17                      833    -0.094622 3.501596e-07 1.036664e-09      489
features.14                       69    -0.094469 1.284535e-06 1.112475e-07      265
features.16                      139    -0.094363 1.967103e-07 2.116653e-09      329
features.17                      125    -0.094210 3.493881e-07 1.352612e-09      489
features.14                      468    -0.094130 7.903340e-07 1.291735e-08      265
features.17                      751    -0.094003 3.484179e-07 1.262868e-09      489
features.16                      192    -0.093955 1.959190e-07 2.333755e-09      329
features.17                      163    -0.093936 3.485112e-07 1.407401e-09      489
features.17                      223    -0.093903 3.491374e-07 1.724432e-09      489
features.12                       76    -0.093870 4.986665e-08 1.101490e-08      201
features.17                      645    -0.093811 3.531672e-07 3.577821e-09      489
features.10                      110    -0.093788 7.461337e-08 2.046607e-08      137
features.15                      313    -0.093547 1.873425e-07 4.618601e-09      329
features.15                      303    -0.093522 1.880498e-07 6.140255e-09      329
features.16                       59    -0.093218 1.956639e-07 7.159283e-09      329
features.7                       113    -0.092796 7.940393e-07 2.838613e-07      105
features.15                      436    -0.092509 1.831928e-07 4.083185e-10      329
features.12                      474    -0.092424 5.510792e-08 4.745019e-08      201
features.16                      248    -0.092290 1.920243e-07 6.901453e-10      329
features.17                      318    -0.092265 3.504531e-07 4.835751e-09      489
features.17                      675    -0.092153 3.405957e-07 8.293214e-10      489
features.17                      455    -0.092145 3.408187e-07 9.367008e-10      489
features.16                       42    -0.091945 1.917591e-07 2.395991e-09      329
features.13                      506    -0.091763 5.498409e-08 6.756692e-08      201
features.5                       101    -0.091762 5.467341e-08 2.429306e-07       73
features.17                       70    -0.091712 3.458935e-07 3.764640e-09      489
features.17                      578    -0.091569 3.489764e-07 5.294526e-09      489
features.17                      112    -0.091469 3.394898e-07 1.426786e-09      489
features.17                      314    -0.091436 3.381870e-07 9.256819e-10      489
features.8                       231    -0.091317 9.700375e-08 1.147500e-08      137
features.14                      563    -0.090533 8.196236e-07 2.432316e-08      265
features.14                       52    -0.090492 1.084091e-06 7.728707e-08      265
features.16                      375    -0.090431 1.916539e-07 1.390031e-08      329
features.17                      218    -0.090428 3.386790e-07 2.705613e-09      489
features.15                      538    -0.090407 1.902078e-07 2.284702e-08      329
features.15                      863    -0.090372 1.798039e-07 2.090442e-09      329
features.17                      516    -0.090356 3.367374e-07 1.994545e-09      489
features.13                      495    -0.090339 5.316544e-08 6.205349e-08      201
features.15                       25    -0.090307 1.923848e-07 2.762000e-08      329
features.15                      881    -0.090305 1.871291e-07 1.707175e-08      329
features.4                        87    -0.090253 2.208075e-07 1.638774e-07       65
features.13                      198    -0.090204 4.422986e-08 2.099543e-08      201
features.8                       292    -0.090182 9.431177e-08 6.358321e-09      137
features.17                      895    -0.090173 3.434936e-07 5.145591e-09      489
features.13                      476    -0.089916 4.531009e-08 2.657707e-08      201
features.6                        71    -0.089906 2.067063e-08 6.416985e-08       73
features.17                      592    -0.089895 3.321255e-07 7.553687e-10      489
features.13                      158    -0.089714 4.790790e-08 3.900571e-08      201
features.17                      178    -0.089619 3.315101e-07 9.255864e-10      489
features.12                      107    -0.089507 4.615763e-08 2.027838e-09      201
features.17                      266    -0.089495 3.313045e-07 1.031329e-09      489
features.10                      102    -0.089478 5.948870e-08 5.009209e-09      137
features.16                      640    -0.089466 1.867094e-07 2.789762e-09      329
features.15                      709    -0.089295 1.776692e-07 2.084285e-09      329
features.17                      948    -0.089256 3.353516e-07 3.120520e-09      489
features.11                      185    -0.089224 3.364451e-07 9.684162e-07      169
features.4                        67    -0.089198 2.299138e-07 2.146209e-07       65
features.17                      588    -0.089167 3.287513e-07 4.588508e-10      489
features.4                        52    -0.089164 1.903901e-07 3.684404e-08       65
features.16                      939    -0.089133 1.889078e-07 1.372626e-08      329
features.3                        63    -0.089121 2.407022e-08 7.591979e-08       57
features.17                      747    -0.088927 3.292965e-07 1.065498e-09      489
features.8                       277    -0.088828 1.007061e-07 3.239823e-08      137
features.17                      853    -0.088763 3.325491e-07 2.700594e-09      489
features.17                      351    -0.088581 3.283072e-07 1.184733e-09      489
features.10                      208    -0.088545 5.726360e-08 2.965139e-09      137
features.17                      284    -0.088357 3.258346e-07 4.850257e-10      489
features.7                       155    -0.088256 4.813166e-07 3.995095e-08      105
features.17                      763    -0.088107 3.252082e-07 6.081293e-10      489
features.6                        66    -0.088106 1.987828e-08 1.467773e-08       73
features.17                      497    -0.088079 3.267251e-07 1.295686e-09      489
features.6                        31    -0.088073 2.071384e-08 1.220592e-07       73
features.16                      481    -0.088050 1.833393e-07 1.175820e-09      329
features.13                      379    -0.088029 4.105791e-08 1.074979e-08      201
features.16                      180    -0.087873 1.887362e-07 2.297696e-08      329
features.9                         7    -0.087772 3.873815e-08 4.129021e-09      137
features.15                      916    -0.087644 1.753474e-07 3.978431e-09      329
features.9                       293    -0.087622 3.838493e-08 2.731632e-09      137
features.17                      295    -0.087456 3.250833e-07 1.571001e-09      489
features.4                        68    -0.087387 2.092578e-07 1.382270e-07       65
features.14                      313    -0.087322 9.843766e-07 6.223100e-08      265
features.17                      129    -0.087305 3.325777e-07 4.985051e-09      489
features.7                       104    -0.087241 4.719423e-07 3.626486e-08      105
features.5                       160    -0.087067 4.590927e-08 3.477223e-08       73
features.16                      651    -0.087058 1.830985e-07 8.067465e-09      329
features.10                      173    -0.086859 5.606251e-08 2.771190e-09      137
features.17                      955    -0.086828 3.207976e-07 7.318392e-10      489
