================================================================================
Channel Pruning Log
  iteration  : 3
  alpha      : 0.3000
  timestamp  : 2026-05-16 19:02:32
  remove_target  : 144055
  accum_removed  : 144107
  selected_channels : 555
  gamma             : 0.2000
  remove_target_met : yes
  total_params   : 2289600
  active_after   : 1806750
  model_sparsity : 21.1%
================================================================================

[ 레이어별 채널 제거 비율 ]
  layer                total_ch  this_iter    cumul  cumul_%
  ----------------------------------------------------------
  features.1                 32          2       12    37.5%
  features.2                 96         11       34    35.4%
  features.3                144          8       13     9.0%
  features.4                144          2        7     4.9%
  features.5                192          4       11     5.7%
  features.6                192         12       36    18.8%
  features.7                192         22       39    20.3%
  features.8                384          7       75    19.5%
  features.9                384         31      141    36.7%
  features.10               384          6       81    21.1%
  features.11               384         50      162    42.2%
  features.12               576         34      161    28.0%
  features.13               576         54      210    36.5%
  features.14               576        105      287    49.8%
  features.15               960         60      141    14.7%
  features.16               960         76      295    30.7%
  features.17               960         71      225    23.4%

[ 레이어별 보호 영역 (γ=0.20) ]
  layer                  active  protected  protect_%
  --------------------------------------------------
  features.1                 22          5      22.7%
  features.2                 73         15      20.5%
  features.3                139         28      20.1%
  features.4                139         28      20.1%
  features.5                185         37      20.0%
  features.6                168         34      20.2%
  features.7                175         35      20.0%
  features.8                316         64      20.3%
  features.9                274         55      20.1%
  features.10               309         62      20.1%
  features.11               272         55      20.2%
  features.12               449         90      20.0%
  features.13               420         84      20.0%
  features.14               394         79      20.1%
  features.15               879        176      20.0%
  features.16               741        149      20.1%
  features.17               806        162      20.1%

[ 블록별 제거 채널 수 ]
  features.1: 2채널 제거
  features.10: 6채널 제거
  features.11: 50채널 제거
  features.12: 34채널 제거
  features.13: 54채널 제거
  features.14: 105채널 제거
  features.15: 60채널 제거
  features.16: 76채널 제거
  features.17: 71채널 제거
  features.2: 11채널 제거
  features.3: 8채널 제거
  features.4: 2채널 제거
  features.5: 4채널 제거
  features.6: 12채널 제거
  features.7: 22채널 제거
  features.8: 7채널 제거
  features.9: 31채널 제거

[ 선택된 채널 상세 ]
block                             ch        score          phi         perf  weights
--------------------------------------------------------------------------------
features.2                        37    -0.521565 3.923280e-07 1.575949e-07       49
features.16                      101    -0.460951 6.564941e-07 6.734749e-09      329
features.1                         8    -0.447594 1.317328e-07 6.005882e-05       25
features.9                        24    -0.442548 1.671257e-07 2.077421e-08      137
features.11                      268    -0.410694 3.648382e-07 1.594576e-07      169
features.14                      338    -0.407953 1.208749e-06 1.627169e-08      265
features.16                      244    -0.403402 5.743838e-07 5.654446e-09      329
features.9                        62    -0.384651 1.469567e-07 2.314878e-08      137
features.9                       278    -0.373031 1.406384e-07 1.680641e-08      137
features.3                       126    -0.372168 9.763581e-08 2.859555e-07       57
features.9                       187    -0.355974 1.370765e-07 2.465443e-08      137
features.16                      416    -0.324592 4.598770e-07 8.371490e-10      329
features.9                       172    -0.323995 1.226773e-07 1.617750e-08      137
features.14                      281    -0.306899 9.449524e-07 1.786045e-08      265
features.11                      213    -0.301646 2.679299e-07 1.168281e-07      169
features.2                        93    -0.299061 2.293977e-07 3.905682e-07       49
features.1                        12    -0.294559 8.612646e-08 2.965617e-05       25
features.9                       365    -0.282911 1.085888e-07 1.853423e-08      137
features.13                      464    -0.280635 7.027013e-08 2.686110e-09      201
features.16                      917    -0.278779 3.985628e-07 6.536012e-09      329
features.14                      381    -0.277013 8.482284e-07 1.537914e-08      265
features.17                      789    -0.276788 5.893315e-07 1.030034e-09      489
features.2                         6    -0.270256 2.169788e-07 1.007182e-06       49
features.13                       68    -0.269654 6.754076e-08 2.646249e-09      201
features.16                      853    -0.269544 3.854643e-07 6.488024e-09      329
features.14                       89    -0.269244 8.462786e-07 1.839305e-08      265
features.2                        73    -0.265474 2.025997e-07 2.767521e-07       49
features.13                        4    -0.263157 6.974432e-08 1.490119e-08      201
features.17                      253    -0.261267 5.549621e-07 5.486129e-10      489
features.14                      290    -0.260467 7.546558e-07 7.691610e-09      265
features.16                      411    -0.254829 3.643706e-07 6.052901e-09      329
features.16                      333    -0.254578 3.611707e-07 1.446928e-09      329
features.17                      735    -0.253618 5.385939e-07 4.940499e-10      489
features.15                      225    -0.253388 5.267017e-07 1.391056e-09      329
features.14                       77    -0.251910 7.905749e-07 1.701661e-08      265
features.13                      219    -0.249180 6.192452e-08 8.754547e-10      201
features.11                       51    -0.249075 2.266828e-07 1.404399e-07      169
features.13                       19    -0.248803 6.726194e-08 1.833927e-08      201
features.17                      842    -0.247546 5.269965e-07 8.974148e-10      489
features.14                      510    -0.247539 7.571851e-07 1.361772e-08      265
features.17                      580    -0.246916 5.274196e-07 1.460337e-09      489
features.7                       151    -0.244008 7.577548e-07 1.799050e-08      105
features.17                       49    -0.243747 5.194178e-07 1.046575e-09      489
features.13                       50    -0.242089 6.270245e-08 9.019301e-09      201
features.13                      100    -0.242073 6.229509e-08 7.721813e-09      201
features.14                      320    -0.241665 7.558457e-07 1.591801e-08      265
features.13                      244    -0.241366 6.415557e-08 1.426711e-08      201
features.6                       184    -0.240992 5.036177e-08 4.491718e-09       73
features.17                      697    -0.240625 5.120112e-07 7.920236e-10      489
features.16                      672    -0.238260 3.379079e-07 1.172423e-09      329
features.15                      513    -0.238140 4.920158e-07 1.168521e-10      329
features.15                      338    -0.237386 4.954875e-07 2.117703e-09      329
features.7                       128    -0.237221 7.274857e-07 1.478724e-08      105
features.9                        74    -0.236959 9.416345e-08 2.517080e-08      137
features.15                      584    -0.234444 4.896302e-07 2.204682e-09      329
features.13                      185    -0.234194 6.252538e-08 1.473140e-08      201
features.10                      121    -0.233539 1.235453e-07 7.867003e-09      137
features.13                      318    -0.233165 5.908288e-08 4.479456e-09      201
features.12                       26    -0.232856 9.545115e-08 8.502442e-10      201
features.9                       265    -0.232452 9.072592e-08 1.974688e-08      137
features.13                      516    -0.232292 5.999630e-08 8.112000e-09      201
features.2                        39    -0.231534 1.763188e-07 2.157262e-07       49
features.6                         7    -0.230602 4.851284e-08 1.935307e-08       73
features.12                      304    -0.230343 9.472152e-08 1.493709e-09      201
features.14                      430    -0.229683 6.309046e-07 1.330472e-09      265
features.13                       85    -0.229411 5.703062e-08 8.670068e-10      201
features.15                      874    -0.227831 4.734067e-07 1.182345e-09      329
features.7                        74    -0.227678 7.522517e-07 3.007986e-08      105
features.16                      218    -0.227151 3.255504e-07 6.619988e-09      329
features.14                      273    -0.227016 6.765421e-07 9.670176e-09      265
features.13                      347    -0.226987 5.693933e-08 2.502484e-09      201
features.2                        67    -0.226654 1.715183e-07 1.378840e-07       49
features.11                       98    -0.225031 1.983441e-07 7.477321e-08      169
features.11                       58    -0.224817 2.067042e-07 1.437007e-07      169
features.7                        82    -0.224709 7.782777e-07 4.022554e-08      105
features.12                      184    -0.224637 9.406826e-08 5.134387e-09      201
features.15                      362    -0.224531 4.823411e-07 7.448644e-09      329
features.17                      220    -0.223979 4.760785e-07 5.728900e-10      489
features.12                      354    -0.223891 9.238994e-08 2.150274e-09      201
features.13                      359    -0.222344 5.622930e-08 3.912823e-09      201
features.16                      630    -0.222313 3.166403e-07 3.278129e-09      329
features.17                      199    -0.221183 4.731591e-07 1.534592e-09      489
features.7                       122    -0.220775 6.667211e-07 1.072444e-08      105
features.5                        94    -0.220687 1.147935e-07 2.222241e-08       73
features.9                       261    -0.220465 8.837829e-08 2.572968e-08      137
features.17                      838    -0.220393 4.683328e-07 5.245290e-10      489
features.13                       56    -0.220270 5.656938e-08 6.656674e-09      201
features.16                      506    -0.220037 3.122764e-07 1.426205e-09      329
features.12                      445    -0.219380 9.084091e-08 2.785585e-09      201
features.16                      862    -0.218813 3.108404e-07 1.906849e-09      329
features.16                      120    -0.218189 3.089796e-07 3.247975e-10      329
features.2                        71    -0.218089 1.644269e-07 9.142246e-08       49
features.15                      352    -0.218051 4.716364e-07 8.513219e-09      329
features.15                      298    -0.217174 4.501836e-07 6.973702e-10      329
features.15                      847    -0.217138 4.507439e-07 9.498974e-10      329
features.16                      163    -0.217135 3.076018e-07 5.074211e-10      329
features.2                         1    -0.216690 1.629820e-07 6.444370e-08       49
features.13                      483    -0.216361 5.423837e-08 2.271073e-09      201
features.13                      355    -0.215617 5.492000e-08 5.055096e-09      201
features.15                      822    -0.215585 4.482905e-07 1.249579e-09      329
features.13                      425    -0.215551 5.730006e-08 1.276084e-08      201
features.16                      452    -0.215459 3.072950e-07 3.852397e-09      329
features.13                      455    -0.215436 5.663495e-08 1.071348e-08      201
features.13                       48    -0.215356 5.375537e-08 1.517577e-09      201
features.17                      499    -0.215143 4.563845e-07 2.579668e-10      489
features.15                        8    -0.215142 4.532309e-07 3.579557e-09      329
features.12                       71    -0.214962 8.826840e-08 1.115521e-09      201
features.13                      514    -0.214582 5.888980e-08 1.864381e-08      201
features.16                      585    -0.214465 3.047789e-07 2.055755e-09      329
features.13                      453    -0.214080 5.342793e-08 1.479665e-09      201
features.16                      947    -0.213686 3.031487e-07 1.201101e-09      329
features.3                        47    -0.213630 5.762246e-08 3.644182e-07       57
features.14                      108    -0.213596 5.991893e-07 3.205331e-09      265
features.17                       36    -0.213111 4.529361e-07 5.320469e-10      489
features.14                      460    -0.213038 6.124853e-07 5.541234e-09      265
features.16                      840    -0.212828 3.055965e-07 7.131579e-09      329
features.9                        80    -0.212066 8.473781e-08 2.392792e-08      137
features.16                      100    -0.211994 3.002952e-07 4.569435e-10      329
features.7                       158    -0.211943 7.577909e-07 4.491680e-08      105
features.13                      426    -0.211801 5.340164e-08 3.208678e-09      201
features.8                       301    -0.211767 1.371533e-07 2.804797e-09      137
features.17                      603    -0.211664 4.501008e-07 6.050865e-10      489
features.13                      542    -0.211467 5.491246e-08 8.332699e-09      201
features.12                      424    -0.211422 8.643035e-08 2.625029e-10      201
features.16                      408    -0.211157 2.999181e-07 1.765288e-09      329
features.13                      441    -0.210365 5.664310e-08 1.477486e-08      201
features.13                       81    -0.210218 5.288830e-08 2.817350e-09      201
features.9                       363    -0.210066 8.027589e-08 1.270161e-08      137
features.12                      109    -0.209961 8.597733e-08 5.743085e-10      201
features.17                      358    -0.209457 4.446047e-07 3.417538e-10      489
features.16                      754    -0.209427 2.975668e-07 1.922029e-09      329
features.13                      154    -0.209367 5.289368e-08 3.511789e-09      201
features.3                        58    -0.209346 5.386622e-08 2.705868e-08       57
features.14                      434    -0.209313 5.943972e-07 4.280334e-09      265
features.11                      324    -0.209008 1.760679e-07 3.640181e-09      169
features.14                      353    -0.208703 6.800354e-07 1.805068e-08      265
features.17                      533    -0.208262 4.434083e-07 7.686832e-10      489
features.12                      236    -0.208056 8.564689e-08 1.545681e-09      201
features.14                      404    -0.207815 5.644379e-07 1.943176e-10      265
features.15                      733    -0.207798 4.317750e-07 1.075862e-09      329
features.16                      269    -0.207747 2.951898e-07 1.923168e-09      329
features.11                      263    -0.207551 1.817235e-07 5.916738e-08      169
features.7                       147    -0.207077 6.750745e-07 2.467922e-08      105
features.7                         5    -0.207071 6.510851e-07 1.763053e-08      105
features.11                      296    -0.206861 1.829307e-07 7.358965e-08      169
features.11                      157    -0.206829 1.752478e-07 1.180358e-08      169
features.14                       39    -0.206614 6.124674e-07 8.285047e-09      265
features.12                      447    -0.206541 8.446346e-08 3.178433e-10      201
features.11                      244    -0.206368 1.752136e-07 1.465251e-08      169
features.14                      523    -0.206168 6.551960e-07 1.521626e-08      265
features.11                      148    -0.205984 1.858298e-07 1.029375e-07      169
features.16                      851    -0.205983 2.937275e-07 3.597305e-09      329
features.15                      410    -0.205703 4.299814e-07 2.083860e-09      329
features.9                       332    -0.205616 7.475273e-08 9.513416e-10      137
features.13                      527    -0.205372 5.296816e-08 6.929523e-09      201
features.16                      580    -0.205348 2.943193e-07 6.009838e-09      329
features.16                      687    -0.203815 2.888567e-07 6.789093e-10      329
features.16                      293    -0.203514 2.910439e-07 4.910035e-09      329
features.14                      544    -0.203426 6.535163e-07 1.612346e-08      265
features.9                       241    -0.203144 7.662130e-08 9.251245e-09      137
features.16                      797    -0.202884 2.879839e-07 1.398033e-09      329
features.17                      347    -0.202760 4.307591e-07 4.491306e-10      489
features.13                      174    -0.202696 5.028706e-08 4.371760e-10      201
features.16                      641    -0.202531 2.880317e-07 2.285226e-09      329
features.14                      331    -0.202529 5.646941e-07 2.495065e-09      265
features.7                        89    -0.202228 6.677336e-07 2.659115e-08      105
features.11                      188    -0.201891 1.747237e-07 4.105846e-08      169
features.15                      483    -0.201555 4.184155e-07 8.892351e-10      329
features.13                       11    -0.201503 5.106567e-08 3.890391e-09      201
features.12                      446    -0.201441 9.096725e-08 1.896523e-08      201
features.2                        61    -0.201253 1.552015e-07 3.188254e-07       49
features.11                      100    -0.201200 1.791146e-07 8.118415e-08      169
features.6                       186    -0.201012 4.313597e-08 5.647716e-08       73
features.5                        81    -0.200657 1.046118e-07 2.384919e-08       73
features.15                      315    -0.200170 4.158264e-07 9.973355e-10      329
features.11                      334    -0.200111 1.684472e-07 2.468945e-09      169
features.12                      313    -0.199896 8.319395e-08 3.452453e-09      201
features.9                       177    -0.199496 7.270818e-08 1.465213e-09      137
features.16                      202    -0.199384 2.845608e-07 3.876141e-09      329
features.11                      158    -0.198945 1.678812e-07 5.811125e-09      169
features.16                      243    -0.198837 2.817594e-07 5.933515e-10      329
features.16                      569    -0.198636 2.820179e-07 1.472851e-09      329
features.15                      220    -0.198108 4.097590e-07 2.769258e-10      329
features.13                       93    -0.198019 5.016312e-08 3.759589e-09      201
features.14                       93    -0.197743 6.473553e-07 1.758121e-08      265
features.15                      388    -0.197116 4.106399e-07 1.442839e-09      329
features.15                       81    -0.197087 4.097066e-07 1.095653e-09      329
features.17                      688    -0.196584 4.176666e-07 4.443063e-10      489
features.7                        54    -0.196581 5.958530e-07 1.019457e-08      105
features.9                       253    -0.196452 7.294174e-08 5.476477e-09      137
features.16                      284    -0.196278 2.784691e-07 1.129616e-09      329
features.12                      426    -0.196246 8.178070e-08 3.619911e-09      201
features.14                      409    -0.196112 5.809462e-07 7.802340e-09      265
features.16                      601    -0.195744 2.778705e-07 1.383839e-09      329
features.12                      259    -0.195691 8.189515e-08 4.360583e-09      201
features.17                      418    -0.195596 4.171772e-07 9.580401e-10      489
features.13                      419    -0.195530 4.881946e-08 1.418850e-09      201
features.17                      176    -0.195310 4.145799e-07 3.200321e-10      489
features.11                      257    -0.195122 1.647879e-07 6.772195e-09      169
features.14                       46    -0.194877 5.307539e-07 4.120298e-10      265
features.14                      352    -0.194820 5.422781e-07 2.254571e-09      265
features.11                       61    -0.194782 1.646260e-07 7.772040e-09      169
features.11                       36    -0.194780 1.666547e-07 2.415534e-08      169
features.17                      353    -0.194707 4.134272e-07 3.592963e-10      489
features.17                      406    -0.194440 4.129494e-07 3.874511e-10      489
features.12                      494    -0.194367 8.167432e-08 5.054129e-09      201
features.17                       51    -0.194311 4.162096e-07 1.519590e-09      489
features.14                       59    -0.194259 5.466778e-07 3.188563e-09      265
features.11                       93    -0.194255 1.770936e-07 1.119689e-07      169
features.12                      412    -0.194128 8.366131e-08 9.582094e-09      201
features.15                      923    -0.194039 4.037307e-07 1.221379e-09      329
features.6                        26    -0.193558 4.039325e-08 9.974337e-10       73
features.7                        43    -0.193449 7.184677e-07 4.887847e-08      105
features.14                        4    -0.193226 5.732383e-07 7.820172e-09      265
features.14                      365    -0.192947 5.442204e-07 3.361745e-09      265
features.14                      176    -0.192875 5.378250e-07 2.383768e-09      265
features.17                      911    -0.192470 4.081397e-07 1.831326e-10      489
features.17                       90    -0.192008 4.093942e-07 8.986659e-10      489
features.12                      454    -0.191968 8.414204e-08 1.254107e-08      201
features.15                      120    -0.191965 3.982947e-07 7.624932e-10      329
features.17                      444    -0.191919 4.072524e-07 2.730132e-10      489
features.14                      229    -0.191541 5.301192e-07 1.738458e-09      265
features.13                       43    -0.191489 5.219362e-08 1.548440e-08      201
features.15                      790    -0.191037 3.955812e-07 4.455233e-10      329
features.7                       157    -0.191003 6.693518e-07 3.648974e-08      105
features.12                      223    -0.190913 8.070447e-08 6.010710e-09      201
features.6                         4    -0.190845 4.075588e-08 4.436484e-08       73
features.14                      550    -0.190837 5.594162e-07 6.661170e-09      265
features.16                      426    -0.190603 2.700824e-07 5.551548e-10      329
features.7                        51    -0.190346 6.134376e-07 2.059923e-08      105
features.14                      368    -0.190119 5.444771e-07 4.611393e-09      265
features.3                       104    -0.189810 4.926233e-08 7.819365e-08       57
features.16                      122    -0.189642 2.701100e-07 2.800678e-09      329
features.12                      464    -0.189618 8.635902e-08 1.943944e-08      201
features.16                       52    -0.189498 2.702590e-07 3.372925e-09      329
features.13                      548    -0.189435 4.709201e-08 7.132819e-10      201
features.17                      608    -0.189431 4.024578e-07 4.249319e-10      489
features.10                      341    -0.189405 9.989739e-08 5.490355e-09      137
features.14                       45    -0.189279 5.524771e-07 6.232435e-09      265
features.17                       38    -0.189278 4.027646e-07 6.269258e-10      489
features.13                      436    -0.189177 5.304023e-08 2.004677e-08      201
features.14                      271    -0.188928 5.467611e-07 5.480580e-09      265
features.14                      437    -0.188652 5.404059e-07 4.596076e-09      265
features.17                      478    -0.188563 4.009805e-07 5.401369e-10      489
features.16                      763    -0.188361 2.684152e-07 2.991679e-09      329
features.14                      546    -0.188329 5.290761e-07 2.947146e-09      265
features.14                      120    -0.188259 5.183938e-07 1.291740e-09      265
features.14                      480    -0.187963 5.451916e-07 5.645611e-09      265
features.11                      170    -0.187866 1.652787e-07 5.994006e-08      169
features.17                       25    -0.187694 3.982599e-07 2.581668e-10      489
features.15                      139    -0.187569 4.010840e-07 5.484420e-09      329
features.9                        55    -0.187467 6.870295e-08 2.515062e-09      137
features.3                        43    -0.187429 5.022145e-08 2.773509e-07       57
features.17                      465    -0.187396 3.983868e-07 5.010847e-10      489
features.15                      775    -0.187373 3.876323e-07 2.930436e-10      329
features.13                      385    -0.187272 4.772518e-08 4.470664e-09      201
features.14                      226    -0.186897 5.241535e-07 2.782548e-09      265
features.14                      315    -0.186801 5.615631e-07 8.725157e-09      265
features.17                      937    -0.186765 3.959025e-07 1.330116e-10      489
features.17                      692    -0.186550 3.961730e-07 3.653187e-10      489
features.17                      405    -0.186403 3.987697e-07 1.296982e-09      489
features.14                      462    -0.186331 5.747872e-07 1.101217e-08      265
features.16                      337    -0.186274 2.646446e-07 1.670198e-09      329
features.14                      161    -0.186082 5.248047e-07 3.234023e-09      265
features.17                      172    -0.185993 3.945710e-07 2.301936e-10      489
features.12                      255    -0.185969 7.675195e-08 1.809684e-09      201
features.15                      464    -0.185931 4.047444e-07 8.286790e-09      329
features.14                      391    -0.185803 5.574827e-07 8.508291e-09      265
features.17                       37    -0.185517 3.978028e-07 1.588675e-09      489
features.11                        6    -0.185512 1.682497e-07 9.988351e-08      169
features.11                      378    -0.185275 1.558790e-07 1.646504e-09      169
features.11                       12    -0.185231 1.559439e-07 2.464029e-09      169
features.9                        30    -0.185216 7.012489e-08 9.232823e-09      137
features.13                      434    -0.185154 4.877286e-08 9.524697e-09      201
features.14                      408    -0.185141 5.882789e-07 1.364925e-08      265
features.15                      138    -0.185073 3.852848e-07 1.248851e-09      329
features.15                      491    -0.184997 3.895038e-07 2.989414e-09      329
features.16                      401    -0.184941 2.623286e-07 9.729433e-10      329
features.16                      498    -0.184899 2.641434e-07 4.008233e-09      329
features.17                      282    -0.184823 3.940462e-07 8.562046e-10      489
features.14                      185    -0.184801 5.455453e-07 7.053396e-09      265
features.17                      757    -0.184734 3.950966e-07 1.252566e-09      489
features.17                      279    -0.184497 3.938079e-07 1.000681e-09      489
features.15                      834    -0.184494 3.960676e-07 6.014613e-09      329
features.16                      822    -0.184432 2.617935e-07 1.272545e-09      329
features.11                      233    -0.184399 1.567519e-07 1.462888e-08      169
features.9                       361    -0.184372 6.946526e-08 8.168728e-09      137
features.16                      305    -0.184224 2.610313e-07 5.153593e-10      329
features.9                        40    -0.184142 7.266352e-08 1.802536e-08      137
features.15                      706    -0.184122 3.827938e-07 1.038486e-09      329
features.17                      798    -0.184115 3.907898e-07 2.928110e-10      489
features.14                      345    -0.183949 5.055650e-07 1.110574e-09      265
features.14                       95    -0.183940 5.536036e-07 8.692663e-09      265
features.6                       151    -0.183926 3.964690e-08 5.996311e-08       73
features.11                      265    -0.183886 1.570900e-07 2.084151e-08      169
features.15                      127    -0.183862 3.825780e-07 1.166685e-09      329
features.13                      371    -0.183770 4.630147e-08 2.678672e-09      201
features.14                      340    -0.183768 5.020790e-07 6.378474e-10      265
features.14                      383    -0.183673 5.134813e-07 2.477503e-09      265
features.7                       182    -0.183510 5.385418e-07 4.315218e-09      105
features.16                      405    -0.183463 2.604278e-07 1.283140e-09      329
features.14                      153    -0.183380 5.228851e-07 4.086000e-09      265
features.9                       193    -0.183157 6.869026e-08 7.162789e-09      137
features.11                      187    -0.183024 1.582972e-07 3.642821e-08      169
features.14                      493    -0.182626 5.025601e-07 1.202161e-09      265
features.8                       304    -0.182609 1.180953e-07 1.740581e-09      137
features.13                      521    -0.182537 4.683984e-08 5.390755e-09      201
features.16                      863    -0.182415 2.588338e-07 1.102392e-09      329
features.15                      288    -0.182334 3.784413e-07 7.762509e-10      329
features.16                      852    -0.182285 2.608639e-07 4.688258e-09      329
features.2                        60    -0.182173 1.443418e-07 5.492114e-07       49
features.14                      384    -0.182009 4.991151e-07 9.223506e-10      265
features.17                      777    -0.181845 3.860775e-07 3.233799e-10      489
features.14                      156    -0.181819 5.607931e-07 1.073365e-08      265
features.14                      529    -0.181818 5.463349e-07 8.453492e-09      265
features.16                      253    -0.181653 2.576574e-07 9.446413e-10      329
features.13                      271    -0.181638 4.715299e-08 7.113537e-09      201
features.14                      307    -0.181605 5.772487e-07 1.342132e-08      265
features.13                      328    -0.181507 4.500749e-08 3.178316e-10      201
features.13                      119    -0.181483 4.573737e-08 2.684405e-09      201
features.16                      550    -0.181476 2.581508e-07 2.149319e-09      329
features.15                      747    -0.181430 3.769731e-07 9.347202e-10      329
features.17                      918    -0.181387 3.848672e-07 2.462135e-10      489
features.8                       114    -0.181338 1.209354e-07 1.606947e-08      137
features.16                      266    -0.181296 2.568480e-07 4.509650e-10      329
features.17                      243    -0.181133 3.857701e-07 7.075145e-10      489
features.14                      173    -0.181051 5.150734e-07 3.849398e-09      265
features.14                       80    -0.180919 5.302385e-07 6.298189e-09      265
features.14                      183    -0.180837 5.563779e-07 1.045705e-08      265
features.17                      584    -0.180740 3.834938e-07 2.451509e-10      489
features.11                      123    -0.180651 1.649619e-07 1.063131e-07      169
features.13                      381    -0.180301 4.589641e-08 4.135942e-09      201
features.17                      806    -0.180265 3.831435e-07 4.553725e-10      489
features.16                      618    -0.180002 2.553529e-07 9.972067e-10      329
features.7                       115    -0.179997 5.537287e-07 1.172904e-08      105
features.17                      461    -0.179941 3.814795e-07 1.418704e-10      489
features.16                      148    -0.179752 2.560625e-07 2.718555e-09      329
features.16                      178    -0.179751 2.554704e-07 1.761555e-09      329
features.16                      767    -0.179718 2.586747e-07 7.025119e-09      329
features.3                       108    -0.179658 4.634435e-08 3.808922e-08       57
features.7                        20    -0.179587 5.638436e-07 1.504795e-08      105
features.7                       103    -0.179515 5.742378e-07 1.816448e-08      105
features.16                      583    -0.179495 2.545655e-07 8.834328e-10      329
features.11                       97    -0.179044 1.547246e-07 3.458615e-08      169
features.3                       139    -0.178972 4.639881e-08 6.730162e-08       57
features.14                      276    -0.178895 5.317054e-07 7.394884e-09      265
features.14                      518    -0.178850 5.305002e-07 7.224338e-09      265
features.11                      152    -0.178749 1.505889e-07 3.206937e-09      169
features.17                       62    -0.178355 3.799362e-07 7.232390e-10      489
features.10                       33    -0.178337 9.535891e-08 9.018444e-09      137
features.14                      172    -0.178173 5.094161e-07 4.187361e-09      265
features.11                      180    -0.178093 1.539281e-07 3.460702e-08      169
features.13                      529    -0.178082 4.580457e-08 5.606640e-09      201
features.6                       168    -0.177971 3.739699e-08 1.290447e-08       73
features.14                      366    -0.177926 5.149438e-07 5.165285e-09      265
features.14                      159    -0.177889 5.318919e-07 7.854510e-09      265
features.11                      204    -0.177864 1.507219e-07 1.027910e-08      169
features.10                       54    -0.177807 9.427836e-08 6.629862e-09      137
features.12                      477    -0.177805 7.382801e-08 2.697519e-09      201
features.9                        99    -0.177796 6.600442e-08 4.925316e-09      137
features.15                      104    -0.177656 3.740359e-07 2.866800e-09      329
features.16                      474    -0.177648 2.519003e-07 8.004024e-10      329
features.15                      437    -0.177547 3.727326e-07 2.437370e-09      329
features.15                      643    -0.177498 3.698814e-07 1.343389e-09      329
features.15                      642    -0.177183 3.677942e-07 7.716970e-10      329
features.6                       122    -0.176587 3.737904e-08 2.554106e-08       73
features.17                      149    -0.176405 3.779787e-07 1.419153e-09      489
features.9                       292    -0.176264 6.677052e-08 8.891393e-09      137
features.17                      767    -0.176177 3.756559e-07 8.297992e-10      489
features.5                        40    -0.175967 9.151205e-08 1.741584e-08       73
features.14                      158    -0.175836 4.969579e-07 3.221519e-09      265
features.15                      788    -0.175672 3.667316e-07 1.590083e-09      329
features.14                      477    -0.175531 5.094485e-07 5.322117e-09      265
features.17                      365    -0.175416 3.746534e-07 1.024661e-09      489
features.15                       51    -0.175406 3.667295e-07 1.807955e-09      329
features.15                      366    -0.175323 3.647642e-07 1.094228e-09      329
features.13                      256    -0.175204 4.384271e-08 1.587623e-09      201
features.13                      417    -0.175144 4.887756e-08 1.782566e-08      201
features.11                      370    -0.175071 1.567439e-07 7.782112e-08      169
features.16                      566    -0.174979 2.486307e-07 1.622722e-09      329
features.15                       50    -0.174914 3.627470e-07 6.273103e-10      329
features.17                      667    -0.174400 3.707279e-07 4.565087e-10      489
features.15                       37    -0.174348 3.667665e-07 2.691587e-09      329
features.14                      162    -0.174320 5.148177e-07 6.687061e-09      265
features.16                      162    -0.174161 2.475411e-07 1.733009e-09      329
features.14                      458    -0.174159 5.039814e-07 5.046390e-09      265
features.16                      535    -0.174109 2.496046e-07 5.191528e-09      329
features.11                       53    -0.173927 1.545033e-07 6.749959e-08      169
features.15                      585    -0.173651 3.619961e-07 1.366497e-09      329
features.17                      646    -0.173626 3.685276e-07 2.762804e-10      489
features.14                      568    -0.173518 5.079985e-07 5.953931e-09      265
features.16                      312    -0.173487 2.466806e-07 1.882503e-09      329
features.14                      155    -0.173442 4.722949e-07 3.543955e-10      265
features.17                      299    -0.173399 3.695185e-07 7.482283e-10      489
features.15                      838    -0.173388 3.596297e-07 6.407499e-10      329
features.13                       46    -0.173259 4.630293e-08 1.104606e-08      201
features.14                      390    -0.173166 4.721793e-07 4.538694e-10      265
features.13                      149    -0.173006 4.349860e-08 2.229971e-09      201
features.14                      361    -0.172883 4.869995e-07 2.912942e-09      265
features.15                      544    -0.172795 3.721351e-07 6.103907e-09      329
features.16                      336    -0.172624 2.445391e-07 3.930588e-10      329
features.14                      472    -0.172500 5.213276e-07 8.492067e-09      265
features.16                      494    -0.172481 2.450824e-07 1.600617e-09      329
features.13                      234    -0.172316 4.304921e-08 1.333677e-09      201
features.11                       16    -0.172259 1.477139e-07 2.401314e-08      169
features.14                      351    -0.172229 4.855791e-07 2.968441e-09      265
features.6                        55    -0.172221 3.636843e-08 2.087784e-08       73
features.14                       65    -0.172073 5.628381e-07 1.522310e-08      265
features.14                      280    -0.172044 4.856256e-07 3.054779e-09      265
features.16                      205    -0.172004 2.443800e-07 1.556967e-09      329
features.14                      115    -0.171990 4.746163e-07 1.341018e-09      265
features.15                      269    -0.171971 3.573983e-07 9.169224e-10      329
features.17                      810    -0.171888 3.687855e-07 1.538524e-09      489
features.14                      418    -0.171809 4.704733e-07 7.648481e-10      265
features.3                        14    -0.171805 4.415288e-08 1.538036e-08       57
features.10                      265    -0.171796 8.921477e-08 8.458312e-10      137
features.14                      465    -0.171757 4.940234e-07 4.502365e-09      265
features.9                       182    -0.171499 6.281000e-08 2.177700e-09      137
features.9                         6    -0.171485 6.699997e-08 1.477696e-08      137
features.14                      143    -0.171388 5.742925e-07 1.732272e-08      265
features.17                      649    -0.171352 3.666446e-07 1.216133e-09      489
features.7                        56    -0.171272 5.226116e-07 9.903109e-09      105
features.14                      525    -0.171269 4.705866e-07 1.013888e-09      265
features.17                      731    -0.171219 3.633324e-07 2.448914e-10      489
features.15                      222    -0.171201 3.546533e-07 4.573661e-10      329
features.15                      559    -0.171190 3.585988e-07 2.036341e-09      329
features.11                        5    -0.171190 1.442465e-07 3.279593e-09      169
features.12                      227    -0.171133 7.314146e-08 7.121982e-09      201
features.15                      931    -0.171025 3.556931e-07 1.015764e-09      329
features.11                      168    -0.170833 1.526999e-07 7.392539e-08      169
features.8                       297    -0.170810 1.183786e-07 3.262119e-08      137
features.9                        75    -0.170809 6.424130e-08 7.225896e-09      137
features.16                      239    -0.170680 2.434650e-07 3.109208e-09      329
features.16                       68    -0.170510 2.418182e-07 8.319657e-10      329
features.17                      740    -0.170408 3.615157e-07 2.132151e-10      489
features.17                      938    -0.170399 3.633644e-07 8.118495e-10      489
features.14                      227    -0.170311 4.735540e-07 1.891403e-09      265
features.16                       97    -0.169771 2.419203e-07 2.690603e-09      329
features.17                      331    -0.169707 3.615670e-07 7.053050e-10      489
features.15                      411    -0.169638 3.532260e-07 1.173870e-09      329
features.11                      219    -0.169475 1.508463e-07 6.817798e-08      169
features.17                      486    -0.169402 3.614272e-07 8.673392e-10      489
features.14                      528    -0.169132 5.548291e-07 1.521675e-08      265
features.14                      308    -0.169128 5.516886e-07 1.472306e-08      265
features.12                      297    -0.169084 7.387688e-08 1.053627e-08      201
features.14                      197    -0.168847 4.772025e-07 3.092766e-09      265
features.9                       161    -0.168838 6.359030e-08 7.414218e-09      137
features.15                      378    -0.168751 3.499709e-07 6.072549e-10      329
features.14                      300    -0.168741 4.624576e-07 8.122367e-10      265
features.17                      221    -0.168728 3.612267e-07 1.260141e-09      489
features.16                       76    -0.168612 2.391403e-07 8.448627e-10      329
features.16                      272    -0.168479 2.395103e-07 1.748264e-09      329
features.16                      223    -0.168330 2.387934e-07 9.298151e-10      329
features.12                        4    -0.168325 7.141456e-08 5.861443e-09      201
features.15                      856    -0.168301 3.508908e-07 1.343396e-09      329
features.11                      202    -0.168269 1.426434e-07 1.015099e-08      169
features.16                      504    -0.168247 2.407471e-07 4.282513e-09      329
features.9                       359    -0.168156 6.262436e-08 5.254859e-09      137
features.17                        8    -0.168100 3.576913e-07 5.535306e-10      489
features.14                      148    -0.168069 5.554836e-07 1.577451e-08      265
features.12                      528    -0.167881 6.895802e-08 9.199377e-10      201
features.14                      282    -0.167856 5.042044e-07 7.776316e-09      265
features.17                      394    -0.167792 3.602671e-07 1.588296e-09      489
features.11                      328    -0.167706 1.418907e-07 7.889252e-09      169
features.7                        72    -0.167673 5.686357e-07 2.645762e-08      105
features.16                      390    -0.167644 2.383095e-07 1.717536e-09      329
features.14                      473    -0.167551 4.808290e-07 4.218928e-09      265
features.15                      290    -0.167524 3.470135e-07 4.390420e-10      329
features.12                      186    -0.167470 6.846499e-08 2.129248e-10      201
features.15                      289    -0.167400 3.466480e-07 3.948983e-10      329
features.13                      452    -0.167235 4.443216e-08 9.823137e-09      201
features.11                      149    -0.167213 1.511380e-07 8.587012e-08      169
features.16                      806    -0.167093 2.377038e-07 1.998967e-09      329
features.17                      337    -0.166946 3.570088e-07 1.118196e-09      489
features.5                         9    -0.166772 8.723377e-08 2.424953e-08       73
features.12                      112    -0.166560 6.891254e-08 1.992197e-09      201
features.15                      482    -0.166292 3.470246e-07 1.455542e-09      329
features.14                       17    -0.166217 5.552936e-07 1.653638e-08      265
features.11                      223    -0.166212 1.470747e-07 5.986225e-08      169
features.17                      920    -0.165943 3.519100e-07 1.648998e-10      489
features.14                      274    -0.165910 5.350639e-07 1.347640e-08      265
features.11                      139    -0.165826 1.524792e-07 1.061010e-07      169
features.6                        44    -0.165711 3.473108e-08 7.816975e-09       73
features.16                      502    -0.165662 2.350402e-07 9.662554e-10      329
features.4                         3    -0.165659 2.943866e-07 4.410409e-08       65
features.13                       71    -0.165560 4.257490e-08 5.183313e-09      201
features.8                       217    -0.165489 1.070911e-07 1.841151e-09      137
features.15                      262    -0.165329 3.421543e-07 3.088749e-10      329
features.9                        12    -0.165228 6.125997e-08 4.340648e-09      137
features.4                        16    -0.165188 3.308797e-07 1.030616e-07       65
features.14                       75    -0.165085 5.190744e-07 1.130661e-08      265
features.16                      338    -0.165035 2.338204e-07 4.286019e-10      329
features.11                      182    -0.164902 1.388318e-07 2.220070e-09      169
features.7                        44    -0.164874 5.237648e-07 1.561287e-08      105
features.6                       114    -0.164869 3.611305e-08 8.056705e-08       73
features.7                        86    -0.164861 5.173836e-07 1.374797e-08      105
features.8                       273    -0.164836 1.069309e-07 2.860687e-09      137
features.17                      822    -0.164700 3.526744e-07 1.253027e-09      489
features.13                      432    -0.164660 4.317510e-08 7.829904e-09      201
features.12                      278    -0.164553 6.854874e-08 2.981125e-09      201
features.14                      517    -0.164535 4.692706e-07 3.684947e-09      265
features.6                        11    -0.164374 3.463945e-08 1.656531e-08       73
features.12                       42    -0.164331 7.496010e-08 1.710308e-08      201
features.9                       128    -0.164291 6.157492e-08 6.304849e-09      137
features.11                      192    -0.164160 1.386109e-07 5.468063e-09      169
features.11                      354    -0.164082 1.385381e-07 5.410269e-09      169
features.17                      424    -0.163878 3.496176e-07 8.314626e-10      489
features.14                      283    -0.163813 4.876730e-07 6.896915e-09      265
features.16                       96    -0.163808 2.337478e-07 3.122332e-09      329
features.14                      415    -0.163687 4.552713e-07 1.839165e-09      265
features.9                       376    -0.163669 6.377369e-08 1.358514e-08      137
features.11                      195    -0.163597 1.583146e-07 1.683145e-07      169
features.14                      205    -0.163487 4.923549e-07 7.774758e-09      265
features.14                      481    -0.163404 4.551295e-07 1.937799e-09      265
features.12                       91    -0.163282 7.125292e-08 9.981516e-09      201
features.14                      431    -0.163260 5.032740e-07 9.594567e-09      265
features.12                      213    -0.163211 6.692245e-08 6.393460e-10      201
features.15                      783    -0.163133 3.396216e-07 1.105405e-09      329
features.10                      178    -0.163019 8.573596e-08 4.000147e-09      137
features.15                      652    -0.162819 3.386671e-07 9.829468e-10      329
features.14                      107    -0.162779 5.030560e-07 9.765586e-09      265
features.2                        84    -0.162707 1.231349e-07 9.949544e-08       49
features.13                      467    -0.162501 4.156863e-08 4.381246e-09      201
features.11                       43    -0.162440 1.389441e-07 1.982033e-08      169
features.11                      162    -0.162437 1.396670e-07 2.567681e-08      169
features.14                      397    -0.162377 5.206742e-07 1.271708e-08      265
features.14                      497    -0.162274 5.177563e-07 1.230050e-08      265
features.14                      163    -0.162196 4.662819e-07 4.213851e-09      265
features.8                       377    -0.162083 1.057719e-07 5.268292e-09      137
features.15                      251    -0.162045 3.377509e-07 1.254258e-09      329
features.17                      137    -0.161949 3.438246e-07 2.842240e-10      489
features.12                      409    -0.161939 7.363415e-08 1.634398e-08      201
features.11                      131    -0.161932 1.409071e-07 3.911055e-08      169
features.15                      940    -0.161811 3.381957e-07 1.623543e-09      329
features.15                       34    -0.161616 3.363609e-07 1.053637e-09      329
features.17                      832    -0.161449 3.427642e-07 2.834931e-10      489
features.17                      244    -0.161444 3.429908e-07 3.595274e-10      489
features.14                      339    -0.161373 4.526997e-07 2.422752e-09      265
features.13                      229    -0.161372 4.157777e-08 5.309265e-09      201
features.14                       41    -0.161067 5.460591e-07 1.728142e-08      265
features.11                       64    -0.160978 1.429344e-07 6.194163e-08      169
features.17                      825    -0.160885 3.422211e-07 4.925634e-10      489
features.14                       37    -0.160871 4.656404e-07 4.678741e-09      265
features.14                      317    -0.160821 4.403622e-07 7.124485e-10      265
features.9                       105    -0.160754 6.162796e-08 1.030956e-08      137
features.14                      501    -0.160718 4.935786e-07 9.151867e-09      265
features.16                      130    -0.160644 2.279613e-07 1.002396e-09      329
features.16                      716    -0.160612 2.281321e-07 1.352330e-09      329
features.7                       133    -0.160601 5.056099e-07 1.386117e-08      105
features.14                      269    -0.160487 4.546287e-07 3.106070e-09      265
features.12                      428    -0.160237 6.751652e-08 4.565992e-09      201
features.16                      611    -0.160180 2.271575e-07 7.629951e-10      329
features.17                      268    -0.159971 3.426045e-07 1.235504e-09      489
features.15                      699    -0.159823 3.316968e-07 6.716033e-10      329
features.12                      161    -0.159637 6.707968e-08 4.149463e-09      201
