================================================================================
Channel Pruning Log
  iteration  : 12
  alpha      : 0.3000
  timestamp  : 2026-05-17 05:58:10
  remove_target  : 55731
  accum_removed  : 55892
  selected_channels : 204
  gamma             : 0.2000
  remove_target_met : yes
  total_params   : 2289600
  active_after   : 1011721
  model_sparsity : 55.8%
================================================================================

[ 레이어별 채널 제거 비율 ]
  layer                total_ch  this_iter    cumul  cumul_%
  ----------------------------------------------------------
  features.1                 32          0       21    65.6%
  features.2                 96          1       63    65.6%
  features.3                144          2       52    36.1%
  features.4                144          0       97    67.4%
  features.5                192         10       78    40.6%
  features.6                192          6      105    54.7%
  features.7                192          4      152    79.2%
  features.8                384         20      155    40.4%
  features.9                384         14      343    89.3%
  features.10               384         11      322    83.9%
  features.11               384          3      266    69.3%
  features.12               576         19      336    58.3%
  features.13               576         14      399    69.3%
  features.14               576          6      501    87.0%
  features.15               960         22      491    51.1%
  features.16               960         20      650    67.7%
  features.17               960         52      864    90.0%

[ 레이어별 보호 영역 (γ=0.20) ]
  layer                  active  protected  protect_%
  --------------------------------------------------
  features.1                 11          3      27.3%
  features.2                 34          7      20.6%
  features.3                 94         19      20.2%
  features.4                 47         10      21.3%
  features.5                124         25      20.2%
  features.6                 93         19      20.4%
  features.7                 44          9      20.5%
  features.8                249         50      20.1%
  features.9                 55         11      20.0%
  features.10                73         15      20.5%
  features.11               121         25      20.7%
  features.12               259         52      20.1%
  features.13               191         39      20.4%
  features.14                81         17      21.0%
  features.15               491         99      20.2%
  features.16               330         66      20.0%
  features.17               148         30      20.3%

[ 블록별 제거 채널 수 ]
  features.10: 11채널 제거
  features.11: 3채널 제거
  features.12: 19채널 제거
  features.13: 14채널 제거
  features.14: 6채널 제거
  features.15: 22채널 제거
  features.16: 20채널 제거
  features.17: 52채널 제거
  features.2: 1채널 제거
  features.3: 2채널 제거
  features.5: 10채널 제거
  features.6: 6채널 제거
  features.7: 4채널 제거
  features.8: 20채널 제거
  features.9: 14채널 제거

[ 선택된 채널 상세 ]
block                             ch        score          phi         perf  weights
--------------------------------------------------------------------------------
features.17                      317    -0.688643 3.794034e-06 3.826663e-08      489
features.17                       85    -0.554805 3.056821e-06 3.092940e-08      489
features.17                      340    -0.552104 3.058184e-06 4.087951e-08      489
features.17                       63    -0.515025 2.856810e-06 4.062726e-08      489
features.17                      564    -0.501709 2.767126e-06 2.974168e-08      489
features.16                      132    -0.460731 1.216833e-06 5.143551e-08      329
features.17                       30    -0.454378 2.504560e-06 2.599092e-08      489
features.9                       327    -0.416983 1.889850e-07 5.202193e-07      137
features.7                        39    -0.386211 4.347784e-06 1.294170e-06      105
features.17                      501    -0.383288 2.138526e-06 3.797473e-08      489
features.10                      353    -0.377795 1.736933e-07 1.652791e-07      137
features.16                      756    -0.370565 9.807094e-07 5.088088e-08      329
features.17                      786    -0.355724 1.991473e-06 3.943467e-08      489
features.17                      127    -0.328043 1.829359e-06 3.192261e-08      489
features.15                      669    -0.320782 6.952550e-07 4.930584e-08      329
features.16                      538    -0.296840 7.903778e-07 6.334272e-08      329
features.9                       216    -0.293919 1.402178e-07 4.892046e-07      137
features.11                      315    -0.290609 1.010729e-06 1.140402e-06      169
features.17                      794    -0.263563 1.480348e-06 3.221927e-08      489
features.9                       201    -0.252087 1.205250e-07 4.241884e-07      137
features.17                      293    -0.228953 1.305234e-06 3.997372e-08      489
features.17                      210    -0.220158 1.246184e-06 3.289744e-08      489
features.9                        18    -0.208129 1.103725e-07 5.401574e-07      137
features.17                      542    -0.204168 1.160150e-06 3.329290e-08      489
features.16                        4    -0.195387 5.253240e-07 6.567880e-08      329
features.13                      138    -0.186740 1.003573e-07 1.401000e-07      201
features.17                      392    -0.179924 9.873148e-07 7.532177e-09      489
features.16                      576    -0.157544 4.252707e-07 6.094348e-08      329
features.10                      267    -0.152461 9.166315e-08 1.806237e-07      137
features.17                      587    -0.148212 8.637469e-07 3.756826e-08      489
features.17                      532    -0.145910 7.936675e-07 1.756595e-09      489
features.9                       151    -0.139472 5.415158e-08 1.561039e-08      137
features.17                      119    -0.134787 7.558874e-07 1.575205e-08      489
features.17                      313    -0.131892 7.430704e-07 1.753619e-08      489
features.17                      229    -0.123762 7.368780e-07 4.108250e-08      489
features.17                      875    -0.120371 6.606818e-07 5.138943e-09      489
features.17                      506    -0.115967 6.385401e-07 6.213975e-09      489
features.17                      681    -0.115047 6.472007e-07 1.469793e-08      489
features.15                      539    -0.112573 2.547202e-07 5.108783e-08      329
features.17                      864    -0.112266 6.710557e-07 3.889916e-08      489
features.16                      707    -0.112189 2.987011e-07 2.386131e-08      329
features.17                      627    -0.111675 6.490267e-07 2.719326e-08      489
features.17                      764    -0.111614 6.110295e-07 3.778496e-09      489
features.8                       262    -0.111058 1.094002e-07 2.092703e-08      137
features.8                       294    -0.110939 1.135250e-07 4.824048e-08      137
features.10                      181    -0.108306 4.130411e-08 2.536772e-09      137
features.6                       101    -0.107718 4.235481e-08 1.403254e-07       73
features.17                      115    -0.106757 5.900221e-07 7.082225e-09      489
features.5                       117    -0.106582 5.776427e-08 1.594403e-07       73
features.13                      570    -0.105236 5.335421e-08 3.048231e-08      201
features.17                      885    -0.103395 5.623410e-07 1.203978e-09      489
features.13                      451    -0.103215 5.989695e-08 1.444649e-07      201
features.17                      326    -0.102228 5.629021e-07 5.484811e-09      489
features.17                      185    -0.101953 5.590950e-07 4.043807e-09      489
features.16                      858    -0.100835 2.679689e-07 1.907478e-08      329
features.8                        51    -0.099011 1.017540e-07 4.586059e-08      137
features.15                      325    -0.098886 2.156117e-07 1.925528e-08      329
features.17                      945    -0.097929 5.428368e-07 7.495450e-09      489
features.17                      591    -0.097667 5.373527e-07 4.968256e-09      489
features.6                       175    -0.097419 3.925924e-08 2.150725e-07       73
features.14                      471    -0.097248 1.824734e-06 2.330612e-07      265
features.3                       100    -0.096288 2.954081e-08 4.071372e-07       57
features.9                       283    -0.096180 4.014906e-08 5.982433e-08      137
features.17                       56    -0.096135 5.344934e-07 8.353076e-09      489
features.8                       131    -0.094751 9.110384e-08 3.460343e-09      137
features.3                       109    -0.093926 2.869330e-08 1.816384e-07       57
features.17                      283    -0.093563 5.303864e-07 1.446607e-08      489
features.12                       55    -0.093139 5.704484e-08 8.148963e-09      201
features.13                       75    -0.093102 4.847993e-08 4.631411e-08      201
features.17                      494    -0.092922 5.190310e-07 9.567982e-09      489
features.8                        59    -0.092617 9.282014e-08 2.766810e-08      137
features.16                        7    -0.092594 2.452217e-07 1.351786e-08      329
features.8                       164    -0.092539 9.379530e-08 3.443740e-08      137
features.13                      559    -0.092319 4.880101e-08 5.696003e-08      201
features.8                       197    -0.092272 9.084055e-08 1.703657e-08      137
features.17                      653    -0.091962 5.333044e-07 2.167712e-08      489
features.9                        79    -0.091613 3.768361e-08 4.720992e-08      137
features.12                      120    -0.090359 5.931167e-08 3.606144e-08      201
features.17                      436    -0.089796 4.970298e-07 6.423196e-09      489
features.2                         5    -0.089773 1.417445e-07 2.934262e-06       49
features.14                      322    -0.089663 9.157092e-07 2.389157e-08      265
features.17                      575    -0.089549 5.042419e-07 1.173997e-08      489
features.16                      731    -0.089434 2.361355e-07 9.667436e-09      329
features.15                      659    -0.089432 2.015480e-07 3.803419e-08      329
features.8                       163    -0.089070 8.886833e-08 2.405089e-08      137
features.10                      130    -0.089016 3.440495e-08 4.501658e-09      137
features.5                        88    -0.089008 4.948533e-08 1.682607e-07       73
features.16                      728    -0.088782 2.349414e-07 1.207763e-08      329
features.9                       195    -0.088560 3.469400e-08 1.532158e-08      137
features.17                      298    -0.087847 4.788772e-07 1.706007e-09      489
features.8                       250    -0.087823 8.903535e-08 3.281024e-08      137
features.12                      559    -0.087607 5.791097e-08 3.784092e-08      201
features.10                      184    -0.086765 4.083230e-08 4.293129e-08      137
features.5                        79    -0.086646 4.344698e-08 3.061614e-08       73
features.17                       21    -0.086484 4.824892e-07 8.542758e-09      489
features.17                       59    -0.086467 5.006531e-07 1.989166e-08      489
features.16                      679    -0.086038 2.266842e-07 7.002829e-09      329
features.8                       107    -0.086019 8.463962e-08 1.559398e-08      137
features.10                      346    -0.085879 3.897722e-08 3.489805e-08      137
features.14                      464    -0.085643 1.579562e-06 1.984177e-07      265
features.9                       225    -0.084574 6.112342e-08 5.039976e-07      137
features.16                      133    -0.084458 2.254191e-07 2.056339e-08      329
features.5                       116    -0.084058 4.694455e-08 1.648510e-07       73
features.12                      252    -0.083979 5.615349e-08 4.081891e-08      201
features.15                      285    -0.083848 1.785363e-07 2.836553e-09      329
features.7                        28    -0.083725 1.373871e-06 7.688929e-07      105
features.8                       242    -0.083545 8.392023e-08 2.619396e-08      137
features.12                      330    -0.083161 5.105370e-08 8.129379e-09      201
features.17                      869    -0.083147 4.832415e-07 2.025347e-08      489
features.17                      427    -0.083139 4.834185e-07 2.039300e-08      489
features.15                      587    -0.082740 1.799869e-07 1.478872e-08      329
features.15                      835    -0.082591 1.797028e-07 1.489002e-08      329
features.14                      207    -0.082445 1.354934e-06 1.497468e-07      265
features.17                      241    -0.082410 4.872828e-07 2.524957e-08      489
features.11                      332    -0.082408 2.650837e-07 1.486642e-07      169
features.6                       142    -0.082353 3.211754e-08 8.290215e-08       73
features.17                      854    -0.082209 5.092440e-07 3.958025e-08      489
features.12                      205    -0.082206 5.024566e-08 6.465250e-09      201
features.17                      416    -0.082097 4.507837e-07 3.615656e-09      489
features.17                      234    -0.081891 4.746776e-07 1.916461e-08      489
features.10                      161    -0.081871 3.168832e-08 4.377540e-09      137
features.17                      619    -0.081787 4.490065e-07 3.555294e-09      489
features.17                      589    -0.081752 4.900284e-07 2.917625e-08      489
features.16                       44    -0.081372 2.134269e-07 2.074094e-09      329
features.6                        76    -0.081317 3.416556e-08 3.084981e-07       73
features.16                      434    -0.081274 2.183413e-07 2.649804e-08      329
features.17                      310    -0.081123 4.697965e-07 1.871668e-08      489
features.9                       197    -0.080794 3.291303e-08 3.603124e-08      137
features.10                      166    -0.080735 3.478213e-08 2.298035e-08      137
features.8                        27    -0.080656 8.213406e-08 3.248353e-08      137
features.12                       75    -0.080581 5.183282e-08 2.463886e-08      201
features.13                       51    -0.080526 4.041139e-08 1.704173e-08      201
features.16                      869    -0.080522 2.114191e-07 3.104351e-09      329
features.17                      475    -0.080408 4.638233e-07 1.741281e-08      489
features.5                        33    -0.079871 3.920461e-08 4.402978e-09       73
features.7                       102    -0.079773 7.153122e-07 6.043133e-08      105
features.13                      192    -0.079547 4.014238e-08 2.020328e-08      201
features.8                       302    -0.079505 8.200934e-08 3.877081e-08      137
features.17                       83    -0.079449 4.743654e-07 2.719722e-08      489
features.5                       148    -0.079406 4.692986e-08 2.285341e-07       73
features.17                      311    -0.079345 4.334094e-07 2.086306e-09      489
features.13                      538    -0.079330 3.989219e-08 1.801559e-08      201
features.10                      113    -0.079252 4.069868e-08 5.718385e-08      137
features.8                        41    -0.078747 8.395833e-08 5.600287e-08      137
features.8                        13    -0.078534 7.723957e-08 1.400764e-08      137
features.8                       158    -0.078326 7.540691e-08 3.476479e-09      137
features.9                        71    -0.078045 3.199371e-08 3.831280e-08      137
features.12                      398    -0.077866 4.736828e-08 4.527736e-09      201
features.15                      495    -0.077797 1.679222e-07 9.773848e-09      329
features.5                        62    -0.077659 4.193282e-08 1.117731e-07       73
features.15                      655    -0.077652 1.669462e-07 7.668073e-09      329
features.12                       69    -0.077516 5.010184e-08 2.540519e-08      201
features.14                      318    -0.077465 7.463518e-07 9.485498e-09      265
features.16                      913    -0.077426 2.047283e-07 9.767835e-09      329
features.15                      292    -0.077259 1.649711e-07 4.073779e-09      329
features.12                      248    -0.076939 5.389547e-08 5.476972e-08      201
features.8                       119    -0.076811 7.411254e-08 4.467018e-09      137
features.12                      190    -0.076589 4.666844e-08 5.001974e-09      201
features.12                      391    -0.076525 5.021536e-08 3.043130e-08      201
features.15                      656    -0.076420 1.630725e-07 3.694884e-09      329
features.5                        86    -0.076305 3.926429e-08 5.522396e-08       73
features.10                      304    -0.076194 4.174788e-08 6.881363e-08      137
features.8                       348    -0.076189 7.377337e-08 6.116482e-09      137
features.16                      752    -0.076066 2.025282e-07 1.619005e-08      329
features.9                       304    -0.076062 2.954800e-08 8.794359e-09      137
features.10                      381    -0.075663 5.265002e-08 1.274560e-07      137
features.16                      796    -0.075536 1.987275e-07 4.794701e-09      329
features.12                      480    -0.075210 4.670554e-08 1.113171e-08      201
features.13                      181    -0.075204 3.795562e-08 1.917468e-08      201
features.13                       80    -0.074695 3.669581e-08 3.864034e-09      201
features.15                      112    -0.074665 1.636163e-07 1.710622e-08      329
features.12                      328    -0.074547 4.895734e-08 2.992472e-08      201
features.13                      276    -0.074312 4.122417e-08 7.525009e-08      201
features.8                        53    -0.074158 7.170378e-08 5.285105e-09      137
features.8                        34    -0.074068 7.885604e-08 5.194450e-08      137
features.13                      232    -0.073972 3.635092e-08 3.982236e-09      201
features.5                       129    -0.073912 3.933122e-08 9.007371e-08       73
features.16                      669    -0.073824 1.975634e-07 2.046198e-08      329
features.13                      565    -0.073740 3.838871e-08 3.654434e-08      201
features.15                       41    -0.073739 1.609418e-07 1.486706e-08      329
features.15                      140    -0.073646 1.561796e-07 4.918007e-10      329
features.15                      624    -0.073638 1.615362e-07 1.741282e-08      329
features.12                      176    -0.073390 4.489478e-08 6.038593e-09      201
features.12                       40    -0.073337 4.643039e-08 1.715216e-08      201
features.6                       109    -0.073283 3.159852e-08 3.527442e-07       73
features.15                      501    -0.073121 1.694894e-07 4.589518e-08      329
features.15                      187    -0.072699 1.679277e-07 4.379104e-08      329
features.9                        20    -0.072655 2.793988e-08 3.420494e-09      137
features.15                      498    -0.072572 1.577948e-07 1.274111e-08      329
features.11                      308    -0.072461 2.238956e-07 5.611540e-08      169
features.12                      294    -0.072287 4.872685e-08 3.791302e-08      201
features.7                       183    -0.072139 7.569313e-07 1.792624e-07      105
features.5                       172    -0.072043 3.670251e-08 4.175017e-08       73
features.16                      757    -0.072013 1.920777e-07 1.694180e-08      329
features.15                      454    -0.072011 1.570337e-07 1.408562e-08      329
features.14                      215    -0.071930 8.973387e-07 5.970458e-08      265
features.12                      282    -0.071806 5.224909e-08 6.494240e-08      201
features.12                      331    -0.071537 4.517301e-08 1.589936e-08      201
features.6                        32    -0.071429 3.024189e-08 2.922977e-07       73
features.15                      433    -0.071052 1.639876e-07 4.236994e-08      329
features.13                      223    -0.070972 3.595180e-08 2.009237e-08      201
features.9                       118    -0.070852 4.416319e-08 2.990930e-07      137
features.15                      527    -0.070769 1.500660e-07 4.322769e-10      329
features.15                      647    -0.070759 1.558408e-07 1.868298e-08      329
