================================================================================
Channel Pruning Log
  iteration  : 6
  alpha      : 0.5000
  timestamp  : 2026-05-14 16:36:53
  remove_target  : 104995
  accum_removed  : 105321
  selected_channels : 289
  total_params   : 2289600
  active_after   : 1454933
  model_sparsity : 36.5%
================================================================================

[ 레이어별 채널 제거 비율 ]
  layer                total_ch  this_iter    cumul  cumul_%
  ----------------------------------------------------------
  features.1                 32          3       17    53.1%
  features.2                 96          4       64    66.7%
  features.3                144          1       11     7.6%
  features.4                144          0        4     2.8%
  features.5                192          0        7     3.6%
  features.6                192          8       61    31.8%
  features.7                192          1       14     7.3%
  features.8                384          0       65    16.9%
  features.9                384          0      145    37.8%
  features.10               384          0      215    56.0%
  features.11               384         11      154    40.1%
  features.12               576          3      153    26.6%
  features.13               576          0      250    43.4%
  features.14               576         25      410    71.2%
  features.15               960         79      456    47.5%
  features.16               960         38      169    17.6%
  features.17               960        116      704    73.3%

[ 블록별 제거 채널 수 ]
  features.1: 3채널 제거
  features.11: 11채널 제거
  features.12: 3채널 제거
  features.14: 25채널 제거
  features.15: 79채널 제거
  features.16: 38채널 제거
  features.17: 116채널 제거
  features.2: 4채널 제거
  features.3: 1채널 제거
  features.6: 8채널 제거
  features.7: 1채널 제거

[ 선택된 채널 상세 ]
block                             ch        score          phi         perf  weights
--------------------------------------------------------------------------------
features.17                      693    -0.498224 1.132369e-06 2.564692e-09      489
features.2                         5    -0.495608 1.682231e-07 7.402536e-06       49
features.17                      227    -0.468100 1.063928e-06 2.424790e-09      489
features.17                      779    -0.466549 1.060301e-06 2.352233e-09      489
features.15                       26    -0.436339 3.108824e-07 8.046667e-08      329
features.17                      211    -0.431736 9.919609e-07 9.050089e-09      489
features.17                      527    -0.422811 9.599081e-07 1.498441e-09      489
features.17                      536    -0.420199 9.567284e-07 3.244456e-09      489
features.15                      128    -0.411146 2.662901e-07 1.995317e-09      329
features.17                      588    -0.407945 9.258983e-07 1.280838e-09      489
features.17                      932    -0.399047 9.143945e-07 6.795844e-09      489
features.2                         2    -0.396608 1.384400e-07 2.507598e-05       49
features.15                       11    -0.396393 2.586648e-07 7.271802e-09      329
features.17                      752    -0.395211 9.105186e-07 9.863980e-09      489
features.17                      871    -0.394135 8.956880e-07 1.959888e-09      489
features.17                      602    -0.391201 9.033282e-07 1.107009e-08      489
features.17                      849    -0.382773 8.728082e-07 3.779121e-09      489
features.15                       24    -0.382711 2.541599e-07 1.927748e-08      329
features.15                      949    -0.382689 2.574059e-07 2.831029e-08      329
features.15                      746    -0.381600 2.490423e-07 7.085904e-09      329
features.17                      105    -0.375709 8.607573e-07 6.296552e-09      489
features.17                      561    -0.370603 8.439646e-07 2.962284e-09      489
features.17                      415    -0.366765 8.336237e-07 1.910514e-09      489
features.15                      327    -0.366244 2.436932e-07 1.974650e-08      329
features.17                      236    -0.362025 8.249600e-07 3.231511e-09      489
features.17                      683    -0.358950 8.203096e-07 4.707483e-09      489
features.17                      545    -0.355755 8.069364e-07 7.927378e-10      489
features.15                      942    -0.355441 2.304673e-07 2.434571e-09      329
features.16                      793    -0.354702 7.521867e-07 3.802348e-09      329
features.17                      639    -0.349180 8.031294e-07 7.860745e-09      489
features.15                       60    -0.348400 2.256819e-07 1.776403e-09      329
features.1                         3    -0.347097 1.522342e-07 2.774192e-06       25
features.15                      587    -0.343885 2.256115e-07 9.662116e-09      329
features.16                      915    -0.343526 7.352557e-07 1.350685e-08      329
features.15                      331    -0.343183 2.228349e-07 3.225876e-09      329
features.17                      782    -0.343032 7.798295e-07 1.882295e-09      489
features.6                        94    -0.341099 4.259926e-08 1.870335e-07       73
features.17                      749    -0.340567 7.740937e-07 1.783753e-09      489
features.17                      327    -0.339027 7.783765e-07 6.739520e-09      489
features.2                        63    -0.336514 1.144342e-07 6.089130e-06       49
features.17                      133    -0.336083 7.741038e-07 8.267271e-09      489
features.15                      802    -0.335815 2.255285e-07 2.387686e-08      329
features.17                      780    -0.335435 7.634317e-07 2.396325e-09      489
features.17                      644    -0.335283 7.751452e-07 1.008666e-08      489
features.17                      455    -0.334618 7.598241e-07 1.276323e-09      489
features.17                      868    -0.333126 7.565230e-07 1.326390e-09      489
features.17                       27    -0.331974 7.544983e-07 1.697641e-09      489
features.17                      807    -0.331714 7.541485e-07 1.850823e-09      489
features.15                      709    -0.331668 2.155529e-07 3.657749e-09      329
features.6                         2    -0.329783 4.102153e-08 1.678412e-07       73
features.17                      115    -0.328991 7.489089e-07 2.442734e-09      489
features.17                      518    -0.328091 7.572498e-07 9.061555e-09      489
features.15                      578    -0.327170 2.183005e-07 1.932126e-08      329
features.15                      659    -0.326191 2.136887e-07 8.294632e-09      329
features.15                      180    -0.326118 2.108975e-07 6.915843e-10      329
features.17                      786    -0.325469 7.719152e-07 2.220075e-08      489
features.15                      698    -0.323757 2.127086e-07 9.935450e-09      329
features.15                      913    -0.323486 2.148445e-07 1.633802e-08      329
features.15                      938    -0.323005 2.145713e-07 1.644240e-08      329
features.17                       41    -0.321697 7.434356e-07 9.486378e-09      489
features.17                      763    -0.321040 7.290810e-07 1.280791e-09      489
features.6                        79    -0.320305 3.911313e-08 1.054229e-07       73
features.17                      525    -0.319772 7.604194e-07 2.309684e-08      489
features.17                      360    -0.318905 7.392588e-07 1.085550e-08      489
features.17                       52    -0.318460 7.275826e-07 4.051108e-09      489
features.17                      541    -0.317715 7.222214e-07 1.707959e-09      489
features.17                      389    -0.315968 7.248386e-07 5.900491e-09      489
features.16                      320    -0.315953 6.739691e-07 9.124144e-09      329
features.17                      748    -0.314219 7.180880e-07 4.121454e-09      489
features.17                      169    -0.312765 7.189388e-07 6.764759e-09      489
features.17                      852    -0.312600 7.100970e-07 1.364793e-09      489
features.15                      308    -0.311313 2.013590e-07 7.593552e-10      329
features.17                      313    -0.309940 7.131101e-07 7.127922e-09      489
features.17                      719    -0.309866 7.082535e-07 4.137354e-09      489
features.16                      236    -0.309108 6.546279e-07 2.049112e-09      329
features.16                      552    -0.308007 7.213044e-07 1.022019e-07      329
features.15                      832    -0.307790 1.998766e-07 2.956249e-09      329
features.15                      435    -0.307730 1.995556e-07 2.174689e-09      329
features.16                      435    -0.307159 6.498244e-07 1.053102e-09      329
features.17                      571    -0.306565 6.970400e-07 1.753580e-09      489
features.17                      216    -0.306540 6.985005e-07 2.720594e-09      489
features.15                      310    -0.306324 2.033124e-07 1.510091e-08      329
features.17                       72    -0.305257 7.120014e-07 1.318389e-08      489
features.16                       50    -0.304144 6.435592e-07 1.208410e-09      329
features.16                      254    -0.303694 6.434962e-07 2.495839e-09      329
features.17                      252    -0.303441 6.921008e-07 3.114958e-09      489
features.15                      129    -0.302842 2.004340e-07 1.335760e-08      329
features.15                      228    -0.302611 1.999086e-07 1.231553e-08      329
features.15                      801    -0.302176 1.955920e-07 1.133003e-09      329
features.15                       92    -0.301972 2.076488e-07 3.490679e-08      329
features.16                      333    -0.301495 6.392503e-07 3.078503e-09      329
features.17                      120    -0.301352 6.860686e-07 2.286154e-09      489
features.17                      416    -0.300390 6.834222e-07 1.986980e-09      489
features.17                      285    -0.299146 6.803053e-07 1.796333e-09      489
features.15                      915    -0.299003 2.014221e-07 2.296605e-08      329
features.17                      400    -0.297760 6.758721e-07 9.706126e-10      489
features.15                      774    -0.295644 2.099123e-07 5.250390e-08      329
features.17                      594    -0.295326 6.707349e-07 1.210364e-09      489
features.17                      307    -0.295234 6.812893e-07 8.074385e-09      489
features.15                      190    -0.295123 1.912788e-07 1.803873e-09      329
features.15                      633    -0.294202 1.932790e-07 8.995396e-09      329
features.17                      641    -0.293368 6.683014e-07 2.486738e-09      489
features.15                      831    -0.293172 1.897694e-07 1.114454e-09      329
features.15                       14    -0.293057 1.915949e-07 6.378486e-09      329
features.17                      241    -0.292619 6.771784e-07 9.229468e-09      489
features.6                        28    -0.291030 3.560331e-08 1.009225e-07       73
features.16                      274    -0.290069 6.131371e-07 2.223281e-10      329
features.2                         9    -0.289925 9.799849e-08 2.274969e-06       49
features.15                      597    -0.289744 1.875991e-07 1.235200e-09      329
features.15                      928    -0.289511 1.873661e-07 1.007332e-09      329
features.16                       14    -0.288936 6.113453e-07 1.096986e-09      329
features.15                      639    -0.286696 1.909101e-07 1.586562e-08      329
features.16                      497    -0.286471 6.068614e-07 2.151241e-09      329
features.17                      560    -0.286435 6.566261e-07 5.053264e-09      489
features.17                      312    -0.285967 6.556708e-07 5.120935e-09      489
features.17                      287    -0.285940 6.629751e-07 9.817628e-09      489
features.15                      632    -0.284418 1.839539e-07 6.679244e-10      329
features.17                      198    -0.284119 6.508672e-07 4.726918e-09      489
features.17                      233    -0.283174 6.446067e-07 2.098929e-09      489
features.15                      504    -0.282727 1.876132e-07 1.383330e-08      329
features.17                      895    -0.282360 6.497842e-07 6.576810e-09      489
features.17                        3    -0.281625 6.637654e-07 1.655422e-08      489
features.17                      945    -0.281425 6.487996e-07 7.298770e-09      489
features.15                      221    -0.281422 1.878148e-07 1.672788e-08      329
features.15                      313    -0.281263 1.832422e-07 4.341901e-09      329
features.14                      135    -0.281057 1.206491e-06 6.349462e-08      265
features.17                      355    -0.280299 6.519007e-07 1.090288e-08      489
features.15                      104    -0.279305 1.833436e-07 8.128249e-09      329
features.17                      554    -0.279187 6.334352e-07 7.328373e-10      489
features.17                      568    -0.278857 6.350838e-07 2.260258e-09      489
features.15                      943    -0.278753 1.812441e-07 3.298892e-09      329
features.17                      833    -0.278347 6.346667e-07 2.731196e-09      489
features.17                      726    -0.278325 6.393050e-07 5.720242e-09      489
features.15                      741    -0.277473 1.928609e-07 3.777815e-08      329
features.16                      237    -0.276150 5.935303e-07 1.445969e-08      329
features.15                      927    -0.275462 1.789593e-07 2.857732e-09      329
features.17                      650    -0.275328 6.274852e-07 2.511597e-09      489
features.15                      301    -0.275297 1.787927e-07 2.690369e-09      329
features.17                      906    -0.275219 6.423553e-07 1.215274e-08      489
features.16                      732    -0.275170 5.830115e-07 2.195973e-09      329
features.15                      830    -0.275119 1.780863e-07 1.053125e-09      329
features.17                      357    -0.274591 6.289345e-07 4.499838e-09      489
features.17                      723    -0.274333 6.356867e-07 9.179402e-09      489
features.15                      705    -0.271641 1.763346e-07 2.422766e-09      329
features.15                      199    -0.269322 1.744927e-07 1.471181e-09      329
features.15                      724    -0.269219 1.744364e-07 1.498486e-09      329
features.15                      436    -0.268327 1.735116e-07 5.330430e-10      329
features.17                      204    -0.267893 6.083191e-07 1.027002e-09      489
features.6                        50    -0.267573 3.453588e-08 2.350846e-07       73
features.15                      379    -0.266867 1.728733e-07 1.376943e-09      329
features.14                      168    -0.266351 1.557866e-06 1.397350e-07      265
features.15                      868    -0.266135 1.736557e-07 4.855277e-09      329
features.17                      129    -0.266073 6.148372e-07 7.812080e-09      489
features.6                        98    -0.265945 3.218335e-08 6.449889e-08       73
features.17                      874    -0.265689 6.101878e-07 5.402665e-09      489
features.15                      249    -0.265409 1.751026e-07 1.016426e-08      329
features.14                      108    -0.265297 9.675293e-07 2.705196e-08      265
features.1                        24    -0.265030 1.164060e-07 2.947356e-06       25
features.17                      222    -0.264789 6.047037e-07 3.204774e-09      489
features.15                      914    -0.264649 1.806086e-07 2.678020e-08      329
features.17                      864    -0.264621 6.182877e-07 1.210949e-08      489
features.3                        80    -0.264542 6.988120e-08 5.248005e-08       57
features.17                      622    -0.264411 6.066351e-07 4.982272e-09      489
features.17                      944    -0.264113 6.036242e-07 3.492003e-09      489
features.16                      215    -0.264096 5.630378e-07 7.172798e-09      329
features.11                       93    -0.263968 2.764395e-07 1.878876e-07      169
features.17                      539    -0.263959 6.017676e-07 2.531253e-09      489
features.15                       80    -0.263868 1.774318e-07 1.937650e-08      329
features.17                      724    -0.263812 6.086258e-07 7.116319e-09      489
features.15                      769    -0.262893 1.815680e-07 3.258096e-08      329
features.6                       175    -0.262718 3.142167e-08 3.440282e-08       73
features.14                      498    -0.262677 9.000187e-07 1.566061e-08      265
features.11                      117    -0.262554 2.456759e-07 2.162822e-08      169
features.17                      828    -0.262461 5.969479e-07 1.620353e-09      489
features.15                      933    -0.262442 2.935350e-07 3.436393e-07      329
features.17                      255    -0.262392 6.037830e-07 6.079782e-09      489
features.15                      399    -0.262211 1.715333e-07 5.997774e-09      329
features.17                      915    -0.261070 5.929210e-07 1.062483e-09      489
features.14                       18    -0.260873 1.075844e-06 5.048829e-08      265
features.16                      954    -0.260261 5.544308e-07 6.443154e-09      329
features.16                      499    -0.260258 5.519786e-07 2.892844e-09      329
features.16                      768    -0.260221 5.583250e-07 1.221778e-08      329
features.16                      216    -0.260104 5.516848e-07 2.939332e-09      329
features.17                      566    -0.259656 5.971056e-07 5.773094e-09      489
features.16                      477    -0.259433 5.492406e-07 1.449039e-09      329
features.15                      280    -0.259359 1.732019e-07 1.572485e-08      329
features.14                      178    -0.259309 1.171875e-06 6.985682e-08      265
features.15                      303    -0.259029 1.698897e-07 7.137603e-09      329
features.17                      904    -0.258858 5.875556e-07 8.352098e-10      489
features.14                      291    -0.258764 9.761974e-07 3.262288e-08      265
features.15                      160    -0.258599 1.672571e-07 6.131652e-10      329
features.17                      174    -0.258162 5.867763e-07 1.343594e-09      489
features.11                      123    -0.257871 2.611277e-07 1.331710e-07      169
features.17                      551    -0.257772 5.939238e-07 6.464211e-09      489
features.15                       45    -0.257757 1.668024e-07 8.597338e-10      329
features.14                        0    -0.257152 8.909644e-07 1.722688e-08      265
features.17                      905    -0.256786 5.842219e-07 1.701488e-09      489
features.17                      810    -0.256537 5.877773e-07 4.329213e-09      489
features.16                      103    -0.256531 5.472830e-07 7.508986e-09      329
features.11                      334    -0.256515 2.375807e-07 7.338615e-09      169
features.15                      398    -0.256436 1.722105e-07 1.820982e-08      329
features.15                       41    -0.256054 1.718565e-07 1.791234e-08      329
features.17                       18    -0.255941 5.823600e-07 1.735097e-09      489
features.16                      296    -0.255897 5.415300e-07 1.103156e-09      329
features.15                      187    -0.255324 1.987592e-07 9.376385e-08      329
features.14                      367    -0.255272 9.815383e-07 3.573664e-08      265
features.14                      319    -0.255135 8.881229e-07 1.788728e-08      265
features.14                      145    -0.255040 8.630032e-07 1.312284e-08      265
features.14                       43    -0.254831 1.359332e-06 1.085164e-07      265
features.17                      814    -0.254553 5.831869e-07 4.265862e-09      489
features.16                      721    -0.254457 5.406491e-07 4.240472e-09      329
features.17                      195    -0.254290 5.923825e-07 1.051094e-08      489
features.17                      521    -0.254013 5.773583e-07 1.328804e-09      489
features.11                      177    -0.253816 2.494173e-07 8.816671e-08      169
features.15                      608    -0.253780 1.704605e-07 1.811377e-08      329
features.16                      840    -0.253319 5.439027e-07 1.245398e-08      329
features.14                       56    -0.253209 8.354230e-07 8.923964e-09      265
features.15                      250    -0.253048 1.641837e-07 2.032991e-09      329
features.14                      308    -0.252878 1.004703e-06 4.161468e-08      265
features.16                      301    -0.252542 5.353684e-07 2.449384e-09      329
features.11                      139    -0.252389 2.534930e-07 1.185866e-07      169
features.15                      693    -0.251814 1.659176e-07 9.045296e-09      329
features.16                       97    -0.251508 5.341562e-07 3.862436e-09      329
features.16                      511    -0.251296 5.316808e-07 9.197312e-10      329
features.16                      852    -0.251253 5.390215e-07 1.170836e-08      329
features.17                      517    -0.250960 5.692518e-07 5.687686e-10      489
features.16                      742    -0.250102 5.339510e-07 7.877231e-09      329
features.16                       96    -0.249796 5.321408e-07 6.188408e-09      329
features.14                      350    -0.249670 8.594455e-07 1.565164e-08      265
features.17                      720    -0.249592 5.737967e-07 5.443444e-09      489
features.17                      916    -0.249353 5.700546e-07 3.401602e-09      489
features.16                      323    -0.249127 5.282038e-07 2.525726e-09      329
features.12                      112    -0.248822 1.034965e-07 2.949607e-09      201
features.16                      156    -0.248721 5.280738e-07 3.581677e-09      329
features.15                      253    -0.248263 1.628064e-07 6.779518e-09      329
features.15                      495    -0.248213 1.645840e-07 1.179480e-08      329
features.11                      324    -0.248118 2.301247e-07 8.910900e-09      169
features.14                      553    -0.248097 1.026095e-06 4.858004e-08      265
features.16                      304    -0.247800 5.255362e-07 2.726270e-09      329
features.14                      575    -0.247622 8.198509e-07 9.276180e-09      265
features.11                      152    -0.247534 2.294828e-07 8.321289e-09      169
features.17                      883    -0.247499 5.628342e-07 1.474456e-09      489
features.17                      548    -0.247318 5.657168e-07 3.574907e-09      489
features.17                      546    -0.247239 5.610357e-07 7.043337e-10      489
features.16                      884    -0.247180 5.236554e-07 1.897838e-09      329
features.14                      545    -0.246970 8.213580e-07 9.955572e-09      265
features.15                      916    -0.246219 1.599813e-07 2.610762e-09      329
features.17                      427    -0.245695 5.646737e-07 5.253754e-09      489
features.14                      294    -0.245547 7.876402e-07 4.334459e-09      265
features.15                      881    -0.245442 1.636640e-07 1.420494e-08      329
features.17                      335    -0.245228 5.600917e-07 3.005701e-09      489
features.14                      127    -0.245139 9.439603e-07 3.458338e-08      265
features.16                      186    -0.245030 5.198198e-07 2.923632e-09      329
features.16                      321    -0.244888 5.236838e-07 8.967521e-09      329
features.15                      679    -0.244867 1.584148e-07 6.902489e-10      329
features.11                      131    -0.244647 2.465639e-07 1.197229e-07      169
features.7                       177    -0.244503 1.150799e-06 4.254628e-08      105
features.17                      947    -0.244269 5.617525e-07 5.449664e-09      489
features.15                      140    -0.243833 1.576103e-07 3.110712e-10      329
features.15                      925    -0.243747 1.616578e-07 1.167962e-08      329
features.17                      728    -0.243714 5.657609e-07 8.808618e-09      489
features.11                      176    -0.243577 2.820339e-07 3.254567e-07      169
features.15                       48    -0.243285 1.615994e-07 1.234458e-08      329
features.14                      210    -0.243092 7.810420e-07 4.536050e-09      265
features.14                      249    -0.242929 9.322808e-07 3.366356e-08      265
features.17                      951    -0.242703 5.536336e-07 2.533915e-09      489
features.15                      156    -0.242566 1.598464e-07 8.775110e-09      329
features.12                      278    -0.242296 1.022401e-07 6.978312e-09      201
features.17                      952    -0.242148 5.518128e-07 2.174463e-09      489
features.14                      221    -0.242084 9.463084e-07 3.686143e-08      265
features.15                      400    -0.242016 1.618691e-07 1.536351e-08      329
features.16                      544    -0.241709 5.228204e-07 1.746397e-08      329
features.17                      542    -0.241611 5.669987e-07 1.263461e-08      489
features.17                      633    -0.241578 5.626598e-07 9.914888e-09      489
features.16                       10    -0.241406 5.208622e-07 1.555253e-08      329
features.17                      942    -0.241273 5.520133e-07 3.566173e-09      489
features.15                      419    -0.241272 1.576646e-07 5.045567e-09      329
features.11                      349    -0.241174 3.090439e-07 4.903777e-07      169
features.12                      494    -0.240905 1.020713e-07 8.116338e-09      201
features.6                        34    -0.240639 3.558965e-08 5.691063e-07       73
features.14                      125    -0.240623 1.040605e-06 5.583507e-08      265
features.17                      259    -0.240286 5.488870e-07 2.998076e-09      489
features.14                      364    -0.239900 8.551684e-07 2.067311e-08      265
features.17                      153    -0.239582 5.529040e-07 6.577035e-09      489
features.1                        26    -0.239505 1.055588e-07 4.483938e-06       25
features.17                       50    -0.239302 5.471333e-07 3.301310e-09      489
features.17                      263    -0.238903 5.442773e-07 2.055784e-09      489
features.17                      316    -0.238839 5.424794e-07 1.002081e-09      489
features.17                      295    -0.237978 5.442399e-07 3.367887e-09      489
