================================================================================
Channel Pruning Log
  iteration  : 2
  alpha      : 0.5000
  timestamp  : 2026-05-14 11:43:26
  remove_target  : 160137
  accum_removed  : 160407
  selected_channels : 591
  total_params   : 2289600
  active_after   : 1951263
  model_sparsity : 14.8%
================================================================================

[ 레이어별 채널 제거 비율 ]
  layer                total_ch  this_iter    cumul  cumul_%
  ----------------------------------------------------------
  features.1                 32          2        8    25.0%
  features.2                 96         14       35    36.5%
  features.3                144          0        5     3.5%
  features.4                144          0        2     1.4%
  features.5                192          0        4     2.1%
  features.6                192          0       25    13.0%
  features.7                192          0       12     6.2%
  features.8                384          0       65    16.9%
  features.9                384         54       72    18.8%
  features.10               384         71      138    35.9%
  features.11               384         16       82    21.4%
  features.12               576         36      130    22.6%
  features.13               576         45      118    20.5%
  features.14               576        139      258    44.8%
  features.15               960         64       80     8.3%
  features.16               960         48       97    10.1%
  features.17               960        102      214    22.3%

[ 블록별 제거 채널 수 ]
  features.1: 2채널 제거
  features.10: 71채널 제거
  features.11: 16채널 제거
  features.12: 36채널 제거
  features.13: 45채널 제거
  features.14: 139채널 제거
  features.15: 64채널 제거
  features.16: 48채널 제거
  features.17: 102채널 제거
  features.2: 14채널 제거
  features.9: 54채널 제거

[ 선택된 채널 상세 ]
block                             ch        score          phi         perf  weights
--------------------------------------------------------------------------------
features.17                      181    -0.496387 9.224834e-07 1.375375e-09      489
features.10                       55    -0.495310 1.075845e-07 1.340293e-09      137
features.9                       275    -0.488558 2.278107e-07 3.108761e-09      137
features.10                       10    -0.478880 1.038274e-07 1.045250e-09      137
features.12                      541    -0.478485 1.742957e-07 1.036426e-08      201
features.9                        37    -0.477007 2.195790e-07 1.338178e-09      137
features.12                       14    -0.470937 1.667549e-07 9.229263e-10      201
features.2                        37    -0.470133 3.098294e-07 7.482534e-08       49
features.9                        29    -0.450927 2.089124e-07 2.063281e-09      137
features.15                      575    -0.450166 7.942651e-07 2.091190e-09      329
features.9                       372    -0.447334 2.079500e-07 2.465730e-09      137
features.10                      174    -0.446658 9.650894e-08 5.332311e-10      137
features.10                      278    -0.439363 9.769975e-08 4.203248e-09      137
features.9                       337    -0.433548 2.023868e-07 2.893985e-09      137
features.10                      167    -0.424389 9.215903e-08 1.120464e-09      137
features.9                       170    -0.422955 1.945988e-07 1.127658e-09      137
features.10                      379    -0.422488 9.310599e-08 2.923382e-09      137
features.14                      564    -0.421854 8.745465e-07 1.005122e-08      265
features.13                      310    -0.420188 1.436014e-07 1.482898e-09      201
features.15                      573    -0.415802 7.331698e-07 1.760332e-09      329
features.15                      680    -0.410860 7.303482e-07 3.916682e-09      329
features.9                       143    -0.409770 1.902021e-07 2.088233e-09      137
features.15                      824    -0.404610 7.122703e-07 1.282343e-09      329
features.9                       234    -0.404079 1.891315e-07 2.996309e-09      137
features.10                      354    -0.402514 8.868719e-08 2.762394e-09      137
features.15                      300    -0.398091 7.023193e-07 1.825261e-09      329
features.10                      134    -0.397528 9.502737e-08 1.261789e-08      137
features.17                      368    -0.397390 7.385310e-07 1.105857e-09      489
features.10                        7    -0.396572 9.408770e-08 1.164209e-08      137
features.9                       263    -0.396433 1.858922e-07 3.142085e-09      137
features.2                        34    -0.396077 3.276714e-07 2.945884e-06       49
features.14                      196    -0.396031 9.281429e-07 2.339245e-08      265
features.14                      494    -0.393530 8.864582e-07 1.857794e-08      265
features.10                      144    -0.389690 8.515853e-08 1.739672e-09      137
features.9                       135    -0.387393 1.784465e-07 1.157676e-09      137
features.15                      506    -0.386745 6.963988e-07 6.982443e-09      329
features.10                       36    -0.385066 8.400273e-08 1.525890e-09      137
features.14                      199    -0.383964 7.771916e-07 6.698660e-09      265
features.15                      542    -0.383260 6.751405e-07 1.382795e-09      329
features.14                      194    -0.381004 7.614653e-07 5.378624e-09      265
features.10                      126    -0.379703 8.683235e-08 6.821787e-09      137
features.15                      145    -0.378231 6.828340e-07 7.481127e-09      329
features.9                       232    -0.377143 1.733513e-07 9.043866e-10      137
features.9                        81    -0.375347 1.731236e-07 1.256521e-09      137
features.14                      381    -0.375215 8.297914e-07 1.570552e-08      265
features.15                      451    -0.374888 6.591496e-07 8.930409e-10      329
features.14                      102    -0.374781 8.667502e-07 2.062731e-08      265
features.9                       305    -0.374307 1.742483e-07 2.209888e-09      137
features.9                        96    -0.372776 1.711002e-07 7.482706e-10      137
features.10                        3    -0.370276 8.010528e-08 5.751809e-10      137
features.9                       115    -0.369855 1.701825e-07 9.947119e-10      137
features.9                       345    -0.369447 1.701306e-07 1.074808e-09      137
features.17                      289    -0.367268 6.823174e-07 9.739031e-10      489
features.10                      369    -0.365102 8.005647e-08 1.990409e-09      137
features.16                      184    -0.364859 6.759595e-07 7.258506e-10      329
features.10                      188    -0.364546 7.943829e-08 1.327629e-09      137
features.10                      331    -0.363850 7.968656e-08 1.856777e-09      137
features.14                       21    -0.362776 6.923526e-07 8.634941e-10      265
features.14                      231    -0.361376 7.091271e-07 3.393639e-09      265
features.17                      841    -0.360795 6.690278e-07 6.956539e-10      489
features.13                      364    -0.359408 1.698563e-07 8.258836e-08      201
features.10                      129    -0.358781 8.961793e-08 1.651028e-08      137
features.10                       57    -0.358637 7.737703e-08 2.776237e-10      137
features.10                       76    -0.358635 8.212159e-08 6.585727e-09      137
features.14                      216    -0.358481 7.073102e-07 3.869814e-09      265
features.10                      220    -0.358042 8.128915e-08 5.648725e-09      137
features.14                      442    -0.357242 7.053312e-07 3.917140e-09      265
features.15                      853    -0.357101 6.280831e-07 9.275424e-10      329
features.9                        73    -0.357065 1.638842e-07 7.140578e-10      137
features.17                      173    -0.356844 6.612207e-07 5.888727e-10      489
features.10                       17    -0.356081 8.090974e-08 5.705322e-09      137
features.15                      194    -0.355811 6.262899e-07 1.099654e-09      329
features.15                      817    -0.355753 6.370403e-07 5.110254e-09      329
features.10                      140    -0.355627 8.469077e-08 1.086211e-08      137
features.14                      478    -0.354769 8.378940e-07 2.179594e-08      265
features.14                      164    -0.354506 9.451059e-07 3.582793e-08      265
features.10                      148    -0.353222 8.683087e-08 1.439520e-08      137
features.15                      339    -0.352947 6.222468e-07 1.459873e-09      329
features.10                      265    -0.351757 7.621622e-08 7.022366e-10      137
features.9                       321    -0.349997 1.615507e-07 1.243006e-09      137
features.17                       49    -0.349298 6.498402e-07 1.113441e-09      489
features.10                      345    -0.345941 7.493954e-08 6.688347e-10      137
features.9                       106    -0.345512 1.595501e-07 1.268582e-09      137
features.15                      193    -0.344164 6.137188e-07 3.994300e-09      329
features.13                      481    -0.343991 1.183018e-07 2.495577e-09      201
features.10                       43    -0.343547 7.762767e-08 4.927309e-09      137
features.17                      666    -0.343071 6.384265e-07 1.128870e-09      489
features.9                       240    -0.341365 1.583509e-07 1.680174e-09      137
features.14                      502    -0.340995 6.629463e-07 2.396291e-09      265
features.14                      320    -0.340523 7.582258e-07 1.492517e-08      265
features.17                      515    -0.339015 6.285402e-07 6.331413e-10      489
features.14                      459    -0.338873 8.019798e-07 2.103167e-08      265
features.9                       141    -0.337519 1.544231e-07 3.825322e-10      137
features.16                      695    -0.336401 6.250617e-07 1.678353e-09      329
features.10                       33    -0.336302 7.641220e-08 5.384052e-09      137
features.14                      426    -0.334683 6.401502e-07 9.807974e-10      265
features.10                      274    -0.332925 7.341764e-08 2.368861e-09      137
features.10                      178    -0.332040 7.475200e-08 4.396184e-09      137
features.17                      556    -0.331573 6.239680e-07 2.523014e-09      489
features.14                      454    -0.331227 6.733006e-07 6.150599e-09      265
features.15                      622    -0.330593 5.824290e-07 1.216675e-09      329
features.14                      128    -0.330070 7.132373e-07 1.163825e-08      265
features.9                       185    -0.329881 1.552265e-07 2.937323e-09      137
features.9                       173    -0.329601 1.512363e-07 6.335166e-10      137
features.17                      638    -0.329160 6.116516e-07 8.999594e-10      489
features.15                      543    -0.328708 5.791077e-07 1.209462e-09      329
features.15                      582    -0.327779 5.763403e-07 7.881597e-10      329
features.10                       54    -0.327159 7.425052e-08 5.125520e-09      137
features.17                      950    -0.326108 6.033594e-07 3.507818e-10      489
features.12                       28    -0.325446 1.159908e-07 2.095800e-09      201
features.9                       271    -0.324884 1.533921e-07 3.201376e-09      137
features.2                        77    -0.324467 2.186389e-07 2.595870e-07       49
features.12                      101    -0.324354 1.149316e-07 7.912861e-10      201
features.15                      596    -0.323698 5.721519e-07 1.882817e-09      329
features.10                      290    -0.323417 7.151696e-08 2.561830e-09      137
features.12                      275    -0.323402 1.146873e-07 9.694945e-10      201
features.15                      572    -0.323310 5.696466e-07 1.208041e-09      329
features.17                      463    -0.322432 5.978587e-07 6.153530e-10      489
features.17                      851    -0.322310 6.104236e-07 3.254440e-09      489
features.2                        17    -0.322163 2.199119e-07 3.799393e-07       49
features.17                      879    -0.321775 6.287877e-07 7.247469e-09      489
features.14                      326    -0.320911 6.603479e-07 7.003441e-09      265
features.14                      569    -0.320744 6.559461e-07 6.471081e-09      265
features.15                      164    -0.318114 5.620881e-07 1.778247e-09      329
features.14                      169    -0.317626 6.669805e-07 8.676502e-09      265
features.12                       17    -0.317038 1.136048e-07 3.224372e-09      201
features.2                        33    -0.316871 2.299991e-07 9.662905e-07       49
features.14                      489    -0.315453 6.003878e-07 5.358631e-10      265
features.16                      454    -0.314790 5.842913e-07 1.230096e-09      329
features.14                      279    -0.314549 7.637709e-07 2.204368e-08      265
features.9                       203    -0.314347 1.458513e-07 1.567208e-09      137
features.9                       250    -0.313996 1.441233e-07 6.317595e-10      137
features.17                      398    -0.313863 5.869512e-07 1.626678e-09      489
features.14                      170    -0.313577 6.386218e-07 5.978948e-09      265
features.14                      120    -0.313513 6.047752e-07 1.585364e-09      265
features.10                      170    -0.313457 6.913020e-08 2.238042e-09      137
features.17                      615    -0.313448 5.863898e-07 1.668859e-09      489
features.16                      318    -0.313443 5.804927e-07 5.076861e-10      329
features.17                      303    -0.312934 5.806826e-07 6.870517e-10      489
features.15                      302    -0.312715 5.593648e-07 4.266939e-09      329
features.15                      886    -0.312376 5.488672e-07 6.073210e-10      329
features.13                        4    -0.312160 1.157678e-07 1.681225e-08      201
features.1                        29    -0.311759 1.114727e-07 2.427279e-07       25
features.10                      239    -0.311396 6.775306e-08 9.967616e-10      137
features.14                      138    -0.311270 5.920292e-07 4.770785e-10      265
features.14                      266    -0.310870 5.913055e-07 4.813925e-10      265
features.9                       373    -0.310147 1.419407e-07 3.760717e-10      137
features.14                      275    -0.309073 5.942355e-07 1.305689e-09      265
features.13                      211    -0.309002 1.069112e-07 3.352352e-09      201
features.17                      306    -0.308423 5.724627e-07 7.080341e-10      489
features.14                      399    -0.307637 6.293558e-07 6.234564e-09      265
features.16                      460    -0.306983 5.687943e-07 6.434975e-10      329
features.14                      537    -0.306691 6.340300e-07 7.076479e-09      265
features.15                      822    -0.306498 5.396158e-07 9.936993e-10      329
features.13                      532    -0.306494 1.047679e-07 1.119197e-09      201
features.17                      784    -0.306492 5.713799e-07 1.219827e-09      489
features.13                      430    -0.305997 1.046495e-07 1.206652e-09      201
features.10                       83    -0.305691 8.788624e-08 2.939528e-08      137
features.14                       71    -0.305631 6.163284e-07 5.031376e-09      265
features.17                      271    -0.305491 5.650300e-07 2.905303e-10      489
features.13                      471    -0.305105 1.082543e-07 7.964314e-09      201
features.10                      229    -0.304640 6.768084e-08 2.833257e-09      137
features.15                       64    -0.304428 5.357512e-07 9.059938e-10      329
features.10                      358    -0.304197 6.572533e-08 3.601398e-10      137
features.14                       25    -0.303895 7.371500e-07 2.119905e-08      265
features.15                      729    -0.303697 5.353816e-07 1.242712e-09      329
features.14                       67    -0.303653 5.984273e-07 3.186263e-09      265
features.10                      207    -0.303610 7.381238e-08 1.127976e-08      137
features.17                       74    -0.303128 5.632693e-07 8.270424e-10      489
features.17                      625    -0.302873 5.675120e-07 1.799504e-09      489
features.14                      118    -0.302775 6.210867e-07 6.354518e-09      265
features.12                      510    -0.302638 1.075334e-07 1.313003e-09      201
features.9                       150    -0.302556 1.417948e-07 2.351914e-09      137
features.13                      363    -0.302349 1.064474e-07 6.458749e-09      201
features.14                      565    -0.302244 5.912325e-07 2.596076e-09      265
features.2                        94    -0.301943 2.164457e-07 8.031952e-07       49
features.16                      331    -0.301563 6.326388e-07 4.147126e-08      329
features.10                      380    -0.301407 6.875850e-08 5.190988e-09      137
features.10                      253    -0.301398 7.207886e-08 9.607820e-09      137
features.17                      949    -0.301307 5.671486e-07 2.320614e-09      489
features.12                      378    -0.301229 1.069279e-07 1.103527e-09      201
features.14                      251    -0.300417 5.923023e-07 3.185367e-09      265
features.9                       355    -0.299961 1.501984e-07 8.069130e-09      137
features.13                      344    -0.299210 1.053166e-07 6.347366e-09      201
features.10                      378    -0.299057 7.002763e-08 7.550288e-09      137
features.13                      456    -0.298786 1.025684e-07 1.844269e-09      201
features.17                      421    -0.298212 5.523846e-07 4.523493e-10      489
features.17                      213    -0.297798 5.510962e-07 3.440226e-10      489
features.17                       28    -0.297205 5.558906e-07 1.559385e-09      489
features.12                      438    -0.297175 1.331668e-07 5.468376e-08      201
features.9                       349    -0.296657 1.362949e-07 6.746935e-10      137
features.14                      476    -0.296548 5.617594e-07 1.588804e-10      265
features.14                       45    -0.296451 6.191105e-07 7.654378e-09      265
features.14                      156    -0.296397 6.372097e-07 1.002570e-08      265
features.2                        85    -0.296287 2.123039e-07 7.843694e-07       49
features.15                      119    -0.296241 5.208332e-07 6.928074e-10      329
features.9                       155    -0.296203 1.434029e-07 5.037496e-09      137
features.12                      221    -0.295822 1.048229e-07 7.246679e-10      201
features.17                      209    -0.295788 5.476426e-07 3.966008e-10      489
features.14                      286    -0.295673 6.237937e-07 8.456020e-09      265
features.17                      924    -0.294954 5.651026e-07 4.317201e-09      489
features.14                      190    -0.293370 5.729993e-07 2.405822e-09      265
features.16                      609    -0.293210 5.457404e-07 1.977605e-09      329
features.14                      521    -0.292776 6.671684e-07 1.482036e-08      265
features.13                      492    -0.292244 1.005677e-07 2.227500e-09      201
features.17                      500    -0.292062 5.451136e-07 1.293446e-09      489
features.12                      204    -0.291226 1.037187e-07 1.729010e-09      201
features.10                      273    -0.291135 7.807535e-08 2.051581e-08      137
features.16                      724    -0.290954 5.393401e-07 7.452503e-10      329
features.12                        3    -0.290648 1.038719e-07 2.420217e-09      201
features.16                      226    -0.290425 5.387639e-07 9.673746e-10      329
features.2                        41    -0.289604 2.304253e-07 1.757676e-06       49
features.14                       93    -0.289469 6.850617e-07 1.796579e-08      265
features.14                      413    -0.289245 5.512898e-07 5.934138e-10      265
features.10                       89    -0.289204 6.562095e-08 4.510334e-09      137
features.16                      313    -0.289156 5.618853e-07 1.504432e-08      329
features.17                      451    -0.288941 5.352996e-07 4.564316e-10      489
features.13                      220    -0.288461 9.881150e-08 1.413149e-09      201
features.12                      464    -0.287825 1.169353e-07 2.964610e-08      201
features.14                      403    -0.287218 5.539943e-07 1.444806e-09      265
features.16                      383    -0.286896 5.313532e-07 4.781547e-10      329
features.9                        86    -0.286804 1.327837e-07 1.257959e-09      137
features.14                      388    -0.286351 6.167842e-07 9.838404e-09      265
features.9                       124    -0.285741 1.425846e-07 7.392275e-09      137
features.16                      437    -0.285347 5.292475e-07 8.978540e-10      329
features.17                      339    -0.285111 5.280760e-07 4.239582e-10      489
features.17                      493    -0.285035 5.273444e-07 3.021389e-10      489
features.14                      567    -0.284414 5.492486e-07 1.517063e-09      265
features.17                      631    -0.283880 5.260321e-07 4.708332e-10      489
features.14                      447    -0.283078 7.192286e-07 2.399070e-08      265
features.14                      273    -0.282750 5.939127e-07 7.745490e-09      265
features.12                      472    -0.282551 1.005217e-07 1.468939e-09      201
features.15                       40    -0.282365 4.972681e-07 9.676739e-10      329
features.14                      534    -0.282037 6.183296e-07 1.110213e-08      265
features.10                      314    -0.281900 6.303730e-08 3.165033e-09      137
features.15                      360    -0.281861 4.965050e-07 1.011979e-09      329
features.17                      460    -0.281011 5.261338e-07 1.584224e-09      489
features.15                      472    -0.280227 8.759043e-07 1.422738e-07      329
features.17                      187    -0.280020 5.221005e-07 1.129296e-09      489
features.14                      487    -0.279969 5.376012e-07 1.094302e-09      265
features.13                      124    -0.279932 9.980826e-08 8.146757e-09      201
features.12                      571    -0.279711 1.002639e-07 2.911678e-09      201
features.14                      369    -0.279323 5.382477e-07 1.337627e-09      265
features.14                       61    -0.279239 5.406564e-07 1.672085e-09      265
features.14                      457    -0.278982 5.927221e-07 8.518358e-09      265
features.14                      351    -0.278401 5.503874e-07 3.146216e-09      265
features.15                      905    -0.278237 4.939922e-07 2.429064e-09      329
features.13                      472    -0.278008 9.509353e-08 1.124166e-09      201
features.14                      226    -0.278008 5.425291e-07 2.219270e-09      265
features.9                        54    -0.277817 1.634903e-07 2.201442e-08      137
features.17                      224    -0.277445 5.131909e-07 2.709994e-10      489
features.14                      354    -0.277044 6.384157e-07 1.494837e-08      265
features.17                       61    -0.277030 5.179500e-07 1.411056e-09      489
features.17                      668    -0.276712 5.156704e-07 1.061869e-09      489
features.13                      418    -0.276661 9.432456e-08 5.860458e-10      201
features.12                      267    -0.276660 9.860173e-08 1.778712e-09      201
features.10                      341    -0.276132 6.222213e-08 3.731206e-09      137
features.14                       19    -0.276051 5.471675e-07 3.305377e-09      265
features.14                      260    -0.275768 5.790992e-07 7.535099e-09      265
features.15                      256    -0.275599 4.900037e-07 2.662903e-09      329
features.14                      206    -0.275467 5.617862e-07 5.353741e-09      265
features.14                      101    -0.275397 7.294045e-07 2.720770e-08      265
features.12                      212    -0.275334 9.956931e-08 4.559085e-09      201
features.16                       64    -0.274840 5.159724e-07 4.298593e-09      329
features.12                      242    -0.274709 1.005985e-07 6.979281e-09      201
features.17                      465    -0.274670 5.088567e-07 4.333123e-10      489
features.13                      235    -0.274522 9.393781e-08 1.173533e-09      201
features.10                      186    -0.274503 6.180817e-08 3.646939e-09      137
features.15                      352    -0.274478 5.045048e-07 8.747866e-09      329
features.14                      355    -0.274285 5.298868e-07 1.489101e-09      265
features.13                      178    -0.274237 9.461243e-08 2.507690e-09      201
features.14                      124    -0.274222 5.279140e-07 1.247462e-09      265
features.16                      193    -0.274126 5.092101e-07 1.290412e-09      329
features.17                      458    -0.274040 5.161146e-07 2.170667e-09      489
features.16                      476    -0.273637 5.085022e-07 1.398811e-09      329
features.16                      693    -0.273541 5.070374e-07 6.874140e-10      329
features.16                      929    -0.272683 5.072417e-07 1.677241e-09      329
features.17                       84    -0.272653 5.064419e-07 7.026163e-10      489
features.9                       204    -0.272254 1.477265e-07 1.412429e-08      137
features.14                      365    -0.272185 5.478495e-07 4.346216e-09      265
features.14                      258    -0.272091 5.453336e-07 4.041615e-09      265
features.2                        93    -0.271843 1.954484e-07 7.482092e-07       49
features.15                      929    -0.271389 4.764900e-07 3.948882e-10      329
features.13                      444    -0.271368 1.061011e-07 2.405937e-08      201
features.17                      358    -0.271298 5.024476e-07 3.943062e-10      489
features.16                      471    -0.271092 5.017827e-07 2.858967e-10      329
features.17                      280    -0.270760 5.010310e-07 3.069028e-10      489
features.14                      148    -0.270743 6.476453e-07 1.770256e-08      265
features.14                        4    -0.270519 5.561082e-07 5.832416e-09      265
features.12                      568    -0.270140 9.584463e-08 8.979892e-10      201
features.15                      426    -0.269667 4.760817e-07 1.358391e-09      329
features.14                      404    -0.269416 5.111294e-07 2.442379e-10      265
features.14                      480    -0.269372 5.434554e-07 4.466461e-09      265
features.15                      907    -0.269360 4.757852e-07 1.447487e-09      329
features.14                       59    -0.269331 5.287169e-07 2.556549e-09      265
features.9                       194    -0.269160 1.330623e-07 6.218709e-09      137
features.15                      270    -0.269071 4.738631e-07 9.241496e-10      329
features.14                      446    -0.268892 5.341477e-07 3.372032e-09      265
features.14                       82    -0.268597 6.127459e-07 1.368425e-08      265
features.10                      124    -0.268140 6.246835e-08 6.344892e-09      137
features.17                      160    -0.268040 5.005196e-07 1.237017e-09      489
features.14                       87    -0.268033 5.581312e-07 6.708065e-09      265
features.10                      335    -0.267875 5.883563e-08 1.590856e-09      137
features.15                      335    -0.267375 4.708583e-07 9.119495e-10      329
features.17                      783    -0.267322 4.950087e-07 3.729013e-10      489
features.10                       88    -0.267082 6.304554e-08 7.414723e-09      137
features.13                      440    -0.266851 9.212489e-08 2.544668e-09      201
features.16                      627    -0.266715 4.954352e-07 1.250614e-09      329
features.16                      270    -0.266712 4.938616e-07 3.844264e-10      329
features.14                      344    -0.266600 5.600215e-07 7.307322e-09      265
features.14                       46    -0.266292 5.065281e-07 4.142182e-10      265
features.10                       50    -0.266007 5.823060e-08 1.321008e-09      137
features.17                      697    -0.265978 4.938702e-07 6.496200e-10      489
features.9                       125    -0.265809 1.251028e-07 2.382251e-09      137
features.9                       153    -0.265285 1.230969e-07 1.328194e-09      137
features.10                      298    -0.265279 6.224529e-08 6.866753e-09      137
features.15                      178    -0.265184 4.672184e-07 9.854975e-10      329
features.14                      471    -0.265151 7.441234e-07 3.164842e-08      265
features.16                      101    -0.264663 4.967955e-07 4.099591e-09      329
features.17                      509    -0.264594 4.914226e-07 6.715827e-10      489
features.12                      292    -0.264551 9.433960e-08 1.804491e-09      201
features.10                       34    -0.264242 6.561976e-08 1.164962e-08      137
features.15                       91    -0.263961 4.644319e-07 7.475560e-10      329
features.9                       371    -0.263920 1.212984e-07 6.263621e-10      137
features.13                      265    -0.263701 9.056023e-08 1.689513e-09      201
features.14                      255    -0.263639 5.692181e-07 9.234619e-09      265
features.11                      173    -0.263367 2.212512e-07 2.019388e-08      169
features.17                      569    -0.263332 4.954143e-07 1.975810e-09      489
features.17                      323    -0.262859 4.866504e-07 3.473581e-10      489
features.17                      773    -0.262556 4.871043e-07 5.562660e-10      489
features.14                      253    -0.262451 5.634916e-07 8.781211e-09      265
features.13                      365    -0.262428 9.179071e-08 4.565023e-09      201
features.9                       133    -0.262382 1.202154e-07 3.984810e-10      137
features.11                      174    -0.262378 2.155421e-07 1.547861e-09      169
features.14                       15    -0.262120 5.119597e-07 2.149069e-09      265
features.15                      711    -0.261816 4.646129e-07 2.202506e-09      329
features.14                      358    -0.261593 5.387578e-07 5.770127e-09      265
features.9                       217    -0.261575 1.204241e-07 7.421382e-10      137
features.13                      393    -0.260880 8.956157e-08 1.619748e-09      201
features.14                      421    -0.260654 5.640957e-07 9.302192e-09      265
features.12                      323    -0.260502 1.174000e-07 4.922602e-08      201
features.11                      240    -0.260106 2.238419e-07 4.023519e-08      169
features.14                      408    -0.259856 6.060041e-07 1.495854e-08      265
features.12                      562    -0.259550 9.233813e-08 1.348096e-09      201
features.9                       278    -0.259138 1.389334e-07 1.244396e-08      137
features.17                      836    -0.259083 4.857210e-07 1.593179e-09      489
features.15                        9    -0.259074 4.568909e-07 1.124347e-09      329
features.13                       30    -0.259005 8.859384e-08 1.048094e-09      201
features.14                      340    -0.259004 4.931263e-07 4.628132e-10      265
features.14                      245    -0.258911 5.800890e-07 1.181499e-08      265
features.11                      291    -0.258907 2.271685e-07 5.664363e-08      169
features.17                      827    -0.258798 4.823088e-07 9.974849e-10      489
features.15                      123    -0.258784 4.572069e-07 1.428598e-09      329
features.17                      503    -0.258719 4.799958e-07 5.504958e-10      489
features.13                      159    -0.258627 9.053460e-08 4.626147e-09      201
features.14                      185    -0.258522 5.313489e-07 5.561124e-09      265
features.14                      179    -0.257849 5.361304e-07 6.349913e-09      265
features.9                       156    -0.257653 1.203331e-07 1.753747e-09      137
features.10                       23    -0.257555 5.941482e-08 5.313262e-09      137
features.11                      337    -0.257478 2.580741e-07 1.787602e-07      169
features.17                      299    -0.257219 4.772792e-07 5.609684e-10      489
features.10                      145    -0.257040 5.583365e-08 6.994497e-10      137
features.14                      527    -0.257022 5.550898e-07 9.023361e-09      265
features.15                      244    -0.256998 4.555100e-07 1.958121e-09      329
features.16                      259    -0.256860 4.781870e-07 1.789100e-09      329
features.17                      251    -0.256721 5.065186e-07 6.783848e-09      489
features.14                      430    -0.256558 4.916893e-07 8.781305e-10      265
features.12                      567    -0.256321 9.480804e-08 8.338774e-09      201
features.14                      257    -0.256305 5.075160e-07 3.002244e-09      265
features.17                      953    -0.256030 4.776897e-07 1.098374e-09      489
features.9                       254    -0.255847 1.302625e-07 8.166789e-09      137
features.14                      331    -0.255631 4.971185e-07 1.813690e-09      265
features.16                      901    -0.255589 4.734847e-07 4.893493e-10      329
features.17                        4    -0.255577 4.741146e-07 5.330499e-10      489
features.10                       68    -0.255531 6.362750e-08 1.149279e-08      137
features.17                       67    -0.255507 4.748944e-07 7.204067e-10      489
features.14                       47    -0.255449 5.502108e-07 8.775168e-09      265
features.17                      840    -0.255439 4.739837e-07 5.586453e-10      489
features.10                       96    -0.255092 5.581984e-08 1.238208e-09      137
features.15                      179    -0.254615 4.495763e-07 1.307879e-09      329
features.16                      802    -0.254571 4.725431e-07 1.008958e-09      329
features.14                      531    -0.254539 5.064516e-07 3.298307e-09      265
features.10                      171    -0.254104 5.583027e-08 1.534788e-09      137
features.14                      282    -0.254083 5.292075e-07 6.375406e-09      265
features.9                       291    -0.253732 1.198344e-07 2.521887e-09      137
features.2                        39    -0.253656 1.706684e-07 1.918983e-07       49
features.16                      783    -0.253527 4.892761e-07 1.132555e-08      329
features.14                      523    -0.253206 5.797230e-07 1.317223e-08      265
features.13                       10    -0.253137 8.769744e-08 2.945324e-09      201
features.11                      129    -0.252969 2.180320e-07 4.039553e-08      169
features.10                       80    -0.252949 5.744200e-08 4.007965e-09      137
features.9                       382    -0.252775 1.313913e-07 9.674650e-09      137
features.14                      300    -0.252599 4.826041e-07 6.693586e-10      265
features.13                      429    -0.252561 9.029773e-08 7.780172e-09      201
features.17                      687    -0.252482 4.672232e-07 2.893418e-10      489
features.17                      789    -0.252418 4.703438e-07 9.574426e-10      489
features.17                      522    -0.252286 4.682202e-07 5.696176e-10      489
features.12                      543    -0.252194 9.248695e-08 6.665697e-09      201
features.13                      552    -0.252124 8.641388e-08 1.320782e-09      201
features.17                      482    -0.252068 4.658390e-07 1.611462e-10      489
features.16                      890    -0.251918 4.666154e-07 4.441159e-10      329
features.17                      663    -0.251843 4.679127e-07 6.747186e-10      489
features.9                       310    -0.251701 1.155063e-07 4.923387e-10      137
features.16                      470    -0.251659 4.666941e-07 7.525155e-10      329
features.17                      325    -0.251651 4.656521e-07 2.812775e-10      489
features.12                      360    -0.251518 8.931062e-08 9.773862e-10      201
features.9                       257    -0.251088 1.152024e-07 4.776095e-10      137
features.14                      384    -0.250925 4.864200e-07 1.578790e-09      265
features.16                      616    -0.250825 4.671978e-07 1.883419e-09      329
features.16                      952    -0.250592 4.667190e-07 1.857265e-09      329
features.10                      172    -0.250438 5.481293e-08 1.230885e-09      137
features.16                      325    -0.250281 4.692745e-07 3.587262e-09      329
features.14                      174    -0.250276 5.186598e-07 5.938769e-09      265
features.14                      237    -0.250007 4.893643e-07 2.188402e-09      265
features.12                      306    -0.249533 9.688080e-08 1.699273e-08      201
features.14                      391    -0.249530 5.393578e-07 8.818844e-09      265
features.16                      578    -0.249442 4.630775e-07 1.019751e-09      329
features.17                      256    -0.249398 4.616619e-07 3.157946e-10      489
features.17                      643    -0.249243 4.701484e-07 2.125981e-09      489
features.15                      672    -0.249101 4.841902e-07 1.766895e-08      329
features.15                      773    -0.249065 4.433506e-07 2.599835e-09      329
features.13                      289    -0.248697 8.773619e-08 5.620088e-09      201
features.16                      746    -0.248681 4.613111e-07 8.204412e-10      329
features.14                       34    -0.248560 5.167174e-07 6.108266e-09      265
features.17                      756    -0.248553 4.599808e-07 2.904907e-10      489
features.15                       68    -0.248544 4.371498e-07 6.460893e-10      329
features.13                      411    -0.248476 8.571816e-08 2.260652e-09      201
features.14                      278    -0.248190 5.122894e-07 5.622512e-09      265
features.16                      445    -0.247726 4.754394e-07 9.605839e-09      329
features.12                       26    -0.247547 8.781491e-08 7.963401e-10      201
features.15                      298    -0.247389 4.352802e-07 7.026976e-10      329
features.15                      737    -0.247308 4.391015e-07 2.167160e-09      329
features.14                      431    -0.247053 5.374911e-07 9.185505e-09      265
features.14                      366    -0.246956 5.095530e-07 5.569791e-09      265
features.13                      395    -0.246827 8.545089e-08 2.767046e-09      201
features.14                      383    -0.246826 4.804499e-07 1.810259e-09      265
features.16                      189    -0.246804 4.573024e-07 5.234488e-10      329
features.17                      417    -0.246756 4.577931e-07 5.234568e-10      489
features.10                      215    -0.246754 5.666734e-08 4.750145e-09      137
features.17                      673    -0.246620 4.605556e-07 1.145056e-09      489
features.14                      518    -0.246482 5.434013e-07 1.009607e-08      265
features.14                      540    -0.246463 5.478627e-07 1.068199e-08      265
features.16                      450    -0.246447 4.568873e-07 6.585003e-10      329
features.10                      189    -0.246215 5.430169e-08 1.759322e-09      137
features.10                      351    -0.246094 5.883479e-08 7.820680e-09      137
features.15                      297    -0.246065 4.344942e-07 1.269364e-09      329
features.12                      354    -0.245888 8.768018e-08 1.669292e-09      201
features.15                      936    -0.245887 4.333207e-07 9.506766e-10      329
features.17                      331    -0.245825 4.572821e-07 7.721327e-10      489
features.16                      949    -0.245536 4.565103e-07 1.381749e-09      329
features.13                      366    -0.245422 8.363646e-08 4.546520e-10      201
features.15                       12    -0.245392 4.389049e-07 3.334794e-09      329
features.14                      550    -0.245289 5.141833e-07 6.583409e-09      265
features.13                      389    -0.245107 9.726351e-08 2.420385e-08      201
features.15                      706    -0.244734 4.312519e-07 9.330561e-10      329
features.12                      214    -0.244384 8.680593e-08 1.004524e-09      201
features.14                      437    -0.244342 4.965110e-07 4.514503e-09      265
features.17                      395    -0.244249 4.569281e-07 1.299069e-09      489
features.10                      204    -0.244026 5.420187e-08 2.252967e-09      137
features.12                      141    -0.244001 8.669213e-08 1.046484e-09      201
features.14                      153    -0.243989 4.793344e-07 2.363734e-09      265
features.10                      325    -0.243870 5.536042e-08 3.837699e-09      137
features.2                        54    -0.243847 1.794204e-07 8.485040e-07       49
features.16                      557    -0.243691 4.525268e-07 1.065905e-09      329
features.14                      136    -0.243659 5.074874e-07 6.112690e-09      265
features.17                      623    -0.243636 4.592739e-07 2.016496e-09      489
features.14                       39    -0.243546 5.065309e-07 6.015735e-09      265
features.17                      652    -0.243497 4.545187e-07 1.088177e-09      489
features.15                      618    -0.243397 4.293826e-07 1.107831e-09      329
features.11                       25    -0.243359 2.489309e-07 1.880243e-07      169
features.10                      230    -0.242860 5.480043e-08 3.382203e-09      137
features.14                      342    -0.242636 4.818855e-07 3.029072e-09      265
features.16                      555    -0.242498 4.516364e-07 1.792347e-09      329
features.14                      568    -0.242427 5.023012e-07 5.740354e-09      265
features.17                      856    -0.242169 4.566283e-07 2.029076e-09      489
features.14                      235    -0.242063 5.264357e-07 8.974129e-09      265
features.17                      422    -0.241993 4.573131e-07 2.237425e-09      489
features.17                      739    -0.241820 4.545047e-07 1.723827e-09      489
features.9                       330    -0.241779 1.193933e-07 5.506897e-09      137
features.17                      365    -0.241746 4.509678e-07 1.022159e-09      489
features.17                      499    -0.241715 4.470919e-07 2.343298e-10      489
features.15                      464    -0.241667 4.399398e-07 6.128694e-09      329
features.14                      112    -0.241624 4.971999e-07 5.273465e-09      265
features.17                      893    -0.241338 4.469121e-07 3.407761e-10      489
features.9                       346    -0.240855 1.128881e-07 1.877985e-09      137
features.13                      374    -0.240788 8.539975e-08 6.226421e-09      201
features.17                      664    -0.240527 4.453475e-07 3.264322e-10      489
features.14                      349    -0.240425 5.881226e-07 1.741395e-08      265
features.13                       41    -0.240373 8.307136e-08 2.443649e-09      201
features.14                      155    -0.240186 4.561824e-07 2.839098e-10      265
features.11                      137    -0.240174 2.052522e-07 3.168296e-08      169
features.15                      110    -0.239939 4.215975e-07 4.691604e-10      329
features.14                      353    -0.239936 5.456407e-07 1.199990e-08      265
features.12                       20    -0.239864 8.769356e-08 5.813890e-09      201
features.17                      599    -0.239861 4.500347e-07 1.547322e-09      489
features.14                      310    -0.239814 5.591496e-07 1.378971e-08      265
features.13                      155    -0.239590 8.217151e-08 1.347485e-09      201
features.12                      182    -0.239554 8.503856e-08 8.848483e-10      201
features.13                      386    -0.239539 8.172117e-08 5.987918e-10      201
features.17                       63    -0.239295 4.516615e-07 2.098350e-09      489
features.11                      280    -0.239247 2.057428e-07 3.644639e-08      169
features.14                      336    -0.238712 5.193244e-07 8.872846e-09      265
features.15                      642    -0.238532 4.191568e-07 4.781043e-10      329
features.11                      106    -0.238485 1.970269e-07 5.643600e-09      169
features.14                      473    -0.238466 4.771409e-07 3.437950e-09      265
features.17                      177    -0.238322 4.421418e-07 5.045282e-10      489
features.16                      444    -0.238309 4.421584e-07 8.351266e-10      329
features.17                      528    -0.238292 4.457437e-07 1.259105e-09      489
features.13                      116    -0.238172 8.342261e-08 4.343773e-09      201
features.17                      889    -0.238101 4.494293e-07 2.092502e-09      489
features.10                       15    -0.238049 5.322565e-08 2.664899e-09      137
features.14                      368    -0.237940 4.784774e-07 3.741501e-09      265
features.14                       65    -0.237835 5.964225e-07 1.913302e-08      265
features.16                      167    -0.237740 4.604389e-07 1.152056e-08      329
features.14                      374    -0.237714 5.196868e-07 9.165979e-09      265
features.14                      562    -0.237655 5.153510e-07 8.615530e-09      265
features.17                       75    -0.237585 4.507972e-07 2.571285e-09      489
features.9                        97    -0.237358 1.465994e-07 2.293493e-08      137
features.15                      535    -0.237323 4.200571e-07 1.593656e-09      329
features.14                      271    -0.237311 4.853104e-07 4.786727e-09      265
features.14                      386    -0.237277 5.073870e-07 7.671016e-09      265
features.17                      738    -0.237249 4.393412e-07 3.350508e-10      489
features.16                      580    -0.237169 4.493542e-07 5.977157e-09      329
features.13                      291    -0.237160 8.264312e-08 3.590334e-09      201
features.17                      943    -0.236956 4.393334e-07 4.449663e-10      489
features.9                       212    -0.236662 1.089015e-07 6.397597e-10      137
features.17                      253    -0.236551 4.382012e-07 3.654769e-10      489
features.13                      266    -0.236374 8.767979e-08 1.276193e-08      201
features.14                      284    -0.236344 5.017397e-07 7.165107e-09      265
features.10                       44    -0.236331 5.103015e-08 2.374937e-10      137
features.12                      313    -0.236194 8.458478e-08 2.303619e-09      201
features.13                      523    -0.236146 8.092362e-08 1.212978e-09      201
features.17                      502    -0.235831 4.367004e-07 3.302358e-10      489
features.14                      493    -0.235759 4.515986e-07 7.768318e-10      265
features.11                      266    -0.235675 1.949163e-07 6.380628e-09      169
features.17                      121    -0.235505 4.357244e-07 2.528409e-10      489
features.10                      224    -0.235460 5.337742e-08 3.607100e-09      137
features.16                      649    -0.235345 4.361437e-07 5.398343e-10      329
features.17                      655    -0.235209 4.431673e-07 1.901243e-09      489
features.15                      154    -0.234959 4.139328e-07 8.609272e-10      329
features.11                       35    -0.234928 1.999830e-07 2.799877e-08      169
features.15                      507    -0.234743 4.155990e-07 1.616376e-09      329
features.12                      255    -0.234656 8.364538e-08 1.535850e-09      201
features.17                      774    -0.234362 4.357815e-07 6.997737e-10      489
features.13                      561    -0.234279 8.057096e-08 1.699520e-09      201
features.14                      390    -0.234260 4.482107e-07 7.046405e-10      265
features.14                      547    -0.234218 7.404050e-07 3.878135e-08      265
features.14                      183    -0.234128 5.195435e-07 1.003033e-08      265
features.17                       25    -0.234067 4.331031e-07 2.592362e-10      489
features.16                      376    -0.234039 4.374117e-07 2.575371e-09      329
features.15                      783    -0.233966 4.129548e-07 1.142346e-09      329
features.12                      184    -0.233899 8.476827e-08 4.227803e-09      201
features.17                      818    -0.233757 4.377750e-07 1.341233e-09      489
features.13                       76    -0.233686 8.019965e-08 1.406079e-09      201
features.14                      132    -0.233547 5.244342e-07 1.081047e-08      265
features.17                        5    -0.232996 4.326309e-07 5.697814e-10      489
features.1                        10    -0.232819 8.339250e-08 1.140243e-06       25
features.9                       172    -0.232719 1.342807e-07 1.684813e-08      137
features.12                      185    -0.232684 8.336838e-08 2.347338e-09      201
features.16                      790    -0.232657 4.314468e-07 6.911014e-10      329
features.2                        61    -0.232485 1.581919e-07 2.523577e-07       49
features.11                       28    -0.232461 1.909006e-07 1.125343e-09      169
features.17                      254    -0.232378 4.352314e-07 1.341330e-09      489
features.11                      213    -0.232087 2.098298e-07 7.435507e-08      169
features.14                      361    -0.231977 4.572158e-07 2.440150e-09      265
features.13                      477    -0.231536 7.919129e-08 9.255615e-10      201
features.10                      101    -0.231417 5.605970e-08 8.329915e-09      137
features.10                      305    -0.231323 5.189867e-08 2.824663e-09      137
features.10                      320    -0.231298 5.282162e-08 4.058864e-09      137
features.16                      185    -0.231217 4.298430e-07 1.276688e-09      329
features.16                      818    -0.230937 4.286640e-07 9.110719e-10      329
features.13                      498    -0.230735 7.855488e-08 2.956380e-10      201
features.14                      507    -0.230684 6.781207e-07 3.153737e-08      265
features.14                      159    -0.230556 4.911331e-07 7.208537e-09      265
features.2                         1    -0.229655 1.515345e-07 4.461508e-08       49
features.11                       83    -0.229549 1.885764e-07 1.366066e-09      169
features.15                       37    -0.229382 4.085301e-07 2.474465e-09      329
features.16                      594    -0.229285 4.245778e-07 3.400952e-10      329
features.10                       61    -0.229092 5.077283e-08 1.966209e-09      137
features.9                       221    -0.229026 1.061990e-07 1.102971e-09      137
features.2                        73    -0.228817 1.538952e-07 1.704822e-07       49
features.15                      445    -0.228706 4.046851e-07 1.491062e-09      329
features.15                      878    -0.228656 4.031202e-07 9.455334e-10      329
features.14                       95    -0.228621 4.906134e-07 7.617378e-09      265
features.17                       51    -0.228486 4.288913e-07 1.515030e-09      489
features.17                      292    -0.228294 4.272838e-07 1.256249e-09      489
features.17                       24    -0.228268 4.231120e-07 4.053369e-10      489
features.11                      234    -0.228069 2.137193e-07 1.017045e-07      169
features.17                      820    -0.228021 4.231591e-07 5.090104e-10      489
features.14                      501    -0.227893 4.981645e-07 8.780550e-09      265
features.16                      699    -0.227726 4.230663e-07 1.098252e-09      329
