================================================================================
Channel Pruning Log
  iteration  : 11
  alpha      : 0.3000
  timestamp  : 2026-05-31 18:06:47
  remove_target  : 61953
  accum_removed  : 62415
  selected_channels : 231
  gamma             : 0.0050
  remove_target_met : yes
  total_params   : 2289600
  active_after   : 1067423
  model_sparsity : 53.4%
================================================================================

[ 레이어별 채널 제거 비율 ]
  layer                total_ch  this_iter    cumul  cumul_%
  ----------------------------------------------------------
  features.1                 32          0       24    75.0%
  features.2                 96          9       90    93.8%
  features.3                144          9      105    72.9%
  features.4                144          1      125    86.8%
  features.5                192          1      145    75.5%
  features.6                192          2      144    75.0%
  features.7                192          1      188    97.9%
  features.8                384         45      179    46.6%
  features.9                384          5      380    99.0%
  features.10               384         11      371    96.6%
  features.11               384          2      371    96.6%
  features.12               576         39      522    90.6%
  features.13               576          4      389    67.5%
  features.14               576          1      555    96.4%
  features.15               960          2      360    37.5%
  features.16               960         35      411    42.8%
  features.17               960         64      794    82.7%

[ 레이어별 보호 영역 (γ=0.01) ]
  layer                  active  protected  protect_%
  --------------------------------------------------
  features.1                  8          1      12.5%
  features.2                 15          1       6.7%
  features.3                 48          1       2.1%
  features.4                 20          1       5.0%
  features.5                 48          1       2.1%
  features.6                 50          1       2.0%
  features.7                  5          1      20.0%
  features.8                250          2       0.8%
  features.9                  9          1      11.1%
  features.10                24          1       4.2%
  features.11                15          1       6.7%
  features.12                93          1       1.1%
  features.13               191          1       0.5%
  features.14                22          1       4.5%
  features.15               602          4       0.7%
  features.16               584          3       0.5%
  features.17               230          2       0.9%

[ 블록별 제거 채널 수 ]
  features.10: 11채널 제거
  features.11: 2채널 제거
  features.12: 39채널 제거
  features.13: 4채널 제거
  features.14: 1채널 제거
  features.15: 2채널 제거
  features.16: 35채널 제거
  features.17: 64채널 제거
  features.2: 9채널 제거
  features.3: 9채널 제거
  features.4: 1채널 제거
  features.5: 1채널 제거
  features.6: 2채널 제거
  features.7: 1채널 제거
  features.8: 45채널 제거
  features.9: 5채널 제거

[ 선택된 채널 상세 ]
block                             ch        score          phi         perf  weights
--------------------------------------------------------------------------------
features.15                      128    -0.699979 3.620970e-06 2.302131e-09      329
features.14                        2    -0.699874 2.720886e-05 3.199755e-08      265
features.2                        43    -0.699156 2.053863e-07 5.131102e-04       49
features.12                      534    -0.696572 1.130951e-07 4.021286e-07      201
features.16                       49    -0.690615 2.355013e-06 1.064075e-09      329
features.12                       10    -0.686090 1.110764e-07 1.655890e-07      201
features.11                       41    -0.684314 1.514806e-06 1.366256e-05      169
features.10                      363    -0.634827 9.126742e-08 1.288678e-06      137
features.8                        51    -0.615349 1.922518e-07 1.027837e-06      137
features.8                        41    -0.558670 1.648930e-07 5.064945e-07      137
features.17                      537    -0.553315 2.785705e-06 2.932139e-08      489
features.12                      194    -0.543662 1.035868e-07 1.145719e-05      201
features.3                        65    -0.523662 6.393466e-08 3.953945e-06       57
features.3                        39    -0.507190 6.157330e-08 9.040668e-07       57
features.12                      296    -0.504949 8.782761e-08 4.543014e-06      201
features.10                      257    -0.501339 6.644951e-08 1.642859e-07      137
features.17                      462    -0.478985 2.482309e-06 1.178329e-07      489
features.12                      230    -0.469173 7.599876e-08 1.429202e-07      201
features.8                       335    -0.460141 1.355224e-07 4.043652e-07      137
features.17                       72    -0.458337 2.335531e-06 6.083464e-08      489
features.12                      240    -0.454781 7.452582e-08 7.628996e-07      201
features.12                      461    -0.454003 7.625328e-08 2.111013e-06      201
features.17                      527    -0.453497 2.286979e-06 2.900889e-08      489
features.16                      734    -0.450856 1.537422e-06 2.000355e-10      329
features.10                      165    -0.444135 5.995057e-08 3.098218e-07      137
features.9                       114    -0.443721 8.218712e-08 4.955571e-05      137
features.12                        7    -0.439705 7.130937e-08 1.950624e-07      201
features.9                       333    -0.434380 5.172051e-08 1.184628e-06      137
features.8                       250    -0.431491 1.254587e-07 3.073148e-07      137
features.16                      309    -0.427965 1.459381e-06 1.223689e-09      329
features.17                      295    -0.424855 2.169547e-06 6.243432e-08      489
features.17                      877    -0.420443 2.185381e-06 1.118656e-07      489
features.17                      768    -0.420070 2.119472e-06 2.826009e-08      489
features.8                       147    -0.418054 1.154639e-07 2.859348e-08      137
features.8                       351    -0.417136 1.184781e-07 1.730037e-07      137
features.3                        85    -0.410042 5.640453e-08 5.606944e-05       57
features.3                       113    -0.408225 4.970573e-08 1.954815e-06       57
features.12                       97    -0.406604 6.665383e-08 6.987554e-07      201
features.6                       115    -0.401876 8.112449e-08 1.577275e-06       73
features.17                       38    -0.401148 2.122236e-06 1.552251e-07      489
features.12                      179    -0.399893 6.508864e-08 3.489357e-07      201
features.8                        54    -0.399262 1.150775e-07 2.396960e-07      137
features.2                        12    -0.396991 1.165879e-07 2.215431e-04       49
features.2                        78    -0.395646 1.168818e-07 1.654963e-03       49
features.2                        29    -0.390901 1.148366e-07 2.959138e-04       49
features.8                       275    -0.379712 1.098865e-07 2.475804e-07      137
features.12                      302    -0.379188 6.174475e-08 3.498949e-07      201
features.10                       19    -0.377827 5.172074e-08 3.728538e-07      137
features.12                      210    -0.375303 6.178903e-08 8.386401e-07      201
features.8                       224    -0.374698 1.074181e-07 1.993287e-07      137
features.17                      829    -0.366787 1.839628e-06 1.031168e-08      489
features.8                       296    -0.363141 1.340395e-07 1.516627e-06      137
features.12                      118    -0.355859 5.803698e-08 3.945268e-07      201
features.16                      687    -0.349868 1.198059e-06 3.532250e-07      329
features.10                      184    -0.347653 5.465564e-08 1.414706e-06      137
features.12                       37    -0.346830 5.730747e-08 9.250392e-07      201
features.8                       109    -0.346524 9.938495e-08 1.862739e-07      137
features.12                       72    -0.344470 8.568085e-08 2.184288e-05      201
features.17                      551    -0.342007 1.720388e-06 1.620283e-08      489
features.8                       234    -0.341271 1.023421e-07 3.808001e-07      137
features.16                      653    -0.337324 1.150306e-06 2.134076e-09      329
features.13                      147    -0.337073 2.846693e-07 4.767867e-07      201
features.12                      191    -0.334600 5.546625e-08 1.023080e-06      201
features.2                        72    -0.334500 1.001290e-07 4.127454e-03       49
features.17                      281    -0.334158 1.676745e-06 1.040150e-08      489
features.8                       119    -0.333170 9.451824e-08 1.332590e-07      137
features.8                       268    -0.329954 9.908782e-08 3.743413e-07      137
features.8                       120    -0.329563 9.140052e-08 3.922361e-08      137
features.17                        3    -0.329389 1.676082e-06 4.062441e-08      489
features.17                      244    -0.327069 1.657258e-06 3.117452e-08      489
features.17                      113    -0.322111 1.662865e-06 7.081367e-08      489
features.17                       68    -0.321402 1.660507e-06 7.236009e-08      489
features.16                      170    -0.318834 1.087918e-06 4.894084e-08      329
features.17                      320    -0.318590 1.601993e-06 1.430853e-08      489
features.12                      551    -0.318174 5.154552e-08 1.015010e-07      201
features.17                      145    -0.317257 1.595705e-06 1.479150e-08      489
features.17                      647    -0.313809 1.571473e-06 5.634739e-09      489
features.16                      191    -0.311026 1.061126e-06 3.721648e-08      329
features.17                      118    -0.309897 1.550498e-06 3.759108e-09      489
features.17                      531    -0.309135 1.578267e-06 4.497457e-08      489
features.17                      126    -0.305940 1.541462e-06 1.776114e-08      489
features.7                        95    -0.303507 3.165478e-06 3.320854e-05      105
features.12                      414    -0.302734 4.935399e-08 3.219400e-07      201
features.8                       256    -0.300609 8.708543e-08 2.000226e-07      137
features.8                       245    -0.299396 8.583730e-08 1.595636e-07      137
features.17                      534    -0.299238 1.515615e-06 2.770641e-08      489
features.3                        19    -0.295286 3.594500e-08 1.337140e-06       57
features.17                      389    -0.295225 1.476489e-06 2.795530e-09      489
features.9                       121    -0.295195 3.514403e-08 7.982530e-07      137
features.17                      369    -0.294829 1.535532e-06 8.245060e-08      489
features.8                       211    -0.294035 8.260108e-08 8.158472e-08      137
features.16                      765    -0.293190 1.004100e-06 3.047331e-07      329
features.12                      328    -0.292905 4.756808e-08 1.779038e-07      201
features.2                        90    -0.292464 8.594402e-08 2.747416e-04       49
features.8                       229    -0.285836 9.092481e-08 5.491472e-07      137
features.8                        71    -0.285246 8.554365e-08 3.184024e-07      137
features.2                        38    -0.285241 8.374494e-08 1.090962e-04       49
features.12                      563    -0.285112 4.782966e-08 1.284230e-06      201
features.10                       16    -0.284010 3.855053e-08 2.305902e-07      137
features.16                      130    -0.281815 9.621599e-07 8.256822e-08      329
features.17                      591    -0.279270 1.405213e-06 1.376222e-08      489
features.17                      327    -0.279192 1.477733e-06 1.089386e-07      489
features.5                        83    -0.277437 9.698602e-08 2.288471e-06       73
features.8                       177    -0.276988 8.318176e-08 3.142473e-07      137
features.10                      350    -0.275381 4.421767e-08 1.260777e-06      137
features.12                      264    -0.275338 4.493736e-08 3.289365e-07      201
features.12                      505    -0.272858 5.235653e-08 6.017541e-06      201
features.8                       310    -0.271510 7.949266e-08 2.176612e-07      137
features.17                      641    -0.270828 1.366803e-06 1.865916e-08      489
features.8                       293    -0.270519 7.555118e-08 5.543927e-08      137
features.8                       164    -0.269950 7.795358e-08 1.685613e-07      137
features.17                      780    -0.268323 1.366281e-06 3.430745e-08      489
features.10                      116    -0.268096 3.913057e-08 6.332805e-07      137
features.12                      537    -0.267944 4.484166e-08 1.128385e-06      201
features.17                      357    -0.267541 1.371130e-06 4.573116e-08      489
features.16                      771    -0.264434 9.106665e-07 6.306984e-07      329
features.12                      228    -0.264185 4.291942e-08 1.718425e-07      201
features.2                        66    -0.263172 7.782238e-08 1.259141e-03       49
features.17                      843    -0.262120 1.327396e-06 2.398586e-08      489
features.8                       146    -0.261139 7.733432e-08 2.481785e-07      137
features.17                      844    -0.259457 1.302653e-06 9.045912e-09      489
features.12                       62    -0.259276 4.192092e-08 2.235791e-08      201
features.17                      719    -0.258732 1.342218e-06 6.542279e-08      489
features.16                      825    -0.258612 8.824314e-07 3.964498e-08      329
features.12                      305    -0.258524 4.196242e-08 1.409896e-07      201
features.16                        9    -0.258223 8.815226e-07 6.911154e-08      329
features.15                      597    -0.257804 1.333588e-06 3.275348e-10      329
features.12                      220    -0.257332 4.188011e-08 2.211473e-07      201
features.3                       132    -0.256926 3.152893e-08 3.280739e-06       57
features.17                      801    -0.255224 1.280728e-06 8.022894e-09      489
features.12                      555    -0.255203 4.253802e-08 9.499660e-07      201
features.12                      521    -0.253543 4.219888e-08 8.984534e-07      201
features.8                       244    -0.251588 7.593899e-08 3.024605e-07      137
features.10                       91    -0.251507 4.742883e-08 2.219924e-06      137
features.13                      421    -0.251464 2.123276e-07 2.362791e-07      201
features.11                      295    -0.251154 5.622164e-07 7.533637e-06      169
features.12                       64    -0.250628 4.102445e-08 3.866504e-07      201
features.8                        22    -0.249860 7.201361e-08 1.498890e-07      137
features.17                      854    -0.249715 1.279789e-06 4.270945e-08      489
features.3                        83    -0.246654 3.015214e-08 2.178280e-06       57
features.16                       86    -0.246349 8.420715e-07 1.425486e-07      329
features.16                      664    -0.245968 8.443119e-07 3.920089e-07      329
features.17                      917    -0.243979 1.242344e-06 3.122020e-08      489
features.16                      338    -0.242509 8.276508e-07 4.904380e-08      329
features.8                       309    -0.242379 6.813738e-08 6.935485e-08      137
features.8                        45    -0.241600 6.805683e-08 7.525946e-08      137
features.8                       291    -0.240897 6.855337e-08 1.057399e-07      137
features.12                      288    -0.239823 3.894994e-08 1.475108e-07      201
features.8                       258    -0.238925 6.681982e-08 5.304095e-08      137
features.17                      314    -0.238442 1.195854e-06 6.632671e-09      489
features.16                      132    -0.236610 8.072670e-07 2.999737e-08      329
features.8                       100    -0.235722 6.515560e-08 1.835796e-08      137
features.16                      829    -0.235700 8.083393e-07 3.245755e-07      329
features.12                       15    -0.235123 3.808908e-08 7.370024e-08      201
features.16                       51    -0.233698 7.979212e-07 7.130824e-08      329
features.12                      287    -0.233618 3.827050e-08 3.825591e-07      201
features.8                       103    -0.233233 7.337552e-08 4.119939e-07      137
features.8                       209    -0.232758 6.900257e-08 2.244266e-07      137
features.17                      400    -0.231291 1.198191e-06 5.629968e-08      489
features.6                       131    -0.231211 4.669746e-08 1.707302e-06       73
features.8                       354    -0.230125 9.044853e-08 1.204557e-06      137
features.17                      925    -0.228203 1.143278e-06 4.747720e-09      489
features.17                      887    -0.228051 1.467371e-06 4.288064e-07      489
features.9                        11    -0.227206 4.354417e-08 2.778027e-05      137
features.17                      942    -0.226317 1.145980e-06 2.056873e-08      489
features.16                      956    -0.225639 7.707432e-07 9.262728e-08      329
features.8                        11    -0.225079 7.226385e-08 4.618630e-07      137
features.17                      677    -0.224919 1.143849e-06 2.690320e-08      489
features.17                       81    -0.224629 1.131019e-06 1.204240e-08      489
features.16                      681    -0.224614 7.678119e-07 1.323323e-07      329
features.8                       228    -0.222949 6.177439e-08 2.396395e-08      137
features.16                      579    -0.222735 7.686875e-07 6.458648e-07      329
features.8                       151    -0.222618 6.158836e-08 1.976181e-08      137
features.12                      361    -0.222386 3.600471e-08 5.441233e-08      201
features.16                      147    -0.221317 7.559262e-07 8.713199e-08      329
features.10                      161    -0.221285 3.281823e-08 6.015864e-07      137
features.13                       52    -0.220969 1.868965e-07 1.117851e-06      201
features.17                      334    -0.220109 1.127024e-06 3.629616e-08      489
features.17                      186    -0.219557 1.132608e-06 4.717926e-08      489
features.13                       49    -0.219287 1.851567e-07 2.004686e-07      201
features.17                      378    -0.219279 1.128182e-06 4.321605e-08      489
features.2                        23    -0.218314 6.415988e-08 2.170752e-04       49
features.8                       289    -0.218247 7.022580e-08 4.547121e-07      137
features.16                      776    -0.216906 7.409656e-07 9.267622e-08      329
features.16                      885    -0.216372 7.380713e-07 1.707564e-08      329
features.17                       99    -0.214141 1.087198e-06 2.321370e-08      489
features.8                       216    -0.212980 6.327029e-08 2.111536e-07      137
features.16                      431    -0.212677 7.435256e-07 1.290106e-06      329
features.17                      565    -0.212567 1.076148e-06 1.904738e-08      489
features.16                      105    -0.212447 7.253841e-07 6.617304e-08      329
features.17                      874    -0.212026 1.102282e-06 5.669326e-08      489
features.17                      869    -0.210939 1.136676e-06 1.086759e-07      489
features.8                       349    -0.210424 6.013505e-08 1.035769e-07      137
features.12                       98    -0.210367 3.411785e-08 9.436769e-08      201
features.10                      248    -0.209731 2.979344e-08 3.712954e-07      137
features.16                      650    -0.209703 7.153101e-07 1.559286e-08      329
features.17                      815    -0.209338 1.058465e-06 1.701670e-08      489
features.17                      746    -0.208854 1.077856e-06 4.548425e-08      489
features.16                      498    -0.208763 7.137206e-07 1.296428e-07      329
features.3                       105    -0.208652 2.590184e-08 5.144226e-06       57
features.9                       214    -0.207170 3.954032e-08 2.506047e-05      137
features.3                        68    -0.206805 2.527905e-08 1.811503e-06       57
features.16                      150    -0.206606 7.045748e-07 3.348802e-09      329
features.17                      557    -0.206379 1.032838e-06 2.853031e-09      489
features.17                      676    -0.205267 1.026195e-06 1.431804e-09      489
features.8                       281    -0.205198 6.072599e-08 1.931620e-07      137
features.17                      403    -0.204252 1.021490e-06 1.905843e-09      489
features.16                      125    -0.203939 7.000097e-07 3.227532e-07      329
features.16                      381    -0.203608 6.958780e-07 1.110258e-07      329
features.16                      102    -0.202361 6.902574e-07 1.455046e-08      329
features.17                      142    -0.202273 1.012239e-06 2.728623e-09      489
features.17                      497    -0.201702 1.047328e-06 5.225591e-08      489
features.12                      201    -0.201428 3.352002e-08 7.101341e-07      201
features.16                      709    -0.200356 6.844684e-07 8.845510e-08      329
features.12                      137    -0.200147 3.262834e-08 2.119841e-07      201
features.16                      275    -0.200036 6.822382e-07 8.064080e-09      329
features.17                      636    -0.199828 1.056112e-06 7.594190e-08      489
features.16                        3    -0.199089 6.790956e-07 1.433301e-08      329
features.17                      130    -0.198681 1.039872e-06 6.221638e-08      489
features.4                        78    -0.197041 3.968135e-07 7.342396e-06       65
features.8                       279    -0.196486 5.746727e-08 1.548697e-07      137
features.17                      939    -0.195573 9.787661e-07 2.712885e-09      489
features.8                       203    -0.195083 5.643590e-08 1.263096e-07      137
features.12                      420    -0.194129 3.169857e-08 2.429942e-07      201
features.17                      530    -0.193568 9.881469e-07 2.803000e-08      489
features.12                      169    -0.193399 3.152354e-08 2.014419e-07      201
features.17                      111    -0.193364 9.821678e-07 2.155407e-08      489
features.17                      182    -0.192292 1.038430e-06 1.019871e-07      489
features.8                       338    -0.192155 6.330382e-08 4.655083e-07      137
features.17                      833    -0.192143 9.667709e-07 9.416271e-09      489
features.17                       57    -0.191854 1.009182e-06 6.666173e-08      489
