================================================================================
Channel Pruning Log
  iteration  : 9
  alpha      : 0.3000
  timestamp  : 2026-05-31 15:46:36
  remove_target  : 76530
  accum_removed  : 76734
  selected_channels : 350
  gamma             : 0.0050
  remove_target_met : yes
  total_params   : 2289600
  active_after   : 1198870
  model_sparsity : 47.6%
================================================================================

[ 레이어별 채널 제거 비율 ]
  layer                total_ch  this_iter    cumul  cumul_%
  ----------------------------------------------------------
  features.1                 32          1       23    71.9%
  features.2                 96          4       77    80.2%
  features.3                144          4       93    64.6%
  features.4                144         12      124    86.1%
  features.5                192         16      139    72.4%
  features.6                192         28      133    69.3%
  features.7                192          3      185    96.4%
  features.8                384         16      121    31.5%
  features.9                384         23      369    96.1%
  features.10               384         13      354    92.2%
  features.11               384         64      336    87.5%
  features.12               576         32      443    76.9%
  features.13               576          1      385    66.8%
  features.14               576          3      553    96.0%
  features.15               960         42      350    36.5%
  features.16               960         64      364    37.9%
  features.17               960         24      641    66.8%

[ 레이어별 보호 영역 (γ=0.01) ]
  layer                  active  protected  protect_%
  --------------------------------------------------
  features.1                 10          1      10.0%
  features.2                 23          1       4.3%
  features.3                 55          1       1.8%
  features.4                 32          1       3.1%
  features.5                 69          1       1.4%
  features.6                 87          1       1.1%
  features.7                 10          1      10.0%
  features.8                279          2       0.7%
  features.9                 38          1       2.6%
  features.10                43          1       2.3%
  features.11               112          1       0.9%
  features.12               165          1       0.6%
  features.13               192          1       0.5%
  features.14                26          1       3.8%
  features.15               652          4       0.6%
  features.16               660          4       0.6%
  features.17               343          2       0.6%

[ 블록별 제거 채널 수 ]
  features.1: 1채널 제거
  features.10: 13채널 제거
  features.11: 64채널 제거
  features.12: 32채널 제거
  features.13: 1채널 제거
  features.14: 3채널 제거
  features.15: 42채널 제거
  features.16: 64채널 제거
  features.17: 24채널 제거
  features.2: 4채널 제거
  features.3: 4채널 제거
  features.4: 12채널 제거
  features.5: 16채널 제거
  features.6: 28채널 제거
  features.7: 3채널 제거
  features.8: 16채널 제거
  features.9: 23채널 제거

[ 선택된 채널 상세 ]
block                             ch        score          phi         perf  weights
--------------------------------------------------------------------------------
features.9                       311    -0.694199 9.167207e-08 7.123509e-07      137
features.2                        95    -0.689310 3.809353e-07 3.127467e-06       49
features.17                       37    -0.686318 3.383772e-06 4.217600e-08      489
features.6                       153    -0.684725 7.680998e-08 2.818010e-08       73
features.11                      218    -0.682336 3.384349e-07 5.250280e-07      169
features.11                      170    -0.679908 3.355285e-07 4.162247e-07      169
features.3                        79    -0.630235 1.043185e-07 1.747619e-06       57
features.11                        0    -0.608652 3.376514e-07 2.715440e-06      169
features.11                       10    -0.603390 3.386229e-07 2.936429e-06      169
features.5                        19    -0.563606 6.650114e-08 6.215276e-07       73
features.9                        93    -0.545597 7.381741e-08 2.220518e-06      137
features.11                      237    -0.533279 3.348735e-07 4.831895e-06      169
features.11                       60    -0.530555 2.598244e-07 1.991236e-07      169
features.6                        87    -0.529835 5.947552e-08 9.628336e-08       73
features.1                         1    -0.526445 7.706668e-07 5.541288e-04       25
features.4                       107    -0.520073 4.312508e-07 7.566466e-07       65
features.11                      181    -0.513607 2.612307e-07 8.026499e-07      169
features.11                      297    -0.511156 2.527950e-07 3.470828e-07      169
features.5                        55    -0.497288 7.449690e-08 2.056748e-06       73
features.11                      376    -0.495106 2.516353e-07 7.620727e-07      169
features.9                        59    -0.494523 6.478410e-08 1.933968e-08      137
features.5                        49    -0.493874 5.483286e-08 2.166158e-07       73
features.6                        78    -0.492074 5.530051e-08 2.065939e-07       73
features.11                      302    -0.489140 2.406704e-07 2.544546e-07      169
features.11                      258    -0.488734 2.437674e-07 4.614042e-07      169
features.9                        21    -0.476442 6.255808e-08 1.525777e-07      137
features.9                        70    -0.474338 6.228631e-08 1.561113e-07      137
features.6                        47    -0.472854 5.306453e-08 5.881983e-08       73
features.6                       174    -0.469025 5.262288e-08 3.642839e-08       73
features.16                      357    -0.463652 9.707845e-07 1.864360e-07      329
features.6                       150    -0.462451 5.195101e-08 1.566827e-07       73
features.6                       142    -0.461754 5.184477e-08 1.049951e-07       73
features.4                        59    -0.460733 4.167639e-07 3.222911e-06       65
features.11                      368    -0.454925 2.536126e-07 2.107641e-06      169
features.11                      383    -0.448606 2.187277e-07 1.077829e-07      169
features.7                        35    -0.447531 4.467047e-06 1.336048e-05      105
features.17                      598    -0.446211 2.217205e-06 3.841370e-08      489
features.11                       64    -0.445898 2.207934e-07 3.198907e-07      169
features.11                       29    -0.444518 2.312662e-07 1.019856e-06      169
features.11                      252    -0.434131 2.330370e-07 1.446837e-06      169
features.12                      126    -0.430992 1.247996e-07 9.923309e-06      201
features.6                        65    -0.426297 4.791986e-08 2.001763e-07       73
features.9                       102    -0.425682 5.607901e-08 3.107552e-07      137
features.9                       196    -0.425459 5.585470e-08 1.276781e-07      137
features.11                      165    -0.425223 2.187363e-07 8.190539e-07      169
features.2                        68    -0.416322 2.285467e-07 1.068222e-06       49
features.4                        95    -0.416241 4.132980e-07 5.615865e-06       65
features.11                       50    -0.415292 2.152219e-07 9.000893e-07      169
features.8                       131    -0.409985 1.399258e-07 4.308622e-08      137
features.11                      217    -0.407471 1.980032e-07 5.589475e-08      169
features.10                      176    -0.406501 6.732638e-08 9.687779e-08      137
features.11                      136    -0.406423 1.983671e-07 1.106296e-07      169
features.15                      253    -0.401452 7.622578e-07 2.652039e-09      329
features.5                       103    -0.399327 4.554151e-08 2.901135e-07       73
features.11                      276    -0.396096 1.951453e-07 2.220722e-07      169
features.9                         5    -0.393851 5.211260e-08 5.006794e-07      137
features.4                        48    -0.389252 3.343430e-07 1.417021e-06       65
features.11                       19    -0.388730 1.895687e-07 9.558905e-08      169
features.15                      796    -0.379989 7.222653e-07 2.374506e-08      329
features.12                      347    -0.379929 6.949671e-08 2.136618e-07      201
features.11                       32    -0.376662 1.842526e-07 1.283753e-07      169
features.6                       183    -0.371179 4.166372e-08 6.336038e-08       73
features.9                       283    -0.370452 4.875775e-08 2.278921e-07      137
features.3                        38    -0.370333 6.043413e-08 6.823231e-08       57
features.2                        31    -0.370110 2.715812e-07 3.773040e-05       49
features.10                      268    -0.370101 6.202075e-08 1.980579e-07      137
features.15                      382    -0.367713 7.234858e-07 7.092176e-07      329
features.11                      167    -0.365850 1.859628e-07 5.644490e-07      169
features.16                      320    -0.364374 7.622291e-07 1.327337e-07      329
features.6                        20    -0.364081 4.088794e-08 1.006316e-07       73
features.11                      369    -0.363893 1.771209e-07 6.837932e-08      169
features.6                        88    -0.363834 4.103776e-08 4.267813e-07       73
features.14                      441    -0.363625 4.370476e-06 9.104884e-07      265
features.5                        87    -0.361054 3.881725e-08 3.735669e-08       73
features.6                        10    -0.359397 4.032097e-08 2.405097e-08       73
features.9                       255    -0.358971 4.715416e-08 1.340161e-07      137
features.5                       188    -0.357862 4.604564e-08 7.588998e-07       73
features.6                       101    -0.356313 4.000022e-08 7.021892e-08       73
features.9                       122    -0.355294 4.698780e-08 4.298884e-07      137
features.8                       365    -0.355177 1.262396e-07 9.132663e-08      137
features.8                        14    -0.353674 1.219076e-07 5.008565e-08      137
features.8                       353    -0.353656 1.198688e-07 2.821485e-08      137
features.4                        81    -0.349596 2.964400e-07 9.902246e-07       65
features.9                       353    -0.349559 4.717674e-08 1.312480e-06      137
features.8                        74    -0.348175 1.200241e-07 4.943599e-08      137
features.9                       297    -0.347942 4.575341e-08 1.750111e-07      137
features.2                        48    -0.347543 2.026943e-07 7.292944e-06       49
features.11                      382    -0.345978 1.707296e-07 2.113169e-07      169
features.11                      284    -0.343289 1.670092e-07 5.929203e-08      169
features.11                       44    -0.341888 1.719949e-07 4.151477e-07      169
features.16                      495    -0.339620 7.070581e-07 5.605650e-08      329
features.6                        99    -0.339444 3.815405e-08 1.542770e-07       73
features.16                      706    -0.339095 7.043835e-07 2.440205e-08      329
features.16                      250    -0.337182 7.063096e-07 1.420857e-07      329
features.10                      287    -0.336739 5.613321e-08 1.351203e-07      137
features.14                      264    -0.336441 5.798999e-06 1.160257e-05      265
features.16                      315    -0.335574 6.961981e-07 6.745374e-09      329
features.16                      661    -0.333350 6.979361e-07 1.335251e-07      329
features.12                       55    -0.333048 6.022402e-08 4.047994e-08      201
features.10                      237    -0.332872 5.755412e-08 4.473933e-07      137
features.15                      909    -0.332577 6.320861e-07 1.910912e-08      329
features.15                      552    -0.332466 6.466687e-07 4.325490e-07      329
features.16                      264    -0.331663 6.918368e-07 8.159989e-08      329
features.11                      160    -0.331480 1.684481e-07 5.086358e-07      169
features.11                      364    -0.330237 2.212153e-07 3.861951e-06      169
features.6                       133    -0.329428 3.698234e-08 6.546376e-08       73
features.16                      178    -0.329035 6.827825e-07 9.602728e-09      329
features.11                      259    -0.326970 1.636521e-07 3.443834e-07      169
features.4                        85    -0.326711 2.761154e-07 8.578501e-07       65
features.11                      125    -0.325871 1.697873e-07 7.632845e-07      169
features.16                      778    -0.323942 6.739024e-07 4.317995e-08      329
features.11                      321    -0.323381 1.592719e-07 1.782633e-07      169
features.15                       87    -0.323299 6.146059e-07 2.287949e-08      329
features.16                      566    -0.323120 6.708316e-07 1.590797e-08      329
features.15                      509    -0.321926 6.508553e-07 1.108814e-06      329
features.16                      740    -0.321545 6.732157e-07 1.287220e-07      329
features.6                       145    -0.321321 3.606358e-08 4.789513e-08       73
features.16                      797    -0.321255 6.663016e-07 2.672283e-09      329
features.16                      512    -0.319443 6.911567e-07 5.739904e-07      329
features.16                      760    -0.319418 6.640349e-07 3.346364e-08      329
features.16                      231    -0.318479 6.650300e-07 9.222050e-08      329
features.11                       15    -0.317567 1.560522e-07 1.526570e-07      169
features.15                      642    -0.315073 5.996308e-07 4.082024e-08      329
features.16                      651    -0.314447 6.529504e-07 1.798682e-08      329
features.8                       253    -0.313617 1.055285e-07 1.674371e-08      137
features.6                         1    -0.313465 3.535404e-08 3.631670e-07       73
features.12                      503    -0.310860 5.636267e-08 6.955115e-08      201
features.11                      179    -0.309346 1.515846e-07 1.218405e-07      169
features.14                      121    -0.307077 6.441835e-06 1.763331e-05      265
features.12                       69    -0.304531 5.501501e-08 2.598283e-08      201
features.4                        32    -0.304246 2.530274e-07 4.972792e-07       65
features.10                       97    -0.303478 4.992843e-08 2.144824e-08      137
features.12                      172    -0.303466 5.513911e-08 9.253479e-08      201
features.5                       144    -0.302025 3.467944e-08 2.418098e-07       73
features.12                      244    -0.301007 5.446314e-08 4.353181e-08      201
features.5                        96    -0.300746 3.232132e-08 2.996568e-08       73
features.6                       104    -0.297737 3.348284e-08 1.661781e-07       73
features.12                      312    -0.297633 5.542197e-08 3.735827e-07      201
features.8                       362    -0.296389 1.052017e-07 7.467312e-08      137
features.15                      565    -0.295634 5.615348e-07 7.546067e-09      329
features.11                      331    -0.294562 1.490573e-07 4.124026e-07      169
features.11                      312    -0.294428 1.466984e-07 2.682516e-07      169
features.5                        45    -0.294375 3.246422e-08 1.082275e-07       73
features.7                       156    -0.294294 2.875916e-06 8.275054e-06      105
features.10                      200    -0.293835 5.003958e-08 2.786897e-07      137
features.16                      851    -0.293450 6.126008e-07 8.169279e-08      329
features.9                         2    -0.293392 3.867239e-08 2.341083e-07      137
features.10                      256    -0.292542 5.004500e-08 3.117399e-07      137
features.11                      206    -0.292534 1.491822e-07 4.819014e-07      169
features.5                       175    -0.291698 3.339554e-08 2.241826e-07       73
features.11                      128    -0.289580 1.402438e-07 1.004275e-08      169
features.15                      794    -0.288764 5.547676e-07 1.828964e-07      329
features.11                       33    -0.288321 1.701481e-07 1.927284e-06      169
features.15                      893    -0.287523 5.518419e-07 1.669969e-07      329
features.9                       165    -0.286246 3.763927e-08 1.427078e-07      137
features.11                       27    -0.285561 1.396450e-07 9.459561e-08      169
features.15                      428    -0.284321 5.598187e-07 5.598279e-07      329
features.10                       65    -0.283528 4.704098e-08 8.002088e-08      137
features.16                       57    -0.282537 5.867344e-07 1.704901e-08      329
features.10                      244    -0.282412 4.784158e-08 2.294601e-07      137
features.4                       101    -0.281685 2.669321e-07 2.862168e-06       65
features.11                      245    -0.281384 1.449715e-07 5.562327e-07      169
features.17                      283    -0.280682 1.411305e-06 3.475317e-08      489
features.15                      795    -0.280635 5.598636e-07 7.566475e-07      329
features.12                        9    -0.280492 5.103767e-08 1.009034e-07      201
features.12                      239    -0.278725 5.039607e-08 3.281541e-08      201
features.11                      120    -0.276869 1.359836e-07 1.287141e-07      169
features.11                       67    -0.276827 1.815870e-07 2.995405e-06      169
features.8                       197    -0.276725 9.431564e-08 2.769148e-08      137
features.4                         5    -0.276649 2.393460e-07 1.133658e-06       65
features.9                       334    -0.275841 3.698600e-08 8.088021e-07      137
features.17                      745    -0.275651 1.350127e-06 1.124909e-08      489
features.17                      934    -0.275483 1.357041e-06 1.617514e-08      489
features.16                      656    -0.275357 5.717303e-07 1.473228e-08      329
features.12                      273    -0.273409 4.950694e-08 4.738823e-08      201
features.7                        94    -0.272915 2.650436e-06 7.536590e-06      105
features.11                       82    -0.272887 1.341694e-07 1.357672e-07      169
features.9                        47    -0.272603 3.584390e-08 1.345910e-07      137
features.12                      355    -0.272379 4.924035e-08 3.032179e-08      201
features.15                      932    -0.271627 6.689216e-07 4.282521e-06      329
features.8                       133    -0.271533 9.865776e-08 9.292356e-08      137
features.5                       139    -0.270935 3.006336e-08 1.171695e-07       73
features.8                       205    -0.270494 9.409356e-08 4.752871e-08      137
features.16                      535    -0.269606 5.591854e-07 2.376226e-09      329
features.4                       127    -0.269337 2.400115e-07 1.617778e-06       65
features.12                      462    -0.269015 5.010959e-08 3.411359e-07      201
features.17                      873    -0.268985 1.318937e-06 1.190835e-08      489
features.17                      153    -0.268884 1.321624e-06 1.393422e-08      489
features.15                      255    -0.267179 5.319085e-07 6.893089e-07      329
features.17                      477    -0.266034 1.303172e-06 1.095040e-08      489
features.15                      406    -0.266017 5.164437e-07 3.187837e-07      329
features.15                      831    -0.265297 5.057893e-07 5.923313e-08      329
features.15                      379    -0.264583 5.033936e-07 3.016010e-08      329
features.6                        89    -0.263978 2.962827e-08 4.056054e-08       73
features.16                       20    -0.263439 5.471074e-07 1.655934e-08      329
features.17                       16    -0.263303 1.319644e-06 2.987517e-08      489
features.16                      248    -0.262704 5.449776e-07 4.487553e-09      329
features.15                      308    -0.262695 4.994974e-07 2.142691e-08      329
features.11                      267    -0.262606 1.322792e-07 3.295044e-07      169
features.11                      260    -0.262360 1.292203e-07 1.447692e-07      169
features.9                       126    -0.261549 3.450416e-08 2.359329e-07      137
features.6                        32    -0.260654 2.930732e-08 1.357593e-07       73
features.12                      280    -0.260627 4.792636e-08 1.997283e-07      201
features.11                       91    -0.260313 1.272228e-07 8.148835e-08      169
features.12                      565    -0.259063 4.677977e-08 1.762483e-08      201
features.15                      670    -0.258935 4.962521e-07 1.302420e-07      329
features.12                      231    -0.258893 4.699417e-08 6.921262e-08      201
features.15                      452    -0.258746 4.949001e-07 1.024804e-07      329
features.15                      389    -0.257193 4.888798e-07 1.662183e-08      329
features.12                      233    -0.256477 4.693515e-08 1.485318e-07      201
features.17                      242    -0.256275 1.315261e-06 4.874533e-08      489
features.6                       124    -0.253268 2.844395e-08 7.140440e-08       73
features.12                      391    -0.250981 4.573335e-08 1.040697e-07      201
features.16                      863    -0.250572 5.198847e-07 5.738936e-09      329
features.16                      736    -0.250313 5.193922e-07 6.640628e-09      329
features.17                      374    -0.249585 1.239527e-06 2.107250e-08      489
features.11                       63    -0.248458 1.249043e-07 2.961370e-07      169
features.16                      371    -0.248400 5.151051e-07 2.668233e-10      329
features.9                       145    -0.248247 3.270981e-08 1.868379e-07      137
features.5                        80    -0.247726 2.677418e-08 3.906878e-08       73
features.15                      508    -0.247500 4.898097e-07 5.569196e-07      329
features.15                      520    -0.247390 5.014751e-07 8.887723e-07      329
features.11                       30    -0.246262 1.196055e-07 2.994000e-08      169
features.16                       26    -0.245837 5.123584e-07 5.153711e-08      329
features.16                      255    -0.245834 5.102798e-07 1.015919e-08      329
features.11                      264    -0.245417 1.209455e-07 1.398165e-07      169
features.16                      116    -0.244998 5.280556e-07 3.997172e-07      329
features.10                      222    -0.243959 4.026226e-08 3.637749e-08      137
features.17                      940    -0.243920 1.214821e-06 2.277973e-08      489
features.12                      114    -0.243797 4.640417e-08 5.180818e-07      201
features.12                      262    -0.243743 4.404387e-08 2.300961e-08      201
features.11                       37    -0.243371 1.732718e-07 3.489844e-06      169
features.11                      293    -0.243224 1.212255e-07 2.240673e-07      169
features.15                      292    -0.243112 4.616086e-07 1.589503e-09      329
features.16                      474    -0.241735 5.017183e-07 8.933016e-09      329
features.15                      537    -0.240690 4.583023e-07 3.770564e-08      329
features.15                      594    -0.240230 4.589135e-07 7.920180e-08      329
features.16                      365    -0.239981 4.987239e-07 2.173977e-08      329
features.17                      539    -0.239743 1.171510e-06 8.035645e-09      489
features.15                      801    -0.238895 4.539407e-07 1.102038e-08      329
features.9                       244    -0.238890 3.151956e-08 2.198797e-07      137
features.16                      233    -0.237995 4.937736e-07 5.126336e-09      329
features.16                      611    -0.237884 4.936545e-07 7.365733e-09      329
features.12                      291    -0.237460 4.286773e-08 1.381399e-08      201
features.15                       89    -0.237408 4.945676e-07 1.225361e-06      329
features.8                        44    -0.237006 8.141487e-08 3.056586e-08      137
features.16                      506    -0.236975 4.920815e-07 1.358767e-08      329
features.16                      160    -0.236873 4.932449e-07 4.104426e-08      329
features.17                      709    -0.236497 1.150875e-06 4.884048e-09      489
features.6                       190    -0.236116 2.649633e-08 2.742972e-08       73
features.17                      133    -0.235260 1.148456e-06 7.152581e-09      489
features.6                       110    -0.235123 2.641083e-08 7.503654e-08       73
features.15                      549    -0.234557 4.455122e-07 5.662678e-09      329
features.11                       46    -0.233391 1.144570e-07 9.766752e-08      169
features.8                       265    -0.233031 9.407155e-08 1.809056e-07      137
features.16                      172    -0.232938 4.843179e-07 2.572395e-08      329
features.9                       331    -0.232710 3.064544e-08 1.590426e-07      137
features.13                      336    -0.232658 1.569309e-07 9.924598e-08      201
features.16                      350    -0.232412 4.819772e-07 7.686427e-10      329
features.11                       56    -0.232371 1.163183e-07 2.456176e-07      169
features.16                      854    -0.232258 4.821095e-07 9.778779e-09      329
features.16                      655    -0.231998 4.813933e-07 6.252104e-09      329
features.17                      662    -0.231352 1.167188e-06 3.114666e-08      489
features.6                        84    -0.231311 2.594760e-08 9.431040e-09       73
features.16                       62    -0.231083 5.066926e-07 5.492729e-07      329
features.15                      441    -0.230375 4.374490e-07 2.189543e-09      329
features.16                      155    -0.230364 4.782839e-07 1.180899e-08      329
features.17                      219    -0.230171 1.129704e-06 1.088342e-08      489
features.10                      132    -0.230154 3.780412e-08 7.008243e-09      137
features.11                      350    -0.230117 1.241828e-07 8.082846e-07      169
features.15                      399    -0.229863 4.368391e-07 1.229100e-08      329
features.5                       163    -0.229773 2.552804e-08 1.024304e-07       73
features.10                      223    -0.229760 3.840982e-08 1.088397e-07      137
features.16                      680    -0.228820 4.746039e-07 2.261505e-09      329
features.16                      128    -0.228283 4.747870e-07 2.814519e-08      329
features.15                      152    -0.228268 4.334278e-07 1.596862e-09      329
features.12                        8    -0.228029 4.370576e-08 5.483556e-07      201
features.6                       134    -0.227951 2.557899e-08 2.457010e-08       73
features.3                        32    -0.227655 3.729893e-08 2.063597e-07       57
features.16                      310    -0.227555 4.718875e-07 3.832447e-10      329
features.16                      217    -0.226990 4.724041e-07 3.410535e-08      329
features.12                      363    -0.225849 4.228695e-08 3.322793e-07      201
features.15                      514    -0.225611 4.322129e-07 1.086495e-07      329
features.16                      300    -0.224450 4.663479e-07 1.833831e-08      329
features.8                        25    -0.223275 7.614646e-08 2.285919e-08      137
features.12                      180    -0.223167 4.089934e-08 1.418727e-07      201
features.11                      332    -0.223055 1.087505e-07 5.328085e-08      169
features.16                      806    -0.222365 4.611683e-07 1.276645e-09      329
features.15                      782    -0.222363 4.223165e-07 4.398647e-09      329
features.12                      421    -0.222268 4.046472e-08 8.444071e-08      201
features.17                      337    -0.222137 1.085184e-06 7.259001e-09      489
features.16                      640    -0.221970 4.798874e-07 3.913962e-07      329
features.12                      536    -0.221603 4.033665e-08 8.272024e-08      201
features.16                       46    -0.220444 4.682059e-07 2.213207e-07      329
features.8                       302    -0.219944 7.505746e-08 2.302611e-08      137
features.11                      201    -0.219806 1.081001e-07 1.111653e-07      169
features.6                        95    -0.219460 2.469207e-08 1.446963e-07       73
features.9                        67    -0.219375 2.880121e-08 6.709558e-08      137
features.15                      325    -0.219164 4.165607e-07 1.325550e-08      329
features.16                      230    -0.218804 4.580207e-07 8.587127e-08      329
features.17                      824    -0.218741 1.086118e-06 1.832279e-08      489
features.16                        0    -0.218083 4.527872e-07 1.122768e-08      329
features.5                       159    -0.217868 2.572028e-08 2.415529e-07       73
features.16                      510    -0.217699 4.516723e-07 4.852757e-09      329
features.4                       108    -0.217142 1.780185e-07 1.660315e-07       65
features.17                      203    -0.216801 1.053583e-06 3.553948e-09      489
features.17                      150    -0.216633 1.055829e-06 5.506161e-09      489
features.16                      351    -0.215842 4.588177e-07 2.243980e-07      329
features.11                       16    -0.215748 1.052146e-07 5.321931e-08      169
features.11                      228    -0.215735 1.059629e-07 1.006138e-07      169
features.16                      583    -0.215683 4.473106e-07 1.242470e-09      329
features.6                       157    -0.215434 2.421324e-08 9.453230e-08       73
features.6                       112    -0.214769 2.415105e-08 1.173002e-07       73
features.9                        63    -0.214042 2.810711e-08 7.116137e-08      137
features.3                        84    -0.213893 3.673889e-08 2.072904e-06       57
features.17                      621    -0.213862 1.065093e-06 1.995644e-08      489
features.11                       21    -0.213808 1.082052e-07 3.000955e-07      169
features.4                       140    -0.213728 1.840125e-07 8.099350e-07       65
features.12                      491    -0.213477 3.998906e-08 3.179986e-07      201
features.16                      950    -0.213450 4.480812e-07 1.090901e-07      329
features.11                      342    -0.213350 1.098519e-07 4.174875e-07      169
features.12                      310    -0.213307 3.894206e-08 1.039418e-07      201
features.5                        69    -0.213254 2.494029e-08 2.140020e-07       73
features.15                      370    -0.213067 4.056702e-07 3.239296e-08      329
features.11                      143    -0.213066 1.055101e-07 1.532857e-07      169
features.15                      254    -0.212897 4.204900e-07 4.556225e-07      329
features.15                      195    -0.212690 4.065631e-07 7.735139e-08      329
features.16                       76    -0.212574 4.408410e-07 7.569231e-10      329
features.16                      118    -0.211948 4.402413e-07 1.473996e-08      329
features.16                      925    -0.211685 4.424964e-07 7.065601e-08      329
features.8                       242    -0.211469 7.158433e-08 1.588745e-08      137
features.16                      272    -0.211216 4.386097e-07 1.245812e-08      329
features.5                         1    -0.211210 2.304427e-08 5.397630e-08       73
features.10                      336    -0.211060 3.473465e-08 1.658345e-08      137
features.12                      548    -0.210788 3.814643e-08 3.198993e-08      201
features.17                      605    -0.210436 1.066912e-06 3.167752e-08      489
features.16                      803    -0.210259 4.380766e-07 4.141978e-08      329
features.16                      212    -0.209734 4.352771e-07 7.252718e-09      329
features.8                       273    -0.209670 7.039321e-08 9.489243e-09      137
features.12                       18    -0.208809 3.777924e-08 2.977445e-08      201
features.15                      419    -0.208598 3.960502e-07 6.665789e-10      329
features.11                      133    -0.208549 1.050201e-07 2.598150e-07      169
features.12                      403    -0.208319 3.823310e-08 1.439912e-07      201
features.16                      107    -0.208137 4.343053e-07 5.400251e-08      329
features.16                      677    -0.207521 4.373311e-07 1.399239e-07      329
features.16                      114    -0.207410 4.462794e-07 3.231722e-07      329
features.17                      567    -0.207166 1.018659e-06 1.098543e-08      489
features.12                      238    -0.206629 3.764369e-08 8.399298e-08      201
features.15                      759    -0.206331 3.917712e-07 1.365759e-09      329
features.15                      217    -0.206169 3.993980e-07 2.231000e-07      329
