================================================================================
Channel Pruning Log
  iteration  : 4
  alpha      : 0.3000
  timestamp  : 2026-05-31 09:55:51
  remove_target  : 129664
  accum_removed  : 129667
  selected_channels : 515
  gamma             : 0.0050
  remove_target_met : yes
  total_params   : 2289600
  active_after   : 1677273
  model_sparsity : 26.7%
================================================================================

[ 레이어별 채널 제거 비율 ]
  layer                total_ch  this_iter    cumul  cumul_%
  ----------------------------------------------------------
  features.1                 32          2       14    43.8%
  features.2                 96          4       52    54.2%
  features.3                144          0       13     9.0%
  features.4                144          7       22    15.3%
  features.5                192         10       32    16.7%
  features.6                192         15       70    36.5%
  features.7                192         42      145    75.5%
  features.8                384          0       66    17.2%
  features.9                384         48      185    48.2%
  features.10               384         50      229    59.6%
  features.11               384         51      162    42.2%
  features.12               576          2      121    21.0%
  features.13               576         27      282    49.0%
  features.14               576         84      436    75.7%
  features.15               960         72      173    18.0%
  features.16               960          3      166    17.3%
  features.17               960         98      375    39.1%

[ 레이어별 보호 영역 (γ=0.01) ]
  layer                  active  protected  protect_%
  --------------------------------------------------
  features.1                 20          1       5.0%
  features.2                 48          1       2.1%
  features.3                131          1       0.8%
  features.4                129          1       0.8%
  features.5                170          1       0.6%
  features.6                137          1       0.7%
  features.7                 89          1       1.1%
  features.8                318          2       0.6%
  features.9                247          2       0.8%
  features.10               205          2       1.0%
  features.11               273          2       0.7%
  features.12               457          3       0.7%
  features.13               321          2       0.6%
  features.14               224          2       0.9%
  features.15               859          5       0.6%
  features.16               797          4       0.5%
  features.17               683          4       0.6%

[ 블록별 제거 채널 수 ]
  features.1: 2채널 제거
  features.10: 50채널 제거
  features.11: 51채널 제거
  features.12: 2채널 제거
  features.13: 27채널 제거
  features.14: 84채널 제거
  features.15: 72채널 제거
  features.16: 3채널 제거
  features.17: 98채널 제거
  features.2: 4채널 제거
  features.4: 7채널 제거
  features.5: 10채널 제거
  features.6: 15채널 제거
  features.7: 42채널 제거
  features.9: 48채널 제거

[ 선택된 채널 상세 ]
block                             ch        score          phi         perf  weights
--------------------------------------------------------------------------------
features.2                        52    -0.696951 2.391135e-07 2.530851e-07       49
features.13                      355    -0.690671 9.466894e-08 1.793122e-08      201
features.9                       192    -0.684993 1.073828e-07 1.736145e-08      137
features.1                        18    -0.668883 1.759411e-07 1.408116e-04       25
features.14                      211    -0.645757 1.488573e-06 6.122213e-08      265
features.14                      265    -0.639553 1.364278e-06 2.253489e-09      265
features.14                      223    -0.624070 1.409876e-06 4.393161e-08      265
features.7                        79    -0.611293 1.207317e-06 2.221134e-07      105
features.17                      137    -0.603154 8.903601e-07 9.616010e-10      489
features.15                      643    -0.586686 5.929287e-07 3.688495e-09      329
features.9                        45    -0.582990 8.964347e-08 1.581550e-09      137
features.14                      511    -0.580982 1.341727e-06 5.639338e-08      265
features.17                      468    -0.577271 8.574393e-07 4.672024e-09      489
features.17                      827    -0.563793 8.339624e-07 2.109959e-09      489
features.15                      267    -0.561358 5.663208e-07 1.802038e-09      329
features.15                      790    -0.542518 5.469606e-07 1.136823e-09      329
features.10                      208    -0.536940 6.060182e-08 4.170551e-09      137
features.10                      249    -0.532239 6.379306e-08 2.703359e-08      137
features.14                      247    -0.531985 1.193083e-06 3.280006e-08      265
features.9                       324    -0.530855 8.349552e-08 1.553785e-08      137
features.7                       143    -0.530675 1.015487e-06 1.454825e-07      105
features.9                        55    -0.521350 8.057427e-08 4.499721e-09      137
features.9                       206    -0.516637 8.018606e-08 7.025420e-09      137
features.6                        19    -0.509956 4.158225e-08 2.435700e-07       73
features.15                      532    -0.496732 5.013468e-07 1.975564e-09      329
features.17                      646    -0.495574 7.314364e-07 7.069461e-10      489
features.17                      758    -0.494100 7.293810e-07 7.904817e-10      489
features.15                      602    -0.491284 4.957843e-07 1.845409e-09      329
features.11                      195    -0.490891 2.657736e-07 2.056304e-07      169
features.7                         9    -0.490448 9.013193e-07 8.046324e-08      105
features.10                      272    -0.489805 7.099718e-08 1.004971e-07      137
features.15                      429    -0.487276 4.966399e-07 1.021391e-08      329
features.14                      139    -0.485709 1.149915e-06 6.211945e-08      265
features.11                      144    -0.483104 2.476664e-07 8.118674e-09      169
features.11                      279    -0.482256 2.495794e-07 4.093587e-08      169
features.9                       178    -0.480823 7.489510e-08 8.557000e-09      137
features.7                        38    -0.478412 9.167299e-07 1.329735e-07      105
features.6                       160    -0.476901 3.813637e-08 2.375394e-08       73
features.9                        25    -0.472027 7.263669e-08 1.698420e-09      137
features.9                        98    -0.471964 7.829797e-08 4.448527e-08      137
features.10                       26    -0.470959 5.332007e-08 4.674657e-09      137
features.7                         6    -0.470892 9.604391e-07 2.152584e-07      105
features.9                       302    -0.470621 7.284022e-08 4.862272e-09      137
features.10                       92    -0.470355 5.337008e-08 5.396715e-09      137
features.11                      257    -0.467324 2.397944e-07 1.089836e-08      169
features.15                      521    -0.461979 4.684323e-07 5.535871e-09      329
features.6                         4    -0.460745 3.687505e-08 3.126816e-08       73
features.14                      191    -0.459463 9.920576e-07 7.958426e-09      265
features.14                      330    -0.459342 9.986697e-07 1.160384e-08      265
features.17                      149    -0.456682 6.763017e-07 2.261154e-09      489
features.11                        8    -0.455855 2.435295e-07 1.451540e-07      169
features.7                        65    -0.454541 8.410394e-07 8.285972e-08      105
features.14                       62    -0.454497 9.805952e-07 7.479885e-09      265
features.9                       317    -0.453167 8.258310e-08 9.857133e-08      137
features.17                      583    -0.452796 6.699125e-07 1.791435e-09      489
features.14                      177    -0.451699 1.079909e-06 6.335003e-08      265
features.14                      465    -0.451423 9.987922e-07 2.060703e-08      265
features.17                      475    -0.450903 6.666429e-07 1.450989e-09      489
features.17                      444    -0.450782 6.654143e-07 7.060419e-10      489
features.17                      708    -0.450227 6.708248e-07 5.125094e-09      489
features.11                      261    -0.449733 2.420468e-07 1.682052e-07      169
features.4                        46    -0.448571 9.884158e-07 1.154530e-06       65
features.7                        58    -0.448425 9.183125e-07 2.103558e-07      105
features.7                       144    -0.447361 8.307807e-07 8.594498e-08      105
features.10                      117    -0.446332 5.541803e-08 3.449335e-08      137
features.17                      804    -0.446257 6.595053e-07 1.245756e-09      489
features.17                      650    -0.445978 6.592392e-07 1.348923e-09      489
features.13                      515    -0.445316 6.095294e-08 1.034182e-08      201
features.6                       117    -0.442392 3.573523e-08 1.194694e-07       73
features.15                      388    -0.442392 4.465817e-07 1.896786e-09      329
features.5                         8    -0.441440 8.615087e-08 4.215303e-09       73
features.10                       84    -0.441280 5.059932e-08 8.313686e-09      137
features.17                      429    -0.439828 6.488899e-07 4.372592e-10      489
features.9                       127    -0.439691 7.039633e-08 2.222227e-08      137
features.6                       171    -0.439237 3.655603e-08 4.110321e-07       73
features.6                        79    -0.437374 3.516538e-08 7.338943e-08       73
features.15                      908    -0.437032 4.415413e-07 2.507948e-09      329
features.10                      108    -0.436628 4.957781e-08 5.223145e-09      137
features.9                        12    -0.434574 6.755727e-08 6.724155e-09      137
features.9                        75    -0.433712 6.770384e-08 8.828421e-09      137
features.13                      196    -0.430816 5.855015e-08 4.058475e-09      201
features.10                      160    -0.430803 4.927221e-08 7.342753e-09      137
features.17                       90    -0.429063 6.349327e-07 1.792222e-09      489
features.10                      356    -0.428764 5.043558e-08 1.590120e-08      137
features.17                      435    -0.428419 6.327261e-07 9.001476e-10      489
features.7                       127    -0.428320 8.137262e-07 1.088614e-07      105
features.10                       51    -0.428179 4.942583e-08 1.009011e-08      137
features.14                       40    -0.428146 9.697305e-07 3.145446e-08      265
features.15                      362    -0.428043 4.385643e-07 1.289944e-08      329
features.15                       51    -0.427417 4.321214e-07 2.955548e-09      329
features.10                      180    -0.426506 4.825305e-08 4.022760e-09      137
features.11                      300    -0.426006 2.515461e-07 4.707382e-07      169
features.9                        30    -0.425861 6.615946e-08 6.262086e-09      137
features.1                        24    -0.425537 1.071269e-07 3.058309e-06       25
features.15                       37    -0.425203 4.299652e-07 3.079865e-09      329
features.15                      182    -0.425180 4.298559e-07 2.933588e-09      329
features.17                      363    -0.424863 6.304563e-07 3.008011e-09      489
features.17                      825    -0.423861 6.261867e-07 1.026923e-09      489
features.11                      275    -0.423793 2.250443e-07 1.159747e-07      169
features.17                      229    -0.423785 6.313053e-07 4.737630e-09      489
features.10                      210    -0.422724 4.941527e-08 1.377050e-08      137
features.9                       374    -0.421780 6.517472e-08 3.556159e-09      137
features.10                      299    -0.421748 4.813210e-08 6.545862e-09      137
features.15                      269    -0.421379 4.253193e-07 1.719776e-09      329
features.7                        34    -0.420883 8.065348e-07 1.170426e-07      105
features.7                       165    -0.420525 8.466455e-07 1.761705e-07      105
features.11                       11    -0.418971 2.150058e-07 1.008017e-08      169
features.7                        75    -0.418814 7.956826e-07 1.064701e-07      105
features.5                        21    -0.418810 8.187894e-08 9.203948e-09       73
features.14                      221    -0.417300 9.751260e-07 4.656020e-08      265
features.6                       154    -0.417193 3.451898e-08 3.353748e-07       73
features.14                      146    -0.416980 9.997115e-07 5.997082e-08      265
features.13                      543    -0.416606 5.718607e-08 1.199117e-08      201
features.4                        56    -0.416159 6.496860e-07 2.018184e-07       65
features.14                      389    -0.415216 9.020783e-07 1.014121e-08      265
features.15                       88    -0.414521 4.197418e-07 3.992810e-09      329
features.17                        8    -0.413722 6.117607e-07 1.394239e-09      489
features.9                       161    -0.413132 6.448207e-08 8.340267e-09      137
features.17                      730    -0.412795 6.114346e-07 2.132860e-09      489
features.17                       71    -0.412522 6.096264e-07 1.135341e-09      489
features.11                      158    -0.411604 2.112546e-07 1.031690e-08      169
features.15                      852    -0.411000 4.150233e-07 1.986662e-09      329
features.14                      367    -0.410952 9.431654e-07 3.676179e-08      265
features.17                      806    -0.410672 6.067488e-07 1.027656e-09      489
features.9                       368    -0.410586 6.397840e-08 7.486120e-09      137
features.11                       59    -0.410296 2.179313e-07 1.130362e-07      169
features.17                      775    -0.409916 6.079774e-07 2.690886e-09      489
features.14                      394    -0.409645 9.300195e-07 3.125984e-08      265
features.9                        83    -0.409611 6.394229e-08 8.342153e-09      137
features.9                       200    -0.409299 6.330360e-08 3.884706e-09      137
features.9                       147    -0.408693 6.287717e-08 1.368911e-09      137
features.10                      216    -0.408405 5.418304e-08 5.293804e-08      137
features.15                      477    -0.407480 4.165846e-07 1.072037e-08      329
features.14                      227    -0.406992 8.776087e-07 6.436273e-09      265
features.7                        36    -0.406256 8.746138e-07 2.525044e-07      105
features.14                      335    -0.406171 8.797271e-07 8.487725e-09      265
features.11                       45    -0.405260 2.104398e-07 4.429461e-08      169
features.9                        94    -0.404600 6.243108e-08 2.740592e-09      137
features.9                       325    -0.404560 6.278246e-08 5.438332e-09      137
features.13                      239    -0.404311 9.228442e-08 5.348550e-07      201
features.4                        58    -0.404237 6.866900e-07 3.769001e-07       65
features.14                      161    -0.403872 8.727200e-07 7.363485e-09      265
features.7                       160    -0.403699 7.656100e-07 1.006570e-07      105
features.2                        59    -0.403626 1.384512e-07 1.400487e-07       49
features.9                         9    -0.403179 6.236981e-08 3.923065e-09      137
features.17                      866    -0.402977 5.964121e-07 1.741515e-09      489
features.17                      649    -0.402168 5.951250e-07 1.674151e-09      489
features.14                      308    -0.402088 9.365418e-07 4.325027e-08      265
features.14                      504    -0.401471 9.930171e-07 7.392218e-08      265
features.11                      188    -0.401406 2.098549e-07 6.367896e-08      169
features.7                        59    -0.401399 7.113259e-07 2.760751e-08      105
features.14                      400    -0.401199 8.553137e-07 1.141318e-09      265
features.17                      884    -0.400964 5.928940e-07 1.349797e-09      489
features.14                       43    -0.400018 1.012294e-06 8.579318e-08      265
features.10                       95    -0.399967 4.515651e-08 3.193811e-09      137
features.14                      178    -0.399550 9.888158e-07 7.386056e-08      265
features.15                      847    -0.399361 4.033053e-07 1.988677e-09      329
features.2                        19    -0.398887 1.503008e-07 3.415938e-06       49
features.7                        73    -0.398781 8.522141e-07 2.387017e-07      105
features.14                      175    -0.398296 9.079010e-07 3.232935e-08      265
features.10                      115    -0.398093 4.593169e-08 9.250126e-09      137
features.17                      754    -0.397754 5.887882e-07 1.793777e-09      489
features.9                        89    -0.397715 6.463839e-08 2.736313e-08      137
features.17                      387    -0.397555 5.891622e-07 2.267701e-09      489
features.14                      229    -0.397330 8.618538e-07 8.979571e-09      265
features.17                      686    -0.397204 5.869687e-07 1.077856e-09      489
features.17                      693    -0.397086 5.865299e-07 8.902150e-10      489
features.10                      141    -0.397066 4.494612e-08 3.891094e-09      137
features.17                      735    -0.396132 5.862017e-07 1.654627e-09      489
features.11                      157    -0.395098 2.040044e-07 2.698318e-08      169
features.17                      805    -0.394808 5.836721e-07 1.244730e-09      489
features.5                        84    -0.393976 7.840826e-08 5.853825e-08       73
features.9                       110    -0.393652 6.107071e-08 5.147813e-09      137
features.17                      342    -0.393112 5.805834e-07 8.273661e-10      489
features.17                      620    -0.393085 5.858466e-07 4.589866e-09      489
features.17                      114    -0.392809 5.856352e-07 4.728237e-09      489
features.11                      262    -0.392292 2.439773e-07 6.060289e-07      169
features.7                       167    -0.391894 7.126990e-07 5.340097e-08      105
features.14                      481    -0.391051 8.427560e-07 5.930149e-09      265
features.13                      146    -0.390964 5.339988e-08 7.463788e-09      201
features.17                      188    -0.390919 5.818871e-07 4.045456e-09      489
features.17                      101    -0.390811 5.793115e-07 2.331329e-09      489
features.10                      246    -0.390756 4.540625e-08 1.105523e-08      137
features.10                      203    -0.390704 4.441373e-08 4.984428e-09      137
features.6                        97    -0.390565 3.136397e-08 5.523450e-08       73
features.9                       132    -0.390467 6.074633e-08 6.387522e-09      137
features.6                       180    -0.389399 3.128426e-08 5.886600e-08       73
features.15                      957    -0.389200 3.951573e-07 5.553609e-09      329
features.15                      281    -0.389141 3.935156e-07 2.848056e-09      329
features.17                       62    -0.388427 5.748163e-07 1.634580e-09      489
features.14                       70    -0.388177 9.369166e-07 5.915071e-08      265
features.11                      271    -0.387947 1.988113e-07 5.505843e-09      169
features.10                      328    -0.387035 4.458961e-08 8.585483e-09      137
features.15                      468    -0.386116 3.896175e-07 1.388996e-09      329
features.10                      279    -0.386085 4.362802e-08 3.321367e-09      137
features.11                       98    -0.386082 2.044264e-07 9.736797e-08      169
features.10                      382    -0.385885 4.440749e-08 8.255048e-09      137
features.15                       34    -0.385442 3.895026e-07 2.353473e-09      329
features.11                      374    -0.385249 2.179335e-07 2.922090e-07      169
features.14                       84    -0.384973 8.220874e-07 1.820473e-09      265
features.15                      499    -0.384299 3.875768e-07 1.028831e-09      329
features.15                      138    -0.384086 3.882398e-07 2.530486e-09      329
features.7                        29    -0.383840 7.759976e-07 1.654635e-07      105
features.10                       20    -0.383714 4.374456e-08 5.666536e-09      137
features.14                       68    -0.383579 8.529396e-07 1.976903e-08      265
features.15                      127    -0.383035 3.872270e-07 2.606859e-09      329
features.7                       123    -0.382831 7.224695e-07 9.027962e-08      105
features.17                      132    -0.382681 5.659276e-07 1.336518e-09      489
features.9                       128    -0.382184 5.997197e-08 1.013146e-08      137
features.13                      377    -0.382131 5.232550e-08 9.175493e-09      201
features.10                      262    -0.381961 4.510197e-08 1.522232e-08      137
features.14                      539    -0.381850 8.385961e-07 1.410746e-08      265
features.10                      151    -0.381435 4.465666e-08 1.284391e-08      137
features.9                        32    -0.381346 6.596365e-08 5.630718e-08      137
features.17                      268    -0.381157 5.652315e-07 2.436306e-09      489
features.9                       344    -0.380773 6.887905e-08 7.896632e-08      137
features.7                       180    -0.379732 6.771523e-07 3.224847e-08      105
features.11                      116    -0.379511 2.165047e-07 3.132647e-07      169
features.17                      437    -0.378668 5.612952e-07 2.247245e-09      489
features.17                      331    -0.378431 5.616516e-07 2.747925e-09      489
features.9                       253    -0.378398 5.978465e-08 1.309990e-08      137
features.13                      529    -0.378141 5.195665e-08 1.160322e-08      201
features.17                      487    -0.378096 5.656644e-07 5.945506e-09      489
features.17                      888    -0.377556 5.605310e-07 2.867238e-09      489
features.7                       124    -0.377405 6.656623e-07 2.139384e-08      105
features.12                      464    -0.377186 1.583420e-07 3.394193e-08      201
features.14                      448    -0.377013 8.623921e-07 3.219628e-08      265
features.14                      145    -0.376989 8.239988e-07 1.184642e-08      265
features.17                      176    -0.376921 5.563280e-07 5.497227e-10      489
features.13                      199    -0.376812 5.951105e-08 1.216081e-07      201
features.13                      166    -0.376561 5.165336e-08 1.032826e-08      201
features.14                      152    -0.376047 1.046592e-06 1.310536e-07      265
features.9                       377    -0.375269 5.871773e-08 8.672006e-09      137
features.15                      838    -0.374305 3.775533e-07 1.096967e-09      329
features.9                       142    -0.374069 5.976054e-08 1.792831e-08      137
features.17                      582    -0.373975 5.516827e-07 3.345332e-10      489
features.13                       38    -0.373960 5.125321e-08 9.640419e-09      201
features.11                       61    -0.373955 1.918698e-07 8.512734e-09      169
features.6                       182    -0.373757 2.985789e-08 1.035850e-08       73
features.14                      490    -0.373316 8.078620e-07 7.426893e-09      265
features.15                      384    -0.373276 3.804837e-07 7.883302e-09      329
features.14                      210    -0.373219 8.046345e-07 5.823160e-09      265
features.15                      315    -0.372722 3.762964e-07 1.673132e-09      329
features.15                      923    -0.372124 3.757045e-07 1.690892e-09      329
features.9                       105    -0.371571 5.899692e-08 1.505912e-08      137
features.4                       119    -0.371318 6.306435e-07 3.457972e-07       65
features.14                      158    -0.371276 8.119621e-07 1.190554e-08      265
features.15                      110    -0.371145 3.744044e-07 1.154244e-09      329
features.15                      595    -0.371060 3.742698e-07 1.070761e-09      329
features.9                        34    -0.370938 5.744992e-08 4.119524e-09      137
features.10                       28    -0.370429 4.275480e-08 8.699367e-09      137
features.16                      551    -0.370134 6.734855e-07 3.199564e-09      329
features.14                      189    -0.370125 9.032972e-07 6.168185e-08      265
features.5                       151    -0.370004 1.006482e-07 1.028209e-06       73
features.9                       182    -0.369978 5.719517e-08 3.309176e-09      137
features.17                      221    -0.369655 5.488941e-07 2.873567e-09      489
features.17                      698    -0.369621 5.483700e-07 2.536912e-09      489
features.13                      465    -0.369621 5.038095e-08 5.580453e-09      201
features.14                      376    -0.369587 8.524143e-07 3.528266e-08      265
features.15                      584    -0.369406 3.735365e-07 2.664118e-09      329
features.17                      927    -0.369361 5.477968e-07 2.402492e-09      489
features.14                      466    -0.369219 8.771085e-07 4.880460e-08      265
features.17                       77    -0.369071 5.489918e-07 3.554319e-09      489
features.10                      312    -0.368534 4.235739e-08 7.555740e-09      137
features.11                      263    -0.368369 1.962883e-07 1.102534e-07      169
features.11                      111    -0.368250 1.897650e-07 1.987983e-08      169
features.13                       98    -0.368163 5.047414e-08 9.711719e-09      201
features.4                       142    -0.368030 5.767504e-07 1.856327e-07       65
features.17                      140    -0.367773 5.431993e-07 8.013151e-10      489
features.17                      330    -0.367627 5.425442e-07 4.888395e-10      489
features.13                      514    -0.367499 5.026683e-08 8.039569e-09      201
features.17                      507    -0.367018 5.426133e-07 1.175228e-09      489
features.15                       84    -0.366875 3.701034e-07 1.152061e-09      329
features.11                       97    -0.366511 1.906123e-07 4.416840e-08      169
features.7                       154    -0.365597 6.873764e-07 8.248470e-08      105
features.9                        99    -0.365536 5.719291e-08 8.432433e-09      137
features.14                      528    -0.365314 8.657913e-07 4.720567e-08      265
features.15                      588    -0.365158 3.693938e-07 2.894657e-09      329
features.17                       12    -0.365021 5.390635e-07 7.444832e-10      489
features.15                      166    -0.364984 3.684192e-07 1.527832e-09      329
features.13                      381    -0.364788 4.992210e-08 8.352174e-09      201
features.17                      322    -0.364167 5.384311e-07 1.188708e-09      489
features.15                      196    -0.363936 3.675867e-07 1.909065e-09      329
features.5                       121    -0.363853 7.544319e-08 1.632397e-07       73
features.17                      162    -0.363804 5.370059e-07 5.577170e-10      489
features.9                       226    -0.363783 5.641845e-08 4.618554e-09      137
features.17                      248    -0.363647 5.393561e-07 2.389255e-09      489
features.15                      220    -0.363348 3.661662e-07 4.917736e-10      329
features.17                      441    -0.363263 5.562232e-07 1.475895e-08      489
features.17                      847    -0.363109 5.363609e-07 8.264631e-10      489
features.14                        7    -0.362965 8.010413e-07 1.548935e-08      265
features.15                      788    -0.362694 3.671559e-07 3.311553e-09      329
features.14                      395    -0.362610 9.036033e-07 7.032580e-08      265
features.9                        90    -0.362591 5.668674e-08 8.022338e-09      137
features.9                       286    -0.362497 6.462887e-08 6.805248e-08      137
features.7                        24    -0.361399 6.377125e-07 2.089583e-08      105
features.6                        35    -0.361104 2.887841e-08 1.853827e-08       73
features.15                      567    -0.360780 3.641128e-07 1.403431e-09      329
features.13                       87    -0.360683 5.148884e-08 3.853258e-08      201
features.9                       343    -0.359535 5.619600e-08 7.856663e-09      137
features.17                      767    -0.358949 5.313829e-07 1.644916e-09      489
features.7                       140    -0.358920 6.514696e-07 4.707554e-08      105
features.14                      187    -0.358774 7.671869e-07 2.251630e-09      265
features.11                       58    -0.358622 1.994677e-07 2.244224e-07      169
features.17                      513    -0.358035 5.347439e-07 4.986405e-09      489
features.15                      606    -0.357861 3.614776e-07 1.922691e-09      329
features.11                       12    -0.357319 1.829825e-07 3.216848e-09      169
features.17                      654    -0.357128 5.305817e-07 2.980697e-09      489
features.14                      364    -0.356883 8.060921e-07 2.503489e-08      265
features.11                       36    -0.356227 1.844656e-07 3.176217e-08      169
features.11                      328    -0.355881 1.826675e-07 9.092013e-09      169
features.17                      194    -0.355831 5.257577e-07 9.149859e-10      489
features.17                      443    -0.355458 5.349899e-07 7.855162e-09      489
features.7                        93    -0.355232 6.513270e-07 5.610363e-08      105
features.14                      222    -0.355199 8.774527e-07 6.481184e-08      265
features.15                      289    -0.354836 3.576284e-07 5.492924e-10      329
features.15                      859    -0.354471 3.573444e-07 6.918712e-10      329
features.10                      162    -0.354471 4.223649e-08 1.646852e-08      137
features.14                      151    -0.353610 7.834018e-07 1.668570e-08      265
features.17                      498    -0.353073 5.245024e-07 2.908946e-09      489
features.6                       127    -0.352826 2.904448e-08 2.431960e-07       73
features.17                      192    -0.352609 5.251317e-07 3.840029e-09      489
features.15                       16    -0.352131 3.563716e-07 3.059078e-09      329
features.7                         2    -0.352003 7.388942e-07 1.913150e-07      105
features.7                        81    -0.351609 6.767603e-07 1.020974e-07      105
features.14                      277    -0.351312 8.423318e-07 5.055758e-08      265
features.13                      167    -0.351252 4.849564e-08 1.410038e-08      201
features.10                       42    -0.350478 4.074683e-08 1.004435e-08      137
features.7                       145    -0.350402 6.947286e-07 1.312069e-07      105
features.15                      945    -0.350397 3.530444e-07 3.547710e-10      329
features.13                      288    -0.349714 4.968849e-08 3.402490e-08      201
features.15                      423    -0.349108 3.563165e-07 8.171816e-09      329
features.14                        1    -0.349019 7.944789e-07 2.774671e-08      265
features.7                       148    -0.348976 6.702457e-07 9.923203e-08      105
features.7                        37    -0.348864 6.332343e-07 4.578225e-08      105
features.9                        87    -0.348624 5.914609e-08 4.274377e-08      137
features.15                      829    -0.348363 3.515392e-07 1.283646e-09      329
features.14                      370    -0.348329 9.917584e-07 1.332341e-07      265
features.14                       69    -0.348257 9.058576e-07 8.772292e-08      265
features.17                      139    -0.348248 5.144009e-07 7.867382e-10      489
features.11                      370    -0.348055 1.843154e-07 8.811210e-08      169
features.15                      897    -0.347857 3.509295e-07 1.111509e-09      329
features.11                      339    -0.347686 1.952374e-07 2.434817e-07      169
features.10                      294    -0.347484 3.972623e-08 5.821028e-09      137
features.11                      247    -0.347374 1.948305e-07 2.400201e-07      169
features.11                      327    -0.347276 1.937756e-07 2.259733e-07      169
features.9                       350    -0.347240 5.426336e-08 7.505760e-09      137
features.17                      420    -0.347071 5.188982e-07 5.208822e-09      489
features.17                      461    -0.347010 5.119733e-07 3.591013e-10      489
features.14                      492    -0.346944 7.917460e-07 2.863844e-08      265
features.7                       113    -0.346922 7.568971e-07 2.301741e-07      105
features.14                      525    -0.346078 7.511082e-07 8.047000e-09      265
features.15                      758    -0.345954 3.486608e-07 5.080815e-10      329
features.15                      898    -0.345925 3.493786e-07 1.786426e-09      329
features.10                      202    -0.345421 3.958265e-08 6.353881e-09      137
features.17                      341    -0.345235 5.129556e-07 2.912962e-09      489
features.14                      160    -0.345072 8.111048e-07 4.102604e-08      265
features.9                       166    -0.345034 5.811041e-08 3.908487e-08      137
features.14                       76    -0.344812 7.679144e-07 1.839651e-08      265
features.11                        5    -0.344604 1.765800e-07 4.621973e-09      169
features.13                        2    -0.344472 4.888414e-08 3.266706e-08      201
features.17                      906    -0.344231 5.176421e-07 7.288067e-09      489
features.7                        23    -0.343896 7.201879e-07 1.844572e-07      105
features.14                       74    -0.343821 7.542550e-07 1.226444e-08      265
features.17                      656    -0.343583 5.102156e-07 2.695626e-09      489
features.15                      742    -0.343494 3.465838e-07 1.193915e-09      329
features.10                      183    -0.342900 3.932891e-08 6.523631e-09      137
features.6                       169    -0.342729 2.783704e-08 1.339561e-07       73
features.17                      486    -0.342323 5.084041e-07 2.728969e-09      489
features.10                       46    -0.342204 4.358694e-08 3.320046e-08      137
features.11                      202    -0.342158 1.760151e-07 1.421705e-08      169
features.13                      574    -0.341914 4.803551e-08 2.551810e-08      201
features.14                      571    -0.341636 7.772666e-07 2.694455e-08      265
features.11                      378    -0.341586 1.749365e-07 3.224216e-09      169
features.9                       116    -0.341465 5.343871e-08 7.968135e-09      137
features.17                      853    -0.341121 5.046500e-07 1.321825e-09      489
features.10                      179    -0.341045 3.961228e-08 9.541156e-09      137
features.11                      176    -0.340837 1.947946e-07 2.862729e-07      169
features.17                      236    -0.340780 5.032807e-07 7.065071e-10      489
features.4                        57    -0.340764 6.503610e-07 5.502185e-07       65
features.14                        0    -0.340230 7.473053e-07 1.262964e-08      265
features.11                      248    -0.340209 1.752866e-07 1.797115e-08      169
features.15                      260    -0.340164 3.573510e-07 2.534841e-08      329
features.11                      117    -0.340068 1.752080e-07 1.787744e-08      169
features.15                      611    -0.339982 3.453244e-07 5.088604e-09      329
features.12                      204    -0.339975 1.373681e-07 2.087399e-09      201
features.14                      324    -0.339836 8.340732e-07 5.912739e-08      265
features.5                       109    -0.339771 6.928422e-08 1.104356e-07       73
features.15                      288    -0.339708 3.428613e-07 1.346578e-09      329
features.15                      535    -0.339705 3.429859e-07 1.565776e-09      329
features.5                        23    -0.339201 7.196135e-08 2.108987e-07       73
features.15                      860    -0.338942 3.417650e-07 7.911274e-10      329
features.5                        35    -0.338572 7.354006e-08 2.721979e-07       73
features.14                      417    -0.338522 7.338114e-07 7.395446e-09      265
features.17                      225    -0.338454 4.999334e-07 7.639774e-10      489
features.15                       90    -0.338410 3.415578e-07 1.353032e-09      329
features.14                      359    -0.338352 7.501515e-07 1.625923e-08      265
features.14                      357    -0.338313 7.953994e-07 4.031931e-08      265
features.9                       213    -0.338216 5.268302e-08 6.027254e-09      137
features.17                      700    -0.338039 4.991086e-07 6.132230e-10      489
features.14                      570    -0.337587 8.182985e-07 5.329269e-08      265
features.17                      842    -0.337523 5.003672e-07 2.045502e-09      489
features.14                      464    -0.337065 9.619959e-07 1.301512e-07      265
features.15                      722    -0.336782 3.508437e-07 2.004304e-08      329
features.11                      282    -0.336731 1.908817e-07 2.609279e-07      169
features.7                        17    -0.336728 7.205866e-07 2.029847e-07      105
features.14                      312    -0.336725 7.941722e-07 4.146048e-08      265
features.13                      213    -0.336438 4.662181e-08 1.594508e-08      201
features.17                      353    -0.336236 4.964153e-07 5.873056e-10      489
features.10                       64    -0.336157 3.799811e-08 2.965714e-09      137
features.14                      503    -0.336121 7.800353e-07 3.463860e-08      265
features.10                      197    -0.335513 3.833439e-08 5.477241e-09      137
features.14                        5    -0.334777 7.424748e-07 1.622059e-08      265
features.11                      178    -0.334659 1.768328e-07 7.928708e-08      169
features.15                      931    -0.334496 3.374508e-07 1.068905e-09      329
features.10                      193    -0.334475 3.827975e-08 5.853766e-09      137
features.10                      327    -0.334471 3.848307e-08 7.107814e-09      137
features.16                      228    -0.333960 6.180888e-07 2.674057e-08      329
features.7                       134    -0.333915 6.147808e-07 5.642315e-08      105
features.14                      130    -0.333741 7.209228e-07 5.949987e-09      265
features.7                        96    -0.333650 6.419340e-07 9.650559e-08      105
features.11                      289    -0.333584 1.814588e-07 1.516608e-07      169
features.15                      736    -0.333326 3.362039e-07 9.517720e-10      329
features.17                      402    -0.333232 4.918833e-07 5.135573e-10      489
features.10                      173    -0.333194 3.757540e-08 2.399760e-09      137
features.10                      296    -0.333171 3.797366e-08 4.865690e-09      137
features.15                      345    -0.332896 3.358898e-07 1.155529e-09      329
features.14                      498    -0.332854 7.317137e-07 1.267905e-08      265
features.9                        10    -0.332727 5.754645e-08 4.907332e-08      137
features.10                       24    -0.332352 4.005783e-08 1.825194e-08      137
features.10                       85    -0.332315 3.771599e-08 3.868446e-09      137
features.17                      396    -0.331817 4.898641e-07 5.603817e-10      489
features.15                      719    -0.331369 3.345389e-07 1.474359e-09      329
features.7                        63    -0.331122 6.105935e-07 5.733693e-08      105
features.14                      513    -0.330816 7.605216e-07 3.026985e-08      265
features.6                        80    -0.330647 2.690211e-08 1.418581e-07       73
features.17                      694    -0.330561 4.877620e-07 3.831934e-10      489
features.10                      164    -0.330522 3.802448e-08 6.997587e-09      137
features.14                       16    -0.330275 7.674572e-07 3.456143e-08      265
features.4                         3    -0.330258 5.164589e-07 1.630127e-07       65
features.14                       33    -0.329951 7.435203e-07 2.222235e-08      265
features.13                      278    -0.329947 4.674476e-08 3.017819e-08      201
features.14                      319    -0.329573 7.361150e-07 1.871839e-08      265
features.13                      253    -0.329331 4.548956e-08 1.351071e-08      201
features.17                      657    -0.329102 4.865620e-07 1.056910e-09      489
features.11                      334    -0.328658 1.685511e-07 6.396559e-09      169
features.15                      540    -0.328403 3.318570e-07 1.995687e-09      329
features.6                        75    -0.328253 2.681892e-08 1.711566e-07       73
features.14                       50    -0.328183 7.958257e-07 5.197980e-08      265
features.15                      948    -0.328174 3.315971e-07 1.946426e-09      329
features.17                      391    -0.327910 4.846701e-07 9.609522e-10      489
features.15                      154    -0.327765 3.311742e-07 1.927775e-09      329
features.7                        98    -0.327380 6.793869e-07 1.665799e-07      105
features.11                      139    -0.327304 1.835533e-07 2.258651e-07      169
features.11                       24    -0.327292 1.725361e-07 7.189302e-08      169
features.7                       161    -0.327185 6.276059e-07 9.189213e-08      105
features.11                       53    -0.327035 1.747580e-07 1.047960e-07      169
features.7                       162    -0.326830 6.061717e-07 6.166498e-08      105
features.14                      114    -0.326639 7.834028e-07 4.712880e-08      265
features.5                       108    -0.326584 6.395766e-08 1.111457e-08       73
features.14                      497    -0.326475 8.210177e-07 6.727831e-08      265
features.13                      419    -0.326346 4.431262e-08 2.513279e-09      201
features.15                      550    -0.326293 3.293021e-07 1.259197e-09      329
features.7                       191    -0.325865 5.993022e-07 5.410697e-08      105
features.17                      466    -0.325757 4.813371e-07 8.478614e-10      489
features.9                       168    -0.325661 5.022489e-08 2.012181e-09      137
features.14                      254    -0.325578 7.720424e-07 4.229627e-08      265
features.13                      369    -0.325575 4.491978e-08 1.263167e-08      201
features.17                      476    -0.325367 4.829308e-07 2.386840e-09      489
features.16                      511    -0.325219 5.909414e-07 9.410605e-10      329
features.14                      461    -0.325151 7.240266e-07 1.729322e-08      265
features.11                      255    -0.324802 1.812468e-07 2.115103e-07      169
features.14                       23    -0.324672 7.027165e-07 6.523411e-09      265
features.14                       52    -0.324584 8.109376e-07 6.406282e-08      265
features.10                      217    -0.324558 3.826555e-08 1.257642e-08      137
features.10                      295    -0.324510 3.900093e-08 1.713384e-08      137
features.15                      350    -0.324378 3.282580e-07 2.773122e-09      329
features.17                      166    -0.324346 4.796490e-07 1.125681e-09      489
features.11                      192    -0.324208 1.661446e-07 4.567843e-09      169
features.14                      258    -0.324132 7.351368e-07 2.434072e-08      265
features.11                       85    -0.323856 1.688109e-07 4.437634e-08      169
features.11                      318    -0.323797 1.768748e-07 1.575615e-07      169
features.17                      743    -0.323726 4.779076e-07 5.384100e-10      489
features.17                      898    -0.323677 4.797316e-07 1.884558e-09      489
features.15                      411    -0.323671 3.268504e-07 1.582242e-09      329
features.15                      652    -0.323671 3.264270e-07 8.585916e-10      329
features.9                       270    -0.323586 5.053268e-08 6.736648e-09      137
features.17                      667    -0.323502 4.778700e-07 7.465109e-10      489
features.10                      105    -0.323351 3.641345e-08 2.009573e-09      137
features.14                      416    -0.323245 7.681167e-07 4.284632e-08      265
features.11                      177    -0.323226 1.701514e-07 6.762330e-08      169
features.13                      157    -0.322903 4.391010e-08 3.411093e-09      201
features.2                        14    -0.322753 1.278108e-07 4.271383e-06       49
features.15                      161    -0.322488 3.262357e-07 2.569674e-09      329
features.17                      595    -0.322487 4.784528e-07 2.221632e-09      489
features.5                       174    -0.322465 6.291810e-08 2.581439e-09       73
features.17                      826    -0.322218 4.785700e-07 2.586323e-09      489
features.17                        4    -0.322199 4.759432e-07 7.419582e-10      489
features.15                      211    -0.321869 3.775477e-07 9.141517e-08      329
features.17                      552    -0.321715 4.751732e-07 7.016897e-10      489
features.10                      236    -0.321446 3.613968e-08 1.633338e-09      137
features.17                      559    -0.321371 4.756843e-07 1.424710e-09      489
features.10                      311    -0.321303 3.634182e-08 2.975015e-09      137
features.15                      293    -0.321220 3.243687e-07 1.558609e-09      329
features.7                        14    -0.320983 6.800806e-07 1.836031e-07      105
features.17                      277    -0.320638 4.759439e-07 2.375329e-09      489
features.13                      195    -0.320634 4.665456e-08 4.681107e-08      201
features.17                      630    -0.320344 4.728960e-07 5.200340e-10      489
features.14                      150    -0.320313 7.086795e-07 1.460765e-08      265
features.11                      227    -0.320034 1.642802e-07 8.351675e-09      169
features.7                         3    -0.320023 6.313393e-07 1.152454e-07      105
features.15                      437    -0.319729 3.239379e-07 3.390738e-09      329
features.11                      123    -0.319353 1.735453e-07 1.427854e-07      169
features.10                      102    -0.318835 3.616583e-08 3.587036e-09      137
features.17                      452    -0.318652 4.707468e-07 7.640950e-10      489
