================================================================================
Channel Pruning Log
  iteration  : 21
  alpha      : 0.9000
  timestamp  : 2026-04-13 14:21:53
  remove_target  : 21500
  accum_removed  : 21681
  selected_channels : 121
  total_params   : 2289600
  active_after   : 703625
  model_sparsity : 69.3%
================================================================================

[ 레이어별 채널 제거 비율 ]
  layer                total_ch  this_iter    cumul  cumul_%
  ----------------------------------------------------------
  features.1                 32          0       27    84.4%
  features.2                 96          6       84    87.5%
  features.3                144          0      129    89.6%
  features.4                144          4      111    77.1%
  features.5                192          0      172    89.6%
  features.6                192          0      172    89.6%
  features.7                192         23      145    75.5%
  features.8                384          0      345    89.8%
  features.9                384          0      345    89.8%
  features.10               384          0      345    89.8%
  features.11               384          0      345    89.8%
  features.12               576          7      518    89.9%
  features.13               576         65      518    89.9%
  features.14               576         16      479    83.2%
  features.15               960          0      864    90.0%
  features.16               960          0      864    90.0%
  features.17               960          0      864    90.0%

[ 블록별 제거 채널 수 ]
  features.12: 7채널 제거
  features.13: 65채널 제거
  features.14: 16채널 제거
  features.2: 6채널 제거
  features.4: 4채널 제거
  features.7: 23채널 제거

[ 선택된 채널 상세 ]
block                             ch        score          phi         perf  weights
--------------------------------------------------------------------------------
features.13                      301    -0.027145 4.595879e-07 1.642904e-07      201
features.12                      438     0.007516 1.407411e-07 1.694112e-07      201
features.13                      114     0.008208 3.509312e-08 4.654695e-08      201
features.13                       19     0.008838 1.283834e-07 1.002019e-07      201
features.13                      158     0.011761 2.192070e-07 1.600759e-07      201
features.13                      163     0.012328 2.969144e-07 2.049104e-07      201
features.13                      500     0.012792 3.407512e-08 6.114445e-08      201
features.12                      502     0.013093 3.094285e-07 3.601012e-07      201
features.13                        2     0.013177 7.749126e-08 8.641675e-08      201
features.13                      169     0.018019 3.585583e-08 7.941503e-08      201
features.13                      185     0.021042 1.729039e-07 1.651756e-07      201
features.13                      487     0.021417 3.607610e-08 9.077435e-08      201
features.13                      549     0.021518 2.570557e-08 8.537602e-08      201
features.13                      303     0.021912 7.745288e-08 1.152864e-07      201
features.13                      518     0.022257 6.247763e-08 1.081497e-07      201
features.13                      195     0.024373 9.601995e-08 1.336895e-07      201
features.13                      564     0.025286 1.490773e-07 1.660405e-07      201
features.13                      525     0.025730 7.840004e-08 1.284367e-07      201
features.13                      118     0.026805 1.153147e-07 1.523987e-07      201
features.13                      550     0.027146 8.770814e-08 1.382638e-07      201
features.12                      493     0.027148 1.095308e-07 2.085780e-07      201
features.13                      311     0.027276 3.735815e-08 1.108620e-07      201
features.7                        92     0.027474 5.209251e-07 7.160389e-08      105
features.13                      566     0.027926 1.300864e-08 9.954933e-08      201
features.13                      458     0.028421 9.897105e-08 1.487085e-07      201
features.13                      208     0.028637 7.710872e-08 1.373385e-07      201
features.13                      571     0.029260 3.864773e-08 1.181349e-07      201
features.13                      272     0.029622 3.879913e-08 1.194161e-07      201
features.12                      337     0.030462 3.546785e-08 1.456139e-07      201
features.13                      112     0.030708 8.399046e-08 1.479914e-07      201
features.13                      273     0.031941 2.192993e-08 1.177619e-07      201
features.13                      490     0.032267 3.125227e-08 1.239940e-07      201
features.13                      276     0.032577 3.114114e-08 1.249571e-07      201
features.13                      136     0.032591 4.465117e-08 1.324711e-07      201
features.13                      148     0.034317 1.022867e-08 1.191493e-07      201
features.13                       52     0.034387 8.739043e-08 1.620369e-07      201
features.13                      189     0.034499 4.686925e-08 1.400090e-07      201
features.13                       15     0.034699 3.791121e-08 1.357160e-07      201
features.13                      262     0.034831 2.502248e-08 1.290293e-07      201
features.13                       97     0.035142 7.625362e-09 1.204395e-07      201
features.13                      210     0.035509 8.684355e-09 1.222378e-07      201
features.12                       93     0.035643 9.175822e-08 2.212084e-07      201
features.13                      470     0.035893 2.106061e-08 1.303519e-07      201
features.13                      264     0.036323 1.995492e-08 1.311613e-07      201
features.12                       67     0.037243 6.625690e-08 2.011827e-07      201
features.13                      506     0.037487 5.808269e-08 1.560900e-07      201
features.13                      405     0.038464 3.799918e-08 1.482190e-07      201
features.13                      247     0.038767 7.957772e-08 1.722055e-07      201
features.2                        58     0.038965 3.558366e-08 1.440194e-05       49
features.12                      266     0.039521 1.231488e-07 2.669243e-07      201
features.13                      338     0.040406 1.991165e-08 1.446400e-07      201
features.13                      495     0.040641 1.181931e-07 1.997481e-07      201
features.13                      139     0.041194 2.954464e-08 1.525720e-07      201
features.13                       16     0.041237 2.316630e-07 2.644485e-07      201
features.13                      420     0.041915 1.829872e-08 1.487416e-07      201
features.13                      486     0.042172 8.507835e-08 1.865073e-07      201
features.13                      560     0.042542 1.262283e-07 2.104798e-07      201
features.13                      193     0.043567 1.269791e-07 2.142850e-07      201
features.13                      367     0.044019 1.677744e-07 2.383293e-07      201
features.13                      331     0.044062 2.255529e-07 2.704131e-07      201
features.7                       158     0.044767 1.163878e-06 1.315532e-07      105
features.13                      186     0.045177 7.012124e-08 1.881779e-07      201
features.13                      306     0.045273 8.786412e-08 1.983028e-07      201
features.13                      282     0.045418 5.982636e-07 4.809373e-07      201
features.7                       141     0.046488 1.190569e-07 8.515483e-08      105
features.13                      537     0.046583 8.392038e-08 2.004546e-07      201
features.13                      168     0.047352 2.641316e-08 1.712091e-07      201
features.13                      138     0.047696 7.283121e-08 1.980067e-07      201
features.13                      364     0.047826 5.766515e-07 4.769535e-07      201
features.13                      151     0.047942 2.398266e-08 1.718148e-07      201
features.13                      399     0.048276 5.322405e-08 1.890833e-07      201
features.13                      205     0.048678 3.622391e-08 1.810179e-07      201
features.13                      373     0.048702 3.705923e-08 1.815574e-07      201
features.13                      145     0.049050 1.270811e-08 1.692478e-07      201
features.13                      412     0.049605 5.635703e-08 1.952132e-07      201
features.13                      345     0.050096 1.946534e-07 2.732891e-07      201
features.7                        45     0.053286 1.793595e-07 9.963284e-08      105
features.4                         1     0.054439 1.231140e-08 3.368616e-07       65
features.7                       189     0.057250 7.551174e-07 1.336047e-07      105
features.7                       127     0.057677 9.773925e-07 1.448322e-07      105
features.2                        43     0.058774 1.697792e-08 2.044782e-05       49
features.2                         3     0.058810 9.717555e-07 5.365583e-05       49
features.7                        17     0.059481 8.576492e-07 1.422633e-07      105
features.7                        71     0.060547 1.640534e-06 1.810592e-07      105
features.14                      247     0.063152 6.378270e-07 4.288158e-08      265
features.2                        49     0.063440 1.390629e-07 2.626912e-05       49
features.14                      146     0.066150 5.933326e-07 4.380498e-08      265
features.7                       173     0.067369 1.340352e-06 1.785551e-07      105
features.7                       169     0.068693 6.305992e-07 1.473004e-07      105
features.2                        89     0.069653 6.666266e-08 2.585101e-05       49
features.7                       100     0.069996 2.683090e-06 2.464605e-07      105
features.7                        48     0.072025 7.117480e-07 1.568337e-07      105
features.14                      432     0.075358 3.229515e-08 4.032433e-08      265
features.7                        57     0.075746 6.917832e-07 1.622567e-07      105
features.14                      450     0.076335 9.435125e-07 5.440074e-08      265
features.7                        27     0.077583 9.663345e-07 1.783651e-07      105
features.7                        84     0.078858 7.148308e-07 1.686697e-07      105
features.14                      309     0.078902 3.380131e-07 4.674750e-08      265
features.14                      472     0.079628 5.085052e-07 4.966848e-08      265
features.14                      526     0.079959 6.038356e-07 5.126202e-08      265
features.14                      109     0.080458 3.665895e-07 4.799583e-08      265
features.7                        76     0.080514 1.240848e-07 1.436039e-07      105
features.2                        42     0.080847 1.502102e-08 2.783756e-05       49
features.7                       139     0.080973 1.092812e-07 1.436903e-07      105
features.14                      232     0.081220 9.829387e-07 5.757029e-08      265
features.7                         1     0.081542 3.403307e-07 1.555751e-07      105
features.14                      255     0.082637 1.010612e-06 5.873142e-08      265
features.7                        14     0.083121 7.347637e-07 1.769034e-07      105
features.14                        8     0.084931 7.631994e-07 5.626272e-08      265
features.14                      213     0.085483 8.587226e-07 5.797579e-08      265
features.4                       121     0.085687 4.379712e-07 6.748415e-07       65
features.4                       142     0.085697 5.498995e-07 7.135721e-07       65
features.7                        26     0.086569 1.483713e-06 2.181717e-07      105
features.4                       101     0.086650 7.600058e-08 5.556664e-07       65
features.7                        23     0.086706 9.382464e-07 1.926464e-07      105
features.7                        95     0.087267 1.019418e-07 1.541109e-07      105
features.14                       75     0.087969 6.499164e-07 5.618291e-08      265
features.14                      482     0.088381 9.647772e-07 6.108641e-08      265
features.14                       36     0.090220 7.883387e-07 5.943306e-08      265
features.7                       118     0.090339 6.537046e-07 1.854231e-07      105
features.14                      156     0.090451 1.009843e-06 6.285128e-08      265
