================================================================================
Channel Pruning Log
  iteration  : 13
  alpha      : 0.7000
  timestamp  : 2026-04-14 09:06:59
  remove_target  : 50169
  accum_removed  : 50397
  selected_channels : 221
  total_params   : 2289600
  active_after   : 961593
  model_sparsity : 58.0%
================================================================================

[ 레이어별 채널 제거 비율 ]
  layer                total_ch  this_iter    cumul  cumul_%
  ----------------------------------------------------------
  features.1                 32          1       21    65.6%
  features.2                 96          0       86    89.6%
  features.3                144         13       89    61.8%
  features.4                144          1       20    13.9%
  features.5                192         12       44    22.9%
  features.6                192          2       83    43.2%
  features.7                192         12       50    26.0%
  features.8                384         10      108    28.1%
  features.9                384          6      241    62.8%
  features.10               384          4      328    85.4%
  features.11               384         11      318    82.8%
  features.12               576         31      303    52.6%
  features.13               576         10      475    82.5%
  features.14               576         17      407    70.7%
  features.15               960         50      839    87.4%
  features.16               960         41      587    61.1%
  features.17               960          0      864    90.0%

[ 블록별 제거 채널 수 ]
  features.1: 1채널 제거
  features.10: 4채널 제거
  features.11: 11채널 제거
  features.12: 31채널 제거
  features.13: 10채널 제거
  features.14: 17채널 제거
  features.15: 50채널 제거
  features.16: 41채널 제거
  features.3: 13채널 제거
  features.4: 1채널 제거
  features.5: 12채널 제거
  features.6: 2채널 제거
  features.7: 12채널 제거
  features.8: 10채널 제거
  features.9: 6채널 제거

[ 선택된 채널 상세 ]
block                             ch        score          phi         perf  weights
--------------------------------------------------------------------------------
features.3                       117    -0.208241 7.160758e-08 6.078510e-06       57
features.15                      432    -0.111483 2.398630e-07 1.138394e-07      329
features.3                        12    -0.098481 3.057734e-08 1.460230e-06       57
features.12                      425    -0.096765 8.887299e-08 1.981458e-08      201
features.14                      542    -0.094316 1.683612e-06 5.035172e-08      265
features.3                        46    -0.081952 2.722365e-08 1.980383e-06       57
features.15                      696    -0.078889 1.734057e-07 9.018326e-08      329
features.15                      102    -0.078848 1.398847e-07 2.470457e-09      329
features.12                      422    -0.075951 6.754695e-08 1.184381e-08      201
features.12                      147    -0.074038 6.913647e-08 1.706744e-08      201
features.3                       123    -0.072912 2.488430e-08 2.047419e-06       57
features.15                      712    -0.071244 1.932779e-07 1.776194e-07      329
features.12                       70    -0.071021 7.048338e-08 2.335946e-08      201
features.15                      828    -0.070156 1.305709e-07 1.821530e-08      329
features.16                      483    -0.069085 5.071645e-07 4.266728e-08      329
features.16                       98    -0.066887 4.825030e-07 2.484319e-08      329
features.3                       143    -0.066880 2.421404e-08 2.475476e-06       57
features.15                      238    -0.066867 1.403618e-07 5.908469e-08      329
features.14                      308    -0.066443 1.585708e-06 5.958044e-08      265
features.15                      792    -0.065433 1.174102e-07 5.525467e-09      329
features.12                       21    -0.065266 8.551489e-08 5.627291e-08      201
features.16                      147    -0.065087 4.639961e-07 1.351725e-08      329
features.11                      314    -0.064734 8.577748e-07 5.782656e-06      169
features.16                      694    -0.064215 4.579378e-07 1.364543e-08      329
features.11                      198    -0.064064 3.035903e-07 3.925944e-07      169
features.16                      336    -0.063452 4.478652e-07 4.542760e-09      329
features.15                      721    -0.062792 1.227211e-07 3.165537e-08      329
features.12                      239    -0.062216 7.483560e-08 4.242945e-08      201
features.15                      580    -0.062104 1.096986e-07 6.878402e-10      329
features.3                       142    -0.062089 1.856458e-08 6.136761e-07       57
features.14                      385    -0.061991 1.523018e-06 5.821569e-08      265
features.15                      330    -0.061904 1.202078e-07 2.916848e-08      329
features.10                       93    -0.061777 2.254264e-07 3.025425e-07      137
features.15                      955    -0.060914 1.656345e-07 1.528651e-07      329
features.15                      555    -0.060908 1.351681e-07 7.300223e-08      329
features.15                      283    -0.060791 1.325968e-07 6.679808e-08      329
features.15                      151    -0.060389 1.151397e-07 2.287868e-08      329
features.15                      952    -0.060193 1.281696e-07 5.795529e-08      329
features.14                      301    -0.059537 6.409576e-07 6.338307e-09      265
features.12                       41    -0.059510 6.697528e-08 3.285614e-08      201
features.12                      435    -0.059495 5.623657e-08 1.485733e-08      201
features.3                        59    -0.058474 1.897475e-08 1.219483e-06       57
features.5                        44    -0.058447 6.649678e-08 4.254710e-08       73
features.8                       350    -0.058417 1.327593e-07 9.167612e-09      137
features.15                      210    -0.057961 1.027591e-07 1.636232e-09      329
features.5                       121    -0.057721 8.577378e-08 1.798269e-07       73
features.7                       184    -0.057662 6.572859e-07 1.353652e-08      105
features.15                      160    -0.057625 1.045763e-07 7.952353e-09      329
features.16                      856    -0.057487 4.266028e-07 4.434294e-08      329
features.14                      186    -0.057311 7.926925e-07 1.670033e-08      265
features.12                       43    -0.057134 6.569979e-08 3.389165e-08      201
features.16                      666    -0.056936 4.105695e-07 2.086356e-08      329
features.15                      560    -0.056883 1.096953e-07 2.480368e-08      329
features.10                      353    -0.055989 1.578138e-07 1.956194e-07      137
features.3                        49    -0.055803 1.607679e-08 2.899076e-07       57
features.14                      497    -0.055634 1.280203e-06 4.701967e-08      265
features.15                      718    -0.055523 1.474952e-07 1.302080e-07      329
features.3                       134    -0.055513 1.659027e-08 5.452336e-07       57
features.13                      340    -0.055378 7.885292e-08 3.526471e-07      201
features.16                       20    -0.055321 3.895996e-07 2.277283e-09      329
features.16                      542    -0.055169 4.140695e-07 5.157145e-08      329
features.12                      523    -0.055047 5.190650e-08 1.353522e-08      201
features.14                      254    -0.054782 1.019302e-06 3.174387e-08      265
features.5                        71    -0.054681 5.990063e-08 2.396338e-08       73
features.15                      425    -0.054654 1.122075e-07 4.169265e-08      329
features.7                        72    -0.054632 7.417413e-07 2.791731e-08      105
features.3                        39    -0.054397 1.676943e-08 7.548187e-07       57
features.5                        32    -0.054323 7.186969e-08 1.085439e-07       73
features.15                      579    -0.054131 1.268763e-07 8.257219e-08      329
features.16                      230    -0.054125 3.972377e-07 3.322444e-08      329
features.15                      568    -0.053837 1.079694e-07 3.435348e-08      329
features.1                        26    -0.053642 1.810910e-07 5.356943e-06       25
features.12                      207    -0.053606 5.354667e-08 1.821309e-08      201
features.15                      332    -0.053474 1.234995e-07 7.675364e-08      329
features.3                        79    -0.053253 2.045134e-08 2.474890e-06       57
features.7                        43    -0.053244 1.067745e-06 7.094558e-08      105
features.15                      635    -0.053154 1.135982e-07 5.226880e-08      329
features.15                       30    -0.052803 1.171966e-07 6.332844e-08      329
features.3                         0    -0.052400 1.777204e-08 1.423383e-06       57
features.14                      440    -0.052362 9.815838e-07 3.078210e-08      265
features.16                      563    -0.052022 3.751565e-07 1.910689e-08      329
features.5                        66    -0.051846 6.118846e-08 5.283448e-08       73
features.8                       348    -0.051808 1.113843e-07 4.028797e-09      137
features.15                      613    -0.051211 9.062082e-08 9.969322e-10      329
features.12                      540    -0.051184 6.348316e-08 3.812279e-08      201
features.12                       18    -0.051037 4.597126e-08 8.934554e-09      201
features.16                      415    -0.050752 3.580249e-07 3.243054e-09      329
features.12                      398    -0.050652 4.354603e-08 5.380463e-09      201
features.11                      237    -0.050585 2.450836e-07 3.624579e-07      169
features.16                       79    -0.050467 3.561670e-07 3.517448e-09      329
features.15                      770    -0.050373 1.064262e-07 4.631239e-08      329
features.15                      185    -0.050136 1.369535e-07 1.274558e-07      329
features.13                      368    -0.050100 2.973163e-08 2.703115e-08      201
features.7                        87    -0.049995 1.123866e-06 8.199687e-08      105
features.16                      936    -0.049853 3.675126e-07 3.375039e-08      329
features.15                      707    -0.049750 1.107074e-07 6.041950e-08      329
features.16                      294    -0.049601 3.840037e-07 6.899609e-08      329
features.14                      236    -0.049586 8.344555e-07 2.341422e-08      265
features.15                      258    -0.049517 1.081056e-07 5.467080e-08      329
features.7                       107    -0.049466 1.760043e-06 1.633240e-07      105
features.9                       191    -0.049365 8.034961e-08 2.604785e-08      137
features.11                      367    -0.049355 2.511362e-07 4.710588e-07      169
features.12                      565    -0.049338 5.553473e-08 2.725277e-08      201
features.11                       40    -0.049272 2.062593e-07 3.575401e-08      169
features.3                       131    -0.049148 1.384351e-08 1.192823e-07       57
features.13                       69    -0.049129 2.552262e-08 1.009738e-09      201
features.9                       352    -0.049119 6.257815e-08 7.318340e-09      137
features.6                       153    -0.049064 3.162183e-08 5.871062e-08       73
features.15                      605    -0.048988 8.794915e-08 4.262228e-09      329
features.5                       186    -0.048892 6.849651e-08 1.238215e-07       73
features.15                      760    -0.048804 9.688166e-08 2.853444e-08      329
features.15                      116    -0.048680 1.010303e-07 3.998526e-08      329
features.12                      271    -0.048643 5.822978e-08 3.270366e-08      201
features.15                      816    -0.048577 1.000549e-07 3.790539e-08      329
features.12                      381    -0.048570 5.178132e-08 2.198077e-08      201
features.12                      136    -0.048424 5.023152e-08 1.957499e-08      201
features.15                      541    -0.048411 1.335305e-07 1.264509e-07      329
features.11                        4    -0.048256 2.133991e-07 1.463838e-07      169
features.5                       161    -0.048197 6.445726e-08 1.010493e-07       73
features.16                      332    -0.048153 3.621131e-07 4.636531e-08      329
features.8                       185    -0.048145 1.006090e-07 1.870569e-09      137
features.14                      506    -0.048034 7.925010e-07 2.172606e-08      265
features.15                       18    -0.048001 9.669907e-08 3.176664e-08      329
features.16                      203    -0.047830 3.445946e-07 1.691956e-08      329
features.11                      347    -0.047757 2.754726e-07 7.731831e-07      169
features.10                      165    -0.047725 4.552769e-08 1.633632e-08      137
features.16                      422    -0.047704 3.418941e-07 1.341598e-08      329
features.16                      141    -0.047664 3.399913e-07 1.028366e-08      329
features.9                       107    -0.047596 5.728202e-08 3.498533e-09      137
features.16                      891    -0.047565 3.447782e-07 2.086656e-08      329
features.6                       121    -0.047564 3.334331e-08 9.211789e-08       73
features.11                      207    -0.047509 6.520737e-07 4.464309e-06      169
features.16                      657    -0.047450 3.421589e-07 1.737816e-08      329
features.14                      438    -0.047450 6.593488e-07 1.401100e-08      265
features.16                      447    -0.047444 3.427602e-07 1.861141e-08      329
features.12                       75    -0.047293 4.771302e-08 1.686032e-08      201
features.8                       227    -0.047248 1.247739e-07 1.864704e-08      137
features.15                       85    -0.047209 8.347154e-08 7.403975e-10      329
features.15                      950    -0.047042 2.034736e-07 3.161853e-07      329
features.9                       249    -0.047027 1.500996e-07 1.035669e-07      137
features.8                        25    -0.046996 1.126422e-07 1.114521e-08      137
features.13                      204    -0.046960 2.778262e-08 2.473539e-08      201
features.8                       298    -0.046874 9.936912e-08 2.736340e-09      137
features.16                      508    -0.046863 3.352646e-07 1.201820e-08      329
features.15                      241    -0.046797 1.071990e-07 6.486194e-08      329
features.5                       174    -0.046759 4.904958e-08 5.596271e-09       73
features.12                      154    -0.046679 5.361179e-08 2.757931e-08      201
features.5                        87    -0.046482 5.408020e-08 4.203843e-08       73
features.15                       39    -0.046396 8.316312e-08 3.689559e-09      329
features.15                      944    -0.046300 1.312175e-07 1.301420e-07      329
features.16                      222    -0.046278 3.484361e-07 4.537373e-08      329
features.12                      107    -0.046271 4.017151e-08 5.572216e-09      201
features.16                      384    -0.046199 3.555294e-07 6.013616e-08      329
features.4                        91    -0.046125 1.909724e-07 2.040447e-08       65
features.15                      673    -0.046072 8.712179e-08 1.556709e-08      329
features.11                      160    -0.046015 2.277441e-07 3.766406e-07      169
features.14                       83    -0.045930 9.697746e-07 3.356221e-08      265
features.8                       202    -0.045825 1.425442e-07 3.198246e-08      137
features.15                      392    -0.045765 8.251320e-08 4.898219e-09      329
features.15                      275    -0.045721 9.488375e-08 3.754369e-08      329
features.14                      319    -0.045636 6.337316e-07 1.345067e-08      265
features.14                      468    -0.045478 5.549661e-07 8.784559e-09      265
features.14                      246    -0.045289 5.421374e-07 8.113660e-09      265
features.16                        3    -0.045254 3.191730e-07 2.769170e-09      329
features.7                        54    -0.045207 5.228362e-07 1.156708e-08      105
features.16                      243    -0.045198 3.190229e-07 3.238249e-09      329
features.7                        30    -0.045197 5.452186e-07 1.441754e-08      105
features.12                       76    -0.045171 4.357380e-08 1.275057e-08      201
features.15                      823    -0.045161 7.996584e-08 1.008924e-09      329
features.16                      819    -0.045117 3.201293e-07 6.469483e-09      329
features.7                       147    -0.044935 8.500809e-07 5.340029e-08      105
features.15                      640    -0.044915 1.090347e-07 7.837268e-08      329
features.13                      420    -0.044844 4.052293e-08 1.218259e-07      201
features.12                      564    -0.044806 8.751949e-08 8.697953e-08      201
features.5                        30    -0.044618 4.645039e-08 2.917453e-09       73
features.8                        24    -0.044606 1.344088e-07 2.832870e-08      137
features.9                       244    -0.044549 8.160804e-08 3.324606e-08      137
features.16                      553    -0.044543 3.131715e-07 8.174888e-10      329
features.11                       90    -0.044478 1.943589e-07 1.121237e-07      169
features.16                      519    -0.044446 3.577683e-07 8.822538e-08      329
features.12                      505    -0.044416 6.251110e-08 4.553728e-08      201
features.16                      266    -0.044406 3.139365e-07 4.144548e-09      329
features.16                      916    -0.044380 3.134869e-07 3.641580e-09      329
features.5                       104    -0.044357 5.072364e-08 3.405894e-08       73
features.16                      129    -0.044332 4.113493e-07 1.931929e-07      329
features.8                       148    -0.044310 1.240670e-07 2.203955e-08      137
features.14                      305    -0.044187 4.135888e-07 9.569691e-10      265
features.8                       197    -0.044063 1.064084e-07 1.096340e-08      137
features.10                       19    -0.043971 3.794958e-08 8.296214e-09      137
features.13                      186    -0.043908 4.705521e-08 1.710646e-07      201
features.14                       10    -0.043770 1.833398e-06 8.683276e-08      265
features.12                      299    -0.043660 5.259890e-08 2.991380e-08      201
features.16                      823    -0.043632 3.088221e-07 4.770638e-09      329
features.12                      385    -0.043606 5.066677e-08 2.674403e-08      201
features.12                      120    -0.043561 5.669995e-08 3.692784e-08      201
features.15                      272    -0.043494 1.186775e-07 1.102239e-07      329
features.16                      239    -0.043314 3.145097e-07 2.005838e-08      329
features.13                       67    -0.043294 2.270733e-08 2.407043e-09      201
features.16                      240    -0.043240 3.167831e-07 2.545303e-08      329
features.16                      503    -0.043233 3.163784e-07 2.476707e-08      329
features.16                      187    -0.043213 3.198199e-07 3.168146e-08      329
features.7                        29    -0.043130 6.747288e-07 3.334629e-08      105
features.13                      373    -0.043117 3.011272e-08 5.502282e-08      201
features.9                       348    -0.043052 1.248965e-07 8.141291e-08      137
features.12                      553    -0.042953 4.294555e-08 1.466053e-08      201
features.12                      417    -0.042897 5.875835e-08 4.126998e-08      201
features.15                      857    -0.042868 8.748290e-08 3.131722e-08      329
features.5                       145    -0.042755 5.283110e-08 5.982966e-08       73
features.12                      488    -0.042752 4.870202e-08 2.458846e-08      201
features.12                       22    -0.042708 4.804881e-08 2.355218e-08      201
features.7                        99    -0.042701 1.204545e-06 1.010625e-07      105
features.11                      383    -0.042675 1.884755e-07 1.270779e-07      169
features.7                        51    -0.042671 6.797724e-07 3.454261e-08      105
features.15                      892    -0.042585 1.816014e-07 2.794277e-07      329
features.13                       31    -0.042495 2.369486e-08 1.223562e-08      201
features.7                       133    -0.042472 6.260498e-07 2.796991e-08      105
features.16                      357    -0.042407 3.510727e-07 1.029224e-07      329
features.15                      386    -0.042374 7.656318e-08 4.967594e-09      329
features.13                      431    -0.042286 4.940142e-08 1.934125e-07      201
features.16                       83    -0.042166 3.040812e-07 1.548722e-08      329
features.16                       95    -0.042147 3.320782e-07 6.978531e-08      329
