================================================================================
Channel Pruning Log
  iteration  : 14
  alpha      : 0.9000
  timestamp  : 2026-04-19 23:22:07
  remove_target  : 45056
  accum_removed  : 45208
  selected_channels : 264
  total_params   : 2289600
  active_after   : 915654
  model_sparsity : 60.0%
================================================================================

[ 레이어별 채널 제거 비율 ]
  layer                total_ch  this_iter    cumul  cumul_%
  ----------------------------------------------------------
  features.1                 32          2       24    75.0%
  features.2                 96          0       62    64.6%
  features.3                144         25       74    51.4%
  features.4                144          8       27    18.8%
  features.5                192         26      107    55.7%
  features.6                192         24      128    66.7%
  features.7                192          6       15     7.8%
  features.8                384         51      232    60.4%
  features.9                384         13      315    82.0%
  features.10               384          0      345    89.8%
  features.11               384          8      264    68.8%
  features.12               576         23      357    62.0%
  features.13               576         10      313    54.3%
  features.14               576          3      296    51.4%
  features.15               960         65      787    82.0%
  features.16               960          0      864    90.0%
  features.17               960          0      864    90.0%

[ 블록별 제거 채널 수 ]
  features.1: 2채널 제거
  features.11: 8채널 제거
  features.12: 23채널 제거
  features.13: 10채널 제거
  features.14: 3채널 제거
  features.15: 65채널 제거
  features.3: 25채널 제거
  features.4: 8채널 제거
  features.5: 26채널 제거
  features.6: 24채널 제거
  features.7: 6채널 제거
  features.8: 51채널 제거
  features.9: 13채널 제거

[ 선택된 채널 상세 ]
block                             ch        score          phi         perf  weights
--------------------------------------------------------------------------------
features.8                       193    -0.004172 2.194573e-07 5.159473e-08      137
features.5                       113    -0.003916 3.368717e-07 3.817331e-07       73
features.6                        49    -0.003783 5.271336e-08 1.806351e-07       73
features.6                        28    -0.002826 4.268974e-08 1.475083e-07       73
features.8                       315    -0.002764 1.861881e-07 4.493001e-08      137
features.9                       134    -0.002590 1.713399e-07 1.056716e-07      137
features.8                        91    -0.001943 2.320729e-07 5.824349e-08      137
features.8                        18    -0.001762 1.215961e-07 2.940683e-08      137
features.8                        55    -0.001156 8.019508e-08 1.940385e-08      137
features.8                       176    -0.000817 1.005539e-07 2.527286e-08      137
features.6                       114    -0.000675 4.792727e-08 1.784242e-07       73
features.8                       268    -0.000296 2.112873e-07 5.522321e-08      137
features.7                       172    -0.000013 2.074169e-07 3.083036e-09      105
features.6                       101     0.000056 9.102190e-09 3.483130e-08       73
features.6                       167     0.000454 1.831334e-08 7.182860e-08       73
features.6                        90     0.000838 1.339039e-08 5.512002e-08       73
features.8                       221     0.001211 2.807108e-08 9.201509e-09      137
features.8                       115     0.001266 3.912492e-08 1.219601e-08      137
features.8                       341     0.001510 5.979194e-08 1.800460e-08      137
features.8                       276     0.001578 2.490962e-08 8.916431e-09      137
features.15                       46     0.001652 4.936528e-08 1.178123e-08      329
features.6                        79     0.001764 2.662409e-08 1.100924e-07       73
features.3                        65     0.001939 3.072306e-09 4.118104e-08       57
features.6                       169     0.001956 2.712518e-08 1.129794e-07       73
features.8                       141     0.002001 2.761571e-08 1.026118e-08      137
features.6                        83     0.002068 7.946011e-09 4.076734e-08       73
features.5                        44     0.002121 4.649806e-08 6.704585e-08       73
features.8                        32     0.002126 2.770718e-08 1.047172e-08      137
features.4                        19     0.002134 5.731109e-08 9.434729e-09       65
features.9                        88     0.002139 5.106270e-08 3.661442e-08      137
features.8                        58     0.002171 2.321440e-08 9.355179e-09      137
features.8                        90     0.002337 8.366873e-08 2.552937e-08      137
features.7                       106     0.002338 2.273286e-07 3.963963e-09      105
features.8                       133     0.002343 4.646267e-08 1.573627e-08      137
features.6                       117     0.002383 1.842276e-08 8.214468e-08       73
features.8                        13     0.002410 4.042374e-08 1.424547e-08      137
features.6                        31     0.002417 1.734882e-08 7.824517e-08       73
features.8                         5     0.002452 5.494194e-08 1.813197e-08      137
features.6                       188     0.002478 1.053633e-08 5.270180e-08       73
features.6                       151     0.002582 3.912231e-08 1.617240e-07       73
features.8                        69     0.002660 1.813979e-07 5.175810e-08      137
features.9                       233     0.002677 3.626256e-08 2.803818e-08      137
features.5                        98     0.002735 1.650361e-08 3.449080e-08       73
features.3                       109     0.002806 6.026889e-09 6.908132e-08       57
features.6                       150     0.002900 3.721478e-09 2.900446e-08       73
features.15                      551     0.002903 5.335811e-08 1.590750e-08      329
features.8                       168     0.002926 7.872079e-09 6.439078e-09      137
features.9                       252     0.002989 9.629328e-08 6.720717e-08      137
features.13                      144     0.003044 3.315436e-08 6.157356e-09      201
features.3                        37     0.003107 8.261804e-09 8.602677e-08       57
features.15                      798     0.003155 7.467384e-08 1.968490e-08      329
features.5                       159     0.003243 2.390492e-08 4.607842e-08       73
features.15                       96     0.003259 1.360245e-07 2.878809e-08      329
features.14                      561     0.003265 2.573068e-07 3.307850e-09      265
features.8                       220     0.003270 8.094141e-08 2.620251e-08      137
features.15                      275     0.003294 6.702758e-08 1.898152e-08      329
features.3                        26     0.003312 2.251775e-08 1.739739e-07       57
features.6                       106     0.003314 8.857163e-09 5.061962e-08       73
features.15                      619     0.003335 2.307925e-07 4.261199e-08      329
features.8                       164     0.003336 4.173156e-08 1.597112e-08      137
features.3                        76     0.003345 1.038009e-08 1.015303e-07       57
features.1                         7     0.003433 1.446670e-07 6.911449e-05       25
features.6                       124     0.003448 5.839343e-09 3.985586e-08       73
features.7                       124     0.003462 3.060738e-07 5.415303e-09      105
features.6                       157     0.003502 6.198575e-09 4.149738e-08       73
features.3                        74     0.003558 9.380505e-09 9.803657e-08       57
features.7                         7     0.003667 2.418218e-07 4.510262e-09      105
features.15                      510     0.003744 5.724375e-08 1.885363e-08      329
features.8                         8     0.003756 2.824603e-08 1.304455e-08      137
features.6                       191     0.003796 2.581996e-09 2.928043e-08       73
features.12                      248     0.003821 3.287915e-08 1.255263e-08      201
features.11                      336     0.003902 1.110067e-07 7.656948e-08      169
features.1                         3     0.003916 6.113485e-09 7.598742e-06       25
features.8                       340     0.003927 5.044096e-08 1.914641e-08      137
features.15                      121     0.003958 8.600470e-08 2.359130e-08      329
features.15                      170     0.003969 5.473132e-08 1.913171e-08      329
features.8                       286     0.003996 2.068303e-08 1.140975e-08      137
features.12                       70     0.004038 5.131428e-08 1.763867e-08      201
features.15                      116     0.004047 4.514794e-08 1.797925e-08      329
features.9                       151     0.004073 2.700680e-08 2.454012e-08      137
features.8                       261     0.004117 2.200916e-08 1.194004e-08      137
features.13                      568     0.004164 6.620820e-09 2.894242e-09      201
features.5                       152     0.004165 2.477992e-08 5.209861e-08       73
features.8                        78     0.004167 4.788734e-08 1.883158e-08      137
features.15                       94     0.004196 6.609636e-08 2.140982e-08      329
features.15                      620     0.004222 1.415970e-07 3.232394e-08      329
features.3                        60     0.004223 9.150925e-09 1.044611e-07       57
features.15                      658     0.004387 1.862352e-07 3.920138e-08      329
features.15                      593     0.004397 4.931500e-08 1.957139e-08      329
features.8                        19     0.004419 4.125264e-08 1.746031e-08      137
features.9                        95     0.004428 4.692528e-08 3.797961e-08      137
features.5                       111     0.004442 4.866576e-09 2.977921e-08       73
features.8                         0     0.004456 2.864271e-09 7.401582e-09      137
features.15                      893     0.004518 1.754552e-07 3.802502e-08      329
features.3                        32     0.004528 4.099957e-10 5.558249e-08       57
features.3                        41     0.004552 3.974453e-08 2.918873e-07       57
features.15                      787     0.004574 6.400634e-08 2.218233e-08      329
features.13                      228     0.004576 1.096203e-08 3.706363e-09      201
features.15                      858     0.004624 7.684839e-08 2.417024e-08      329
features.15                      393     0.004648 1.741075e-07 3.820152e-08      329
features.5                        86     0.004664 2.630708e-08 5.661606e-08       73
features.3                        28     0.004664 7.567375e-09 1.001261e-07       57
features.5                       109     0.004673 9.172991e-08 1.349057e-07       73
features.4                        31     0.004705 2.622762e-07 3.681601e-08       65
features.15                      901     0.004735 8.842607e-08 2.614557e-08      329
features.15                      641     0.004735 2.596129e-07 5.072627e-08      329
features.9                       113     0.004745 1.828346e-08 2.011055e-08      137
features.15                      492     0.004809 2.448344e-07 4.881475e-08      329
features.5                       141     0.004815 1.022965e-08 3.820456e-08       73
features.4                        20     0.004846 2.067890e-07 3.045538e-08       65
features.9                        39     0.004897 4.037430e-08 3.459034e-08      137
features.3                        77     0.004923 2.579312e-09 7.323736e-08       57
features.15                      385     0.004952 1.599188e-07 3.702872e-08      329
features.3                        73     0.004969 1.318490e-08 1.374128e-07       57
features.5                         3     0.004979 7.694363e-08 1.188724e-07       73
features.15                      205     0.004991 1.155921e-07 3.077440e-08      329
features.12                      420     0.005005 6.603007e-09 6.817892e-09      201
features.8                       140     0.005024 6.906540e-08 2.569084e-08      137
features.8                        68     0.005029 2.182295e-08 1.325079e-08      137
features.15                      381     0.005043 1.535292e-07 3.637009e-08      329
features.15                      101     0.005053 9.455364e-08 2.792932e-08      329
features.15                       74     0.005073 5.109889e-08 2.174854e-08      329
features.15                      555     0.005084 1.067778e-07 2.977263e-08      329
features.5                       172     0.005088 2.726997e-08 6.005515e-08       73
features.12                      549     0.005093 3.452950e-08 1.427794e-08      201
features.8                       287     0.005133 3.153515e-08 1.596455e-08      137
features.5                        47     0.005157 7.577256e-09 3.687975e-08       73
features.9                       131     0.005159 3.103064e-08 2.903907e-08      137
features.8                       364     0.005165 4.611644e-08 1.985447e-08      137
features.6                       166     0.005168 7.997611e-09 5.687384e-08       73
features.5                        12     0.005195 1.115848e-08 4.136425e-08       73
features.3                        38     0.005197 2.612300e-09 7.664867e-08       57
features.15                      287     0.005271 3.775818e-08 2.039413e-08      329
features.3                       116     0.005371 1.500856e-08 1.530685e-07       57
features.8                       294     0.005384 1.585344e-08 1.220811e-08      137
features.12                       46     0.005410 6.861035e-09 7.295911e-09      201
features.15                      519     0.005410 2.519999e-07 5.155159e-08      329
features.5                        14     0.005411 2.811472e-08 6.280825e-08       73
features.15                      294     0.005447 1.976190e-08 1.830941e-08      329
features.12                      482     0.005546 8.071731e-08 2.692850e-08      201
features.3                       107     0.005551 1.069854e-08 1.293270e-07       57
features.15                      407     0.005560 7.544500e-08 2.662734e-08      329
features.4                        88     0.005565 2.189095e-07 3.278834e-08       65
features.12                      459     0.005576 3.371642e-08 1.455262e-08      201
features.15                      461     0.005581 7.297014e-08 2.633127e-08      329
features.5                        88     0.005584 3.663047e-08 7.392785e-08       73
features.14                       64     0.005603 2.796054e-07 4.103248e-09      265
features.6                        13     0.005655 2.890552e-09 3.999506e-08       73
features.5                       182     0.005676 1.841778e-08 5.264008e-08       73
features.13                      383     0.005677 2.042272e-08 5.572447e-09      201
features.7                       184     0.005684 3.313736e-07 6.344361e-09      105
features.15                      664     0.005746 8.994234e-08 2.923760e-08      329
features.12                      305     0.005758 1.591891e-08 1.004027e-08      201
features.3                        89     0.005771 1.069277e-08 1.318687e-07       57
features.3                        52     0.005795 9.140435e-09 1.228393e-07       57
features.15                      512     0.005801 1.153384e-07 3.303846e-08      329
features.15                      883     0.005835 5.224388e-08 2.407711e-08      329
features.12                       37     0.005842 2.370008e-08 1.217905e-08      201
features.12                      131     0.005850 1.950113e-11 5.936034e-09      201
features.9                        67     0.005870 2.156088e-08 2.419804e-08      137
features.3                        56     0.005925 1.480528e-08 1.583589e-07       57
features.6                        17     0.005961 7.313635e-09 5.835131e-08       73
features.15                      503     0.005967 6.316606e-08 2.602008e-08      329
features.3                        19     0.006022 3.107236e-09 8.930132e-08       57
features.15                      403     0.006029 7.290727e-08 2.759333e-08      329
features.13                      242     0.006063 8.237158e-09 4.013587e-09      201
features.15                      640     0.006063 6.353936e-08 2.634584e-08      329
features.3                         5     0.006095 1.012030e-08 1.322392e-07       57
features.12                      274     0.006106 2.451636e-08 1.266233e-08      201
features.15                      700     0.006117 7.284277e-08 2.783563e-08      329
features.3                        98     0.006120 1.279270e-08 1.485673e-07       57
features.3                       113     0.006144 9.688667e-09 1.302160e-07       57
features.13                      415     0.006151 9.932209e-09 4.296818e-09      201
features.5                       179     0.006165 7.914301e-09 4.272130e-08       73
features.8                       262     0.006205 3.941017e-08 1.963891e-08      137
features.12                      372     0.006219 5.378164e-08 2.050091e-08      201
features.15                      696     0.006260 5.295535e-08 2.538554e-08      329
features.8                       312     0.006287 2.444945e-08 1.581974e-08      137
features.15                      776     0.006288 6.676793e-08 2.744917e-08      329
features.5                       103     0.006297 1.656493e-08 5.377706e-08       73
features.15                      638     0.006301 2.919834e-07 5.982411e-08      329
features.9                       207     0.006305 1.372621e-08 1.992416e-08      137
features.15                      207     0.006308 1.657381e-07 4.171731e-08      329
features.15                      570     0.006327 5.774292e-08 2.626334e-08      329
features.15                      557     0.006328 3.529930e-08 2.304275e-08      329
features.15                      243     0.006338 1.727985e-07 4.281376e-08      329
features.4                        97     0.006343 8.019546e-09 8.920196e-09       65
features.12                      238     0.006353 2.788898e-08 1.380254e-08      201
features.5                        43     0.006353 5.726752e-09 4.111739e-08       73
features.8                       329     0.006372 2.690129e-08 1.659325e-08      137
features.15                      785     0.006380 5.371410e-08 2.583502e-08      329
features.4                       102     0.006383 1.204326e-07 2.221343e-08       65
features.12                      152     0.006406 4.912294e-08 1.946128e-08      201
features.9                        15     0.006406 5.622909e-08 4.744507e-08      137
features.3                       136     0.006412 1.599395e-08 1.711987e-07       57
features.15                      707     0.006415 1.072425e-07 3.362137e-08      329
features.15                      712     0.006433 7.643269e-08 2.924705e-08      329
features.4                       113     0.006472 1.991668e-07 3.160166e-08       65
features.8                       201     0.006495 5.973522e-08 2.542604e-08      137
features.5                       128     0.006496 8.285097e-09 4.494540e-08       73
features.11                      119     0.006501 5.967588e-08 6.183474e-08      169
features.9                        63     0.006527 1.196501e-08 1.918093e-08      137
features.12                       40     0.006550 4.282679e-08 1.794569e-08      201
features.13                       22     0.006553 1.168142e-08 4.734689e-09      201
features.15                      283     0.006556 7.065142e-08 2.876748e-08      329
features.11                      301     0.006561 9.368686e-08 7.996186e-08      169
features.8                       233     0.006575 1.301917e-08 1.323825e-08      137
features.8                       299     0.006585 2.326849e-08 1.595349e-08      137
features.11                      127     0.006610 6.019899e-08 6.261661e-08      169
features.6                        71     0.006627 8.883405e-09 6.772187e-08       73
features.6                        47     0.006639 7.298957e-09 6.177395e-08       73
features.8                       250     0.006649 3.262665e-08 1.851439e-08      137
features.12                      437     0.006658 2.611843e-08 1.364425e-08      201
features.15                      463     0.006658 1.116812e-07 3.494944e-08      329
features.14                      402     0.006660 1.003570e-08 1.745948e-09      265
features.8                        96     0.006661 2.608954e-08 1.680987e-08      137
features.7                        40     0.006674 6.142644e-07 1.079967e-08      105
features.12                      123     0.006680 1.890680e-08 1.176308e-08      201
features.8                       325     0.006695 1.365914e-07 4.597305e-08      137
features.15                      344     0.006718 1.317160e-07 3.799607e-08      329
features.11                       98     0.006721 3.858059e-07 2.340071e-07      169
features.15                      135     0.006734 2.325217e-07 5.251490e-08      329
features.15                      607     0.006767 1.184041e-07 3.622463e-08      329
features.5                         7     0.006768 2.883294e-09 3.995366e-08       73
features.8                        12     0.006807 3.501393e-08 1.937905e-08      137
features.15                      449     0.006830 3.431162e-08 2.432868e-08      329
features.15                      718     0.006838 6.367687e-08 2.856688e-08      329
features.15                      816     0.006847 8.164989e-08 3.117455e-08      329
features.5                        49     0.006850 2.330767e-08 6.482452e-08       73
features.8                       342     0.006853 7.024531e-08 2.872890e-08      137
features.15                      349     0.006877 7.435593e-08 3.021259e-08      329
features.8                       352     0.006879 5.577955e-08 2.495733e-08      137
features.12                      317     0.006901 3.167409e-08 1.535724e-08      201
features.13                      387     0.006990 1.384236e-08 5.247530e-09      201
features.5                       112     0.006992 1.676240e-08 5.775841e-08       73
features.4                       100     0.007020 1.307667e-08 1.036644e-08       65
features.15                      356     0.007022 1.059460e-07 3.515821e-08      329
features.11                      375     0.007046 7.734597e-08 7.366555e-08      169
features.12                      249     0.007047 5.761013e-09 8.665838e-09      201
features.12                      442     0.007059 4.120285e-08 1.803257e-08      201
features.5                        27     0.007064 8.646956e-09 4.844440e-08       73
features.6                        81     0.007081 6.514483e-09 6.106238e-08       73
features.15                      857     0.007092 4.767658e-08 2.699091e-08      329
features.5                        50     0.007120 2.095456e-09 4.091320e-08       73
features.5                        19     0.007129 1.471639e-08 5.605244e-08       73
features.15                      683     0.007255 7.319966e-08 3.112011e-08      329
features.3                        17     0.007275 1.023212e-09 9.149036e-08       57
features.12                      230     0.007303 3.509033e-08 1.666689e-08      201
features.15                      564     0.007317 6.397007e-08 2.997080e-08      329
features.8                       121     0.007350 3.759403e-08 2.086776e-08      137
features.12                      391     0.007355 3.472246e-08 1.662216e-08      201
features.8                       172     0.007355 5.836849e-08 2.634906e-08      137
features.11                       89     0.007365 2.425158e-07 1.618362e-07      169
features.8                       135     0.007383 6.171359e-08 2.727253e-08      137
features.15                      685     0.007387 8.808478e-08 3.362992e-08      329
features.15                      172     0.007393 7.917641e-08 3.236914e-08      329
features.12                      200     0.007396 1.218204e-08 1.071414e-08      201
features.8                       182     0.007397 2.354789e-08 1.723766e-08      137
features.3                        54     0.007425 2.004482e-09 9.914658e-08       57
features.13                      255     0.007442 1.913608e-08 6.214640e-09      201
features.8                       267     0.007495 1.897390e-08 1.617929e-08      137
features.15                      713     0.007496 7.671441e-08 3.230708e-08      329
features.11                      305     0.007498 8.600191e-08 8.032634e-08      169
features.13                      497     0.007498 2.401988e-08 6.938078e-09      201
