================================================================================
Channel Pruning Log
  dataset    : UTKFace
  impt_type  : 2
  seed       : 100
  iteration  : 3
  alpha      : 0.9000
  norm       : rank
  timestamp  : 2026-08-23 23:21:11
  remove_target  : 42280
  accum_removed  : 42302
  selected_channels : 214
  gamma             : 0.0050
  remove_target_met : yes
  total_params   : 2192320
  active_after   : 2061926
  model_sparsity : 5.9%
================================================================================

[ 레이어별 채널 제거 비율 ]
  layer                total_ch  this_iter    cumul  cumul_%
  ----------------------------------------------------------
  features.1                 32          1        2     6.2%
  features.2                 96          7       18    18.8%
  features.3                144          6       19    13.2%
  features.4                144          6       15    10.4%
  features.5                192          8       25    13.0%
  features.6                192          7       29    15.1%
  features.7                192          9       25    13.0%
  features.8                384         20       72    18.8%
  features.9                384         19       62    16.1%
  features.10               384         15       50    13.0%
  features.11               384         18       60    15.6%
  features.12               576         22       62    10.8%
  features.13               576         10       38     6.6%
  features.14               576          6       36     6.2%
  features.15               960         44      117    12.2%
  features.16               960         10       26     2.7%
  features.17               960          6       18     1.9%

[ 레이어별 보호 영역 (γ=0.0050) ]
  layer                  active  protected  protect_%
  --------------------------------------------------
  features.1                 31          1       3.2%
  features.2                 85          1       1.2%
  features.3                131          1       0.8%
  features.4                135          1       0.7%
  features.5                175          1       0.6%
  features.6                170          1       0.6%
  features.7                176          1       0.6%
  features.8                332          2       0.6%
  features.9                341          2       0.6%
  features.10               349          2       0.6%
  features.11               342          2       0.6%
  features.12               536          3       0.6%
  features.13               548          3       0.5%
  features.14               546          3       0.5%
  features.15               887          5       0.6%
  features.16               944          5       0.5%
  features.17               948          5       0.5%

[ 블록별 제거 채널 수 ]
  features.1: 1채널 제거
  features.10: 15채널 제거
  features.11: 18채널 제거
  features.12: 22채널 제거
  features.13: 10채널 제거
  features.14: 6채널 제거
  features.15: 44채널 제거
  features.16: 10채널 제거
  features.17: 6채널 제거
  features.2: 7채널 제거
  features.3: 6채널 제거
  features.4: 6채널 제거
  features.5: 8채널 제거
  features.6: 7채널 제거
  features.7: 9채널 제거
  features.8: 20채널 제거
  features.9: 19채널 제거

[ 선택된 채널 상세 ]
  (phi/perf: raw, phi_n/perf_n: 정규화 후 값 — score = α·perf_n − (1−α)·phi_n)
block                             ch        score          phi         perf    phi_n   perf_n  weights
----------------------------------------------------------------------------------------------------
features.2                         0    -0.091667 6.083391e-07 2.953200e-06   0.9167   0.0000       49
features.11                       61    -0.070968 4.855965e-07 2.443675e-07   0.9208   0.0235      169
features.8                       185    -0.068580 1.469486e-07 1.094749e-07   0.8761   0.0211      137
features.8                       341    -0.068580 9.988999e-08 8.783128e-08   0.7674   0.0091      137
features.9                        41    -0.066471 2.523454e-07 6.983073e-08   0.9029   0.0265      137
features.11                      200    -0.062170 1.000734e-06 2.801650e-07   0.9912   0.0411      169
features.15                      324    -0.060948 1.455212e-06 3.775273e-08   0.9955   0.0429      329
features.15                      591    -0.058352 2.923040e-07 2.537414e-08   0.7664   0.0203      329
features.10                      152    -0.057759 1.630813e-07 6.877364e-08   0.8879   0.0345      137
features.9                       305    -0.056471 7.815201e-08 5.228177e-08   0.6706   0.0118      137
features.8                        21    -0.056193 1.083747e-07 1.150537e-07   0.8066   0.0272      137
features.9                       321    -0.056176 4.046831e-07 7.941813e-08   0.9588   0.0441      137
features.5                       126    -0.055747 1.264596e-07 4.835887e-07   0.9195   0.0402       73
features.10                       82    -0.052011 7.638972e-08 5.805885e-08   0.7270   0.0230      137
features.7                        69    -0.051429 1.197937e-06 5.113347e-07   0.7714   0.0286      105
features.8                       257    -0.050151 5.094982e-07 1.460137e-07   0.9909   0.0544      137
features.9                       100    -0.048824 1.946088e-07 7.746813e-08   0.8588   0.0412      137
features.4                         2    -0.048507 2.017521e-07 5.391398e-07   0.4851   0.0000       65
features.15                      847    -0.047291 3.998582e-07 3.589358e-08   0.8284   0.0395      329
features.12                      174    -0.047103 2.511190e-07 6.972263e-08   0.9252   0.0505      201
features.4                        77    -0.047015 5.230573e-07 6.076983e-07   0.8060   0.0373       65
features.2                        70    -0.046429 8.722306e-08 3.000338e-06   0.5714   0.0119       49
features.2                        15    -0.046429 5.885262e-07 3.675763e-06   0.8929   0.0476       49
features.10                      120    -0.044828 5.178555e-08 4.538655e-08   0.6293   0.0201      137
features.15                      367    -0.043567 7.229985e-07 3.974761e-08   0.9334   0.0553      329
features.8                       383    -0.043202 2.552693e-07 1.489024e-07   0.9486   0.0574      137
features.6                        10    -0.042604 2.358929e-08 3.017009e-07   0.6923   0.0296       73
features.9                        68    -0.042353 6.846229e-08 6.655942e-08   0.6353   0.0235      137
features.11                       34    -0.042229 1.702391e-07 2.488055e-07   0.6598   0.0264      169
features.11                       30    -0.041349 1.929219e-07 2.675931e-07   0.7038   0.0323      169
features.11                      324    -0.040762 3.178007e-07 2.917129e-07   0.8299   0.0469      169
features.8                        67    -0.039879 3.385020e-07 1.589659e-07   0.9698   0.0634      137
features.7                       128    -0.039429 3.169819e-06 5.764405e-07   0.9600   0.0629      105
features.8                        17    -0.039275 3.581729e-08 7.752712e-08   0.4471   0.0060      137
features.15                      154    -0.038375 5.503239e-07 4.018016e-08   0.8916   0.0564      329
features.8                       272    -0.037462 8.152216e-08 1.347469e-07   0.7009   0.0363      137
features.10                      144    -0.037356 7.137925e-08 7.028725e-08   0.7098   0.0374      137
features.9                       240    -0.037059 5.115729e-07 9.533494e-08   0.9794   0.0676      137
features.11                      322    -0.035484 6.060117e-07 3.162579e-07   0.9619   0.0674      169
features.4                        18    -0.035075 5.355178e-07 6.841786e-07   0.8209   0.0522       65
features.4                       126    -0.035075 4.215421e-07 6.410476e-07   0.7537   0.0448       65
features.8                       239    -0.034743 3.995904e-08 9.848114e-08   0.4834   0.0151      137
features.10                      190    -0.034483 6.221564e-07 8.408479e-08   0.9914   0.0718      137
features.12                      221    -0.032897 5.209171e-07 8.166772e-08   0.9850   0.0729      201
features.8                       321    -0.032628 3.653911e-07 1.650233e-07   0.9789   0.0725      137
features.15                      194    -0.032167 2.025486e-07 3.769405e-08   0.6975   0.0418      329
features.9                        20    -0.032059 4.145231e-08 5.821506e-08   0.4529   0.0147      137
features.6                       155    -0.031953 1.016572e-08 2.943902e-07   0.4793   0.0178       73
features.15                      852    -0.031828 4.650206e-07 4.134822e-08   0.8567   0.0598      329
features.11                       74    -0.031672 7.217417e-07 3.220915e-07   0.9765   0.0733      169
features.11                      254    -0.031672 3.855756e-07 3.129982e-07   0.8710   0.0616      169
features.15                      808    -0.031603 9.440939e-08 2.794049e-08   0.5192   0.0226      329
features.15                      415    -0.031264 8.292788e-08 2.490021e-08   0.4853   0.0192      329
features.9                        13    -0.031176 5.478248e-08 7.164562e-08   0.5765   0.0294      137
features.9                       275    -0.030294 7.755865e-07 9.951211e-08   0.9912   0.0765      137
features.10                       37    -0.030172 4.533445e-07 8.413218e-08   0.9741   0.0747      137
features.15                      623    -0.029797 4.831521e-07 4.160182e-08   0.8668   0.0632      329
features.2                        64    -0.029762 7.515736e-07 3.937623e-06   0.9405   0.0714       49
features.12                      389    -0.029346 2.189388e-07 8.069013e-08   0.8991   0.0673      201
features.15                      285    -0.028668 7.030723e-08 2.424558e-08   0.4492   0.0181      329
features.15                      256    -0.028555 1.992999e-07 3.836936e-08   0.6919   0.0451      329
features.14                      386    -0.028440 4.548845e-07 5.687248e-08   0.5651   0.0312      265
features.13                      384    -0.027788 1.396493e-07 7.234261e-08   0.8867   0.0676      201
features.15                      448    -0.026637 1.258758e-07 3.528318e-08   0.6016   0.0372      329
features.8                        86    -0.026284 8.482154e-08 1.456887e-07   0.7251   0.0514      137
features.2                        67    -0.026190 5.302715e-08 3.102483e-06   0.4762   0.0238       49
features.15                      411    -0.026185 9.094663e-07 4.348404e-08   0.9628   0.0779      329
features.8                       285    -0.025982 1.064559e-07 1.505388e-07   0.8036   0.0604      137
features.5                       123    -0.025862 1.339809e-08 4.266857e-07   0.4655   0.0230       73
features.7                       191    -0.025143 3.091187e-07 4.244017e-07   0.3543   0.0114      105
features.12                      175    -0.023551 8.891438e-08 7.458399e-08   0.7738   0.0598      201
features.14                      572    -0.023303 5.180913e-07 6.282160e-08   0.6128   0.0422      265
features.15                      714    -0.023138 4.229531e-07 4.225101e-08   0.8409   0.0677      329
features.11                      158    -0.022874 9.621965e-08 2.604808e-07   0.4927   0.0293      169
features.13                      433    -0.022486 1.632858e-07 7.626834e-08   0.9159   0.0768      201
features.10                      167    -0.021839 2.111423e-07 8.478477e-08   0.9167   0.0776      137
features.12                      556    -0.021682 7.398978e-08 7.442554e-08   0.7383   0.0579      201
features.6                       128    -0.021302 3.012252e-08 3.642791e-07   0.7456   0.0592       73
features.15                      908    -0.020767 6.508620e-07 4.387585e-08   0.9187   0.0790      329
features.5                       104    -0.020690 6.779915e-08 5.483381e-07   0.8276   0.0690       73
features.7                        67    -0.020571 1.479644e-07 3.727451e-07   0.2057   0.0000      105
features.15                      935    -0.020316 3.941132e-07 4.231766e-08   0.8228   0.0688      329
features.15                      856    -0.020090 7.575066e-07 4.394964e-08   0.9424   0.0824      329
features.15                      859    -0.019977 2.235685e-07 4.087122e-08   0.7178   0.0576      329
features.11                      378    -0.019941 4.738930e-08 1.913260e-07   0.2786   0.0088      169
features.11                      197    -0.019648 6.703570e-08 2.321266e-07   0.3812   0.0205      169
features.8                       263    -0.019637 2.056039e-07 1.682099e-07   0.9305   0.0816      137
features.13                      194    -0.019561 1.244403e-07 7.623175e-08   0.8537   0.0731      201
features.12                      354    -0.019439 1.342492e-07 8.072811e-08   0.8336   0.0710      201
features.4                        78    -0.019403 5.062284e-08 5.559422e-07   0.2612   0.0075       65
features.10                      340    -0.019253 4.144746e-08 7.040469e-08   0.5546   0.0402      137
features.8                         9    -0.019033 2.472430e-08 1.032940e-07   0.3535   0.0181      137
features.12                       52    -0.018879 1.152315e-07 8.069401e-08   0.8112   0.0692      201
features.11                      227    -0.018768 6.266833e-08 2.304921e-07   0.3460   0.0176      169
features.17                      753    -0.018585 3.917978e-08 5.352102e-10   0.2144   0.0032      489
features.10                      165    -0.018391 4.353288e-08 7.094913e-08   0.5718   0.0431      137
features.9                       306    -0.018235 1.650498e-07 9.612521e-08   0.8176   0.0706      137
features.9                        45    -0.018235 4.815140e-07 1.012283e-07   0.9765   0.0882      137
features.9                       170    -0.017647 9.893525e-08 9.375972e-08   0.7324   0.0618      137
features.5                        91    -0.017241 8.185836e-09 4.046138e-07   0.3276   0.0172       73
features.10                      133    -0.016954 2.596767e-08 5.930433e-08   0.4023   0.0259      137
features.13                       62    -0.016819 5.263563e-08 5.813881e-08   0.6289   0.0512      201
features.12                      300    -0.016636 3.039563e-07 8.416738e-08   0.9402   0.0860      201
features.15                      140    -0.016591 9.214710e-08 3.534251e-08   0.5113   0.0384      329
features.7                       117    -0.016571 6.551140e-07 5.427281e-07   0.5771   0.0457      105
features.10                      281    -0.015805 9.666642e-08 8.382786e-08   0.7787   0.0690      137
features.8                       292    -0.015710 9.573381e-08 1.599507e-07   0.7553   0.0665      137
features.15                      537    -0.014786 6.528151e-07 4.438056e-08   0.9199   0.0858      329
features.11                      344    -0.014663 4.041790e-08 2.014338e-07   0.2522   0.0117      169
features.10                      240    -0.014655 1.480757e-07 8.510422e-08   0.8707   0.0805      137
features.3                        83    -0.014615 7.230159e-09 1.563754e-06   0.3538   0.0231       57
features.3                         4    -0.014615 1.531860e-08 1.719482e-06   0.5615   0.0462       57
features.3                        33    -0.014615 5.306944e-08 2.023820e-06   0.8385   0.0769       57
features.9                       107    -0.014412 1.696591e-08 4.255662e-08   0.2235   0.0088      137
features.15                      189    -0.014334 1.799401e-07 4.128653e-08   0.6716   0.0587      329
features.2                        82    -0.014286 4.778902e-08 3.422775e-06   0.4643   0.0357       49
features.15                      105    -0.014108 5.412545e-08 2.942944e-08   0.3747   0.0260      329
features.8                       326    -0.013897 4.028253e-08 1.356568e-07   0.4924   0.0393      137
features.12                      544    -0.013832 4.838778e-08 7.399100e-08   0.6430   0.0561      201
features.15                      329    -0.013657 6.649725e-08 3.228628e-08   0.4312   0.0327      329
features.6                        93    -0.013609 3.763740e-09 2.655136e-07   0.2426   0.0118       73
features.15                       98    -0.013544 9.853667e-08 3.828342e-08   0.5316   0.0440      329
features.9                       147    -0.013235 3.825425e-08 7.355786e-08   0.4235   0.0324      137
features.10                      323    -0.013218 4.127217e-08 7.247680e-08   0.5460   0.0460      137
features.16                      377    -0.012513 5.732429e-08 6.912698e-09   0.4019   0.0308      329
features.5                         1    -0.012069 9.679080e-09 4.280434e-07   0.3793   0.0287       73
features.2                        77    -0.011905 5.016592e-07 3.975214e-06   0.8690   0.0833       49
features.16                       79    -0.011877 2.594491e-08 4.428505e-09   0.2142   0.0106      329
features.15                      897    -0.011512 5.704543e-07 4.456032e-08   0.8973   0.0869      329
features.16                      309    -0.011453 6.889636e-08 7.147808e-09   0.4581   0.0382      329
features.15                      198    -0.011174 3.045609e-08 2.108782e-08   0.2235   0.0124      329
features.15                      266    -0.011061 2.276760e-08 1.647085e-08   0.1716   0.0068      329
features.3                        16    -0.010769 3.178362e-09 1.142597e-06   0.1769   0.0077       57
features.3                        68    -0.010769 1.008179e-08 1.679919e-06   0.4538   0.0385       57
features.12                      279    -0.010654 1.766097e-08 5.781780e-08   0.3757   0.0299      201
features.15                      563    -0.010609 4.975590e-08 2.975863e-08   0.3499   0.0271      329
features.11                       86    -0.010557 8.314215e-08 2.686924e-07   0.4223   0.0352      169
features.7                       152    -0.010286 7.386793e-07 5.741551e-07   0.6171   0.0571      105
features.11                        3    -0.010264 2.711882e-07 3.303028e-07   0.7889   0.0762      169
features.12                      397    -0.010093 1.417634e-08 5.495593e-08   0.3196   0.0243      201
features.10                       96    -0.010057 4.266046e-08 7.495880e-08   0.5661   0.0517      137
features.3                        32    -0.010000 1.290821e-09 8.831968e-07   0.1000   0.0000       57
features.15                       13    -0.009932 4.257841e-08 2.914738e-08   0.3126   0.0237      329
features.15                      878    -0.009932 2.524366e-07 4.297583e-08   0.7393   0.0711      329
features.9                       298    -0.009706 5.073317e-08 8.248571e-08   0.5471   0.0500      137
features.9                       200    -0.009706 5.398246e-08 8.530802e-08   0.5735   0.0529      137
features.6                        92    -0.009467 3.844206e-08 4.215810e-07   0.7870   0.0769       73
features.12                      100    -0.008972 9.257204e-08 8.213307e-08   0.7794   0.0766      201
features.12                      267    -0.008972 3.106401e-07 8.845470e-08   0.9477   0.0953      201
features.15                      758    -0.008916 1.104878e-07 3.941936e-08   0.5666   0.0530      329
features.15                      269    -0.008804 2.596814e-07 4.308359e-08   0.7483   0.0734      329
features.14                      318    -0.008624 1.228819e-07 3.192066e-08   0.1688   0.0092      265
features.13                      446    -0.008592 6.966550e-08 7.357389e-08   0.7112   0.0695      201
features.16                      872    -0.008590 5.575478e-08 7.044964e-09   0.3913   0.0339      329
features.6                         5    -0.008284 2.700388e-08 4.109265e-07   0.7219   0.0710       73
features.17                       15    -0.008131 6.001898e-08 9.424961e-10   0.3379   0.0285      489
features.15                       82    -0.008126 1.110296e-07 3.965081e-08   0.5688   0.0542      329
features.16                       87    -0.007953 5.036518e-08 6.940796e-09   0.3659   0.0318      329
features.13                      568    -0.007678 1.199107e-08 3.082380e-08   0.2742   0.0219      201
features.9                        38    -0.007647 1.791762e-08 6.087093e-08   0.2353   0.0176      137
features.8                        68    -0.006949 1.891472e-08 1.103801e-07   0.2870   0.0242      137
features.12                       44    -0.006729 6.465811e-07 9.119317e-08   0.9925   0.1028      201
features.15                      830    -0.006659 1.540738e-08 1.426918e-08   0.1072   0.0045      329
features.15                      578    -0.006659 1.972886e-08 1.824040e-08   0.1479   0.0090      329
features.10                      362    -0.006609 1.453507e-07 8.674384e-08   0.8678   0.0891      137
features.13                      528    -0.006399 1.703727e-08 3.795317e-08   0.3437   0.0311      201
features.13                      353    -0.006033 7.746266e-09 1.323167e-08   0.1755   0.0128      201
features.11                      144    -0.005865 4.994766e-07 3.519857e-07   0.9296   0.0968      169
features.16                      706    -0.005832 1.240907e-08 1.846047e-09   0.0965   0.0042      329
features.12                      217    -0.005794 1.963604e-08 6.449972e-08   0.4112   0.0393      201
features.15                      102    -0.005756 2.093932e-08 1.931192e-08   0.1591   0.0113      329
features.12                      289    -0.005607 2.436194e-08 6.890296e-08   0.4766   0.0467      201
features.14                      191    -0.005321 1.243778e-06 9.298357e-08   0.9119   0.0954      265
features.17                      856    -0.005280 6.339098e-08 9.825255e-10   0.3569   0.0338      489
features.4                        25    -0.005224 2.327757e-08 5.629705e-07   0.1866   0.0149       65
features.15                      210    -0.005192 1.275393e-08 1.051247e-08   0.0824   0.0034      329
features.5                       139    -0.005172 8.777609e-08 6.265456e-07   0.8793   0.0920       73
features.14                      419    -0.005138 1.445140e-07 4.291973e-08   0.2000   0.0165      265
features.14                      317    -0.004771 2.774724e-07 6.182462e-08   0.3780   0.0367      265
features.5                       166    -0.004598 2.035850e-09 3.081391e-07   0.0977   0.0057       73
features.7                       116    -0.004571 9.956443e-07 5.973377e-07   0.7143   0.0743      105
features.15                      867    -0.004515 4.555411e-08 3.204546e-08   0.3296   0.0316      329
features.16                      833    -0.004348 1.185628e-08 3.729637e-09   0.0912   0.0053      329
features.12                      205    -0.004112 1.260785e-08 5.511878e-08   0.2766   0.0262      201
features.15                       40    -0.003950 5.531739e-07 4.555108e-08   0.8928   0.0948      329
features.16                      633    -0.003924 1.533412e-08 4.422521e-09   0.1251   0.0095      329
features.16                      698    -0.003818 7.624553e-08 8.427191e-09   0.4772   0.0488      329
features.17                      188    -0.003801 5.649555e-08 9.717464e-10   0.3231   0.0317      489
features.12                      204    -0.003738 1.019346e-07 8.373785e-08   0.7944   0.0841      201
features.15                      123    -0.003725 2.975054e-07 4.394346e-08   0.7686   0.0813      329
features.6                        51    -0.003550 3.797401e-09 2.997919e-07   0.2485   0.0237       73
features.15                      601    -0.003499 2.338005e-08 2.329611e-08   0.1772   0.0158      329
features.1                        14    -0.003333 0.000000e+00 0.000000e+00   0.0333   0.0000       25
features.13                      563    -0.003291 3.734822e-08 6.125788e-08   0.5430   0.0567      201
features.11                      316    -0.003226 2.793294e-08 2.222205e-07   0.1642   0.0147      169
features.12                      405    -0.002991 3.848564e-08 7.544383e-08   0.5850   0.0617      201
features.16                       44    -0.002969 4.376195e-08 7.041770e-09   0.3256   0.0329      329
features.7                        30    -0.002857 1.127541e-06 6.034882e-07   0.7486   0.0800      105
features.9                       176    -0.002647 5.004458e-08 8.767619e-08   0.5294   0.0559      137
features.8                        39    -0.002417 1.432409e-07 1.714173e-07   0.8671   0.0937      137
features.5                       141    -0.002299 8.228751e-09 4.316491e-07   0.3333   0.0345       73
features.15                      750    -0.002257 6.832335e-08 3.862953e-08   0.4391   0.0463      329
features.15                      710    -0.002144 1.391501e-08 1.684086e-08   0.0926   0.0079      329
features.12                      149    -0.002056 1.955626e-08 6.601037e-08   0.4075   0.0430      201
features.12                      384    -0.002056 2.713337e-08 7.257774e-08   0.5084   0.0542      201
features.12                      303    -0.002056 1.598738e-08 6.348110e-08   0.3570   0.0374      201
features.8                       374    -0.001813 4.039239e-09 6.498433e-08   0.0453   0.0030      137
features.17                      392    -0.001795 1.363237e-08 6.638451e-10   0.0655   0.0053      489
features.17                      557    -0.001690 1.152141e-07 1.160035e-09   0.5491   0.0591      489
features.8                       324    -0.001511 2.474608e-09 6.174835e-08   0.0151   0.0000      137
features.11                       54    -0.001466 4.714427e-09 1.374703e-07   0.0147   0.0000      169
features.7                        55    -0.001143 1.036984e-07 4.406294e-07   0.1657   0.0171      105
features.13                      343    -0.001097 8.541245e-08 7.775841e-08   0.7678   0.0841      201
features.9                       223    -0.000882 1.341075e-08 6.151608e-08   0.1941   0.0206      137
