================================================================================
Channel Pruning Log
  iteration  : 7
  alpha      : 0.7000
  timestamp  : 2026-04-06 21:44:42
  remove_target  : 94513
  accum_removed  : 94616
  selected_channels : 336
  total_params   : 2289600
  active_after   : 1360821
  model_sparsity : 40.6%
================================================================================

[ 레이어별 채널 제거 비율 ]
  layer                total_ch  this_iter    cumul  cumul_%
  ----------------------------------------------------------
  features.1                 32          1       12    37.5%
  features.2                 96          9       74    77.1%
  features.3                144          1        7     4.9%
  features.4                144          0        0     0.0%
  features.5                192          0        5     2.6%
  features.6                192          1       41    21.4%
  features.7                192          1        4     2.1%
  features.8                384          0       65    16.9%
  features.9                384          4      120    31.2%
  features.10               384         19      242    63.0%
  features.11               384          7      147    38.3%
  features.12               576          7      176    30.6%
  features.13               576         26      265    46.0%
  features.14               576         73      234    40.6%
  features.15               960         91      469    48.9%
  features.16               960         83      334    34.8%
  features.17               960         13      864    90.0%

[ 블록별 제거 채널 수 ]
  features.1: 1채널 제거
  features.10: 19채널 제거
  features.11: 7채널 제거
  features.12: 7채널 제거
  features.13: 26채널 제거
  features.14: 73채널 제거
  features.15: 91채널 제거
  features.16: 83채널 제거
  features.17: 13채널 제거
  features.2: 9채널 제거
  features.3: 1채널 제거
  features.6: 1채널 제거
  features.7: 1채널 제거
  features.9: 4채널 제거

[ 선택된 채널 상세 ]
block                             ch        score          phi         perf  weights
--------------------------------------------------------------------------------
features.2                         9    -0.291488 2.963086e-07 6.877710e-06       49
features.17                      453    -0.284149 2.957622e-06 3.076812e-08      489
features.17                      956    -0.282087 2.881548e-06 1.089783e-08      489
features.15                      515    -0.249858 3.832926e-07 2.112387e-08      329
features.2                        49    -0.233729 2.410744e-07 8.361953e-06       49
features.17                      828    -0.228147 2.332839e-06 9.639121e-09      489
features.17                      100    -0.227631 2.336444e-06 1.281306e-08      489
features.17                      456    -0.207762 2.256929e-06 5.644989e-08      489
features.15                      180    -0.203546 2.989171e-07 1.508819e-09      329
features.15                       89    -0.202088 3.483910e-07 6.228701e-08      329
features.17                      763    -0.200066 2.035839e-06 4.904160e-09      489
features.15                       47    -0.196976 2.943035e-07 7.388934e-09      329
features.17                      745    -0.196220 2.138934e-06 5.597282e-08      489
features.17                      506    -0.189645 1.958831e-06 1.509406e-08      489
features.16                       68    -0.186467 7.173108e-07 3.211357e-09      329
features.15                      336    -0.182395 2.699292e-07 3.793052e-09      329
features.16                      399    -0.180665 6.969601e-07 5.258372e-09      329
features.15                      394    -0.179095 2.661048e-07 4.972356e-09      329
features.15                      755    -0.179048 2.841410e-07 2.629594e-08      329
features.17                      409    -0.178857 1.924197e-06 4.185710e-08      489
features.2                         2    -0.176583 1.971112e-07 1.857201e-05       49
features.16                      340    -0.174258 6.816672e-07 1.536174e-08      329
features.15                      571    -0.174229 2.770882e-07 2.628861e-08      329
features.16                      689    -0.173284 6.835850e-07 2.152709e-08      329
features.17                      958    -0.173247 1.821520e-06 2.531933e-08      489
features.16                      502    -0.170789 6.561693e-07 2.035442e-09      329
features.15                       45    -0.169103 2.482885e-07 1.197030e-09      329
features.16                      253    -0.168923 6.516590e-07 4.912513e-09      329
features.17                       23    -0.167977 1.724550e-06 9.600645e-09      489
features.15                      697    -0.167935 2.730915e-07 3.242017e-08      329
features.15                        0    -0.166525 2.474991e-07 4.706981e-09      329
features.16                      531    -0.164233 6.374446e-07 9.010075e-09      329
features.16                      156    -0.163514 6.314353e-07 5.457549e-09      329
features.15                       14    -0.162094 2.443597e-07 8.641006e-09      329
features.15                      679    -0.160718 2.356413e-07 7.415751e-10      329
features.16                      304    -0.160677 6.199356e-07 4.771410e-09      329
features.15                       13    -0.160585 2.353663e-07 6.478361e-10      329
features.16                      498    -0.160171 6.226907e-07 9.893625e-09      329
features.16                      122    -0.158909 6.283772e-07 2.138009e-08      329
features.16                      192    -0.158890 6.102636e-07 1.687177e-09      329
features.15                       19    -0.156973 2.300608e-07 6.191058e-10      329
features.17                      810    -0.156577 1.718756e-06 4.896578e-08      489
features.15                      374    -0.156008 2.698862e-07 4.918505e-08      329
features.16                      885    -0.155190 5.965492e-07 2.186900e-09      329
features.13                      479    -0.153959 5.785113e-08 9.135498e-10      201
features.17                      228    -0.153817 1.629488e-06 2.688885e-08      489
features.15                      549    -0.153222 2.350915e-07 1.300513e-08      329
features.16                      342    -0.152450 6.177889e-07 3.683235e-08      329
features.15                      690    -0.152287 2.311107e-07 9.925547e-09      329
features.15                       62    -0.152281 2.549804e-07 3.804908e-08      329
features.15                      933    -0.152001 3.726138e-07 1.770737e-07      329
features.1                         3    -0.150578 3.212846e-07 3.967176e-06       25
features.16                      485    -0.150460 5.781300e-07 1.861095e-09      329
features.15                      904    -0.150074 2.375227e-07 2.128926e-08      329
features.15                      938    -0.149491 2.322289e-07 1.605813e-08      329
features.15                      249    -0.148850 2.292752e-07 1.368373e-08      329
features.15                      918    -0.148578 2.456871e-07 3.348118e-08      329
features.14                      273    -0.147974 1.028833e-06 1.187048e-08      265
features.15                      735    -0.147425 2.315210e-07 1.878228e-08      329
features.14                      169    -0.147351 9.372014e-07 7.761447e-09      265
features.14                      306    -0.146690 1.491917e-06 3.371452e-08      265
features.16                       28    -0.146559 5.732123e-07 1.280866e-08      329
features.16                       99    -0.146425 5.734349e-07 1.361189e-08      329
features.16                      611    -0.145948 5.602328e-07 1.194202e-09      329
features.15                        6    -0.145707 2.206090e-07 8.890029e-09      329
features.14                      378    -0.145630 7.952718e-07 1.580394e-09      265
features.15                      826    -0.145573 2.207549e-07 9.292303e-09      329
features.15                      529    -0.145458 2.172543e-07 5.367808e-09      329
features.15                      187    -0.145037 2.609694e-07 5.757732e-08      329
features.16                      280    -0.144840 5.580837e-07 3.482585e-09      329
features.15                      508    -0.144394 2.595112e-07 5.696818e-08      329
features.16                      697    -0.143790 5.572282e-07 6.939120e-09      329
features.16                      562    -0.143646 5.517310e-07 1.541293e-09      329
features.15                      331    -0.143129 2.118738e-07 3.040786e-09      329
features.16                      301    -0.143116 5.513083e-07 3.296435e-09      329
features.15                      413    -0.142872 2.099707e-07 1.242782e-09      329
features.2                         5    -0.142831 1.486330e-07 6.184730e-06       49
features.16                      142    -0.142394 5.477762e-07 2.459672e-09      329
features.13                      157    -0.141813 5.505553e-08 3.766837e-09      201
features.16                      103    -0.141444 5.529034e-07 1.203185e-08      329
features.14                      183    -0.141000 9.616368e-07 1.044120e-08      265
features.15                      784    -0.140698 2.125239e-07 7.994434e-09      329
features.2                        65    -0.139917 1.439541e-07 4.710729e-06       49
features.15                      705    -0.139808 2.056294e-07 1.406286e-09      329
features.16                      272    -0.139636 5.382324e-07 3.574906e-09      329
features.14                      196    -0.139616 1.332243e-06 2.800957e-08      265
features.15                      325    -0.139568 2.138736e-07 1.152964e-08      329
features.15                      214    -0.138775 2.205676e-07 2.077979e-08      329
features.15                      832    -0.137974 2.041428e-07 2.814564e-09      329
features.16                       93    -0.137954 5.301481e-07 1.785190e-09      329
features.14                      355    -0.137829 7.719076e-07 2.390088e-09      265
features.15                      328    -0.137688 2.217019e-07 2.398698e-08      329
features.15                      881    -0.137675 2.127687e-07 1.348757e-08      329
features.15                      337    -0.137139 3.381215e-07 1.620455e-07      329
features.15                      129    -0.136924 2.105302e-07 1.214524e-08      329
features.14                      437    -0.136161 7.774434e-07 3.052992e-09      265
features.14                      239    -0.136030 9.802844e-07 1.251621e-08      265
features.14                      253    -0.135849 9.129682e-07 9.430225e-09      265
features.14                       15    -0.135393 7.948448e-07 4.048784e-09      265
features.16                      205    -0.135323 5.240266e-07 6.106071e-09      329
features.15                      501    -0.134762 2.168513e-07 2.331258e-08      329
features.14                      320    -0.134223 1.032724e-06 1.539372e-08      265
features.14                      495    -0.134097 1.241871e-06 2.514898e-08      265
features.15                      100    -0.133993 2.122541e-07 1.922390e-08      329
features.15                      885    -0.133952 2.088528e-07 1.528782e-08      329
features.16                       37    -0.133944 5.171625e-07 4.380020e-09      329
features.14                      534    -0.133767 1.031029e-06 1.542584e-08      265
features.16                      288    -0.133659 5.205183e-07 9.237532e-09      329
features.15                      753    -0.133477 1.963184e-07 1.343286e-09      329
features.14                       87    -0.133345 8.677507e-07 7.936398e-09      265
features.15                      254    -0.132613 1.986539e-07 5.582573e-09      329
features.16                      566    -0.132381 5.111022e-07 4.300394e-09      329
features.16                      118    -0.132226 5.164599e-07 1.079689e-08      329
features.14                      159    -0.132049 8.147829e-07 5.788753e-09      265
features.13                      541    -0.132020 7.447973e-08 4.193366e-08      201
features.16                       75    -0.131548 5.072104e-07 3.538186e-09      329
features.15                      750    -0.131473 2.153860e-07 2.725168e-08      329
features.16                      839    -0.131368 5.091530e-07 6.408983e-09      329
features.15                      285    -0.131142 1.965601e-07 5.649778e-09      329
features.10                      319    -0.131065 8.765873e-08 4.585437e-08      137
features.13                      537    -0.130844 8.056838e-08 5.273100e-08      201
features.14                      325    -0.130746 7.711138e-07 4.074963e-09      265
features.15                      688    -0.130521 1.970112e-07 7.250307e-09      329
features.15                      226    -0.130519 2.036485e-07 1.506991e-08      329
features.10                      233    -0.130182 6.593910e-08 2.186392e-08      137
features.14                      162    -0.130026 8.032525e-07 5.744287e-09      265
features.15                      888    -0.129943 1.958092e-07 6.830111e-09      329
features.15                       48    -0.129942 1.954732e-07 6.435440e-09      329
features.14                      115    -0.129844 6.981160e-07 8.999936e-10      265
features.16                      178    -0.129799 5.006833e-07 3.725074e-09      329
features.16                      423    -0.129478 5.008248e-07 5.223309e-09      329
features.10                      236    -0.129318 4.835270e-08 2.498827e-09      137
features.16                      706    -0.129285 5.006646e-07 5.857128e-09      329
features.15                      520    -0.129131 2.973034e-07 1.277642e-07      329
features.14                      226    -0.128917 7.196476e-07 2.126440e-09      265
features.14                      454    -0.128655 8.154456e-07 6.644457e-09      265
features.15                      253    -0.128419 1.946063e-07 8.038672e-09      329
features.15                      320    -0.128092 1.893743e-07 2.438960e-09      329
features.16                       77    -0.128041 5.034071e-07 1.405071e-08      329
features.16                      672    -0.127842 4.929211e-07 3.439062e-09      329
features.16                      293    -0.127796 5.014429e-07 1.293072e-08      329
features.12                      151    -0.127613 1.326469e-07 4.239339e-08      201
features.16                      526    -0.127377 4.904807e-07 2.718355e-09      329
features.14                      185    -0.127042 8.048827e-07 6.545438e-09      265
features.15                       80    -0.126911 2.058318e-07 2.385579e-08      329
features.14                      365    -0.126656 7.398763e-07 3.616485e-09      265
features.14                      260    -0.126520 8.217241e-07 7.455240e-09      265
features.15                      830    -0.125768 1.845622e-07 7.736355e-10      329
features.16                      299    -0.125732 7.829610e-07 3.288820e-07      329
features.15                      871    -0.125713 2.625497e-07 9.271810e-08      329
features.14                      390    -0.125340 6.693905e-07 6.590435e-10      265
features.13                      166    -0.125325 5.189048e-08 8.683120e-09      201
features.16                      882    -0.125254 4.812051e-07 1.472437e-09      329
features.13                       91    -0.125204 5.487709e-08 1.369880e-08      201
features.16                      803    -0.125050 4.928689e-07 1.505503e-08      329
features.10                      289    -0.124933 5.691272e-08 1.384572e-08      137
features.14                      458    -0.124910 7.578835e-07 4.878331e-09      265
features.13                      277    -0.124636 4.753923e-08 1.908188e-09      201
features.16                      865    -0.124552 4.798503e-07 2.925963e-09      329
features.16                      583    -0.124345 4.780528e-07 1.832003e-09      329
features.13                      261    -0.124023 5.078551e-08 7.656711e-09      201
features.14                      164    -0.123840 1.568251e-06 4.281756e-08      265
features.16                       22    -0.123638 4.855125e-07 1.293147e-08      329
features.16                      482    -0.123636 4.783950e-07 5.167996e-09      329
features.10                      110    -0.123236 6.731465e-08 2.618252e-08      137
features.14                       19    -0.123057 6.722573e-07 1.347180e-09      265
features.2                        74    -0.122800 1.409641e-07 1.609712e-05       49
features.14                      409    -0.122755 7.509675e-07 5.080474e-09      265
features.15                      436    -0.122739 1.797898e-07 3.702890e-10      329
features.2                        27    -0.122711 1.213766e-07 1.429591e-07       49
features.16                      771    -0.122605 4.758603e-07 6.715817e-09      329
features.14                       48    -0.122522 7.288860e-07 4.110329e-09      265
features.10                      272    -0.122478 1.004076e-07 6.357596e-08      137
features.16                      401    -0.122418 4.706727e-07 1.832097e-09      329
features.12                      278    -0.122383 9.012734e-08 4.471931e-09      201
features.14                      281    -0.122280 9.908921e-07 1.635165e-08      265
features.13                      517    -0.122078 5.314285e-08 1.275417e-08      201
features.15                      303    -0.122025 1.848340e-07 7.539348e-09      329
features.16                      851    -0.121301 4.677882e-07 3.357275e-09      329
features.16                      911    -0.121264 4.694211e-07 5.292574e-09      329
features.15                      190    -0.121119 1.789217e-07 2.136632e-09      329
features.16                       67    -0.121056 4.659952e-07 2.422602e-09      329
features.16                      312    -0.120417 4.665447e-07 5.698017e-09      329
features.15                      803    -0.120342 1.778591e-07 2.223078e-09      329
features.16                      211    -0.120022 4.796253e-07 2.162660e-08      329
features.10                      133    -0.120000 4.447512e-08 1.877592e-09      137
features.14                      137    -0.119998 8.393627e-07 9.860695e-09      265
features.16                      535    -0.119916 4.674854e-07 8.816907e-09      329
features.15                       29    -0.119881 1.833966e-07 9.539219e-09      329
features.13                      104    -0.119845 4.854564e-08 6.523431e-09      201
features.15                      347    -0.119607 2.144653e-07 4.660195e-08      329
features.10                      183    -0.119546 6.199981e-08 2.170082e-08      137
features.13                      455    -0.119417 5.244195e-08 1.323292e-08      201
features.14                      493    -0.119098 6.673574e-07 2.081749e-09      265
features.16                      806    -0.119027 4.591433e-07 3.429153e-09      329
features.9                       276    -0.118996 1.117255e-07 1.911275e-09      137
features.15                      400    -0.118966 1.846134e-07 1.254807e-08      329
features.15                      624    -0.118905 1.930321e-07 2.256852e-08      329
features.10                      168    -0.118856 4.598430e-08 4.026467e-09      137
features.16                      300    -0.118848 4.610341e-07 6.243985e-09      329
features.14                      157    -0.118681 8.570210e-07 1.100188e-08      265
features.14                       89    -0.118641 1.037620e-06 1.940887e-08      265
features.13                      432    -0.118624 5.192851e-08 1.287198e-08      201
features.14                       76    -0.118601 7.692638e-07 6.940780e-09      265
features.14                      447    -0.118583 1.228526e-06 2.829943e-08      265
features.14                      558    -0.118495 9.011681e-07 1.309974e-08      265
features.16                      661    -0.118394 4.766296e-07 2.516492e-08      329
features.16                      742    -0.118118 4.930752e-07 4.427418e-08      329
features.14                       84    -0.118028 6.451649e-07 1.309994e-09      265
features.16                      160    -0.117860 4.525527e-07 1.117087e-09      329
features.14                      546    -0.117688 6.916862e-07 3.555787e-09      265
features.15                      915    -0.117672 1.942702e-07 2.614994e-08      329
features.16                      588    -0.117646 4.527972e-07 2.278138e-09      329
features.15                       36    -0.117611 1.833451e-07 1.338746e-08      329
features.14                      418    -0.117489 6.290606e-07 6.920621e-10      265
features.15                      927    -0.117377 1.736058e-07 2.321297e-09      329
features.12                      103    -0.117348 9.374244e-08 1.143350e-08      201
features.14                      206    -0.117244 7.446314e-07 6.125427e-09      265
features.14                      315    -0.117119 8.283217e-07 1.004716e-08      265
features.14                      391    -0.117087 8.387248e-07 1.053848e-08      265
features.2                        21    -0.116990 1.168319e-07 1.047857e-06       49
features.11                      131    -0.116788 2.666397e-07 9.201705e-08      169
features.14                      257    -0.116619 6.918088e-07 3.821206e-09      265
features.15                       86    -0.116604 1.747309e-07 4.977182e-09      329
features.16                      102    -0.116571 4.478372e-07 1.357125e-09      329
features.15                      310    -0.116527 1.862296e-07 1.865236e-08      329
features.16                      520    -0.116232 4.466410e-07 1.470585e-09      329
features.16                      767    -0.116186 4.654132e-07 2.215566e-08      329
features.12                      374    -0.115995 8.680610e-08 5.587783e-09      201
features.14                       29    -0.115781 9.799738e-07 1.742366e-08      265
features.14                      190    -0.115711 6.686524e-07 2.965087e-09      265
features.10                      184    -0.115707 4.937376e-08 9.084010e-09      137
features.13                      196    -0.115703 4.623213e-08 5.245741e-09      201
features.11                      334    -0.115690 2.302415e-07 6.466340e-09      169
features.13                      127    -0.115303 6.732061e-08 4.038222e-08      201
features.15                      633    -0.115183 1.806558e-07 1.440210e-08      329
features.14                       63    -0.115013 8.777439e-07 1.285683e-08      265
features.12                      227    -0.114998 8.920318e-08 8.606889e-09      201
features.15                      876    -0.114838 1.683430e-07 4.951075e-10      329
features.14                      112    -0.114789 6.992536e-07 4.612140e-09      265
features.14                      568    -0.114734 8.001028e-07 9.314624e-09      265
features.16                      740    -0.114693 4.432190e-07 4.170241e-09      329
features.14                      271    -0.114616 7.015579e-07 4.761322e-09      265
features.16                      640    -0.114590 4.453803e-07 6.960089e-09      329
features.14                      283    -0.114526 7.217176e-07 5.720612e-09      265
features.14                      548    -0.114389 6.997454e-07 4.732219e-09      265
features.14                      348    -0.114361 7.403908e-07 6.628978e-09      265
features.15                      481    -0.114358 1.703952e-07 3.738200e-09      329
features.10                       24    -0.114334 5.643419e-08 1.754637e-08      137
features.16                      258    -0.114262 5.194590e-07 8.920116e-08      329
features.15                      149    -0.114140 1.829858e-07 1.894333e-08      329
features.15                      282    -0.114135 1.764269e-07 1.122679e-08      329
features.15                      250    -0.114121 1.691036e-07 2.625510e-09      329
features.16                      527    -0.113942 4.396351e-07 3.401578e-09      329
features.14                       93    -0.113779 7.865782e-07 8.918065e-09      265
features.14                      317    -0.113771 6.104522e-07 7.307173e-10      265
features.15                      914    -0.113733 1.769229e-07 1.250303e-08      329
features.13                       92    -0.113720 4.915030e-08 1.129489e-08      201
features.11                       36    -0.113682 2.389996e-07 3.822601e-08      169
features.16                      671    -0.113644 4.615827e-07 2.860493e-08      329
features.14                      194    -0.113636 7.274214e-07 6.202044e-09      265
features.13                      558    -0.113589 4.419449e-08 3.176408e-09      201
features.14                      354    -0.113514 1.092245e-06 2.319484e-08      265
features.10                      231    -0.113486 4.215706e-08 1.883331e-09      137
features.13                      540    -0.113271 4.659817e-08 7.349271e-09      201
features.9                         6    -0.113251 1.446042e-07 1.978359e-08      137
features.14                      227    -0.113146 6.288600e-07 1.738349e-09      265
features.9                       326    -0.113071 1.630633e-07 2.852453e-08      137
features.15                      156    -0.113056 1.711669e-07 6.889401e-09      329
features.14                      161    -0.113050 6.161659e-07 1.171584e-09      265
features.12                        0    -0.113026 8.158870e-08 2.521862e-09      201
features.15                      140    -0.113021 1.654512e-07 2.191234e-10      329
features.14                       96    -0.112551 6.759244e-07 4.071333e-09      265
features.15                      184    -0.112424 1.734066e-07 1.061568e-08      329
features.14                      179    -0.112379 7.502405e-07 7.568577e-09      265
features.16                      431    -0.112346 4.783479e-07 5.233401e-08      329
features.7                        50    -0.112293 8.827178e-07 1.442283e-08      105
features.16                      349    -0.111908 4.507405e-07 2.403026e-08      329
features.13                      300    -0.111773 4.748861e-08 9.744429e-09      201
features.11                      328    -0.111754 2.244233e-07 1.128112e-08      169
features.10                      162    -0.111673 5.618001e-08 1.832492e-08      137
features.13                      465    -0.111580 4.458030e-08 5.051872e-09      201
features.15                      514    -0.111517 1.691826e-07 7.203697e-09      329
features.16                       52    -0.111512 4.331403e-07 6.471101e-09      329
features.15                      454    -0.111491 1.708778e-07 9.245407e-09      329
features.15                      578    -0.111467 1.717717e-07 1.033818e-08      329
features.14                      450    -0.111173 8.563644e-07 1.279621e-08      265
features.14                      191    -0.110956 6.066551e-07 1.238192e-09      265
features.16                      371    -0.110918 4.284510e-07 3.836219e-09      329
features.13                      324    -0.110796 4.402559e-08 4.616624e-09      201
features.3                        58    -0.110730 8.888571e-08 2.097455e-07       57
features.13                      509    -0.110586 4.389343e-08 4.527407e-09      201
features.16                      550    -0.110583 4.264937e-07 3.100495e-09      329
features.10                       71    -0.110421 4.736196e-08 8.942460e-09      137
features.6                        88    -0.110331 4.339740e-08 6.355874e-08       73
features.11                      248    -0.110099 2.263032e-07 2.411810e-08      169
features.16                      326    -0.110094 4.346471e-07 1.404830e-08      329
features.16                      345    -0.110030 4.236586e-07 2.320295e-09      329
features.13                       96    -0.109911 4.636002e-08 9.024240e-09      201
features.15                      772    -0.109875 1.751212e-07 1.702561e-08      329
features.15                      677    -0.109800 1.784941e-07 2.112640e-08      329
features.14                      544    -0.109722 1.013439e-06 2.045228e-08      265
features.15                       60    -0.109565 1.610409e-07 9.763297e-10      329
features.16                      269    -0.109492 4.230789e-07 3.938410e-09      329
features.13                      312    -0.108787 4.865524e-08 1.351345e-08      201
features.10                        6    -0.108733 4.213628e-08 3.760312e-09      137
features.10                      311    -0.108521 4.161690e-08 3.262716e-09      137
features.14                      345    -0.108458 5.947388e-07 1.291504e-09      265
features.2                        43    -0.108379 1.192594e-07 9.992827e-06       49
features.16                      441    -0.108235 4.154787e-07 8.992048e-10      329
features.10                      318    -0.108180 4.155465e-08 3.329198e-09      137
features.10                      115    -0.108124 4.638908e-08 8.769942e-09      137
features.14                      481    -0.108098 5.989485e-07 1.574568e-09      265
features.9                        68    -0.108022 1.009196e-07 1.499247e-09      137
features.10                      307    -0.107698 4.620616e-08 8.735319e-09      137
features.16                      722    -0.107556 4.137246e-07 1.823892e-09      329
features.16                      487    -0.107519 4.389088e-07 2.946998e-08      329
features.16                      385    -0.107436 4.186805e-07 7.734135e-09      329
features.12                       91    -0.107292 8.920833e-08 1.386788e-08      201
features.13                      119    -0.107157 4.198920e-08 3.488546e-09      201
features.14                      278    -0.107135 6.895490e-07 6.021302e-09      265
features.15                      342    -0.106849 1.742895e-07 2.125739e-08      329
features.14                      366    -0.106806 6.835952e-07 5.824482e-09      265
features.11                      188    -0.106794 2.324773e-07 5.579348e-08      169
features.13                       79    -0.106726 4.197137e-08 3.724074e-09      201
features.15                      678    -0.106568 1.565518e-07 8.511850e-10      329
features.15                      659    -0.106427 1.613070e-07 6.693997e-09      329
features.14                      465    -0.106358 6.783292e-07 5.688410e-09      265
features.16                      148    -0.106325 4.162516e-07 9.726942e-09      329
features.15                      280    -0.106273 1.653444e-07 1.171366e-08      329
features.13                      149    -0.106259 4.109790e-08 2.566514e-09      201
features.14                       68    -0.106231 6.287152e-07 3.412366e-09      265
features.16                      861    -0.106169 4.266622e-07 2.174509e-08      329
features.14                       72    -0.106153 6.318156e-07 3.575712e-09      265
features.14                       34    -0.106133 6.502982e-07 4.439848e-09      265
features.11                      244    -0.106132 2.177225e-07 2.218318e-08      169
