================================================================================
Channel Pruning Log
  iteration  : 22
  alpha      : 0.5000
  timestamp  : 2026-04-05 05:21:01
  remove_target  : 19371
  accum_removed  : 19628
  selected_channels : 100
  total_params   : 2289600
  active_after   : 684382
  model_sparsity : 70.1%
================================================================================

[ 레이어별 채널 제거 비율 ]
  layer                total_ch  this_iter    cumul  cumul_%
  ----------------------------------------------------------
  features.1                 32          0       24    75.0%
  features.2                 96          0       94    97.9%
  features.3                144          0      140    97.2%
  features.4                144          3      138    95.8%
  features.5                192         12      120    62.5%
  features.6                192          3      172    89.6%
  features.7                192          2      166    86.5%
  features.8                384         37      312    81.2%
  features.9                384          0      380    99.0%
  features.10               384          0      378    98.4%
  features.11               384          3      372    96.9%
  features.12               576         11      524    91.0%
  features.13               576          0      557    96.7%
  features.14               576          0      558    96.9%
  features.15               960          9      892    92.9%
  features.16               960         15      636    66.2%
  features.17               960          5      955    99.5%

[ 블록별 제거 채널 수 ]
  features.11: 3채널 제거
  features.12: 11채널 제거
  features.15: 9채널 제거
  features.16: 15채널 제거
  features.17: 5채널 제거
  features.4: 3채널 제거
  features.5: 12채널 제거
  features.6: 3채널 제거
  features.7: 2채널 제거
  features.8: 37채널 제거

[ 선택된 채널 상세 ]
block                             ch        score          phi         perf  weights
--------------------------------------------------------------------------------
features.8                       210    -0.483041 2.803089e-07 1.881679e-06      137
features.8                        37    -0.300486 1.730738e-07 9.135396e-07      137
features.17                      419    -0.294389 1.456076e-05 2.628971e-05      489
features.4                        59    -0.280440 6.700263e-07 8.338290e-05       65
features.4                       115    -0.278075 1.027381e-06 4.054065e-04       65
features.8                       354    -0.276069 1.813982e-07 5.270710e-06      137
features.12                      512    -0.264626 1.376947e-07 5.330326e-06      201
features.8                        55    -0.253473 1.447197e-07 5.181639e-07      137
features.8                       202    -0.234984 1.390417e-07 1.445918e-06      137
features.15                      518    -0.226976 1.097899e-06 4.216402e-04      329
features.15                      238    -0.226703 6.609995e-07 3.245250e-06      329
features.8                       207    -0.215664 1.227736e-07 3.698135e-07      137
features.12                      104    -0.210562 1.210300e-07 8.575474e-05      201
features.16                      181    -0.182152 1.826255e-06 5.242171e-05      329
features.17                      111    -0.181744 7.976988e-06 2.285563e-06      489
features.8                       334    -0.175488 9.995510e-08 3.113897e-07      137
features.8                       142    -0.170670 9.665671e-08 1.931582e-07      137
features.8                       353    -0.166958 9.493605e-08 2.644543e-07      137
features.12                      471    -0.166808 9.332044e-08 4.973766e-05      201
features.16                      222    -0.156806 1.458444e-06 8.383326e-06      329
features.12                      124    -0.156155 8.101136e-08 1.423923e-06      201
features.12                      298    -0.154830 8.017003e-08 3.194430e-07      201
features.8                       339    -0.151588 9.121300e-08 1.233136e-06      137
features.8                        32    -0.151525 1.022790e-07 3.430473e-06      137
features.7                       156    -0.149297 2.002698e-06 1.357836e-05      105
features.12                      225    -0.146478 7.725275e-08 1.030427e-05      201
features.8                       268    -0.143466 1.094128e-07 5.736815e-06      137
features.5                        48    -0.139952 7.551350e-08 7.433391e-06       73
features.8                       100    -0.139772 8.125907e-08 5.740094e-07      137
features.5                        49    -0.138392 6.233272e-08 3.075582e-07       73
features.17                      676    -0.137894 6.027588e-06 1.392720e-06      489
features.8                         4    -0.134730 9.677483e-08 4.204660e-06      137
features.8                       369    -0.133041 7.958337e-08 9.893040e-07      137
features.7                        61    -0.132066 1.826010e-06 1.359535e-05      105
features.8                       261    -0.130182 7.996150e-08 1.381434e-06      137
features.8                       256    -0.129185 8.860847e-08 3.203579e-06      137
features.8                       272    -0.128803 7.278093e-08 1.131307e-07      137
features.8                       225    -0.124265 8.157611e-08 2.357541e-06      137
features.8                        64    -0.122268 7.445561e-08 1.169776e-06      137
features.8                        30    -0.120409 8.920090e-08 4.294676e-06      137
features.12                       95    -0.119136 6.532496e-08 2.610075e-05      201
features.8                       165    -0.118928 7.269792e-08 1.192507e-06      137
features.6                        31    -0.118086 6.523528e-08 1.723559e-05       73
features.6                       161    -0.117545 5.893618e-08 6.570963e-07       73
features.8                        49    -0.116484 6.811033e-08 5.555788e-07      137
features.5                       152    -0.116233 6.536683e-08 7.686867e-06       73
features.16                      145    -0.114926 1.050141e-06 7.376323e-08      329
features.8                       145    -0.113267 6.513100e-08 3.228658e-07      137
features.15                      296    -0.113212 3.341345e-07 5.498162e-06      329
features.4                       100    -0.112579 2.459232e-07 1.297931e-05       65
features.8                       313    -0.111689 7.972687e-08 3.387043e-06      137
features.5                       160    -0.110590 5.228730e-08 1.659599e-06       73
features.8                        78    -0.110172 6.401562e-08 4.455723e-07      137
features.8                       351    -0.108587 6.663392e-08 1.139683e-06      137
features.15                      113    -0.108490 3.494150e-07 3.329854e-05      329
features.17                      182    -0.106443 4.666034e-06 1.257524e-06      489
features.15                      715    -0.106235 3.356190e-07 2.633965e-05      329
features.16                      806    -0.105555 9.652032e-07 2.909564e-07      329
features.17                      270    -0.105093 4.534422e-06 2.438089e-07      489
features.12                      337    -0.104407 5.461884e-08 4.180166e-06      201
features.5                       188    -0.103786 5.563755e-08 5.305985e-06       73
features.8                        19    -0.103521 6.377448e-08 1.135845e-06      137
features.8                       104    -0.102679 5.925099e-08 3.339360e-07      137
features.12                      264    -0.101393 5.326566e-08 5.646718e-06      201
features.15                      662    -0.100181 2.941633e-07 3.415530e-06      329
features.8                       138    -0.099834 7.387301e-08 3.543852e-06      137
features.8                        47    -0.099209 7.450277e-08 3.737905e-06      137
features.5                        92    -0.099205 5.032738e-08 3.442554e-06       73
features.16                      752    -0.098963 9.518761e-07 1.544865e-05      329
features.16                      480    -0.098448 9.266871e-07 8.827215e-06      329
features.8                       246    -0.098262 8.586864e-08 6.092746e-06      137
features.8                       349    -0.098219 5.782245e-08 5.460956e-07      137
features.16                       56    -0.097432 9.632799e-07 2.365245e-05      329
features.8                       245    -0.097326 8.453137e-08 5.931839e-06      137
features.16                      748    -0.094101 8.804480e-07 6.716813e-06      329
features.6                       113    -0.093826 4.842492e-08 4.322384e-06       73
features.8                       291    -0.093331 6.122153e-08 1.761309e-06      137
features.16                      906    -0.093162 8.561285e-07 1.630846e-06      329
features.5                       100    -0.093134 4.400846e-08 1.383070e-06       73
features.11                      132    -0.091825 4.130759e-07 2.171145e-06      169
features.8                       144    -0.090378 5.281657e-08 4.253087e-07      137
features.5                        53    -0.089921 4.208211e-08 1.102169e-06       73
features.16                      208    -0.089693 8.210027e-07 5.209703e-07      329
features.16                      654    -0.089288 8.165711e-07 2.830432e-07      329
features.16                      417    -0.088382 8.083834e-07 3.125955e-07      329
features.5                       148    -0.088042 5.165958e-08 7.048048e-06       73
features.15                      603    -0.086644 2.590598e-07 7.410603e-06      329
features.11                       65    -0.086600 4.247049e-07 6.356151e-05      169
features.12                      127    -0.086486 4.532575e-08 4.043380e-06      201
features.12                      537    -0.086366 4.713354e-08 1.733583e-05      201
features.15                      767    -0.086344 2.552187e-07 4.560509e-06      329
features.11                       31    -0.086098 4.515970e-07 1.145888e-04      169
features.8                       238    -0.084858 5.315943e-08 1.105760e-06      137
features.16                      490    -0.084655 7.746535e-07 4.145411e-07      329
features.16                      479    -0.083347 8.018298e-07 1.306067e-05      329
features.16                      815    -0.083335 7.735068e-07 3.942593e-06      329
features.5                       191    -0.083046 3.845831e-08 7.860970e-07       73
features.5                       131    -0.082804 3.778114e-08 4.611271e-07       73
features.5                        39    -0.082744 3.971516e-08 1.580432e-06       73
features.15                      349    -0.081910 2.577382e-07 1.931839e-05      329
