================================================================================
Channel Pruning Log
  iteration  : 18
  alpha      : 0.5000
  timestamp  : 2026-04-05 01:22:01
  remove_target  : 29558
  accum_removed  : 29612
  selected_channels : 172
  total_params   : 2289600
  active_after   : 776268
  model_sparsity : 66.1%
================================================================================

[ 레이어별 채널 제거 비율 ]
  layer                total_ch  this_iter    cumul  cumul_%
  ----------------------------------------------------------
  features.1                 32          0       24    75.0%
  features.2                 96          0       94    97.9%
  features.3                144          0      140    97.2%
  features.4                144          4      127    88.2%
  features.5                192         28       94    49.0%
  features.6                192          2      168    87.5%
  features.7                192          4      162    84.4%
  features.8                384         56      197    51.3%
  features.9                384          1      377    98.2%
  features.10               384          1      377    98.2%
  features.11               384          1      353    91.9%
  features.12               576         38      500    86.8%
  features.13               576         13      542    94.1%
  features.14               576          0      556    96.5%
  features.15               960          6      788    82.1%
  features.16               960         15      563    58.6%
  features.17               960          3      950    99.0%

[ 블록별 제거 채널 수 ]
  features.10: 1채널 제거
  features.11: 1채널 제거
  features.12: 38채널 제거
  features.13: 13채널 제거
  features.15: 6채널 제거
  features.16: 15채널 제거
  features.17: 3채널 제거
  features.4: 4채널 제거
  features.5: 28채널 제거
  features.6: 2채널 제거
  features.7: 4채널 제거
  features.8: 56채널 제거
  features.9: 1채널 제거

[ 선택된 채널 상세 ]
block                             ch        score          phi         perf  weights
--------------------------------------------------------------------------------
features.5                       177    -0.438932 1.087815e-07 4.988139e-07       73
features.5                        95    -0.437428 1.141680e-07 1.236453e-06       73
features.5                       107    -0.402986 1.020501e-07 7.374476e-07       73
features.8                       283    -0.375262 2.584740e-07 1.131816e-06      137
features.8                       217    -0.319113 1.659163e-07 1.668821e-08      137
features.12                      233    -0.316635 1.338262e-07 1.218397e-05      201
features.8                       135    -0.307487 1.663579e-07 1.299289e-07      137
features.8                       116    -0.305019 2.129615e-07 9.703280e-07      137
features.5                       187    -0.294251 7.918931e-08 1.138589e-06       73
features.8                        13    -0.291484 1.593410e-07 1.519791e-07      137
features.8                       200    -0.290603 1.774804e-07 4.783606e-07      137
features.15                      757    -0.275017 2.159062e-06 2.488703e-04      329
features.5                       116    -0.270266 6.948136e-08 6.281631e-07       73
features.12                       64    -0.267865 7.474777e-08 7.578394e-07      201
features.5                         0    -0.258670 6.374157e-08 2.470814e-07       73
features.8                       258    -0.245180 1.326891e-07 1.043166e-07      137
features.5                        28    -0.243574 7.207965e-08 1.780600e-06       73
features.8                       183    -0.241188 1.309758e-07 1.104732e-07      137
features.8                       327    -0.234229 1.474208e-07 4.622601e-07      137
features.12                      555    -0.230820 7.749598e-08 3.901644e-06      201
features.12                      312    -0.227226 9.302330e-08 7.995297e-06      201
features.5                       159    -0.224346 5.502901e-08 1.816350e-07       73
features.12                      102    -0.219707 5.979977e-08 2.468030e-07      201
features.8                       195    -0.218958 1.178143e-07 8.116444e-08      137
features.8                       205    -0.218081 1.211057e-07 1.468911e-07      137
features.5                        51    -0.213521 5.364884e-08 3.365612e-07       73
features.8                       141    -0.213408 1.225903e-07 2.153464e-07      137
features.12                      413    -0.212874 6.051162e-08 8.775920e-07      201
features.12                       15    -0.210683 5.841282e-08 5.021281e-07      201
features.8                       147    -0.208822 1.094555e-07 2.641273e-08      137
features.8                       167    -0.207698 2.020475e-07 1.661828e-06      137
features.12                      193    -0.206617 5.811064e-08 6.972780e-07      201
features.8                       328    -0.206284 1.120134e-07 9.433936e-08      137
features.16                      395    -0.204485 1.895145e-06 3.835289e-07      329
features.8                        16    -0.203910 1.165233e-07 1.950395e-07      137
features.5                       117    -0.201756 5.459600e-08 8.190810e-07       73
features.16                      726    -0.200286 1.861072e-06 1.307856e-06      329
features.8                       296    -0.191839 1.410624e-07 7.352968e-07      137
features.16                      169    -0.191162 1.770831e-06 1.957546e-07      329
features.8                       115    -0.188953 1.091024e-07 2.005001e-07      137
features.5                       127    -0.188571 4.749612e-08 3.121542e-07       73
features.12                      289    -0.185571 4.988104e-08 5.266652e-08      201
features.8                       192    -0.182208 1.165378e-07 3.922138e-07      137
features.13                      187    -0.179083 5.549684e-08 2.053526e-07      201
features.12                      231    -0.176228 4.747350e-08 7.579273e-08      201
features.5                       115    -0.175960 4.630152e-08 5.456696e-07       73
features.5                        86    -0.174133 5.494515e-08 1.711347e-06       73
features.8                       364    -0.173547 9.492253e-08 9.140363e-08      137
features.16                      415    -0.170428 1.580141e-06 4.405986e-07      329
features.12                      316    -0.169640 4.560639e-08 5.001291e-08      201
features.5                        56    -0.167068 4.828980e-08 1.073712e-06       73
features.7                       171    -0.164941 3.436131e-06 2.740433e-05      105
features.12                      148    -0.164477 4.598949e-08 4.881926e-07      201
features.15                      620    -0.163889 7.220822e-07 3.686501e-06      329
features.8                        44    -0.160361 8.568750e-08 4.895474e-08      137
features.5                       171    -0.160095 4.057732e-08 2.975627e-07       73
features.13                      346    -0.159478 5.088776e-08 3.450626e-06      201
features.5                       181    -0.159199 4.037988e-08 2.997087e-07       73
features.8                       302    -0.159197 8.582542e-08 6.193512e-08      137
features.13                      320    -0.158593 4.952078e-08 1.014315e-06      201
features.13                       37    -0.156412 4.860512e-08 4.774596e-07      201
features.8                       148    -0.156227 8.165139e-08 1.562021e-08      137
features.13                      148    -0.156107 4.907125e-08 1.726669e-06      201
features.8                       293    -0.155281 8.347696e-08 5.624677e-08      137
features.5                        76    -0.154106 4.141774e-08 5.891906e-07       73
features.12                      291    -0.151733 4.086126e-08 6.188168e-08      201
features.12                      370    -0.149873 4.410427e-08 9.906140e-07      201
features.5                       120    -0.149307 4.082278e-08 6.600184e-07       73
features.8                       242    -0.147499 8.106495e-08 8.452149e-08      137
features.8                       307    -0.146765 1.113051e-07 6.219686e-07      137
features.16                      150    -0.146407 1.362018e-06 1.263776e-06      329
features.11                      203    -0.145490 4.117226e-07 1.291441e-06      169
features.13                      299    -0.143793 4.469502e-08 4.645366e-07      201
features.12                      296    -0.142713 4.710900e-08 2.212289e-06      201
features.5                       147    -0.142580 4.101730e-08 8.913796e-07       73
features.13                      189    -0.142569 4.665547e-08 5.676955e-06      201
features.8                       235    -0.142161 9.239189e-08 3.317745e-07      137
features.7                        37    -0.142042 1.300486e-06 2.361187e-06      105
features.12                       11    -0.140944 3.926590e-08 3.827487e-07      201
features.16                      426    -0.140848 1.304038e-06 7.949845e-09      329
features.8                       134    -0.140154 9.523816e-08 3.999368e-07      137
features.16                      235    -0.138617 1.285831e-06 4.798831e-07      329
features.5                        19    -0.136290 4.073054e-08 1.047528e-06       73
features.5                        59    -0.135336 3.289990e-08 7.153443e-08       73
features.17                       59    -0.133043 7.913870e-06 1.047301e-06      489
features.8                       136    -0.132809 7.863865e-08 1.752228e-07      137
features.8                        59    -0.130992 7.187733e-08 7.303965e-08      137
features.7                         2    -0.130687 1.172318e-06 1.862504e-06      105
features.12                      288    -0.130598 3.826274e-08 8.211624e-07      201
features.13                      197    -0.130422 4.037809e-08 6.295094e-08      201
features.12                       63    -0.129915 3.643416e-08 4.125331e-07      201
features.15                      494    -0.128994 5.576208e-07 1.562179e-07      329
features.8                       323    -0.128935 6.953798e-08 5.063534e-08      137
features.10                      376    -0.126801 2.039301e-08 5.002743e-06      137
features.12                      462    -0.126645 3.502742e-08 2.806339e-07      201
features.8                       172    -0.126389 6.943877e-08 7.199668e-08      137
features.8                       214    -0.126200 6.791053e-08 4.688676e-08      137
features.12                      452    -0.125647 3.430138e-08 1.667109e-07      201
features.13                      408    -0.125420 3.891266e-08 2.456328e-07      201
features.12                      563    -0.124938 3.389446e-08 1.128016e-07      201
features.13                      237    -0.124094 3.970217e-08 2.919060e-06      201
features.16                      607    -0.123482 1.150467e-06 1.397267e-06      329
features.8                       294    -0.123323 7.520145e-08 2.009691e-07      137
features.16                       42    -0.123237 1.142183e-06 2.384387e-07      329
features.8                       107    -0.122840 7.353631e-08 1.761267e-07      137
features.8                         5    -0.121774 7.841860e-08 2.714885e-07      137
features.16                      856    -0.120764 1.120391e-06 4.498069e-07      329
features.9                        21    -0.119807 2.394732e-08 1.810296e-06      137
features.4                       107    -0.119664 3.917636e-07 7.436717e-06       65
features.12                      521    -0.118451 3.514196e-08 8.535422e-07      201
features.12                      392    -0.117421 3.986044e-08 2.093377e-06      201
features.12                       27    -0.116808 3.246471e-08 2.980147e-07      201
features.17                      926    -0.116523 7.141991e-06 1.380549e-06      489
features.4                        98    -0.116371 3.837120e-07 9.558256e-06       65
features.8                       190    -0.115842 6.367448e-08 6.652262e-08      137
features.5                        17    -0.115105 4.335737e-08 2.034677e-06       73
features.8                       309    -0.115050 6.167598e-08 3.863146e-08      137
features.8                       185    -0.114749 6.097284e-08 2.902447e-08      137
features.13                       83    -0.114514 3.631781e-08 1.982122e-06      201
features.15                      353    -0.114370 6.571560e-07 4.182996e-05      329
features.8                       229    -0.112513 6.946966e-08 1.984530e-07      137
features.8                       174    -0.112478 7.026784e-08 2.127787e-07      137
features.8                       203    -0.112177 6.273307e-08 8.325014e-08      137
features.16                      801    -0.110504 1.023801e-06 1.416030e-07      329
features.5                        79    -0.110078 2.695022e-08 8.263868e-08       73
features.5                        52    -0.109864 3.173946e-08 7.040315e-07       73
features.13                        9    -0.109194 3.391074e-08 2.859946e-07      201
features.8                       152    -0.108373 6.396159e-08 1.393338e-07      137
features.8                       184    -0.107359 6.800473e-08 2.195031e-07      137
features.8                       281    -0.107225 5.849391e-08 5.378269e-08      137
features.12                        9    -0.106726 2.955075e-08 2.445642e-07      201
features.12                      349    -0.106679 3.035321e-08 4.468803e-07      201
features.16                      354    -0.105708 9.808393e-07 4.188454e-07      329
features.12                      554    -0.104989 3.582128e-08 1.916684e-06      201
features.16                      956    -0.103720 9.605353e-07 5.308636e-08      329
features.7                       149    -0.103334 1.012976e-06 2.574198e-06      105
features.12                      408    -0.102711 3.337133e-08 1.459863e-06      201
features.8                       330    -0.101424 5.494259e-08 4.408095e-08      137
features.12                      318    -0.101361 2.732191e-08 4.773435e-08      201
features.8                       131    -0.101137 5.454975e-08 3.978661e-08      137
features.13                      373    -0.100644 3.118321e-08 1.027276e-07      201
features.6                        86    -0.100404 2.421355e-08 7.427565e-08       73
features.8                       158    -0.099593 5.447471e-08 5.248318e-08      137
features.12                       58    -0.099370 3.391971e-08 1.817957e-06      201
features.12                      506    -0.099094 3.290218e-08 1.583690e-06      201
features.8                       140    -0.098542 6.695817e-08 2.811323e-07      137
features.8                       310    -0.098415 6.966944e-08 3.298730e-07      137
features.12                        7    -0.097692 2.714171e-08 2.467528e-07      201
features.4                        26    -0.097581 4.287886e-07 9.927661e-05       65
features.12                      379    -0.097464 3.754190e-08 2.843902e-06      201
features.5                       184    -0.097261 2.711033e-08 4.964045e-07       73
features.8                       155    -0.097155 5.545247e-08 9.177183e-08      137
features.8                       177    -0.096790 5.868000e-08 1.517277e-07      137
features.15                      118    -0.096372 4.210802e-07 1.263767e-06      329
features.5                        88    -0.096299 2.558959e-08 3.307086e-07       73
features.15                      579    -0.095988 4.312224e-07 4.286245e-06      329
features.12                      137    -0.095713 2.704323e-08 3.538153e-07      201
features.12                        2    -0.095349 2.661685e-08 2.721545e-07      201
features.8                        75    -0.095145 7.168722e-08 3.949661e-07      137
features.8                       300    -0.094684 5.014815e-08 2.108198e-08      137
features.12                       60    -0.094534 3.376405e-08 2.100679e-06      201
features.6                        22    -0.094411 2.303396e-08 1.785646e-07       73
features.12                      517    -0.094406 3.230819e-08 1.747786e-06      201
features.4                         1    -0.094277 3.419318e-07 3.423737e-05       65
features.12                      305    -0.094073 2.596006e-08 1.938962e-07      201
features.16                      384    -0.093583 8.688941e-07 4.793083e-07      329
features.5                       110    -0.093389 2.426326e-08 2.496989e-07       73
features.5                        82    -0.092721 2.340802e-08 1.604143e-07       73
features.17                      947    -0.092625 5.492299e-06 6.909211e-07      489
features.8                       109    -0.092586 5.823662e-08 1.820952e-07      137
features.8                        54    -0.092510 5.618647e-08 1.468024e-07      137
features.16                       87    -0.091744 8.502171e-07 1.611715e-07      329
