================================================================================
Channel Pruning Log
  iteration  : 13
  alpha      : 0.5000
  timestamp  : 2026-04-04 20:23:24
  remove_target  : 50181
  accum_removed  : 50373
  selected_channels : 237
  total_params   : 2289600
  active_after   : 961740
  model_sparsity : 58.0%
================================================================================

[ 레이어별 채널 제거 비율 ]
  layer                total_ch  this_iter    cumul  cumul_%
  ----------------------------------------------------------
  features.1                 32          0       22    68.8%
  features.2                 96          0       86    89.6%
  features.3                144          8      140    97.2%
  features.4                144         14       81    56.2%
  features.5                192          4       36    18.8%
  features.6                192          9      137    71.4%
  features.7                192          1       36    18.8%
  features.8                384          0       82    21.4%
  features.9                384         34      346    90.1%
  features.10               384          7      291    75.8%
  features.11               384          2      297    77.3%
  features.12               576          4      438    76.0%
  features.13               576         74      389    67.5%
  features.14               576          0      547    95.0%
  features.15               960         70      647    67.4%
  features.16               960         10      488    50.8%
  features.17               960          0      941    98.0%

[ 블록별 제거 채널 수 ]
  features.10: 7채널 제거
  features.11: 2채널 제거
  features.12: 4채널 제거
  features.13: 74채널 제거
  features.15: 70채널 제거
  features.16: 10채널 제거
  features.3: 8채널 제거
  features.4: 14채널 제거
  features.5: 4채널 제거
  features.6: 9채널 제거
  features.7: 1채널 제거
  features.9: 34채널 제거

[ 선택된 채널 상세 ]
block                             ch        score          phi         perf  weights
--------------------------------------------------------------------------------
features.9                       352    -0.496760 1.431289e-07 2.343490e-08      137
features.9                        15    -0.353514 1.050016e-07 9.624982e-08      137
features.3                        96    -0.351712 2.051554e-08 1.190464e-05       57
features.15                      658    -0.344210 4.437409e-07 1.929684e-07      329
features.13                       78    -0.341795 9.077736e-08 4.679678e-08      201
features.4                        28    -0.341075 9.889656e-07 1.883839e-06       65
features.13                      199    -0.335958 9.697644e-08 1.640971e-07      201
features.13                      277    -0.331205 8.642655e-08 2.190569e-08      201
features.13                      251    -0.329447 8.640296e-08 2.841888e-08      201
features.15                      681    -0.329299 4.231316e-07 1.382715e-07      329
features.13                      451    -0.326016 1.283020e-07 6.803832e-07      201
features.13                      569    -0.323774 8.550621e-08 3.694135e-08      201
features.3                       115    -0.315413 1.984387e-08 3.821834e-05       57
features.13                      538    -0.303633 8.175125e-08 5.847819e-08      201
features.13                      413    -0.295898 7.894286e-08 4.592847e-08      201
features.15                      893    -0.295703 3.768665e-07 2.080944e-08      329
features.13                      138    -0.295633 9.263869e-08 2.556916e-07      201
features.13                      206    -0.292840 7.597218e-08 1.261540e-08      201
features.13                      104    -0.291446 7.818659e-08 5.181282e-08      201
features.9                       113    -0.290759 8.486779e-08 4.136430e-08      137
features.13                      421    -0.283544 7.390835e-08 1.751533e-08      201
features.13                      458    -0.277246 7.948643e-08 1.271553e-07      201
features.13                      315    -0.276156 7.410586e-08 4.941542e-08      201
features.15                      548    -0.275997 3.568579e-07 1.899283e-07      329
features.9                       225    -0.275183 8.860124e-08 2.486092e-07      137
features.9                       209    -0.274647 7.988638e-08 3.202829e-08      137
features.10                       93    -0.273979 2.169372e-07 5.010993e-07      137
features.13                      217    -0.273337 7.173819e-08 2.435676e-08      201
features.15                      255    -0.271978 3.654358e-07 6.470202e-07      329
features.3                       142    -0.271226 1.540137e-08 1.189933e-06       57
features.13                       73    -0.270062 7.213257e-08 4.317368e-08      201
features.15                      430    -0.269411 3.446979e-07 6.369455e-08      329
features.9                       159    -0.267555 7.841258e-08 4.609974e-08      137
features.13                      448    -0.266085 7.523646e-08 1.060332e-07      201
features.4                       136    -0.264428 5.919762e-07 4.132472e-07       65
features.15                      509    -0.263095 3.397880e-07 1.680692e-07      329
features.15                      344    -0.262639 3.368948e-07 9.084651e-08      329
features.13                      547    -0.261290 7.357989e-08 9.953725e-08      201
features.9                       287    -0.258940 7.518589e-08 2.685934e-08      137
features.9                       301    -0.257867 7.602608e-08 5.588653e-08      137
features.15                      370    -0.256319 3.311340e-07 1.669862e-07      329
features.13                      558    -0.253928 6.612247e-08 1.467790e-08      201
features.12                       73    -0.251527 1.085189e-07 1.231945e-06      201
features.15                      526    -0.251365 3.220433e-07 7.394851e-08      329
features.15                       65    -0.244730 3.239535e-07 4.195752e-07      329
features.4                        36    -0.243269 6.304544e-07 8.946565e-07       65
features.9                        56    -0.242139 7.790337e-08 2.172757e-07      137
features.16                       51    -0.241915 1.206962e-06 8.978794e-09      329
features.9                       195    -0.235287 6.827622e-08 2.335342e-08      137
features.9                       342    -0.234874 6.988076e-08 6.693345e-08      137
features.9                       201    -0.234698 8.191974e-08 3.727621e-07      137
features.9                       311    -0.234248 7.601857e-08 2.267364e-07      137
features.13                      476    -0.233526 6.325290e-08 5.073120e-08      201
features.4                        87    -0.233339 5.412545e-07 4.777929e-07       65
features.15                      248    -0.233307 3.006895e-07 1.280920e-07      329
features.16                      488    -0.223616 1.120823e-06 7.318099e-08      329
features.3                        45    -0.222138 1.670093e-08 7.883961e-05       57
features.4                        18    -0.220114 4.445737e-07 5.515598e-08       65
features.15                      958    -0.219729 3.196159e-07 1.336823e-06      329
features.9                       102    -0.219066 6.591619e-08 8.111276e-08      137
features.13                      336    -0.218843 5.714795e-08 1.511062e-08      201
features.13                      319    -0.218011 6.033981e-08 6.700782e-08      201
features.13                       65    -0.217682 5.709106e-08 1.878232e-08      201
features.15                      188    -0.216692 3.258340e-07 1.673446e-06      329
features.15                      239    -0.216151 2.756505e-07 2.094067e-08      329
features.15                      955    -0.215882 2.780766e-07 1.133727e-07      329
features.15                      792    -0.215423 2.758316e-07 5.791747e-08      329
features.9                       220    -0.214545 6.433238e-08 7.378582e-08      137
features.9                       164    -0.214055 6.725383e-08 1.512443e-07      137
features.4                        35    -0.213256 4.640559e-07 2.531980e-07       65
features.15                      547    -0.211260 2.766962e-07 2.636358e-07      329
features.10                      120    -0.211069 9.344889e-08 9.560191e-09      137
features.13                       54    -0.211005 5.588763e-08 2.655484e-08      201
features.13                      108    -0.210877 6.033152e-08 9.478100e-08      201
features.13                      164    -0.209465 6.222057e-08 1.290929e-07      201
features.13                      143    -0.209070 5.470995e-08 1.617636e-08      201
features.16                      886    -0.208976 1.043250e-06 1.562402e-08      329
features.15                      716    -0.207802 2.714413e-07 2.350472e-07      329
features.15                      375    -0.207631 2.648860e-07 2.348447e-08      329
features.5                       136    -0.207229 1.057971e-07 8.022958e-08       73
features.3                        93    -0.205171 1.190840e-08 5.813806e-06       57
features.9                        13    -0.205074 5.914848e-08 1.123331e-08      137
features.12                       18    -0.204465 7.009827e-08 4.717970e-08      201
features.9                         5    -0.203253 6.431559e-08 1.551332e-07      137
features.15                      723    -0.202751 2.580240e-07 1.656271e-09      329
features.13                      309    -0.201615 5.238633e-08 9.917203e-09      201
features.4                       126    -0.201023 4.070794e-07 5.675019e-08       65
features.13                      439    -0.200093 5.544667e-08 6.250817e-08      201
features.6                       189    -0.198098 2.884466e-08 1.902810e-07       73
features.15                      243    -0.196984 2.553735e-07 1.581770e-07      329
features.13                      136    -0.196943 5.559749e-08 7.712714e-08      201
features.15                      174    -0.196901 2.544400e-07 1.305127e-07      329
features.13                       45    -0.195172 5.092902e-08 1.290213e-08      201
features.13                      361    -0.194622 5.309871e-08 4.812253e-08      201
features.13                      406    -0.194591 5.187566e-08 2.960318e-08      201
features.13                      254    -0.194335 5.318150e-08 5.050655e-08      201
features.15                      574    -0.194128 2.658280e-07 6.285493e-07      329
features.16                      939    -0.192768 9.684579e-07 9.146355e-08      329
features.13                      205    -0.192316 5.789360e-08 1.302154e-07      201
features.16                      183    -0.192122 9.628325e-07 6.120005e-08      329
features.16                      483    -0.191803 9.706747e-07 1.799166e-07      329
features.13                      297    -0.191310 5.445110e-08 8.168399e-08      201
features.15                      314    -0.190781 2.429573e-07 7.121134e-09      329
features.15                      667    -0.190427 2.443571e-07 6.891932e-08      329
features.13                      231    -0.190028 5.351711e-08 7.246401e-08      201
features.13                      427    -0.189572 5.126349e-08 3.990090e-08      201
features.15                      418    -0.189258 2.426398e-07 6.124660e-08      329
features.15                      892    -0.189065 2.603599e-07 6.610727e-07      329
features.15                      428    -0.188947 2.562188e-07 5.278133e-07      329
features.13                      431    -0.188946 5.661033e-08 1.238366e-07      201
features.13                      250    -0.188530 4.936840e-08 1.509564e-08      201
features.10                      383    -0.188485 8.726244e-08 2.801861e-08      137
features.6                        66    -0.188458 2.713208e-08 8.787703e-08       73
features.15                      121    -0.188010 2.439311e-07 1.573532e-07      329
features.7                       127    -0.187953 1.021730e-06 3.794522e-08      105
features.13                      101    -0.187313 5.147448e-08 5.194964e-08      201
features.15                      947    -0.185927 2.436856e-07 2.376683e-07      329
features.15                      646    -0.185796 2.399176e-07 1.173997e-07      329
features.11                      208    -0.185417 1.349407e-06 6.875723e-06      169
features.13                      273    -0.184868 6.118687e-08 2.095286e-07      201
features.4                       134    -0.184210 3.807212e-07 9.808435e-08       65
features.15                      648    -0.183921 2.381609e-07 1.384235e-07      329
features.13                      462    -0.183375 4.920508e-08 3.276590e-08      201
features.13                        1    -0.183119 5.414737e-08 1.090867e-07      201
features.6                       120    -0.183012 2.809570e-08 6.122204e-07       73
features.9                        95    -0.182056 5.525587e-08 7.945102e-08      137
features.9                        63    -0.181913 5.292168e-08 2.143736e-08      137
features.15                      376    -0.181503 2.326536e-07 5.727364e-08      329
features.15                      634    -0.179458 2.298760e-07 5.141499e-08      329
features.13                      469    -0.179353 4.646676e-08 6.761531e-09      201
features.16                      948    -0.178221 8.961749e-07 9.466015e-08      329
features.15                       99    -0.177935 2.280960e-07 5.668425e-08      329
features.13                      162    -0.177928 4.794049e-08 3.479267e-08      201
features.13                      195    -0.177749 4.961624e-08 6.103229e-08      201
features.15                      766    -0.177224 2.260064e-07 1.709155e-08      329
features.10                       62    -0.176912 8.914353e-08 6.328857e-08      137
features.13                      245    -0.176710 4.847303e-08 4.767197e-08      201
features.9                       122    -0.176659 5.347204e-08 7.340513e-08      137
features.6                       188    -0.176457 2.537183e-08 7.247599e-08       73
features.13                      390    -0.176064 4.912014e-08 6.006004e-08      201
features.15                      842    -0.175875 2.299714e-07 2.067979e-07      329
features.13                      134    -0.175501 5.475333e-08 1.481135e-07      201
features.9                        42    -0.175472 5.321097e-08 7.539402e-08      137
features.13                      507    -0.174787 5.172055e-08 1.046873e-07      201
features.15                      756    -0.174668 2.224898e-07 8.270491e-09      329
features.9                        84    -0.174410 5.696669e-08 1.781019e-07      137
features.13                       49    -0.174186 4.811391e-08 5.207312e-08      201
features.4                       137    -0.173840 5.597603e-07 1.293986e-06       65
features.9                       378    -0.173420 5.400889e-08 1.104416e-07      137
features.4                       103    -0.173118 4.259599e-07 5.006794e-07       65
features.15                      844    -0.172090 2.194902e-07 1.762100e-08      329
features.15                      173    -0.171986 2.204581e-07 5.439260e-08      329
features.15                      674    -0.171626 2.203457e-07 6.590626e-08      329
features.15                      884    -0.171287 2.213255e-07 1.130476e-07      329
features.13                      391    -0.171142 4.580299e-08 2.875730e-08      201
features.15                      453    -0.171062 2.204138e-07 9.216570e-08      329
features.15                      950    -0.170935 2.272125e-07 3.245185e-07      329
features.13                      252    -0.170797 4.432167e-08 7.532216e-09      201
features.10                      177    -0.170071 9.526430e-08 1.097326e-07      137
features.5                        61    -0.169513 9.429482e-08 1.964327e-07       73
features.12                      548    -0.168582 5.964828e-08 1.364528e-07      201
features.15                      473    -0.166884 2.126044e-07 8.896057e-09      329
features.13                      410    -0.166490 4.665187e-08 5.988709e-08      201
features.15                      818    -0.166181 2.119927e-07 1.835256e-08      329
features.15                      304    -0.166026 2.158995e-07 1.553771e-07      329
features.9                       334    -0.165767 4.973691e-08 5.779152e-08      137
features.13                      305    -0.165179 4.266688e-08 4.280200e-09      201
features.15                      779    -0.164841 2.222188e-07 4.166825e-07      329
features.13                       70    -0.164673 4.511185e-08 4.352177e-08      201
features.15                      771    -0.164500 2.237962e-07 4.838406e-07      329
features.11                       76    -0.163982 4.552866e-07 1.030952e-07      169
features.16                      937    -0.163262 8.153179e-07 1.575189e-08      329
features.6                       148    -0.162915 2.506293e-08 5.608383e-07       73
features.16                      199    -0.162758 8.136813e-07 2.682016e-08      329
features.13                       52    -0.162653 5.378448e-08 1.835942e-07      201
features.13                      459    -0.162259 4.660681e-08 7.574501e-08      201
features.6                        59    -0.162180 2.363258e-08 1.611489e-07       73
features.13                      553    -0.162174 4.300142e-08 2.113162e-08      201
features.15                      229    -0.161916 2.090936e-07 1.027356e-07      329
features.15                       35    -0.161570 2.141673e-07 2.868092e-07      329
features.15                      224    -0.161314 2.079337e-07 8.956335e-08      329
features.15                      800    -0.161163 2.073564e-07 7.673352e-08      329
features.15                      581    -0.161139 2.096005e-07 1.526760e-07      329
features.3                        83    -0.160770 9.138495e-09 8.828764e-07       57
features.6                       145    -0.160135 2.313977e-08 1.004076e-07       73
features.13                      279    -0.159726 4.408180e-08 4.717055e-08      201
features.15                      594    -0.159169 2.079056e-07 1.797629e-07      329
features.15                      185    -0.158776 2.037214e-07 5.674779e-08      329
features.9                       130    -0.157345 4.915145e-08 1.039689e-07      137
features.9                       314    -0.157089 4.563783e-08 1.693791e-08      137
features.13                      225    -0.156851 4.595672e-08 8.698649e-08      201
features.9                       369    -0.156557 4.934194e-08 1.144993e-07      137
features.13                      550    -0.156352 5.270390e-08 1.917678e-07      201
features.15                      712    -0.155973 2.073443e-07 2.967702e-07      329
features.4                        15    -0.155926 3.479943e-07 2.372186e-07       65
features.15                       77    -0.155359 1.983582e-07 2.285905e-08      329
features.5                       186    -0.154579 7.830538e-08 4.952021e-08       73
features.4                        90    -0.154332 3.314271e-07 1.568288e-07       65
features.3                        67    -0.154009 8.996013e-09 5.452151e-06       57
features.4                       113    -0.153999 3.217874e-07 1.030042e-07       65
features.15                      279    -0.153887 1.970800e-07 4.270477e-08      329
features.13                      475    -0.153778 4.043050e-08 1.478373e-08      201
features.13                      175    -0.153561 4.034053e-08 1.426123e-08      201
features.15                      341    -0.153494 1.956859e-07 1.285197e-08      329
features.15                      307    -0.152605 1.960733e-07 6.356937e-08      329
features.9                       179    -0.152405 4.473980e-08 2.814339e-08      137
features.9                       121    -0.152366 4.397549e-08 9.090190e-09      137
features.5                       101    -0.152089 9.012543e-08 2.694206e-07       73
features.13                      313    -0.151973 3.952700e-08 8.075293e-09      201
features.10                      311    -0.151956 6.745228e-08 7.777306e-09      137
features.15                      380    -0.151902 1.945285e-07 4.183950e-08      329
features.13                       69    -0.151347 3.904601e-08 3.190430e-09      201
features.9                       111    -0.150730 1.057703e-07 1.584197e-06      137
features.13                      473    -0.150566 3.995670e-08 2.012494e-08      201
features.9                       196    -0.150341 4.399014e-08 2.412392e-08      137
features.10                       74    -0.149697 6.666234e-08 8.750416e-09      137
features.3                        48    -0.149471 1.524215e-08 1.293432e-04       57
features.6                       178    -0.149406 2.155477e-08 8.321540e-08       73
features.15                      265    -0.149349 2.059322e-07 5.310420e-07      329
features.9                       184    -0.149172 4.438453e-08 4.256866e-08      137
features.4                       125    -0.149153 4.156916e-07 7.232137e-07       65
features.13                      308    -0.149094 3.932223e-08 1.621239e-08      201
features.13                      352    -0.149045 4.535755e-08 1.083811e-07      201
features.15                      770    -0.148626 1.945556e-07 1.819083e-07      329
features.6                       136    -0.148374 2.140655e-08 8.286951e-08       73
features.16                      457    -0.148351 7.504721e-07 1.353826e-07      329
features.15                      730    -0.148148 1.887618e-07 8.797528e-09      329
features.13                      387    -0.148077 4.107445e-08 4.689333e-08      201
features.9                        67    -0.147528 4.378683e-08 3.934815e-08      137
features.15                      628    -0.147454 1.893038e-07 5.634574e-08      329
features.12                      282    -0.147394 5.144112e-08 8.189154e-08      201
features.13                      412    -0.146698 4.109776e-08 5.264151e-08      201
features.13                      392    -0.146570 5.078718e-08 2.008092e-07      201
features.13                      278    -0.146566 3.888989e-08 1.951050e-08      201
features.15                      490    -0.146519 1.878286e-07 4.682796e-08      329
features.15                      442    -0.146087 1.870138e-07 3.795690e-08      329
features.15                      799    -0.145928 1.865413e-07 2.896794e-08      329
