================================================================================
Channel Pruning Log
  iteration  : 6
  alpha      : 0.5000
  timestamp  : 2026-04-10 04:20:53
  remove_target  : 105600
  accum_removed  : 105600
  selected_channels : 424
  total_params   : 2289600
  active_after   : 1454900
  model_sparsity : 36.5%
================================================================================

[ 레이어별 채널 제거 비율 ]
  layer                total_ch  this_iter    cumul  cumul_%
  ----------------------------------------------------------
  features.1                 32          2       15    46.9%
  features.2                 96          6       46    47.9%
  features.3                144          9       67    46.5%
  features.4                144          9       67    46.5%
  features.5                192         11       90    46.9%
  features.6                192         11       90    46.9%
  features.7                192         11       90    46.9%
  features.8                384         23      180    46.9%
  features.9                384         23      180    46.9%
  features.10               384         23      180    46.9%
  features.11               384         23      180    46.9%
  features.12               576         34      271    47.0%
  features.13               576         34      271    47.0%
  features.14               576         34      271    47.0%
  features.15               960         57      450    46.9%
  features.16               960         57      450    46.9%
  features.17               960         57      450    46.9%

[ 블록별 제거 채널 수 ]
  features.1: 2채널 제거
  features.10: 23채널 제거
  features.11: 23채널 제거
  features.12: 34채널 제거
  features.13: 34채널 제거
  features.14: 34채널 제거
  features.15: 57채널 제거
  features.16: 57채널 제거
  features.17: 57채널 제거
  features.2: 6채널 제거
  features.3: 9채널 제거
  features.4: 9채널 제거
  features.5: 11채널 제거
  features.6: 11채널 제거
  features.7: 11채널 제거
  features.8: 23채널 제거
  features.9: 23채널 제거

[ 선택된 채널 상세 ]
block                             ch        score          phi         perf  weights
--------------------------------------------------------------------------------
features.1                         6    -0.452945 2.196708e-07 1.852315e-04       25
features.1                        24    -0.252434 1.116768e-07 6.913056e-06       25
features.2                        75    -0.376115 2.495032e-07 1.603816e-06       49
features.2                        52    -0.339318 2.055585e-07 2.080084e-07       49
features.2                        50    -0.338584 2.039837e-07 1.358778e-07       49
features.2                        34    -0.332727 2.779175e-07 5.046325e-06       49
features.2                        60    -0.329465 2.132427e-07 1.067872e-06       49
features.2                        11    -0.260206 1.592899e-07 2.645975e-07       49
features.3                         2    -0.086593 2.542208e-08 1.080229e-07       57
features.3                        20    -0.083462 2.464761e-08 1.261722e-07       57
features.3                        33    -0.070195 2.073561e-08 1.070240e-07       57
features.3                        12    -0.065124 2.178821e-08 4.878514e-07       57
features.3                        28    -0.064686 1.909697e-08 9.689406e-08       57
features.3                        36    -0.061430 1.868109e-08 1.750909e-07       57
features.3                        52    -0.060748 1.848083e-08 1.742401e-07       57
features.3                        76    -0.059134 1.790245e-08 1.563124e-07       57
features.3                        22    -0.058931 1.768161e-08 1.314862e-07       57
features.4                        37    -0.126685 7.669479e-07 8.688243e-07       65
features.4                        61    -0.103453 6.622496e-07 7.869127e-07       65
features.4                         0    -0.097498 6.161001e-07 7.243283e-07       65
features.4                        89    -0.097150 3.504709e-07 1.544009e-07       65
features.4                         9    -0.084910 2.540840e-07 2.246286e-08       65
features.4                       128    -0.079044 2.396526e-07 2.763657e-08       65
features.4                        79    -0.077586 3.252754e-07 2.210475e-07       65
features.4                        64    -0.076965 3.442339e-07 2.657152e-07       65
features.4                        18    -0.067822 2.115772e-07 3.652037e-08       65
features.5                       140    -0.255790 6.915443e-08 2.680874e-07       73
features.5                        71    -0.169594 4.201555e-08 5.778753e-08       73
features.5                       103    -0.165141 4.215334e-08 9.508177e-08       73
features.5                        97    -0.128835 4.164331e-08 3.481024e-07       73
features.5                       144    -0.120321 3.067813e-08 6.819349e-08       73
features.5                        93    -0.120160 2.888358e-08 1.325503e-08       73
features.5                        86    -0.118975 3.265114e-08 1.398837e-07       73
features.5                       179    -0.116776 3.009187e-08 7.612272e-08       73
features.5                       139    -0.112621 2.706039e-08 1.208061e-08       73
features.5                       160    -0.110430 2.878378e-08 8.221767e-08       73
features.5                       163    -0.108133 3.219839e-08 2.060398e-07       73
features.6                        35    -0.356878 3.513155e-08 2.167883e-08       73
features.6                        75    -0.339752 3.658419e-08 3.227172e-07       73
features.6                       137    -0.313431 3.273575e-08 2.000990e-07       73
features.6                       171    -0.301985 3.150696e-08 1.895816e-07       73
features.6                       117    -0.301367 3.060564e-08 1.086546e-07       73
features.6                       169    -0.252508 2.660665e-08 1.837192e-07       73
features.6                        14    -0.251022 2.510363e-08 5.304673e-08       73
features.6                       112    -0.234760 2.341259e-08 4.337795e-08       73
features.6                        27    -0.230209 2.316328e-08 6.222579e-08       73
features.6                        99    -0.225156 2.663500e-08 4.439367e-07       73
features.6                        16    -0.224346 2.249751e-08 5.333798e-08       73
features.7                        43    -0.157013 1.190494e-06 1.473939e-07      105
features.7                       125    -0.142692 1.694247e-06 3.118004e-07      105
features.7                        73    -0.127915 9.761159e-07 1.218934e-07      105
features.7                        27    -0.122581 1.201312e-06 1.940390e-07      105
features.7                        69    -0.119682 6.299493e-07 3.175311e-08      105
features.7                        91    -0.118424 6.857257e-07 4.954278e-08      105
features.7                       138    -0.116015 1.404161e-06 2.612517e-07      105
features.7                       129    -0.110967 7.054639e-07 6.469710e-08      105
features.7                        65    -0.109835 6.629593e-07 5.378170e-08      105
features.7                       163    -0.109143 8.128521e-07 9.819111e-08      105
features.7                        13    -0.108365 7.052693e-07 6.792735e-08      105
features.8                       265    -0.438345 9.082584e-08 1.026553e-07      137
features.8                        25    -0.383565 7.365337e-08 1.377772e-08      137
features.8                       147    -0.356516 6.813994e-08 8.636253e-09      137
features.8                       224    -0.353470 6.731215e-08 5.352731e-09      137
features.8                        80    -0.352682 6.702766e-08 3.585773e-09      137
features.8                        57    -0.346667 7.881865e-08 1.724702e-07      137
features.8                       337    -0.339040 6.678081e-08 3.408780e-08      137
features.8                       163    -0.338263 6.509775e-08 1.402397e-08      137
features.8                        38    -0.327083 6.707511e-08 6.749231e-08      137
features.8                       108    -0.323042 6.151504e-08 4.856840e-09      137
features.8                        90    -0.317276 6.509521e-08 6.587862e-08      137
features.8                        62    -0.316564 6.129212e-08 1.796169e-08      137
features.8                       238    -0.314282 6.407103e-08 5.990129e-08      137
features.8                       104    -0.312509 6.516004e-08 7.850903e-08      137
features.8                       157    -0.308929 5.899749e-08 6.864983e-09      137
features.8                        41    -0.305372 5.996603e-08 2.830937e-08      137
features.8                        51    -0.302016 5.957317e-08 3.147612e-08      137
features.8                       117    -0.296199 5.780448e-08 2.275408e-08      137
features.8                       299    -0.292594 5.784982e-08 3.225808e-08      137
features.8                       107    -0.285609 5.502624e-08 1.264593e-08      137
features.8                       354    -0.284580 5.825745e-08 5.739515e-08      137
features.8                       203    -0.276626 5.386153e-08 1.964228e-08      137
features.8                       292    -0.276520 5.285806e-08 6.795304e-09      137
features.9                       161    -0.240614 8.547301e-08 9.846405e-09      137
features.9                       261    -0.229393 9.051093e-08 2.478664e-08      137
features.9                       368    -0.211985 7.439148e-08 7.119151e-09      137
features.9                       359    -0.200126 6.948598e-08 5.451378e-09      137
features.9                         9    -0.199166 6.924977e-08 5.590851e-09      137
features.9                        15    -0.197674 8.048903e-08 2.561425e-08      137
features.9                       134    -0.190474 8.050455e-08 2.971118e-08      137
features.9                       251    -0.189153 6.434580e-08 2.882352e-09      137
features.9                       128    -0.175402 6.429372e-08 1.056665e-08      137
features.9                        32    -0.175249 7.469838e-08 2.840898e-08      137
features.9                       319    -0.172818 6.296250e-08 9.755383e-09      137
features.9                       105    -0.172623 6.507390e-08 1.346918e-08      137
features.9                       292    -0.170593 6.297064e-08 1.102719e-08      137
features.9                       109    -0.170544 5.860184e-08 3.599268e-09      137
features.9                       142    -0.168679 6.657623e-08 1.826256e-08      137
features.9                       178    -0.168039 5.930981e-08 6.223720e-09      137
features.9                       235    -0.165777 6.057378e-08 9.659630e-09      137
features.9                       138    -0.165392 5.574923e-08 1.643974e-09      137
features.9                       309    -0.165041 5.871208e-08 6.898209e-09      137
features.9                       241    -0.162522 6.413741e-08 1.758113e-08      137
features.9                       270    -0.162211 5.803275e-08 7.338671e-09      137
features.9                       205    -0.159711 6.709574e-08 2.421869e-08      137
features.9                        68    -0.159207 5.389049e-08 1.968244e-09      137
features.10                      101    -0.328511 8.369692e-08 2.316949e-08      137
features.10                      305    -0.308313 7.264969e-08 1.044499e-08      137
features.10                       58    -0.308138 7.020459e-08 5.835935e-09      137
features.10                      246    -0.295800 7.340729e-08 1.711776e-08      137
features.10                      361    -0.290132 1.089712e-07 8.758376e-08      137
features.10                      204    -0.286209 6.589584e-08 6.737022e-09      137
features.10                       84    -0.281714 6.738101e-08 1.145683e-08      137
features.10                      210    -0.275747 6.592661e-08 1.116193e-08      137
features.10                       41    -0.275406 6.724510e-08 1.382925e-08      137
features.10                       28    -0.273629 6.373785e-08 7.854799e-09      137
features.10                      114    -0.267023 6.152766e-08 6.379554e-09      137
features.10                       63    -0.263605 6.283627e-08 1.031181e-08      137
features.10                      180    -0.261396 6.060305e-08 6.957134e-09      137
features.10                       32    -0.261088 5.899998e-08 4.015883e-09      137
features.10                      112    -0.258536 6.628630e-08 1.903349e-08      137
features.10                        1    -0.256173 6.083389e-08 9.578938e-09      137
features.10                      151    -0.252849 5.999223e-08 9.354448e-09      137
features.10                      141    -0.251963 5.727896e-08 4.528572e-09      137
features.10                       27    -0.251636 6.278488e-08 1.520849e-08      137
features.10                      317    -0.241660 5.461576e-08 3.728704e-09      137
features.10                       92    -0.240499 5.442417e-08 3.846393e-09      137
features.10                       48    -0.240168 5.342687e-08 2.074898e-09      137
features.10                      343    -0.238390 6.781232e-08 3.036357e-08      137
features.11                        8    -0.274944 2.985399e-07 1.721390e-07      169
features.11                      149    -0.259731 3.161612e-07 3.513009e-07      169
features.11                      182    -0.242900 2.372789e-07 5.794375e-09      169
features.11                      191    -0.229190 2.995622e-07 4.237241e-07      169
features.11                      265    -0.228396 2.292628e-07 3.945259e-08      169
features.11                      274    -0.224358 2.188937e-07 3.847730e-09      169
features.11                       53    -0.215813 2.402925e-07 1.680467e-07      169
features.11                       89    -0.215423 2.488589e-07 2.174874e-07      169
features.11                      202    -0.214048 2.121950e-07 2.224002e-08      169
features.11                      372    -0.208560 2.577476e-07 3.035065e-07      169
features.11                       43    -0.206882 2.081142e-07 3.820251e-08      169
features.11                      221    -0.204443 2.230600e-07 1.339175e-07      169
features.11                      248    -0.203090 2.021168e-07 2.544209e-08      169
features.11                       77    -0.202503 2.030543e-07 3.377844e-08      169
features.11                      241    -0.197224 2.056973e-07 7.676058e-08      169
features.11                      328    -0.196227 1.938846e-07 1.683170e-08      169
features.11                      278    -0.195077 1.899731e-07 1.393291e-09      169
features.11                      227    -0.194356 1.906471e-07 8.993522e-09      169
features.11                      299    -0.191727 2.116214e-07 1.390481e-07      169
features.11                      378    -0.191094 1.866632e-07 4.510409e-09      169
features.11                      289    -0.190843 2.127894e-07 1.502564e-07      169
features.11                      338    -0.190809 3.577768e-07 9.517761e-07      169
features.11                      118    -0.190639 2.048616e-07 1.075391e-07      169
features.12                      556    -0.364833 6.441540e-08 7.149606e-09      201
features.12                      338    -0.345027 8.644493e-08 1.430775e-07      201
features.12                      545    -0.317155 6.487519e-08 5.362441e-08      201
features.12                      170    -0.306841 5.404178e-08 5.294954e-09      201
features.12                      325    -0.302349 5.330921e-08 5.529879e-09      201
features.12                      331    -0.300611 5.506326e-08 1.650128e-08      201
features.12                       13    -0.296863 5.333820e-08 1.074969e-08      201
features.12                      195    -0.295894 5.392086e-08 1.475611e-08      201
features.12                      152    -0.295003 5.571994e-08 2.518576e-08      201
features.12                      219    -0.292994 5.332241e-08 1.423770e-08      201
features.12                      469    -0.291901 7.318066e-08 1.212936e-07      201
features.12                      271    -0.287951 5.426221e-08 2.391238e-08      201
features.12                      459    -0.286812 5.129484e-08 9.118107e-09      201
features.12                      496    -0.284177 5.073515e-08 8.561896e-09      201
features.12                       77    -0.282077 5.375516e-08 2.662823e-08      201
features.12                      263    -0.281702 5.264700e-08 2.105687e-08      201
features.12                      299    -0.281092 5.262953e-08 2.152596e-08      201
features.12                      375    -0.278432 4.971335e-08 8.408936e-09      201
features.12                       81    -0.277496 5.170541e-08 1.991181e-08      201
features.12                      524    -0.276649 5.925337e-08 6.100102e-08      201
features.12                      504    -0.266298 7.529869e-08 1.562436e-07      201
features.12                      334    -0.262177 4.704394e-08 9.162107e-09      201
features.12                      467    -0.261819 4.742019e-08 1.150182e-08      201
features.12                      277    -0.261622 4.587328e-08 3.423223e-09      201
features.12                      485    -0.258041 4.561318e-08 5.340394e-09      201
features.12                      348    -0.258020 4.833296e-08 1.988403e-08      201
features.12                      172    -0.255127 4.848807e-08 2.338275e-08      201
features.12                       52    -0.255086 4.453099e-08 2.289118e-09      201
features.12                       65    -0.254667 4.701129e-08 1.592158e-08      201
features.12                       16    -0.252861 5.165758e-08 4.240076e-08      201
features.12                      130    -0.250587 6.016356e-08 8.992420e-08      201
features.12                      106    -0.246291 4.399741e-08 7.559841e-09      201
features.12                      405    -0.245361 4.392881e-08 8.052249e-09      201
features.12                       56    -0.242438 5.562423e-08 7.320700e-08      201
features.13                      385    -0.435512 6.830861e-08 5.887780e-09      201
features.13                      127    -0.378787 6.656724e-08 5.807157e-08      201
features.13                      173    -0.373365 5.930015e-08 1.051670e-08      201
features.13                      119    -0.362366 5.662105e-08 3.309677e-09      201
features.13                      388    -0.352595 5.499276e-08 2.468846e-09      201
features.13                      275    -0.344072 5.614070e-08 2.074006e-08      201
features.13                      370    -0.338884 7.177031e-08 1.423452e-07      201
features.13                      554    -0.334088 5.286387e-08 7.944872e-09      201
features.13                      258    -0.333138 5.198798e-08 2.553968e-09      201
features.13                      467    -0.332784 5.265863e-08 7.921977e-09      201
features.13                      143    -0.330620 5.486712e-08 2.674662e-08      201
features.13                      213    -0.328871 5.295087e-08 1.457271e-08      201
features.13                      256    -0.327859 5.117619e-08 2.602108e-09      201
features.13                      324    -0.325138 5.100015e-08 4.420319e-09      201
features.13                      435    -0.321788 5.168827e-08 1.335532e-08      201
features.13                      120    -0.321364 5.961498e-08 7.249675e-08      201
features.13                      555    -0.317426 4.992063e-08 5.278462e-09      201
features.13                      509    -0.316303 5.002272e-08 7.322640e-09      201
features.13                      312    -0.311356 5.158143e-08 2.453114e-08      201
features.13                      367    -0.308056 5.218750e-08 3.280082e-08      201
features.13                      158    -0.303955 5.551486e-08 6.212608e-08      201
features.13                      469    -0.302790 4.765779e-08 5.323739e-09      201
features.13                      468    -0.302627 4.826923e-08 1.003513e-08      201
features.13                      548    -0.302020 4.691755e-08 7.297182e-10      201
features.13                       71    -0.301344 4.793371e-08 9.024270e-09      201
features.13                      253    -0.298410 4.804268e-08 1.319548e-08      201
features.13                       92    -0.295406 4.771213e-08 1.419559e-08      201
features.13                      284    -0.294748 4.583721e-08 1.076736e-09      201
features.13                      540    -0.293898 4.649673e-08 6.932239e-09      201
features.13                      458    -0.291278 5.204521e-08 5.099410e-08      201
features.13                      537    -0.287768 5.316419e-08 6.330097e-08      201
features.13                      336    -0.283645 4.523128e-08 9.329042e-09      201
features.13                      379    -0.282333 4.596239e-08 1.624459e-08      201
features.13                       12    -0.282190 4.544511e-08 1.258020e-08      201
features.14                      247    -0.448849 1.230102e-06 1.797786e-08      265
features.14                      544    -0.365239 1.087722e-06 2.702357e-08      265
features.14                      260    -0.364581 1.030273e-06 1.904755e-08      265
features.14                      153    -0.349488 8.800380e-07 2.889418e-09      265
features.14                      418    -0.339198 8.419271e-07 1.061433e-09      265
features.14                       96    -0.338730 8.891768e-07 7.976262e-09      265
features.14                      317    -0.338595 8.406308e-07 1.088217e-09      265
features.14                       45    -0.338520 8.824524e-07 7.089533e-09      265
features.14                      325    -0.333523 8.642979e-07 6.251977e-09      265
features.14                      300    -0.326485 8.103390e-07 1.017084e-09      265
features.14                      162    -0.324809 9.200486e-07 1.727961e-08      265
features.14                      239    -0.321897 9.184049e-07 1.806829e-08      265
features.14                       76    -0.321640 8.653436e-07 1.057801e-08      265
features.14                      356    -0.315753 8.710056e-07 1.345603e-08      265
features.14                      115    -0.312177 7.824619e-07 2.063180e-09      265
features.14                      540    -0.310394 9.513466e-07 2.681716e-08      265
features.14                      394    -0.308877 8.671046e-07 1.531551e-08      265
features.14                      274    -0.308734 9.353841e-07 2.512013e-08      265
features.14                      209    -0.306068 7.960342e-07 6.149210e-09      265
features.14                      390    -0.306000 7.591503e-07 9.037876e-10      265
features.14                      137    -0.303532 8.569586e-07 1.574458e-08      265
features.14                       72    -0.302079 7.617517e-07 2.653730e-09      265
features.14                      366    -0.301116 7.787581e-07 5.421665e-09      265
features.14                       20    -0.300940 1.064277e-06 4.627351e-08      265
features.14                      444    -0.300795 8.863594e-07 2.090664e-08      265
features.14                      568    -0.297232 8.100483e-07 1.125719e-08      265
features.14                       48    -0.296652 7.619980e-07 4.596283e-09      265
features.14                      465    -0.294620 7.794482e-07 7.803416e-09      265
features.14                      187    -0.294324 7.305812e-07 9.262784e-10      265
features.14                      341    -0.293741 7.534697e-07 4.401081e-09      265
features.14                      525    -0.293534 7.517296e-07 4.225254e-09      265
features.14                      143    -0.293135 1.056052e-06 4.784181e-08      265
features.14                      271    -0.292308 7.783966e-07 8.465904e-09      265
features.14                      359    -0.287230 7.783186e-07 1.023934e-08      265
features.15                      723    -0.499821 4.276791e-07 2.313296e-10      329
features.15                      690    -0.303323 2.675555e-07 1.234912e-08      329
features.15                      784    -0.290031 2.552035e-07 1.085145e-08      329
features.15                      801    -0.288848 2.478549e-07 1.197036e-09      329
features.15                      374    -0.279468 2.769765e-07 5.778974e-08      329
features.15                      285    -0.278894 2.444068e-07 8.915721e-09      329
features.15                      553    -0.263399 2.264025e-07 1.677505e-09      329
features.15                       14    -0.262764 2.317215e-07 1.060886e-08      329
features.15                      467    -0.258785 2.308499e-07 1.446720e-08      329
features.15                        0    -0.258326 2.236689e-07 4.124533e-09      329
features.15                      534    -0.254292 2.233965e-07 8.966463e-09      329
features.15                      916    -0.246452 2.118577e-07 1.602869e-09      329
features.15                      447    -0.242190 2.142302e-07 1.077237e-08      329
features.15                      938    -0.240548 2.176853e-07 1.817626e-08      329
features.15                      529    -0.236908 2.058907e-07 4.950076e-09      329
features.15                      913    -0.234028 2.066804e-07 9.906710e-09      329
features.15                      162    -0.232363 2.628621e-07 9.767214e-08      329
features.15                      692    -0.229305 2.026232e-07 9.880607e-09      329
features.15                      597    -0.228249 1.962145e-07 1.491650e-09      329
features.15                      802    -0.224118 2.053391e-07 2.077694e-08      329
features.15                      303    -0.223836 1.959821e-07 6.888514e-09      329
features.15                       73    -0.223717 2.023393e-07 1.672936e-08      329
features.15                      863    -0.221127 1.900536e-07 1.386953e-09      329
features.15                      250    -0.218337 1.884636e-07 2.600384e-09      329
features.15                      331    -0.218061 1.878015e-07 1.950876e-09      329
features.15                      803    -0.216249 1.866199e-07 2.512286e-09      329
features.15                      925    -0.214722 1.892569e-07 8.520733e-09      329
features.15                      381    -0.213789 1.937237e-07 1.654161e-08      329
features.15                      399    -0.212768 1.844759e-07 3.782370e-09      329
features.15                      563    -0.212409 1.865653e-07 7.433867e-09      329
features.15                      180    -0.212195 1.817856e-07 4.303805e-10      329
features.15                      927    -0.208348 1.800342e-07 2.774902e-09      329
features.15                      337    -0.207763 2.611816e-07 1.271698e-07      329
features.15                      226    -0.205527 1.996195e-07 3.629112e-08      329
features.15                      832    -0.205129 1.774764e-07 3.073007e-09      329
features.15                      633    -0.204441 1.833545e-07 1.292615e-08      329
features.15                      436    -0.204084 1.748217e-07 3.901228e-10      329
features.15                      709    -0.203277 1.758531e-07 3.014118e-09      329
features.15                       25    -0.203044 2.076308e-07 5.173268e-08      329
features.15                      419    -0.200594 1.752945e-07 5.659412e-09      329
features.15                      128    -0.200023 1.717136e-07 9.471675e-10      329
features.15                      316    -0.196040 1.732309e-07 8.449596e-09      329
features.15                      536    -0.193357 1.683239e-07 4.470194e-09      329
features.15                      400    -0.191700 1.732635e-07 1.415545e-08      329
features.15                      187    -0.190782 2.143781e-07 7.799230e-08      329
features.15                       29    -0.190538 1.695981e-07 1.008508e-08      329
features.15                      140    -0.189297 1.620667e-07 2.278049e-10      329
features.15                      750    -0.189162 1.751986e-07 2.041117e-08      329
features.15                      613    -0.188793 1.630005e-07 2.307265e-09      329
features.15                      347    -0.188298 1.849971e-07 3.646625e-08      329
features.15                      876    -0.187892 1.611955e-07 7.312917e-10      329
features.15                      409    -0.187246 1.613519e-07 1.811682e-09      329
features.15                      830    -0.184374 1.582121e-07 7.710315e-10      329
features.15                      538    -0.183929 1.736080e-07 2.480722e-08      329
features.15                      705    -0.183534 1.574372e-07 6.849923e-10      329
features.15                      850    -0.183353 1.600436e-07 4.892087e-09      329
features.15                      881    -0.182830 1.625415e-07 9.379243e-09      329
features.16                      852    -0.275174 5.346360e-07 1.330175e-08      329
features.16                      902    -0.242214 4.713542e-07 1.313922e-08      329
features.16                      441    -0.235272 4.517160e-07 1.171368e-09      329
features.16                      196    -0.226215 4.353170e-07 2.998595e-09      329
features.16                      501    -0.215126 4.135549e-07 2.049222e-09      329
features.16                       37    -0.211226 4.077714e-07 5.253834e-09      329
features.16                      118    -0.195626 3.808652e-07 1.093612e-08      329
features.16                       54    -0.195325 3.756882e-07 2.238699e-09      329
features.16                       46    -0.194180 3.821289e-07 1.857399e-08      329
features.16                      943    -0.193466 3.748088e-07 7.316583e-09      329
features.16                      824    -0.189855 3.642367e-07 4.140913e-10      329
features.16                       60    -0.189217 3.658515e-07 5.781710e-09      329
features.16                      531    -0.188792 3.640670e-07 3.947815e-09      329
features.16                      803    -0.186588 3.663121e-07 1.618826e-08      329
features.16                       76    -0.184113 3.535378e-07 1.003382e-09      329
features.16                      231    -0.184078 3.561975e-07 6.160744e-09      329
features.16                      300    -0.183091 3.557135e-07 8.824370e-09      329
features.16                      524    -0.181292 3.519464e-07 8.221368e-09      329
features.16                      575    -0.180447 3.552770e-07 1.758655e-08      329
features.16                      656    -0.180275 3.462594e-07 1.152465e-09      329
features.16                      910    -0.169973 3.276770e-07 3.368916e-09      329
features.16                      541    -0.167872 3.228468e-07 1.848896e-09      329
features.16                      698    -0.165443 3.177373e-07 9.942464e-10      329
features.16                      525    -0.165413 3.310493e-07 2.628371e-08      329
features.16                      857    -0.163480 3.142920e-07 1.596692e-09      329
features.16                      925    -0.163465 3.179350e-07 8.541055e-09      329
features.16                      829    -0.162831 3.133096e-07 2.094087e-09      329
features.16                      340    -0.160920 3.155666e-07 1.329338e-08      329
features.16                      687    -0.158373 3.043726e-07 1.356287e-09      329
features.16                      468    -0.157242 3.076002e-07 1.156198e-08      329
features.16                      770    -0.155864 3.011729e-07 4.404824e-09      329
features.16                      956    -0.154057 2.981578e-07 5.251993e-09      329
features.16                      812    -0.153479 2.982971e-07 7.614108e-09      329
features.16                      458    -0.152153 2.927337e-07 1.900615e-09      329
features.16                      495    -0.152128 2.931952e-07 2.861025e-09      329
features.16                      677    -0.151402 3.091712e-07 3.571197e-08      329
features.16                      650    -0.151381 2.920484e-07 3.404288e-09      329
features.16                      808    -0.149898 2.986107e-07 2.119456e-08      329
features.16                      747    -0.149021 2.945818e-07 1.675375e-08      329
features.16                      289    -0.148999 2.915142e-07 1.102933e-08      329
features.16                       85    -0.148613 2.943084e-07 1.771485e-08      329
features.16                      600    -0.148129 2.865428e-07 4.783847e-09      329
features.16                      488    -0.148051 2.852877e-07 2.693107e-09      329
features.16                      390    -0.147380 2.834264e-07 1.605582e-09      329
features.16                      230    -0.146595 2.920666e-07 2.079395e-08      329
features.16                      576    -0.145377 2.991247e-07 3.856010e-08      329
features.16                      924    -0.145320 2.797655e-07 2.149042e-09      329
features.16                      638    -0.145114 2.833874e-07 9.746961e-09      329
features.16                      392    -0.145097 2.827246e-07 8.556370e-09      329
features.16                       77    -0.144872 2.852721e-07 1.418986e-08      329
features.16                      664    -0.144678 2.891503e-07 2.223153e-08      329
features.16                      670    -0.144287 2.782715e-07 3.072555e-09      329
features.16                      239    -0.143030 2.775510e-07 6.268317e-09      329
features.16                      199    -0.142739 2.742925e-07 1.159686e-09      329
features.16                      896    -0.142340 2.772032e-07 8.112689e-09      329
features.16                      563    -0.140964 2.732805e-07 5.680778e-09      329
features.16                      714    -0.140506 2.759320e-07 1.235845e-08      329
features.17                      712    -0.496561 9.255710e-07 3.156090e-09      489
features.17                      824    -0.458474 8.534798e-07 2.369414e-09      489
features.17                      862    -0.448162 8.376705e-07 3.994717e-09      489
features.17                      757    -0.426069 7.999014e-07 5.546134e-09      489
features.17                      544    -0.425802 7.921316e-07 1.939206e-09      489
features.17                      580    -0.424495 7.948589e-07 4.490891e-09      489
features.17                      527    -0.415610 7.713267e-07 9.782939e-10      489
features.17                      237    -0.410653 7.628198e-07 1.310086e-09      489
features.17                      732    -0.408852 7.633837e-07 3.242521e-09      489
features.17                      268    -0.406427 7.598418e-07 3.711727e-09      489
features.17                      383    -0.399758 7.418571e-07 9.161967e-10      489
features.17                      844    -0.394977 7.569668e-07 1.279566e-08      489
features.17                      641    -0.394233 7.338634e-07 2.023124e-09      489
features.17                      438    -0.394123 7.326585e-07 1.526615e-09      489
features.17                      814    -0.384952 7.225757e-07 4.944975e-09      489
features.17                        6    -0.382780 7.104529e-07 9.280539e-10      489
features.17                       67    -0.372364 6.925094e-07 1.591449e-09      489
features.17                      669    -0.369829 6.884423e-07 1.901919e-09      489
features.17                       14    -0.369725 6.907300e-07 3.131593e-09      489
features.17                      583    -0.368709 6.876486e-07 2.535714e-09      489
features.17                      654    -0.365569 6.817233e-07 2.479880e-09      489
features.17                      166    -0.361356 6.724308e-07 1.739649e-09      489
features.17                      308    -0.360913 6.890707e-07 1.039581e-08      489
features.17                      761    -0.360422 6.751572e-07 3.948477e-09      489
features.17                      813    -0.359199 6.734558e-07 4.227470e-09      489
features.17                      857    -0.358790 6.670181e-07 1.410842e-09      489
features.17                      755    -0.357307 6.743415e-07 6.403209e-09      489
features.17                      221    -0.353508 6.623620e-07 3.950659e-09      489
features.17                      226    -0.352249 6.539732e-07 9.467773e-10      489
features.17                      229    -0.351990 6.626674e-07 5.494579e-09      489
features.17                      246    -0.350902 6.540307e-07 2.211563e-09      489
features.17                      921    -0.349201 6.509259e-07 2.233728e-09      489
features.17                      218    -0.346406 6.525550e-07 5.606518e-09      489
features.17                      946    -0.342590 6.358975e-07 8.501304e-10      489
features.17                      396    -0.341647 6.348041e-07 1.173545e-09      489
features.17                      136    -0.340415 6.436296e-07 6.679430e-09      489
features.17                        4    -0.338389 6.290895e-07 1.330459e-09      489
features.17                      829    -0.336654 6.303131e-07 3.529249e-09      489
features.17                      843    -0.333648 6.233136e-07 2.817617e-09      489
features.17                      102    -0.333623 6.209634e-07 1.675541e-09      489
features.17                      114    -0.332356 6.293515e-07 6.996766e-09      489
features.17                      779    -0.330251 6.136790e-07 1.158261e-09      489
features.17                      194    -0.329937 6.135045e-07 1.360005e-09      489
features.17                      411    -0.327890 6.117594e-07 2.374000e-09      489
features.17                      890    -0.327471 6.119295e-07 2.842605e-09      489
features.17                      276    -0.325528 6.047134e-07 1.048242e-09      489
features.17                      143    -0.324507 6.045989e-07 1.928473e-09      489
features.17                       45    -0.323927 6.027158e-07 1.527036e-09      489
features.17                      349    -0.323123 6.008432e-07 1.336895e-09      489
features.17                      563    -0.322902 6.008382e-07 1.537274e-09      489
features.17                      856    -0.320991 6.023764e-07 4.053865e-09      489
features.17                      177    -0.319229 5.965466e-07 2.780179e-09      489
features.17                      752    -0.317609 6.001127e-07 6.034726e-09      489
features.17                      800    -0.317147 5.883990e-07 6.510943e-10      489
features.17                      354    -0.316842 5.883966e-07 9.298979e-10      489
features.17                      635    -0.316743 5.902204e-07 1.925113e-09      489
features.17                      661    -0.316352 5.978756e-07 6.079266e-09      489
