================================================================================
Channel Pruning Log
  iteration  : 15
  alpha      : 0.5000
  timestamp  : 2026-04-10 13:15:33
  remove_target  : 40618
  accum_removed  : 40618
  selected_channels : 162
  total_params   : 2289600
  active_after   : 878856
  model_sparsity : 61.6%
================================================================================

[ 레이어별 채널 제거 비율 ]
  layer                total_ch  this_iter    cumul  cumul_%
  ----------------------------------------------------------
  features.1                 32          1       25    78.1%
  features.2                 96          2       76    79.2%
  features.3                144          3      114    79.2%
  features.4                144          3      114    79.2%
  features.5                192          4      151    78.6%
  features.6                192          4      151    78.6%
  features.7                192          4      151    78.6%
  features.8                384          9      305    79.4%
  features.9                384          9      305    79.4%
  features.10               384          9      305    79.4%
  features.11               384          9      305    79.4%
  features.12               576         13      457    79.3%
  features.13               576         13      457    79.3%
  features.14               576         13      457    79.3%
  features.15               960         22      761    79.3%
  features.16               960         22      761    79.3%
  features.17               960         22      761    79.3%

[ 블록별 제거 채널 수 ]
  features.1: 1채널 제거
  features.10: 9채널 제거
  features.11: 9채널 제거
  features.12: 13채널 제거
  features.13: 13채널 제거
  features.14: 13채널 제거
  features.15: 22채널 제거
  features.16: 22채널 제거
  features.17: 22채널 제거
  features.2: 2채널 제거
  features.3: 3채널 제거
  features.4: 3채널 제거
  features.5: 4채널 제거
  features.6: 4채널 제거
  features.7: 4채널 제거
  features.8: 9채널 제거
  features.9: 9채널 제거

[ 선택된 채널 상세 ]
block                             ch        score          phi         perf  weights
--------------------------------------------------------------------------------
features.1                         0     0.000000 0.000000e+00 0.000000e+00       25
features.2                        58    -0.487580 3.996447e-07 1.822853e-04       49
features.2                        31    -0.393796 3.182932e-07 6.491991e-05       49
features.3                        69    -0.413662 7.350425e-08 1.668495e-05       57
features.3                        39    -0.283940 4.252354e-08 1.027181e-06       57
features.3                        26    -0.247046 3.662997e-08 4.096112e-07       57
features.4                       140    -0.483559 5.139408e-07 1.146270e-06       65
features.4                        33    -0.431561 4.580132e-07 9.780720e-07       65
features.4                       107    -0.422376 4.576412e-07 1.593268e-06       65
features.5                       124    -0.463604 5.862876e-08 1.657147e-07       73
features.5                       118    -0.419330 6.196323e-08 1.409771e-06       73
features.5                       173    -0.339348 4.809810e-08 8.522681e-07       73
features.5                       168    -0.317567 3.979980e-08 6.264256e-08       73
features.6                        95    -0.082005 2.498652e-08 6.263738e-08       73
features.6                        54    -0.081382 2.577729e-08 6.449478e-07       73
features.6                       135    -0.073673 2.256447e-08 1.256851e-07       73
features.6                        86    -0.063932 1.943202e-08 2.049372e-08       73
features.7                        68    -0.392647 1.307768e-06 3.504278e-07      105
features.7                       183    -0.355014 1.155043e-06 2.113722e-07      105
features.7                       110    -0.325856 1.549472e-06 2.078689e-06      105
features.7                       154    -0.321676 1.069838e-06 2.811170e-07      105
features.8                        68    -0.241759 5.902026e-08 2.343626e-08      137
features.8                       223    -0.232970 5.518906e-08 1.178466e-08      137
features.8                       208    -0.213482 5.436603e-08 3.510484e-08      137
features.8                       151    -0.209437 5.184390e-08 2.488028e-08      137
features.8                       144    -0.204753 5.072852e-08 2.460704e-08      137
features.8                       161    -0.199616 5.229386e-08 4.217294e-08      137
features.8                       241    -0.187662 4.702028e-08 2.592375e-08      137
features.8                        12    -0.184681 5.104103e-08 5.605896e-08      137
features.8                       142    -0.176721 4.840812e-08 5.086840e-08      137
features.9                         4    -0.129685 6.307448e-08 5.152411e-09      137
features.9                        47    -0.109824 6.235214e-08 5.205609e-08      137
features.9                       260    -0.100260 5.409608e-08 3.244169e-08      137
features.9                       356    -0.094346 6.560800e-08 1.089857e-07      137
features.9                        20    -0.090580 4.664208e-08 1.740436e-08      137
features.9                        21    -0.086836 4.415784e-08 1.371633e-08      137
features.9                        43    -0.085148 4.960425e-08 4.709222e-08      137
features.9                        16    -0.083589 5.104836e-08 5.878397e-08      137
features.9                       375    -0.080789 4.139413e-08 1.442176e-08      137
features.10                      324    -0.342312 7.395202e-08 3.788999e-08      137
features.10                       97    -0.298662 6.252245e-08 5.022166e-09      137
features.10                      209    -0.293227 6.203889e-08 1.410353e-08      137
features.10                       79    -0.256594 5.396564e-08 7.816218e-09      137
features.10                       11    -0.251764 5.329790e-08 1.254918e-08      137
features.10                      286    -0.249143 5.237694e-08 7.285158e-09      137
features.10                      338    -0.245665 5.651787e-08 7.549721e-08      137
features.10                      383    -0.231629 5.280622e-08 6.441741e-08      137
features.10                      367    -0.222838 6.671292e-08 2.850641e-07      137
features.11                       90    -0.093264 2.369380e-07 1.164550e-07      169
features.11                      380    -0.090237 2.393081e-07 1.932627e-07      169
features.11                       40    -0.088295 2.272947e-07 1.341113e-07      169
features.11                      369    -0.086514 2.299175e-07 1.891583e-07      169
features.11                      307    -0.084131 2.052111e-07 3.675490e-08      169
features.11                      284    -0.076211 2.512202e-07 5.566120e-07      169
features.11                      207    -0.075318 3.093948e-07 1.039695e-06      169
features.11                      258    -0.075235 1.940110e-07 1.169769e-07      169
features.11                       52    -0.071170 1.846065e-07 1.192817e-07      169
features.12                      377    -0.365944 8.028247e-08 7.721579e-07      201
features.12                      108    -0.288796 5.061870e-08 1.523786e-07      201
features.12                       93    -0.280581 5.433586e-08 3.330501e-07      201
features.12                      289    -0.273266 4.405722e-08 6.448553e-09      201
features.12                       11    -0.270715 4.808823e-08 1.657544e-07      201
features.12                       37    -0.266633 4.527918e-08 8.849004e-08      201
features.12                      142    -0.263291 4.449231e-08 7.951473e-08      201
features.12                      452    -0.259228 4.470702e-08 1.106202e-07      201
features.12                      287    -0.256758 5.327104e-08 4.320762e-07      201
features.12                      283    -0.247039 4.011393e-08 1.605899e-08      201
features.12                       62    -0.244735 3.963511e-08 1.215372e-08      201
features.12                      411    -0.242647 5.274097e-08 4.943437e-07      201
features.12                      116    -0.241928 3.970574e-08 3.085585e-08      201
features.13                      241    -0.206632 5.116655e-08 1.084214e-07      201
features.13                      208    -0.188094 5.099040e-08 2.119750e-07      201
features.13                      285    -0.185425 4.563956e-08 9.022299e-08      201
features.13                      497    -0.183537 4.261625e-08 2.363972e-08      201
features.13                      297    -0.166216 3.932273e-08 4.009912e-08      201
features.13                       17    -0.164555 4.281052e-08 1.392878e-07      201
features.13                       28    -0.158335 3.692642e-08 2.455065e-08      201
features.13                      181    -0.155856 3.789512e-08 6.385990e-08      201
features.13                      125    -0.148400 3.589939e-08 5.611236e-08      201
features.13                      450    -0.148033 3.383940e-08 5.390691e-09      201
features.13                      490    -0.147566 3.879563e-08 1.353000e-07      201
features.13                      130    -0.147191 3.535590e-08 4.921286e-08      201
features.13                      148    -0.144145 3.772942e-08 1.278810e-07      201
features.14                      210    -0.361831 1.283557e-06 7.803191e-10      265
features.14                      401    -0.353729 1.494210e-06 1.144045e-07      265
features.14                      305    -0.349891 1.242510e-06 1.376902e-09      265
features.14                       58    -0.348598 1.771422e-06 2.546289e-07      265
features.14                      482    -0.342464 1.637807e-06 2.015166e-07      265
features.14                      440    -0.305939 1.280371e-06 9.326837e-08      265
features.14                      174    -0.296713 1.185573e-06 6.378254e-08      265
features.14                       57    -0.293208 1.339735e-06 1.428593e-07      265
features.14                        8    -0.283950 1.316716e-06 1.475030e-07      265
features.14                      324    -0.274488 1.275340e-06 1.437745e-07      265
features.14                      312    -0.268577 1.047924e-06 4.576105e-08      265
features.14                      242    -0.264893 1.376061e-06 2.077245e-07      265
features.14                       36    -0.261346 1.237215e-06 1.477781e-07      265
features.15                      546    -0.318574 1.948878e-07 2.268779e-08      329
features.15                      811    -0.307025 1.892198e-07 4.566656e-08      329
features.15                      493    -0.290253 1.810382e-07 7.988080e-08      329
features.15                      954    -0.288149 1.848770e-07 1.670367e-07      329
features.15                      185    -0.275125 1.741499e-07 1.191060e-07      329
features.15                      844    -0.275072 1.733306e-07 1.056952e-07      329
features.15                       74    -0.273878 1.721112e-07 9.728361e-08      329
features.15                      851    -0.272127 1.701776e-07 8.247370e-08      329
features.15                      446    -0.268144 1.638004e-07 1.506217e-08      329
features.15                       55    -0.264162 1.618461e-07 2.298911e-08      329
features.15                       95    -0.263236 1.604208e-07 8.288372e-09      329
features.15                      159    -0.262556 1.652227e-07 9.711810e-08      329
features.15                      816    -0.260790 1.602954e-07 3.146724e-08      329
features.15                      453    -0.260628 1.632841e-07 8.405331e-08      329
features.15                      343    -0.259078 1.635578e-07 1.047572e-07      329
features.15                      762    -0.246576 1.674229e-07 2.999641e-07      329
features.15                       75    -0.244718 1.527582e-07 6.941525e-08      329
features.15                      136    -0.242815 1.485885e-07 1.808704e-08      329
features.15                      560    -0.241720 1.489266e-07 3.517925e-08      329
features.15                      673    -0.241372 1.483913e-07 2.965781e-08      329
features.15                      785    -0.236367 1.451700e-07 2.658285e-08      329
features.15                      685    -0.235390 1.486499e-07 9.596901e-08      329
features.16                      108    -0.093108 4.462497e-07 3.963738e-07      329
features.16                      955    -0.069104 3.158543e-07 1.249130e-07      329
features.16                      278    -0.061975 2.748889e-07 1.958117e-08      329
features.16                      547    -0.059113 2.647902e-07 4.728958e-08      329
features.16                      612    -0.058436 2.654984e-07 8.802544e-08      329
features.16                      316    -0.058138 2.604632e-07 4.696825e-08      329
features.16                      571    -0.057792 2.583782e-07 4.081472e-08      329
features.16                      238    -0.057514 2.565878e-07 3.457221e-08      329
features.16                      281    -0.057291 2.558721e-07 3.749837e-08      329
features.16                      912    -0.056651 2.516770e-07 2.233061e-08      329
features.16                       43    -0.054950 2.439169e-07 1.943077e-08      329
features.16                      704    -0.053997 2.438672e-07 6.518155e-08      329
features.16                      631    -0.053632 2.484817e-07 1.338173e-07      329
features.16                      198    -0.053628 2.719535e-07 3.929404e-07      329
features.16                      764    -0.053275 2.852598e-07 5.568606e-07      329
features.16                      117    -0.052617 3.495332e-07 1.297741e-06      329
features.16                      572    -0.049096 2.166034e-07 2.714118e-09      329
features.16                      577    -0.047338 2.094801e-07 9.595984e-09      329
features.16                      761    -0.047105 2.084581e-07 9.648173e-09      329
features.16                      425    -0.047060 2.126620e-07 5.820808e-08      329
features.16                      382    -0.047025 2.080777e-07 9.339434e-09      329
features.16                      894    -0.046814 2.280535e-07 2.398987e-07      329
features.17                      684    -0.496931 1.680241e-06 7.870760e-09      489
features.17                       65    -0.371506 1.266962e-06 1.413906e-08      489
features.17                      144    -0.353478 1.234438e-06 3.555618e-08      489
features.17                      377    -0.350326 1.187297e-06 7.658051e-09      489
features.17                        9    -0.339494 1.178883e-06 2.902101e-08      489
features.17                      355    -0.335162 1.208864e-06 6.301929e-08      489
features.17                      653    -0.327705 1.167336e-06 5.044851e-08      489
features.17                      179    -0.324220 1.107560e-06 1.375736e-08      489
features.17                      944    -0.323328 1.118672e-06 2.452965e-08      489
features.17                      494    -0.322314 1.120089e-06 2.821228e-08      489
features.17                      703    -0.320696 1.086115e-06 6.428865e-09      489
features.17                      245    -0.309204 1.081665e-06 3.251127e-08      489
features.17                      585    -0.304811 1.033325e-06 6.880099e-09      489
features.17                      782    -0.302199 1.020740e-06 3.973105e-09      489
features.17                      647    -0.300656 1.025382e-06 1.147372e-08      489
features.17                      791    -0.298797 1.066577e-06 4.768838e-08      489
features.17                      186    -0.298684 1.020277e-06 1.263705e-08      489
features.17                      374    -0.292083 9.992766e-07 1.353984e-08      489
features.17                      270    -0.288692 9.741476e-07 3.055719e-09      489
features.17                      892    -0.287248 9.810151e-07 1.200158e-08      489
features.17                      877    -0.282834 9.748835e-07 1.864429e-08      489
features.17                      940    -0.280732 9.697903e-07 2.014772e-08      489
