================================================================================
Channel Pruning Log
  iteration  : 3
  alpha      : 0.3000
  timestamp  : 2026-05-12 18:08:40
  remove_target  : 144100
  accum_removed  : 144154
  selected_channels : 658
  total_params   : 2289600
  active_after   : 1807149
  model_sparsity : 21.1%
================================================================================

[ 레이어별 채널 제거 비율 ]
  layer                total_ch  this_iter    cumul  cumul_%
  ----------------------------------------------------------
  features.1                 32          2       14    43.8%
  features.2                 96         13       49    51.0%
  features.3                144          4       17    11.8%
  features.4                144          6       26    18.1%
  features.5                192         12       32    16.7%
  features.6                192         23       49    25.5%
  features.7                192         27       83    43.2%
  features.8                384         48      164    42.7%
  features.9                384         43      116    30.2%
  features.10               384         38      146    38.0%
  features.11               384         93      189    49.2%
  features.12               576         53      168    29.2%
  features.13               576         73      221    38.4%
  features.14               576         76      388    67.4%
  features.15               960         25       96    10.0%
  features.16               960         58      143    14.9%
  features.17               960         64      230    24.0%

[ 블록별 제거 채널 수 ]
  features.1: 2채널 제거
  features.10: 38채널 제거
  features.11: 93채널 제거
  features.12: 53채널 제거
  features.13: 73채널 제거
  features.14: 76채널 제거
  features.15: 25채널 제거
  features.16: 58채널 제거
  features.17: 64채널 제거
  features.2: 13채널 제거
  features.3: 4채널 제거
  features.4: 6채널 제거
  features.5: 12채널 제거
  features.6: 23채널 제거
  features.7: 27채널 제거
  features.8: 48채널 제거
  features.9: 43채널 제거

[ 선택된 채널 상세 ]
block                             ch        score          phi         perf  weights
--------------------------------------------------------------------------------
features.16                      929    -0.698855 7.653103e-07 2.198857e-09      329
features.15                      338    -0.698286 8.674701e-07 2.451476e-09      329
features.8                        53    -0.698252 8.385521e-08 3.532142e-09      137
features.17                      935    -0.698210 9.668339e-07 1.219805e-09      489
features.2                        84    -0.697444 2.058030e-07 1.363397e-07       49
features.1                        12    -0.697191 1.147401e-07 2.240497e-05       25
features.6                         7    -0.695446 7.251681e-08 2.135696e-08       73
features.12                      567    -0.689717 1.390642e-07 1.288018e-08      201
features.11                      197    -0.687088 2.541185e-07 7.799602e-09      169
features.9                       239    -0.683001 1.466848e-07 9.551098e-09      137
features.2                        60    -0.682818 2.056354e-07 8.872275e-07       49
features.13                      180    -0.682701 9.105449e-08 3.781512e-08      201
features.3                        13    -0.681512 7.692864e-08 9.639791e-07       57
features.8                       218    -0.680447 8.191099e-08 6.731962e-09      137
features.6                        61    -0.678230 7.280860e-08 2.672402e-07       73
features.16                      675    -0.677246 7.457672e-07 9.371682e-09      329
features.8                       298    -0.677134 8.126991e-08 2.592135e-09      137
features.13                      575    -0.676431 8.824080e-08 4.222833e-09      201
features.10                      129    -0.665746 1.016140e-07 2.120033e-08      137
features.16                      410    -0.660902 7.236550e-07 1.914892e-09      329
features.5                         8    -0.655583 9.941781e-08 4.906912e-09       73
features.12                       20    -0.654977 1.318439e-07 1.087036e-08      201
features.9                       137    -0.641561 1.348284e-07 8.264351e-10      137
features.14                      510    -0.638423 1.185411e-06 3.627468e-08      265
features.11                      304    -0.633295 2.337972e-07 1.956722e-09      169
features.9                       183    -0.625637 1.321711e-07 2.704325e-09      137
features.13                       68    -0.624390 8.150103e-08 4.722061e-09      201
features.16                      693    -0.620075 6.785473e-07 1.086594e-09      329
features.14                      290    -0.619485 1.136578e-06 2.834229e-08      265
features.11                      106    -0.617486 2.294435e-07 2.012463e-08      169
features.13                      176    -0.616739 8.028289e-08 9.742384e-10      201
features.11                      338    -0.615913 2.582463e-07 3.812484e-07      169
features.8                       185    -0.615692 7.383576e-08 1.342985e-09      137
features.6                        25    -0.615479 6.597991e-08 2.316144e-07       73
features.11                      255    -0.613796 2.515820e-07 3.089428e-07      169
features.16                      358    -0.612362 6.698003e-07 5.327886e-10      329
features.9                       346    -0.611265 1.289856e-07 2.231391e-09      137
features.16                       48    -0.609770 6.679587e-07 2.276707e-09      329
features.11                      234    -0.609481 2.362075e-07 1.395533e-07      169
features.8                       197    -0.608320 7.361849e-08 1.263044e-08      137
features.10                       76    -0.605932 8.930276e-08 5.727678e-09      137
features.10                      124    -0.603821 8.925281e-08 6.821119e-09      137
features.13                      307    -0.601487 7.825550e-08 2.443323e-10      201
features.10                      171    -0.599286 8.788678e-08 3.803493e-09      137
features.12                      223    -0.595339 1.193711e-07 6.928457e-09      201
features.13                      416    -0.594272 8.259730e-08 8.901880e-08      201
features.9                       224    -0.593374 1.287022e-07 1.178574e-08      137
features.11                      285    -0.592286 2.219078e-07 4.177038e-08      169
features.13                      141    -0.591740 7.852969e-08 2.617067e-08      201
features.9                       276    -0.589074 1.251576e-07 4.504829e-09      137
features.11                      108    -0.588480 2.263161e-07 1.132070e-07      169
features.8                       157    -0.587442 7.083909e-08 7.913195e-09      137
features.9                       329    -0.586842 1.241669e-07 3.064378e-09      137
features.9                       176    -0.586377 1.236306e-07 1.855545e-09      137
features.11                      341    -0.586303 2.170815e-07 9.584600e-09      169
features.9                       231    -0.585911 1.467815e-07 6.590496e-08      137
features.15                      686    -0.583173 7.303337e-07 8.824145e-09      329
features.12                      204    -0.582084 1.159567e-07 2.000718e-09      201
features.11                      144    -0.581277 2.149731e-07 6.460333e-09      169
features.11                      263    -0.580760 2.183254e-07 5.000529e-08      169
features.11                      188    -0.580637 2.185335e-07 5.312244e-08      169
features.8                       216    -0.580268 7.055427e-08 1.765328e-08      137
features.9                       362    -0.579684 1.227624e-07 3.330253e-09      137
features.6                       184    -0.579493 6.031661e-08 4.881423e-09       73
features.13                       85    -0.576350 7.503258e-08 1.032107e-09      201
features.13                       48    -0.574965 7.493760e-08 2.465185e-09      201
features.7                        69    -0.573680 8.951499e-07 2.235797e-08      105
features.11                      373    -0.569421 2.132693e-07 3.927522e-08      169
features.11                      111    -0.569235 2.117751e-07 2.175475e-08      169
features.13                       50    -0.565064 7.385815e-08 5.968645e-09      201
features.9                       228    -0.564530 1.291034e-07 2.955372e-08      137
features.12                      214    -0.562547 1.119797e-07 1.397034e-09      201
features.13                      286    -0.561065 7.329461e-08 5.239870e-09      201
features.12                      354    -0.558097 1.111888e-07 1.985384e-09      201
features.17                      777    -0.557466 7.717809e-07 8.947767e-10      489
features.12                      424    -0.556793 1.107059e-07 5.738143e-10      201
features.9                       358    -0.556724 1.172579e-07 1.429639e-09      137
features.12                       26    -0.555708 1.106076e-07 1.312390e-09      201
features.8                       289    -0.555480 6.933933e-08 4.739922e-08      137
features.9                       381    -0.555221 1.191774e-07 7.585953e-09      137
features.9                       212    -0.554895 1.166887e-07 9.177663e-10      137
features.13                       43    -0.554461 7.357102e-08 2.432969e-08      201
features.11                      196    -0.553376 2.052673e-07 1.368035e-08      169
features.16                      376    -0.552998 6.069491e-07 4.138212e-09      329
features.12                      360    -0.551529 1.097663e-07 1.242161e-09      201
features.9                        69    -0.550520 1.235874e-07 2.245081e-08      137
features.11                      300    -0.550246 2.287788e-07 3.168309e-07      169
features.13                      424    -0.549983 7.188069e-08 5.703655e-09      201
features.8                       130    -0.549752 6.641385e-08 9.435821e-09      137
features.12                      188    -0.549095 1.094539e-07 2.322135e-09      201
features.16                       91    -0.547588 6.015309e-07 5.011881e-09      329
features.7                        31    -0.546095 1.067778e-06 2.616611e-07      105
features.11                      279    -0.545768 2.036034e-07 2.772745e-08      169
features.2                        10    -0.545747 1.623077e-07 3.370511e-07       49
features.13                       14    -0.545364 7.096551e-08 4.195120e-10      201
features.11                      356    -0.544367 2.068817e-07 7.437039e-08      169
features.14                      321    -0.543171 1.000310e-06 2.673010e-08      265
features.11                      257    -0.541974 2.006419e-07 8.532287e-09      169
features.8                       129    -0.541009 6.502131e-08 3.584085e-09      137
features.11                       11    -0.540665 2.000941e-07 7.735448e-09      169
features.8                       135    -0.540246 6.627562e-08 2.639811e-08      137
features.10                      361    -0.540195 9.774476e-08 8.242131e-08      137
features.12                      212    -0.538423 1.077333e-07 4.843297e-09      201
features.14                      137    -0.537236 9.921317e-07 2.781797e-08      265
features.8                        43    -0.536669 8.367400e-08 3.286228e-07      137
features.17                       24    -0.536628 7.426015e-07 6.984314e-10      489
features.2                        18    -0.535703 1.581818e-07 1.239346e-07       49
features.12                      562    -0.535292 1.066822e-07 2.136261e-09      201
features.10                      172    -0.535082 7.811650e-08 1.883621e-09      137
features.13                       56    -0.534302 7.052268e-08 1.716578e-08      201
features.11                      275    -0.534301 2.059509e-07 1.085702e-07      169
features.11                      244    -0.533692 1.984195e-07 1.876941e-08      169
features.9                        97    -0.533105 1.193569e-07 2.085664e-08      137
features.15                      513    -0.532557 6.601493e-07 2.086761e-10      329
features.11                      374    -0.532160 2.153386e-07 2.336533e-07      169
features.14                       41    -0.530940 1.042160e-06 5.841839e-08      265
features.12                      464    -0.529249 1.090516e-07 2.465661e-08      201
features.14                      372    -0.528878 9.413166e-07 9.638494e-09      265
features.11                       98    -0.527864 2.030434e-07 1.020246e-07      169
features.9                       338    -0.526475 1.352821e-07 6.855977e-08      137
features.11                      287    -0.525892 1.959056e-07 2.324175e-08      169
features.2                        70    -0.525588 1.561505e-07 2.952086e-07       49
features.15                      482    -0.522953 6.507699e-07 3.121592e-09      329
features.11                      261    -0.522911 2.060900e-07 1.619251e-07      169
features.14                      462    -0.522252 9.611042e-07 2.535870e-08      265
features.12                      183    -0.522227 1.151004e-07 7.161253e-08      201
features.11                      180    -0.522198 1.972049e-07 5.595697e-08      169
features.11                      157    -0.520798 1.936769e-07 1.894838e-08      169
features.11                      177    -0.520279 1.969628e-07 6.168425e-08      169
features.8                       277    -0.519618 6.450742e-08 3.831541e-08      137
features.16                      552    -0.519150 6.084670e-07 7.183531e-08      329
features.9                        27    -0.519095 1.090195e-07 4.707263e-10      137
features.11                       68    -0.518251 1.935672e-07 2.914522e-08      169
features.13                      154    -0.517936 6.771376e-08 5.732636e-09      201
features.13                       82    -0.517125 7.045635e-08 5.361701e-08      201
features.13                      224    -0.516712 6.732609e-08 1.892150e-09      201
features.11                      253    -0.516365 1.911400e-07 7.867854e-09      169
features.12                      292    -0.516076 1.029375e-07 2.595673e-09      201
features.9                        52    -0.516020 1.086748e-07 1.297667e-09      137
features.16                      282    -0.515405 5.689884e-07 9.656770e-09      329
features.6                       185    -0.515170 5.382172e-08 2.798231e-08       73
features.17                      721    -0.513432 7.100856e-07 4.626816e-10      489
features.2                        52    -0.507357 1.497881e-07 1.130848e-07       49
features.13                      219    -0.507211 6.604585e-08 1.146610e-09      201
features.13                      542    -0.506863 6.656994e-08 1.071973e-08      201
features.14                      352    -0.506795 8.955480e-07 5.993625e-09      265
features.10                       34    -0.505544 7.674247e-08 1.430959e-08      137
features.11                      381    -0.504926 1.877987e-07 1.866938e-08      169
features.10                       68    -0.504553 7.989330e-08 2.835925e-08      137
features.14                      239    -0.504490 9.318118e-07 2.619920e-08      265
features.11                      166    -0.504345 1.930371e-07 8.568302e-08      169
features.12                      313    -0.504023 1.005967e-07 2.933890e-09      201
features.12                      185    -0.503916 1.007841e-07 4.251365e-09      201
features.7                       137    -0.503853 7.889747e-07 2.273607e-08      105
features.7                       189    -0.503656 8.319296e-07 7.094660e-08      105
features.12                      454    -0.503170 1.017860e-07 1.150599e-08      201
features.7                        84    -0.501923 8.319223e-07 7.388509e-08      105
features.17                      502    -0.501260 6.937758e-07 7.100857e-10      489
features.11                       45    -0.500327 1.879984e-07 4.197637e-08      169
features.5                        21    -0.500293 7.612144e-08 1.124874e-08       73
features.6                        94    -0.498773 5.281528e-08 1.105212e-07       73
features.8                       202    -0.498150 6.065965e-08 1.668218e-08      137
features.3                        23    -0.497850 5.551220e-08 3.791538e-07       57
features.12                      255    -0.496625 9.914898e-08 3.072606e-09      201
features.11                      158    -0.495084 1.832271e-07 7.107253e-09      169
features.13                      100    -0.494840 6.498217e-08 1.031959e-08      201
features.16                      214    -0.494713 5.494220e-07 1.502647e-08      329
features.11                      195    -0.494600 1.989011e-07 2.019373e-07      169
features.17                      160    -0.494496 6.871379e-07 2.045019e-09      489
features.7                        86    -0.494429 7.784467e-07 2.702303e-08      105
features.11                       59    -0.494288 1.905935e-07 1.012504e-07      169
features.11                        8    -0.493816 1.936075e-07 1.404339e-07      169
features.14                      176    -0.493784 8.722266e-07 5.674381e-09      265
features.11                       24    -0.493459 1.874611e-07 6.651406e-08      169
features.11                       89    -0.492004 1.913660e-07 1.210986e-07      169
features.9                       163    -0.491632 1.057687e-07 7.379665e-09      137
features.9                        74    -0.490951 1.158641e-07 3.558550e-08      137
features.13                      417    -0.489388 6.618382e-08 4.244527e-08      201
features.13                       47    -0.488324 6.379091e-08 4.540274e-09      201
features.11                      271    -0.487914 1.804601e-07 5.610047e-09      169
features.14                      415    -0.487786 8.598794e-07 4.726662e-09      265
features.13                      221    -0.486530 6.838331e-08 8.567437e-08      201
features.11                       14    -0.485922 1.798179e-07 6.748881e-09      169
features.14                      530    -0.485872 1.220452e-06 1.872641e-07      265
features.10                       80    -0.485603 7.191907e-08 6.084839e-09      137
features.11                      282    -0.485520 1.934717e-07 1.763786e-07      169
features.8                       244    -0.484432 6.716137e-08 1.547685e-07      137
features.13                        8    -0.484166 6.337029e-08 6.561660e-09      201
features.11                      273    -0.483269 2.553499e-07 9.470713e-07      169
features.12                      494    -0.482819 9.704247e-08 7.086539e-09      201
features.17                       63    -0.481878 6.716703e-07 3.012432e-09      489
features.8                       120    -0.481642 5.868235e-08 1.668612e-08      137
features.9                       310    -0.481373 1.011072e-07 4.641799e-10      137
features.5                       157    -0.480763 7.421470e-08 4.240558e-08       73
features.10                       50    -0.480743 7.022040e-08 1.849734e-09      137
features.16                      304    -0.480071 5.257906e-07 1.630038e-09      329
features.12                      151    -0.480021 1.023782e-07 4.425118e-08      201
features.14                      269    -0.478505 8.491170e-07 7.444214e-09      265
features.16                      185    -0.478477 5.241397e-07 1.791579e-09      329
features.9                       187    -0.477598 1.053087e-07 1.421966e-08      137
features.13                      244    -0.477350 6.320347e-08 1.866435e-08      201
features.8                       275    -0.477330 5.789158e-08 1.203675e-08      137
features.11                      248    -0.477263 1.771035e-07 1.265147e-08      169
features.16                      899    -0.477174 5.224772e-07 1.373421e-09      329
features.10                      254    -0.476582 6.951120e-08 1.400977e-09      137
features.7                        49    -0.476146 9.324342e-07 2.297367e-07      105
features.4                        38    -0.475963 5.530734e-07 1.878916e-07       65
features.17                      950    -0.475103 6.571192e-07 4.492329e-10      489
features.9                       267    -0.474505 1.206688e-07 5.832320e-08      137
features.12                      426    -0.472982 9.454153e-08 3.637755e-09      201
features.10                      325    -0.471991 6.949929e-08 4.192152e-09      137
features.14                      135    -0.471971 9.229405e-07 5.018897e-08      265
features.2                        94    -0.471483 1.609507e-07 4.057686e-06       49
features.10                       15    -0.471063 6.937917e-08 4.254149e-09      137
features.13                      482    -0.470077 6.202165e-08 1.470131e-08      201
features.9                       123    -0.469930 9.880474e-08 7.311179e-10      137
features.12                      477    -0.469875 9.389655e-08 3.462803e-09      201
features.14                      162    -0.469389 8.540043e-07 1.786854e-08      265
features.16                       88    -0.468789 5.141927e-07 2.925222e-09      329
features.14                      499    -0.467935 8.493558e-07 1.680825e-08      265
features.10                       61    -0.466877 6.874333e-08 4.133940e-09      137
features.11                      176    -0.466406 1.888170e-07 2.058381e-07      169
features.7                       114    -0.466310 7.582967e-07 5.237215e-08      105
features.7                        44    -0.466275 7.353205e-07 2.682213e-08      105
features.13                      385    -0.465892 6.089699e-08 4.944742e-09      201
features.17                      246    -0.465840 6.450693e-07 8.163312e-10      489
features.17                      794    -0.464371 6.502550e-07 4.377081e-09      489
features.12                      362    -0.464092 9.251021e-08 1.965279e-09      201
features.11                      116    -0.462961 1.933842e-07 2.775914e-07      169
features.3                       108    -0.462313 5.091423e-08 5.044320e-08       57
features.8                        94    -0.461854 5.536024e-08 5.532461e-10      137
features.8                       143    -0.461093 5.623515e-08 1.693118e-08      137
features.6                        56    -0.461092 4.804906e-08 1.052128e-08       73
features.2                        82    -0.460645 1.364682e-07 1.882012e-07       49
features.16                      746    -0.460331 5.039416e-07 1.162095e-09      329
features.11                      286    -0.459772 1.701113e-07 6.021903e-09      169
features.7                        11    -0.459483 7.289616e-07 3.128287e-08      105
features.16                      940    -0.459194 5.037618e-07 3.028750e-09      329
features.14                      133    -0.458979 8.310472e-07 1.545689e-08      265
features.17                      256    -0.458333 6.341959e-07 5.676566e-10      489
features.8                       140    -0.457144 5.752150e-08 4.675982e-08      137
features.8                       293    -0.456844 5.672390e-08 3.384720e-08      137
features.7                        56    -0.456719 7.249109e-07 3.146720e-08      105
features.14                      359    -0.456175 8.181001e-07 1.141521e-08      265
features.12                      447    -0.455761 9.059486e-08 3.240502e-10      201
features.11                       12    -0.455368 1.681826e-07 2.284881e-09      169
features.13                      127    -0.455178 6.263598e-08 5.761221e-08      201
features.16                      590    -0.454554 5.037933e-07 1.199964e-08      329
features.16                      818    -0.453690 4.967727e-07 1.322490e-09      329
features.17                      756    -0.453591 6.276869e-07 5.873041e-10      489
features.12                      112    -0.453385 9.045196e-08 2.400046e-09      201
features.7                        72    -0.452976 7.273863e-07 4.059037e-08      105
features.11                       61    -0.452921 1.677279e-07 7.795071e-09      169
features.14                      293    -0.452275 8.504521e-07 3.105334e-08      265
features.13                      541    -0.451828 6.105775e-08 3.840386e-08      201
features.13                      527    -0.450818 5.949797e-08 1.438936e-08      201
features.9                       313    -0.450426 9.702927e-08 7.107404e-09      137
features.8                        90    -0.449882 5.524625e-08 2.293483e-08      137
features.14                      477    -0.449729 8.165233e-07 1.626139e-08      265
features.17                      424    -0.449707 6.236872e-07 1.260914e-09      489
features.5                       174    -0.449604 6.817150e-08 3.067523e-09       73
features.17                      501    -0.449531 6.248039e-07 1.931826e-09      489
features.11                       36    -0.449456 1.678681e-07 2.522684e-08      169
features.7                        26    -0.449180 7.374310e-07 5.823871e-08      105
features.15                      935    -0.448799 5.566300e-07 5.299259e-10      329
features.12                      446    -0.448588 9.306186e-08 2.487431e-08      201
features.6                        26    -0.448352 4.664418e-08 1.108895e-09       73
features.12                      515    -0.448332 9.225089e-08 2.008056e-08      201
features.10                      145    -0.448009 6.531025e-08 1.174471e-09      137
features.15                       81    -0.447926 5.578433e-07 3.179877e-09      329
features.2                        11    -0.447893 1.325996e-07 1.665500e-07       49
features.7                        60    -0.447830 7.960173e-07 1.258335e-07      105
features.17                      482    -0.447534 6.187415e-07 3.013543e-10      489
features.13                      441    -0.447524 5.936995e-08 1.944218e-08      201
features.12                      333    -0.447197 9.558030e-08 4.250482e-08      201
features.14                      379    -0.447148 8.129724e-07 1.673748e-08      265
features.15                       34    -0.446647 5.556275e-07 2.451468e-09      329
features.14                       70    -0.446584 8.728245e-07 4.725304e-08      265
features.8                        41    -0.446287 5.431415e-08 1.443301e-08      137
features.8                       131    -0.445630 5.350592e-08 2.065404e-09      137
features.14                      280    -0.445021 7.927443e-07 8.451294e-09      265
features.17                      239    -0.444855 6.156744e-07 6.139175e-10      489
features.11                      204    -0.443953 1.649771e-07 1.464691e-08      169
features.8                       354    -0.443697 5.541926e-08 3.842921e-08      137
features.12                      297    -0.443658 8.961545e-08 9.312252e-09      201
features.10                      187    -0.443539 6.620188e-08 7.743653e-09      137
features.16                      267    -0.443452 4.865311e-07 2.994740e-09      329
features.13                      161    -0.443240 5.776333e-08 1.797912e-09      201
features.14                      434    -0.442460 7.966606e-07 1.265501e-08      265
features.17                      413    -0.441950 6.118062e-07 6.848897e-10      489
features.2                        73    -0.441767 1.317294e-07 3.356832e-07       49
features.12                      528    -0.441235 8.780025e-08 8.991866e-10      201
features.9                       328    -0.440186 9.349036e-08 3.273366e-09      137
features.14                      189    -0.440071 8.609197e-07 4.697696e-08      265
features.9                       265    -0.440066 9.943302e-08 1.971438e-08      137
features.14                      341    -0.438441 7.784927e-07 7.057214e-09      265
features.15                      244    -0.437817 5.479652e-07 6.239870e-09      329
features.13                      226    -0.437281 5.704208e-08 2.705510e-09      201
features.15                      507    -0.437259 5.440442e-07 2.510613e-09      329
features.17                      774    -0.436763 6.052393e-07 9.797878e-10      489
features.8                       292    -0.436680 5.252362e-08 3.589451e-09      137
features.14                      311    -0.436644 8.603437e-07 4.968541e-08      265
features.7                        15    -0.436506 7.415741e-07 8.440448e-08      105
features.13                      239    -0.436157 7.738587e-08 3.471933e-07      201
features.13                      452    -0.435982 5.749804e-08 1.321146e-08      201
features.8                       249    -0.435964 5.464633e-08 4.102969e-08      137
features.13                      347    -0.435487 5.680539e-08 2.649612e-09      201
features.14                       14    -0.435309 7.921560e-07 1.664934e-08      265
features.8                       107    -0.434969 5.290206e-08 1.348022e-08      137
features.11                      100    -0.434531 1.640129e-07 4.551662e-08      169
features.7                       159    -0.434421 7.679845e-07 1.173852e-07      105
features.9                       140    -0.433795 9.105722e-08 2.620976e-10      137
features.17                      172    -0.433385 5.995807e-07 4.899660e-10      489
features.17                       51    -0.432405 6.036974e-07 3.189837e-09      489
features.11                      182    -0.431608 1.594900e-07 3.183860e-09      169
features.13                       11    -0.431002 5.631867e-08 4.275286e-09      201
features.11                      330    -0.430867 1.596672e-07 8.720671e-09      169
features.10                       27    -0.430506 6.614828e-08 1.558318e-08      137
features.10                      224    -0.430121 6.381303e-08 5.862704e-09      137
features.7                        33    -0.429679 6.970221e-07 4.635496e-08      105
features.16                       53    -0.429110 4.710260e-07 3.301678e-09      329
features.17                      238    -0.429104 5.982685e-07 2.760150e-09      489
features.11                      318    -0.429080 1.657132e-07 9.113168e-08      169
features.15                      874    -0.428514 5.324732e-07 1.662777e-09      329
features.11                        5    -0.428274 1.583888e-07 4.768276e-09      169
features.12                      141    -0.427790 8.519189e-08 1.294737e-09      201
features.7                       112    -0.427706 7.772086e-07 1.390836e-07      105
features.17                      309    -0.427550 5.920650e-07 7.582542e-10      489
features.5                        73    -0.427347 6.481000e-08 3.306994e-09       73
features.16                      430    -0.427256 4.903272e-07 4.078164e-08      329
features.17                      766    -0.427216 5.944605e-07 2.167931e-09      489
features.16                      210    -0.427006 4.719342e-07 8.939947e-09      329
features.16                      333    -0.427001 4.677701e-07 1.632601e-09      329
features.16                      954    -0.426962 4.694729e-07 4.699107e-09      329
features.6                       186    -0.426947 4.488994e-08 5.685925e-08       73
features.13                      516    -0.426830 5.594959e-08 7.193740e-09      201
features.9                       222    -0.426548 9.223485e-08 7.692791e-09      137
features.10                        1    -0.426507 6.359397e-08 7.165657e-09      137
features.4                        77    -0.426309 4.266205e-07 1.958171e-08       65
features.17                      522    -0.426151 5.905465e-07 9.624190e-10      489
features.12                      431    -0.425810 8.469581e-08 6.458146e-10      201
features.11                      378    -0.425510 1.571592e-07 2.186034e-09      169
features.11                      117    -0.425417 1.581991e-07 1.539044e-08      169
features.14                      205    -0.425224 7.833104e-07 2.103267e-08      265
features.13                      428    -0.424706 5.725721e-08 3.382353e-08      201
features.12                      135    -0.424678 8.457603e-08 1.309655e-09      201
features.11                      178    -0.424342 1.631028e-07 8.053272e-08      169
features.6                       114    -0.424171 4.506850e-08 1.120389e-07       73
features.14                      519    -0.423524 8.748489e-07 6.843543e-08      265
features.11                      138    -0.423228 1.593802e-07 3.983295e-08      169
features.16                      247    -0.423043 4.643327e-07 3.196218e-09      329
features.10                      335    -0.422695 6.193395e-08 2.446822e-09      137
features.12                      119    -0.422677 8.497412e-08 6.328463e-09      201
features.9                       365    -0.422568 9.643578e-08 2.156557e-08      137
features.17                      358    -0.422568 5.848866e-07 6.116877e-10      489
features.6                       168    -0.422310 4.407487e-08 1.756962e-08       73
features.17                      659    -0.421612 5.904217e-07 3.995007e-09      489
features.13                      284    -0.420950 5.479475e-08 6.359482e-10      201
features.9                       146    -0.420525 9.147366e-08 9.075251e-09      137
features.14                      356    -0.420320 8.167900e-07 4.211473e-08      265
features.14                       72    -0.419893 7.402464e-07 4.093462e-09      265
features.11                      247    -0.419821 1.707930e-07 1.955436e-07      169
features.13                       71    -0.419773 5.501317e-08 6.882168e-09      201
features.15                      714    -0.419725 5.210204e-07 1.014370e-09      329
features.14                      127    -0.419045 7.874438e-07 2.850988e-08      265
features.12                      276    -0.418976 8.341768e-08 1.147898e-09      201
features.13                      505    -0.418056 5.474129e-08 6.067809e-09      201
features.15                      378    -0.417567 5.184141e-07 1.093860e-09      329
features.12                      465    -0.417542 8.326774e-08 1.998868e-09      201
features.14                      539    -0.417229 7.500520e-07 1.134211e-08      265
features.4                        16    -0.416329 4.907692e-07 1.794718e-07       65
features.12                      270    -0.416248 8.290562e-08 1.336130e-09      201
features.17                      365    -0.415852 5.776953e-07 1.640344e-09      489
features.17                      135    -0.415614 5.808120e-07 3.340577e-09      489
features.11                      262    -0.415354 2.046848e-07 6.323311e-07      169
features.17                      509    -0.414789 5.748597e-07 9.651691e-10      489
features.15                      458    -0.414304 5.156123e-07 2.528059e-09      329
features.13                      234    -0.413211 5.383955e-08 1.502068e-09      201
features.16                      649    -0.412791 4.517566e-07 7.935786e-10      329
features.14                      511    -0.412601 8.272785e-07 5.412620e-08      265
features.6                       122    -0.412355 4.322058e-08 3.896782e-08       73
features.14                      345    -0.412252 7.245040e-07 2.879630e-09      265
features.14                      525    -0.412195 7.272818e-07 4.322591e-09      265
features.11                       97    -0.411889 1.553094e-07 4.121364e-08      169
features.11                      131    -0.411034 1.536114e-07 2.421880e-08      169
features.16                      759    -0.410744 4.523586e-07 5.784592e-09      329
features.6                       128    -0.410730 4.276365e-08 4.973558e-09       73
features.11                      202    -0.410343 1.524257e-07 1.278444e-08      169
features.14                       58    -0.410325 8.205798e-07 5.275689e-08      265
features.6                        11    -0.410228 4.282288e-08 1.812722e-08       73
features.13                      341    -0.410209 5.484599e-08 2.498916e-08      201
features.9                       326    -0.410109 9.963566e-08 3.757857e-08      137
features.12                       71    -0.409996 8.158844e-08 8.624430e-10      201
features.13                      479    -0.409926 5.335093e-08 4.721111e-10      201
features.9                       332    -0.409342 8.613775e-08 8.352964e-10      137
features.13                      174    -0.409126 5.325575e-08 6.220776e-10      201
features.8                        17    -0.409077 4.909078e-08 1.450007e-09      137
features.13                      301    -0.409075 5.482981e-08 2.719602e-08      201
features.6                        63    -0.407836 4.281890e-08 4.703927e-08       73
features.8                        66    -0.407619 5.003661e-08 2.044611e-08      137
features.14                      335    -0.407446 7.334019e-07 1.154606e-08      265
features.11                      265    -0.407061 1.520667e-07 2.325002e-08      169
features.14                      315    -0.406579 7.515069e-07 2.138604e-08      265
features.14                      458    -0.406409 7.266636e-07 9.072810e-09      265
features.13                      359    -0.406114 5.305364e-08 3.809735e-09      201
features.1                        24    -0.405505 6.653017e-08 2.995608e-06       25
features.17                      818    -0.404663 5.626768e-07 1.855211e-09      489
features.12                      445    -0.404070 8.070000e-08 2.684652e-09      201
features.10                      351    -0.403893 6.096582e-08 9.957350e-09      137
features.17                      282    -0.403888 5.610357e-07 1.573932e-09      489
features.14                      528    -0.403775 7.856831e-07 4.098116e-08      265
features.16                      165    -0.403688 4.419491e-07 1.047993e-09      329
features.7                       185    -0.403388 6.377967e-07 2.504351e-08      105
features.14                      450    -0.403049 7.752237e-07 3.636939e-08      265
features.7                        30    -0.402855 6.323547e-07 1.988385e-08      105
features.14                      517    -0.402442 7.264553e-07 1.243775e-08      265
features.11                      370    -0.402257 1.539897e-07 6.866478e-08      169
features.14                      277    -0.402007 7.870590e-07 4.321717e-08      265
features.11                      118    -0.401879 1.534002e-07 6.313612e-08      169
features.15                      426    -0.401657 4.990633e-07 1.515461e-09      329
features.11                      139    -0.401626 1.557532e-07 9.320043e-08      169
features.16                      807    -0.401302 4.403098e-07 2.750827e-09      329
features.17                       75    -0.401140 5.645329e-07 5.172763e-09      489
features.5                        72    -0.401024 6.074931e-08 1.066847e-09       73
features.15                      733    -0.400960 4.980600e-07 1.353804e-09      329
features.13                       59    -0.400906 5.225181e-08 1.718495e-09      201
features.13                       16    -0.400788 5.299147e-08 1.441302e-08      201
features.9                       364    -0.400770 8.545438e-08 3.904354e-09      137
features.6                       100    -0.400633 4.200711e-08 3.964155e-08       73
features.5                        65    -0.400131 6.196231e-08 4.106778e-08       73
features.4                        57    -0.399999 6.856442e-07 6.355596e-07       65
features.5                       151    -0.399994 1.059760e-07 1.347516e-06       73
features.13                      398    -0.399990 6.274195e-08 1.800890e-07      201
features.11                       58    -0.399947 1.670448e-07 2.395868e-07      169
features.8                       274    -0.399338 5.039730e-08 4.337915e-08      137
features.11                       43    -0.398951 1.489494e-07 2.171203e-08      169
features.10                       58    -0.398927 5.876404e-08 3.642008e-09      137
features.10                       44    -0.398883 5.797896e-08 3.218874e-10      137
features.13                      464    -0.398855 5.211513e-08 3.907119e-09      201
features.14                      173    -0.398755 7.112779e-07 8.049086e-09      265
features.13                       93    -0.398637 5.201460e-08 2.692590e-09      201
features.13                      499    -0.398516 5.332315e-08 2.495780e-08      201
features.13                      229    -0.398328 5.225700e-08 7.443891e-09      201
features.16                      732    -0.398246 4.363032e-07 1.581388e-09      329
features.14                      416    -0.398068 7.655122e-07 3.585413e-08      265
features.17                        4    -0.397935 5.512114e-07 7.830085e-10      489
features.13                      442    -0.397620 5.273742e-08 1.706927e-08      201
features.8                       191    -0.397595 4.802010e-08 6.618363e-09      137
features.17                      634    -0.397026 5.498709e-07 7.407434e-10      489
features.10                      230    -0.396776 5.852093e-08 3.937118e-09      137
features.16                       47    -0.396515 4.343009e-07 1.388327e-09      329
features.6                         2    -0.396422 4.212553e-08 1.053408e-07       73
features.16                      901    -0.396273 4.336056e-07 6.327035e-10      329
features.15                      298    -0.395564 4.909077e-07 8.161100e-10      329
features.14                      481    -0.395547 6.955927e-07 2.986646e-09      265
features.17                      347    -0.395382 5.475869e-07 7.341301e-10      489
features.13                      521    -0.395188 5.162773e-08 3.732502e-09      201
features.10                      319    -0.394922 6.571560e-08 3.576595e-08      137
features.17                      772    -0.394573 5.482078e-07 1.592139e-09      489
features.17                      299    -0.394532 5.464866e-07 7.706797e-10      489
features.17                      286    -0.394221 5.488118e-07 2.130575e-09      489
features.11                      233    -0.394097 1.467280e-07 1.641828e-08      169
features.14                      400    -0.393745 6.883938e-07 9.521244e-10      265
features.14                      553    -0.392949 7.568647e-07 3.599288e-08      265
features.12                       68    -0.392800 8.112694e-08 1.950120e-08      201
features.11                      372    -0.392475 1.610717e-07 2.000580e-07      169
features.8                        25    -0.392284 4.731524e-08 5.455103e-09      137
features.16                      790    -0.391905 4.290033e-07 9.364660e-10      329
features.17                      604    -0.391664 5.483766e-07 3.658860e-09      489
features.17                      665    -0.391593 5.422191e-07 6.678942e-10      489
features.17                      771    -0.391585 5.423332e-07 7.297575e-10      489
features.14                      145    -0.391427 7.011909e-07 9.397765e-09      265
features.11                      310    -0.391389 1.452488e-07 1.051530e-08      169
features.17                      254    -0.391381 5.443438e-07 1.861107e-09      489
features.17                      220    -0.391143 5.419258e-07 8.298746e-10      489
features.17                      660    -0.390793 5.416146e-07 9.151522e-10      489
features.12                       91    -0.390488 7.906615e-08 9.398884e-09      201
features.16                      497    -0.390334 4.276342e-07 1.548602e-09      329
features.8                        44    -0.390068 4.711403e-08 6.544880e-09      137
features.17                      623    -0.390019 5.444853e-07 2.859624e-09      489
features.11                      170    -0.389810 1.479989e-07 5.147306e-08      169
features.13                      564    -0.389756 5.192789e-08 2.065759e-08      201
features.17                      671    -0.389646 5.396479e-07 7.266119e-10      489
features.17                      599    -0.389529 5.420947e-07 2.013892e-09      489
features.12                      159    -0.388722 7.884983e-08 1.024783e-08      201
features.7                       109    -0.388364 6.036217e-07 1.249600e-08      105
features.8                       349    -0.388155 4.692760e-08 7.267645e-09      137
features.17                      183    -0.388091 5.383078e-07 1.124722e-09      489
features.8                       228    -0.387993 4.652289e-08 7.370710e-10      137
features.17                      959    -0.387941 5.369081e-07 5.364331e-10      489
features.13                      163    -0.387813 5.171583e-08 2.134271e-08      201
features.15                      532    -0.387703 4.817985e-07 1.546754e-09      329
features.7                        48    -0.387432 6.817779e-07 1.011909e-07      105
features.11                      339    -0.387285 1.528066e-07 1.220092e-07      169
features.8                       187    -0.386811 5.771544e-08 1.928879e-07      137
features.16                      189    -0.386500 4.231147e-07 9.726315e-10      329
features.6                        92    -0.386083 4.027129e-08 1.337993e-08       73
features.16                      274    -0.386052 4.221506e-07 1.382791e-10      329
features.2                        50    -0.385827 1.152385e-07 3.276053e-07       49
features.17                      325    -0.385596 5.334101e-07 4.088241e-10      489
features.6                       160    -0.385481 4.029199e-08 2.321632e-08       73
features.14                      492    -0.385409 7.024112e-07 1.527308e-08      265
features.10                      305    -0.385406 5.704133e-08 4.666243e-09      137
features.14                      175    -0.385154 6.977772e-07 1.317174e-08      265
features.9                       354    -0.384652 8.306576e-08 6.635062e-09      137
features.14                       44    -0.384590 6.895604e-07 9.543841e-09      265
features.16                      360    -0.384378 4.212037e-07 1.690799e-09      329
features.8                       327    -0.384220 7.738767e-08 5.316602e-07      137
features.14                       16    -0.384012 6.992046e-07 1.488677e-08      265
features.17                       25    -0.383974 5.310729e-07 3.608510e-10      489
features.14                      229    -0.383940 6.790216e-07 4.825794e-09      265
features.12                      487    -0.383526 7.631578e-08 7.745319e-10      201
features.8                       375    -0.383306 6.597959e-08 3.401124e-07      137
features.10                      239    -0.383237 5.584969e-08 9.270406e-10      137
features.13                      548    -0.383055 4.990262e-08 1.263391e-09      201
features.17                      673    -0.382915 5.310904e-07 1.090953e-09      489
features.14                      513    -0.382800 7.070996e-07 1.990675e-08      265
features.14                       74    -0.382695 6.897855e-07 1.131402e-08      265
features.14                       40    -0.382691 7.298524e-07 3.141520e-08      265
features.14                       18    -0.382654 7.411214e-07 3.710016e-08      265
features.17                      717    -0.382424 5.405952e-07 6.116684e-09      489
features.11                      192    -0.382344 1.412872e-07 2.840867e-09      169
features.16                      499    -0.382010 4.186769e-07 1.799716e-09      329
features.7                       133    -0.381993 6.032036e-07 2.286175e-08      105
features.9                       112    -0.381953 8.250323e-08 6.644585e-09      137
features.15                       50    -0.381690 4.740628e-07 1.218973e-09      329
features.12                      412    -0.381415 7.786894e-08 1.321715e-08      201
features.16                       78    -0.380623 4.177964e-07 2.918559e-09      329
features.14                      418    -0.380537 6.661881e-07 1.364679e-09      265
features.16                      411    -0.380447 4.209134e-07 8.733296e-09      329
features.10                      373    -0.380357 5.620047e-08 4.205491e-09      137
features.10                      118    -0.380302 5.553878e-08 1.417926e-09      137
features.16                      676    -0.380296 4.173771e-07 2.809675e-09      329
features.12                      236    -0.380263 7.576672e-08 1.399863e-09      201
features.13                      261    -0.380199 5.010761e-08 1.095581e-08      201
features.16                      933    -0.379828 4.252088e-07 1.747055e-08      329
features.13                       92    -0.379649 5.000605e-08 1.044980e-08      201
features.12                      428    -0.379380 7.660281e-08 7.780573e-09      201
features.15                      643    -0.379298 4.728868e-07 3.284069e-09      329
features.16                      477    -0.378887 4.145795e-07 6.003921e-10      329
features.17                      840    -0.378833 5.250252e-07 8.804134e-10      489
features.11                      113    -0.378810 1.471409e-07 9.080532e-08      169
features.10                      189    -0.378728 5.558779e-08 2.601604e-09      137
features.13                      453    -0.378689 4.936347e-08 1.745363e-09      201
features.17                      907    -0.378686 5.261207e-07 1.521066e-09      489
features.8                        22    -0.378379 4.893215e-08 6.110576e-08      137
features.14                       96    -0.378365 6.832627e-07 1.182890e-08      265
features.12                      384    -0.378027 7.540478e-08 1.918862e-09      201
features.7                        10    -0.377994 6.067374e-07 3.360011e-08      105
features.16                      915    -0.377914 4.165477e-07 5.928794e-09      329
features.8                       265    -0.377590 4.773549e-08 4.242160e-08      137
features.14                      466    -0.377488 7.261334e-07 3.409969e-08      265
features.15                      585    -0.377335 4.693551e-07 2.015185e-09      329
features.7                        13    -0.377182 6.089573e-07 3.745478e-08      105
features.9                       157    -0.376966 8.612449e-08 1.950192e-08      137
features.10                      101    -0.376870 5.782060e-08 1.327325e-08      137
features.13                       46    -0.376848 4.973162e-08 1.196171e-08      201
features.17                      856    -0.376568 5.255019e-07 2.659523e-09      489
features.7                       127    -0.376531 6.241052e-07 5.544421e-08      105
features.8                       305    -0.376487 4.903697e-08 6.672554e-08      137
features.14                      191    -0.375767 6.630238e-07 3.949194e-09      265
features.12                      161    -0.375200 7.495218e-08 2.607002e-09      201
features.8                       133    -0.374830 4.590875e-08 1.705837e-08      137
features.11                       53    -0.374655 1.439429e-07 7.033896e-08      169
features.16                      505    -0.374532 4.118910e-07 4.242236e-09      329
features.9                        62    -0.374484 8.766083e-08 2.516826e-08      137
features.13                      483    -0.374391 4.885962e-08 2.675443e-09      201
features.6                       129    -0.373624 4.026886e-08 1.661035e-07       73
features.13                      512    -0.373439 4.871701e-08 2.358944e-09      201
features.14                      490    -0.373366 6.687865e-07 8.939647e-09      265
features.11                      187    -0.373164 1.404876e-07 3.463604e-08      169
features.15                      110    -0.373164 4.631878e-07 8.620613e-10      329
features.16                      893    -0.373095 4.093963e-07 2.619951e-09      329
features.8                       270    -0.373016 4.540673e-08 1.222998e-08      137
features.8                       303    -0.372863 4.770817e-08 5.155889e-08      137
features.16                      934    -0.372689 4.081155e-07 1.148686e-09      329
features.14                      339    -0.372553 6.605950e-07 5.541442e-09      265
features.13                      227    -0.372250 4.843463e-08 2.124819e-10      201
features.11                      123    -0.372185 1.456703e-07 1.027707e-07      169
features.12                      352    -0.371687 7.511053e-08 8.008118e-09      201
features.12                      213    -0.371478 7.391479e-08 7.272157e-10      201
features.10                       88    -0.371260 5.654278e-08 1.129709e-08      137
features.10                      119    -0.371138 5.489974e-08 4.365861e-09      137
features.16                       69    -0.371131 4.062747e-07 9.070861e-10      329
features.11                       20    -0.370839 1.416847e-07 5.988968e-08      169
features.9                       215    -0.370766 7.785874e-08 3.116709e-10      137
features.2                        75    -0.370583 1.133309e-07 7.953439e-07       49
features.9                       383    -0.370545 8.013162e-08 6.700902e-09      137
features.11                      168    -0.370527 1.419882e-07 6.503257e-08      169
features.11                       84    -0.370402 1.461780e-07 1.170961e-07      169
features.15                      602    -0.370266 4.602819e-07 1.653648e-09      329
features.16                      520    -0.370197 4.051475e-07 7.205012e-10      329
features.14                      337    -0.369862 6.703359e-07 1.278050e-08      265
features.11                      334    -0.369823 1.367132e-07 3.395400e-09      169
features.5                       170    -0.369185 5.946145e-08 1.058718e-07       73
features.16                      158    -0.368975 4.157023e-07 2.161556e-08      329
features.4                       142    -0.368888 4.594485e-07 2.122330e-07       65
features.14                      417    -0.368877 6.556595e-07 6.280803e-09      265
features.15                      491    -0.368649 4.637548e-07 7.978727e-09      329
features.14                      242    -0.368625 7.767543e-07 6.724258e-08      265
features.13                      328    -0.368624 4.797904e-08 4.828312e-10      201
features.14                      464    -0.368598 8.097454e-07 8.381473e-08      265
features.12                       42    -0.368561 7.682639e-08 2.274932e-08      201
features.5                       108    -0.368222 5.615111e-08 1.198054e-08       73
features.17                      405    -0.368176 5.128106e-07 2.116713e-09      489
features.11                      148    -0.368155 1.425804e-07 8.306721e-08      169
features.17                      620    -0.368105 5.104347e-07 9.921686e-10      489
features.8                       353    -0.368019 4.460859e-08 8.848704e-09      137
features.14                      227    -0.367997 6.496701e-07 4.045813e-09      265
features.14                       81    -0.367538 6.887585e-07 2.405416e-08      265
features.15                      669    -0.367431 4.692822e-07 1.610567e-08      329
features.4                        47    -0.367228 4.493100e-07 1.938223e-07       65
features.10                      214    -0.367179 5.365863e-08 1.523969e-09      137
features.17                      884    -0.367170 5.093145e-07 1.076826e-09      489
features.7                        80    -0.367160 6.653291e-07 1.173231e-07      105
features.14                      497    -0.367085 7.214986e-07 4.087272e-08      265
features.10                      112    -0.366703 5.694332e-08 1.582590e-08      137
features.16                      258    -0.366172 4.233799e-07 4.049319e-08      329
features.13                      551    -0.366094 4.788006e-08 4.351001e-09      201
features.16                      482    -0.365807 4.009028e-07 1.695936e-09      329
features.17                      471    -0.365787 5.078569e-07 1.300232e-09      489
features.17                      798    -0.365580 5.058430e-07 4.475434e-10      489
features.13                      517    -0.365552 4.841857e-08 1.459066e-08      201
features.5                        14    -0.365471 5.735691e-08 6.011553e-08       73
features.6                        55    -0.365297 3.815368e-08 1.862378e-08       73
features.8                       256    -0.365193 4.396713e-08 3.712290e-09      137
features.14                      361    -0.365052 6.525283e-07 8.055020e-09      265
features.13                      238    -0.364821 4.768005e-08 3.771691e-09      201
features.9                       186    -0.364370 7.673734e-08 9.171484e-10      137
features.10                      343    -0.364344 5.624554e-08 1.431046e-08      137
features.11                      149    -0.363683 1.444806e-07 1.266980e-07      169
features.8                        74    -0.363306 4.375675e-08 3.978917e-09      137
features.13                       81    -0.363122 4.734485e-08 1.853176e-09      201
features.16                      104    -0.362740 3.974499e-07 1.520025e-09      329
features.11                      328    -0.362537 1.344256e-07 8.318880e-09      169
features.16                      362    -0.362512 3.966995e-07 6.406046e-10      329
features.17                      776    -0.362425 5.017926e-07 5.988897e-10      489
features.11                      105    -0.362337 1.343664e-07 8.496659e-09      169
features.17                      739    -0.361773 5.053428e-07 2.795530e-09      489
features.11                      327    -0.361766 1.478505e-07 1.768068e-07      169
features.15                       51    -0.361615 4.503785e-07 2.597930e-09      329
features.6                       154    -0.361484 3.998079e-08 2.811791e-07       73
features.11                       64    -0.361000 1.376245e-07 5.460145e-08      169
features.12                      259    -0.360919 7.220342e-08 3.163877e-09      201
features.10                       75    -0.360813 5.517306e-08 1.192289e-08      137
features.5                        23    -0.360678 6.258359e-08 2.367128e-07       73
features.17                      543    -0.360547 5.054997e-07 3.708479e-09      489
features.2                        67    -0.360469 1.068510e-07 1.582428e-07       49
features.16                      171    -0.360387 3.946569e-07 1.133175e-09      329
features.3                        55    -0.359928 4.029559e-08 3.511366e-07       57
features.11                      363    -0.359882 1.341035e-07 1.639528e-08      169
features.16                       58    -0.359763 4.012894e-07 1.398660e-08      329
features.16                      186    -0.359703 3.942039e-07 1.651683e-09      329
features.14                        7    -0.359278 6.610353e-07 1.737174e-08      265
features.14                      549    -0.358931 7.525426e-07 6.357548e-08      265
features.6                       151    -0.358927 3.785761e-08 6.189494e-08       73
features.10                      146    -0.358874 5.262812e-08 2.270316e-09      137
features.9                       211    -0.358806 7.650946e-08 3.503341e-09      137
