================================================================================
Channel Pruning Log
  iteration  : 12
  alpha      : 0.7000
  timestamp  : 2026-04-03 20:35:22
  remove_target  : 55748
  accum_removed  : 55850
  selected_channels : 306
  total_params   : 2289600
  active_after   : 1011935
  model_sparsity : 55.8%
================================================================================

[ 레이어별 채널 제거 비율 ]
  layer                total_ch  this_iter    cumul  cumul_%
  ----------------------------------------------------------
  features.1                 32          4       21    65.6%
  features.2                 96          1       90    93.8%
  features.3                144         51       90    62.5%
  features.4                144         10       15    10.4%
  features.5                192         11       25    13.0%
  features.6                192         12       81    42.2%
  features.7                192          1       26    13.5%
  features.8                384          7       83    21.6%
  features.9                384         26      225    58.6%
  features.10               384         14      293    76.3%
  features.11               384         40      270    70.3%
  features.12               576          6      242    42.0%
  features.13               576         32      463    80.4%
  features.14               576         24      447    77.6%
  features.15               960          6      766    79.8%
  features.16               960         54      502    52.3%
  features.17               960          7      922    96.0%

[ 블록별 제거 채널 수 ]
  features.1: 4채널 제거
  features.10: 14채널 제거
  features.11: 40채널 제거
  features.12: 6채널 제거
  features.13: 32채널 제거
  features.14: 24채널 제거
  features.15: 6채널 제거
  features.16: 54채널 제거
  features.17: 7채널 제거
  features.2: 1채널 제거
  features.3: 51채널 제거
  features.4: 10채널 제거
  features.5: 11채널 제거
  features.6: 12채널 제거
  features.7: 1채널 제거
  features.8: 7채널 제거
  features.9: 26채널 제거

[ 선택된 채널 상세 ]
block                             ch        score          phi         perf  weights
--------------------------------------------------------------------------------
features.3                        86    -0.297378 6.880830e-08 6.054001e-07       57
features.15                      942    -0.215704 5.037176e-07 8.243207e-09      329
features.3                       110    -0.187240 6.329107e-08 2.051245e-05       57
features.3                        94    -0.163241 3.784230e-08 4.038935e-07       57
features.3                        47    -0.162238 4.007079e-08 2.882651e-06       57
features.3                        18    -0.161479 3.952005e-08 2.502891e-06       57
features.3                       117    -0.144527 3.942082e-08 6.323126e-06       57
features.3                       127    -0.143831 3.379280e-08 8.098033e-07       57
features.3                       136    -0.142732 3.476768e-08 2.046721e-06       57
features.3                       121    -0.141491 3.385839e-08 1.416913e-06       57
features.3                        79    -0.137337 3.505293e-08 3.581906e-06       57
features.3                        19    -0.137007 3.250478e-08 1.089210e-06       57
features.3                        14    -0.132271 3.038643e-08 4.855604e-08       57
features.13                       32    -0.128155 5.458780e-08 6.650848e-08      201
features.3                       130    -0.122463 2.895383e-08 8.723047e-07       57
features.3                       103    -0.116909 2.708738e-08 2.749242e-07       57
features.3                        84    -0.107966 2.785006e-08 3.112019e-06       57
features.3                        60    -0.107623 2.637763e-08 1.706686e-06       57
features.15                      845    -0.105313 6.954915e-07 1.019760e-06      329
features.5                         8    -0.102565 1.132281e-07 8.609886e-09       73
features.11                       44    -0.102474 4.605141e-07 8.071800e-07      169
features.3                        77    -0.099971 2.377235e-08 8.495012e-07       57
features.3                        50    -0.099243 2.390417e-08 1.150675e-06       57
features.3                       119    -0.097611 2.294760e-08 5.636762e-07       57
features.3                        70    -0.097310 2.390051e-08 1.593987e-06       57
features.4                         2    -0.096503 2.514846e-07 1.213342e-08       65
features.3                        73    -0.096411 2.305093e-08 9.454004e-07       57
features.3                       111    -0.096105 2.299431e-08 9.590714e-07       57
features.3                       107    -0.095042 2.199954e-08 2.020223e-07       57
features.3                        92    -0.093203 2.485636e-08 3.507635e-06       57
features.3                       132    -0.092700 2.195865e-08 7.023832e-07       57
features.17                      870    -0.092519 3.105521e-06 8.602326e-08      489
features.3                       104    -0.091866 2.118036e-08 1.105724e-07       57
features.13                      223    -0.091221 3.525258e-08 2.438491e-08      201
features.14                      277    -0.090292 1.358704e-06 4.953881e-08      265
features.1                        31    -0.090249 2.647895e-07 3.048799e-05       25
features.3                        54    -0.090107 2.105936e-08 3.953641e-07       57
features.3                        25    -0.089851 4.229394e-08 2.186401e-05       57
features.16                      315    -0.089836 6.138363e-07 1.811138e-08      329
features.3                        20    -0.087702 2.056234e-08 4.502136e-07       57
features.3                       109    -0.087103 2.120589e-08 1.237765e-06       57
features.3                        26    -0.086482 2.004201e-08 2.078412e-07       57
features.9                        59    -0.086020 7.310740e-08 1.678151e-09      137
features.17                      403    -0.085613 2.698024e-06 1.165427e-08      489
features.16                      289    -0.085151 5.903777e-07 3.804253e-08      329
features.3                        22    -0.085043 1.973565e-08 2.317219e-07       57
features.14                      444    -0.084898 1.679362e-06 7.968303e-08      265
features.16                      576    -0.084752 5.954929e-07 5.710529e-08      329
features.16                      262    -0.083734 5.758763e-07 2.600134e-08      329
features.11                       64    -0.082332 2.494179e-07 1.822098e-07      169
features.16                      546    -0.082155 5.553511e-07 1.920441e-09      329
features.4                        20    -0.081287 2.544495e-07 3.434476e-08       65
features.3                       133    -0.080826 1.974203e-08 1.213321e-06       57
features.9                        72    -0.080095 8.461113e-08 2.004562e-08      137
features.11                      104    -0.080085 2.203346e-07 9.108696e-08      169
features.13                      462    -0.079656 3.178579e-08 2.767946e-08      201
features.11                      296    -0.079501 2.528115e-07 2.222299e-07      169
features.14                      254    -0.079369 1.042634e-06 3.104886e-08      265
features.13                      500    -0.078790 5.147168e-08 1.550047e-07      201
features.11                      191    -0.078083 3.996715e-07 8.036689e-07      169
features.3                        30    -0.077935 1.805518e-08 1.811027e-07       57
features.11                       38    -0.077860 2.283810e-07 1.433452e-07      169
features.13                      399    -0.077616 3.245237e-08 3.640440e-08      201
features.9                       161    -0.076975 8.281713e-08 2.094353e-08      137
features.16                      694    -0.076971 5.246524e-07 1.240358e-08      329
features.3                       120    -0.076532 2.745498e-08 9.982894e-06       57
features.14                      504    -0.076345 1.257348e-06 5.082707e-08      265
features.9                       304    -0.075791 6.886043e-08 6.448172e-09      137
features.11                        1    -0.075603 3.281166e-07 5.505041e-07      169
features.9                       333    -0.075465 7.075117e-08 8.864371e-09      137
features.9                       375    -0.075366 8.239722e-08 2.197126e-08      137
features.11                       88    -0.074962 2.056336e-07 8.291342e-08      169
features.9                       223    -0.074609 6.667327e-08 5.103025e-09      137
features.10                       49    -0.074355 5.045345e-08 9.293817e-09      137
features.16                      153    -0.074297 5.614367e-07 1.462514e-07      329
features.12                      573    -0.074015 6.717505e-08 1.155674e-08      201
features.5                       102    -0.073763 8.413284e-08 2.851259e-08       73
features.13                      531    -0.073642 2.865375e-08 2.092480e-08      201
features.9                       380    -0.072737 6.770860e-08 8.002224e-09      137
features.3                        37    -0.072690 1.756242e-08 8.973261e-07       57
features.1                         6    -0.072509 2.380031e-07 4.484349e-05       25
features.3                        71    -0.072236 1.706746e-08 5.031159e-07       57
features.10                      157    -0.072145 4.627605e-08 4.864094e-09      137
features.1                        26    -0.072049 1.865497e-07 4.332571e-06       25
features.16                      429    -0.072042 5.157714e-07 7.193253e-08      329
features.9                       279    -0.072010 6.880919e-08 9.907916e-09      137
features.14                      406    -0.071797 1.269601e-06 5.497911e-08      265
features.16                      468    -0.071777 4.947353e-07 2.495524e-08      329
features.17                      869    -0.071745 2.647355e-06 1.591826e-07      489
features.16                      825    -0.071675 4.856852e-07 4.542876e-09      329
features.16                      824    -0.071383 4.833797e-07 3.730617e-09      329
features.13                       69    -0.071212 2.479380e-08 1.665950e-09      201
features.3                        43    -0.071096 1.957560e-08 3.295696e-06       57
features.3                        21    -0.071012 1.675047e-08 4.665564e-07       57
features.6                       163    -0.070746 2.735864e-08 8.435930e-09       73
features.13                      192    -0.070621 2.698919e-08 1.694979e-08      201
features.5                        73    -0.070433 7.821579e-08 9.714465e-09       73
features.2                        24    -0.070432 2.059086e-07 4.015219e-05       49
features.13                      189    -0.070371 4.616277e-08 1.396589e-07      201
features.14                      202    -0.070246 1.174970e-06 4.825505e-08      265
features.4                        40    -0.070194 2.525075e-07 4.821308e-08       65
features.11                      185    -0.070193 3.694713e-07 7.618440e-07      169
features.11                       70    -0.069855 1.783158e-07 2.579233e-08      169
features.9                       270    -0.069697 6.877013e-08 1.201618e-08      137
features.6                        75    -0.069658 4.529015e-08 3.310580e-07       73
features.11                      178    -0.069573 2.597131e-07 3.432628e-07      169
features.16                      563    -0.069476 4.767182e-07 1.889521e-08      329
features.11                      210    -0.069129 2.790680e-07 4.223343e-07      169
features.13                      403    -0.068781 2.563122e-08 1.233785e-08      201
features.6                       178    -0.068400 3.051480e-08 7.961665e-08       73
features.9                        82    -0.068286 6.645840e-08 1.074531e-08      137
features.9                        25    -0.068213 6.529893e-08 9.516958e-09      137
features.16                      959    -0.068024 4.974397e-07 9.339088e-08      329
features.8                       376    -0.067967 1.622802e-07 1.083947e-08      137
features.14                      178    -0.067925 1.682146e-06 9.164069e-08      265
features.9                       248    -0.067404 6.277267e-08 7.446713e-09      137
features.17                      263    -0.067119 2.430356e-06 1.310049e-07      489
features.16                      398    -0.066919 4.537366e-07 4.923979e-09      329
features.11                      206    -0.066792 2.038886e-07 1.538003e-07      169
features.3                         1    -0.066117 2.042857e-08 5.306924e-06       57
features.3                         5    -0.066093 1.608243e-08 9.305602e-07       57
features.1                        18    -0.066076 2.288454e-07 5.049574e-05       25
features.17                      484    -0.066017 2.252233e-06 7.540807e-08      489
features.16                      703    -0.065746 4.636726e-07 4.849955e-08      329
features.10                      377    -0.065732 4.308759e-08 5.866533e-09      137
features.15                      804    -0.065616 1.718926e-07 4.468044e-08      329
features.16                      522    -0.065579 4.456613e-07 7.283088e-09      329
features.10                      285    -0.065508 4.196577e-08 4.333675e-09      137
features.9                        61    -0.065364 6.123030e-08 7.621018e-09      137
features.13                      216    -0.065206 2.872078e-08 3.986881e-08      201
features.14                      318    -0.065148 6.951564e-07 1.224959e-08      265
features.9                        33    -0.065060 6.061022e-08 7.210369e-09      137
features.11                       92    -0.064930 2.067034e-07 1.823790e-07      169
features.16                      181    -0.064359 4.435969e-07 2.235100e-08      329
features.16                      510    -0.064329 4.350890e-07 2.077309e-09      329
features.14                      506    -0.064226 8.667085e-07 2.701989e-08      265
features.16                      810    -0.064136 4.425785e-07 2.354546e-08      329
features.3                        27    -0.064072 1.477725e-08 8.202007e-08       57
features.16                      598    -0.063856 4.350836e-07 9.866139e-09      329
features.16                      956    -0.063846 4.347619e-07 9.247732e-09      329
features.16                      925    -0.063796 4.643144e-07 8.220221e-08      329
features.13                      394    -0.063755 2.844706e-08 4.131008e-08      201
features.11                      301    -0.063475 2.469210e-07 3.517460e-07      169
features.10                      117    -0.063368 6.885171e-08 4.802344e-08      137
features.3                        68    -0.063110 1.465679e-08 1.831875e-07       57
features.13                       70    -0.063082 2.870597e-08 4.443703e-08      201
features.14                      542    -0.063021 1.892860e-06 1.123882e-07      265
features.11                      298    -0.062900 1.677910e-07 5.118706e-08      169
features.5                       109    -0.062853 8.840330e-08 1.624156e-07       73
features.14                      471    -0.062732 2.516392e-06 1.639556e-07      265
features.14                      305    -0.062721 5.950618e-07 5.680926e-09      265
features.16                      212    -0.062715 4.248352e-07 3.638915e-09      329
features.6                        36    -0.062700 2.953870e-08 1.005352e-07       73
features.9                       235    -0.062650 6.470481e-08 1.402864e-08      137
features.11                       19    -0.062450 1.587952e-07 2.066850e-08      169
features.6                       102    -0.062414 2.551817e-08 3.174201e-08       73
features.14                       66    -0.062409 5.549684e-07 2.593383e-09      265
features.14                      461    -0.062406 7.363143e-07 1.753513e-08      265
features.13                      415    -0.062211 2.608513e-08 2.964896e-08      201
features.12                       38    -0.062177 5.657651e-08 9.878160e-09      201
features.11                      201    -0.062113 1.622813e-07 3.735091e-08      169
features.11                       13    -0.061995 1.549329e-07 1.005848e-08      169
features.10                      164    -0.061808 4.610944e-08 1.419334e-08      137
features.13                      209    -0.061727 2.671950e-08 3.475387e-08      201
features.11                       94    -0.061700 1.682896e-07 6.451480e-08      169
features.11                      321    -0.061642 1.788282e-07 1.058206e-07      169
features.13                       28    -0.061552 2.357111e-08 1.507838e-08      201
features.16                      707    -0.061496 4.223768e-07 1.772266e-08      329
features.11                       32    -0.061493 1.701912e-07 7.383577e-08      169
features.13                      362    -0.061445 2.271426e-08 9.854606e-09      201
features.6                        66    -0.061318 2.489630e-08 2.812959e-08       73
features.14                      553    -0.061245 1.413715e-06 7.414253e-08      265
features.4                        41    -0.061176 1.867253e-07 2.314590e-08       65
features.14                      466    -0.060983 1.180371e-06 5.510035e-08      265
features.12                      352    -0.060973 6.054445e-08 1.558918e-08      201
features.6                       118    -0.060890 2.388130e-08 1.313882e-08       73
features.16                      290    -0.060881 4.260422e-07 3.680885e-08      329
features.11                       91    -0.060878 1.862026e-07 1.416022e-07      169
features.11                       46    -0.060826 1.859418e-07 1.410902e-07      169
features.16                      829    -0.060780 4.110782e-07 1.942027e-09      329
features.16                      488    -0.060769 4.151679e-07 1.211090e-08      329
features.9                       377    -0.060756 6.251021e-08 1.333766e-08      137
features.9                       189    -0.060602 6.316952e-08 1.421763e-08      137
features.13                      134    -0.060478 2.399211e-08 2.011760e-08      201
features.5                       136    -0.060406 7.972420e-08 1.128136e-07       73
features.16                      180    -0.060379 4.345423e-07 6.583775e-08      329
features.10                      251    -0.060370 4.825968e-08 1.886231e-08      137
features.8                        85    -0.060227 1.201928e-07 8.837425e-10      137
features.16                      770    -0.060166 4.102937e-07 1.015080e-08      329
features.13                      252    -0.060138 2.126888e-08 3.513219e-09      201
features.9                       109    -0.060115 5.706231e-08 7.845839e-09      137
features.16                      774    -0.060112 4.207379e-07 3.653730e-08      329
features.16                       59    -0.060109 4.132105e-07 1.821206e-08      329
features.3                        49    -0.059937 1.394960e-08 2.037889e-07       57
features.12                      500    -0.059858 5.031868e-08 4.674809e-09      201
features.14                      438    -0.059786 7.554750e-07 2.092424e-08      265
features.8                       217    -0.059499 1.239156e-07 2.785054e-09      137
features.16                        7    -0.059405 4.116375e-07 2.597095e-08      329
features.17                      182    -0.059356 2.227943e-06 1.462862e-07      489
features.15                      712    -0.059289 1.931081e-07 1.257540e-07      329
features.16                      489    -0.059236 4.031525e-07 8.038098e-09      329
features.4                         9    -0.059163 1.695940e-07 1.616572e-08       65
features.10                      198    -0.059044 3.757092e-08 3.512354e-09      137
features.11                      289    -0.059020 2.213203e-07 2.950721e-07      169
features.16                      553    -0.059015 3.990990e-07 1.791163e-09      329
features.16                      407    -0.059012 4.062495e-07 1.929903e-08      329
features.10                      142    -0.058960 3.800292e-08 4.260936e-09      137
features.11                      247    -0.058868 2.674646e-07 4.749749e-07      169
features.11                      273    -0.058854 4.003711e-07 9.890982e-07      169
features.16                      147    -0.058801 4.005516e-07 8.855016e-09      329
features.12                      159    -0.058621 5.337353e-08 9.351236e-09      201
features.11                      371    -0.058584 2.109512e-07 2.591163e-07      169
features.11                      307    -0.058547 1.490164e-07 1.994423e-08      169
features.11                      376    -0.058403 2.935204e-07 5.801546e-07      169
features.16                      798    -0.058208 4.150798e-07 5.410230e-08      329
features.4                       126    -0.057966 1.689525e-07 1.741688e-08       65
features.6                       171    -0.057839 4.985234e-08 4.902561e-07       73
features.9                        57    -0.057730 5.085099e-08 3.123079e-09      137
features.16                      250    -0.057651 4.215590e-07 7.907947e-08      329
features.16                       26    -0.057651 3.914616e-07 5.615736e-09      329
features.8                       114    -0.057641 1.972642e-07 3.122480e-08      137
features.16                      750    -0.057599 3.915638e-07 6.730521e-09      329
features.11                      205    -0.057544 1.529764e-07 4.479180e-08      169
features.13                      292    -0.057540 2.051231e-08 4.396298e-09      201
features.6                        35    -0.057237 2.280925e-08 1.869566e-08       73
features.5                         9    -0.057132 6.678874e-08 3.551279e-08       73
features.16                      854    -0.057055 3.859922e-07 2.083428e-09      329
features.9                       292    -0.057052 6.124237e-08 1.536653e-08      137
features.11                      320    -0.057028 1.705719e-07 1.177378e-07      169
features.16                      655    -0.056972 3.856038e-07 2.516545e-09      329
features.15                      471    -0.056843 1.558500e-07 5.438567e-08      329
features.3                       102    -0.056818 1.628513e-08 3.279854e-06       57
features.9                       226    -0.056806 5.115709e-08 4.325147e-09      137
features.11                      308    -0.056660 1.451736e-07 2.300982e-08      169
features.4                         8    -0.056619 2.773095e-07 8.057092e-08       65
features.9                        78    -0.056582 6.209921e-08 1.676176e-08      137
features.5                       165    -0.056491 6.588115e-08 3.380424e-08       73
features.6                       167    -0.056455 2.620547e-08 8.364695e-08       73
features.11                      272    -0.056415 1.680764e-07 1.139084e-07      169
features.12                      540    -0.056197 6.483621e-08 2.489960e-08      201
features.13                      487    -0.056015 3.013385e-08 6.904494e-08      201
features.5                        15    -0.055745 6.497204e-08 3.304027e-08       73
features.10                       90    -0.055709 3.733378e-08 6.237785e-09      137
features.11                      318    -0.055650 1.662418e-07 1.140874e-07      169
features.13                      208    -0.055647 3.188134e-08 8.098594e-08      201
features.16                       98    -0.055619 3.803853e-07 1.206141e-08      329
features.16                      666    -0.055568 3.831380e-07 1.962874e-08      329
features.13                      565    -0.055521 2.152653e-08 1.528872e-08      201
features.13                      519    -0.055518 2.024540e-08 7.134327e-09      201
features.8                       273    -0.055473 1.243771e-07 5.864351e-09      137
features.13                      294    -0.055443 2.229660e-08 2.036642e-08      201
features.14                      416    -0.055297 1.082034e-06 5.092890e-08      265
features.11                      116    -0.055083 3.177559e-07 7.054355e-07      169
features.3                        12    -0.055036 1.420624e-08 1.595919e-06       57
features.14                      198    -0.054964 7.209533e-07 2.141250e-08      265
features.9                        28    -0.054957 9.105107e-08 5.062710e-08      137
features.5                       108    -0.054954 6.295470e-08 2.351692e-08       73
features.8                       253    -0.054904 1.401763e-07 1.211249e-08      137
features.5                        65    -0.054889 6.991654e-08 8.163069e-08       73
features.16                        4    -0.054750 3.939178e-07 5.941963e-08      329
features.3                       142    -0.054402 1.280063e-08 3.255151e-07       57
features.15                      617    -0.054358 1.284225e-07 5.431126e-09      329
features.3                       112    -0.054322 1.261961e-08 1.614758e-07       57
features.3                       131    -0.054268 1.247973e-08 3.295396e-08       57
features.10                      324    -0.054054 4.516379e-08 1.991835e-08      137
features.10                        4    -0.053928 4.441350e-08 1.887169e-08      137
features.5                        21    -0.053927 6.019535e-08 9.994270e-09       73
features.3                         3    -0.053873 1.442540e-08 2.085915e-06       57
features.14                      324    -0.053849 1.311561e-06 7.083808e-08      265
features.16                      819    -0.053827 3.660850e-07 6.693324e-09      329
features.4                       142    -0.053792 4.266335e-07 1.689100e-07       65
features.11                      143    -0.053789 1.647890e-07 1.261551e-07      169
features.7                       116    -0.053780 6.345071e-07 2.196958e-08      105
features.17                       59    -0.053733 2.324860e-06 2.515185e-07      489
features.16                      332    -0.053628 3.775009e-07 3.782895e-08      329
features.4                       113    -0.053621 1.960118e-07 3.859683e-08       65
features.6                        73    -0.053578 2.639544e-08 1.062119e-07       73
features.13                       35    -0.053499 2.371393e-08 3.366476e-08      201
features.16                      886    -0.053456 3.622602e-07 3.465559e-09      329
features.10                      258    -0.053289 3.376909e-08 2.953414e-09      137
features.13                       72    -0.053264 1.913457e-08 5.004254e-09      201
features.13                      387    -0.053156 2.053285e-08 1.414812e-08      201
features.14                      428    -0.053148 5.680105e-07 1.006747e-08      265
features.16                      225    -0.053118 3.597619e-07 2.928978e-09      329
features.16                       40    -0.053045 3.611942e-07 7.635505e-09      329
features.16                      458    -0.053032 3.593508e-07 3.355606e-09      329
features.11                       99    -0.053020 1.475576e-07 6.681733e-08      169
features.11                      284    -0.052965 1.584835e-07 1.095997e-07      169
features.13                      392    -0.052889 4.028189e-08 1.405617e-07      201
features.10                       74    -0.052879 3.602020e-08 6.825722e-09      137
features.16                      508    -0.052822 3.615781e-07 1.223950e-08      329
features.16                      760    -0.052782 3.609277e-07 1.132433e-08      329
features.11                      294    -0.052728 1.456943e-07 6.239206e-08      169
features.14                      205    -0.052688 8.916066e-07 3.704389e-08      265
features.13                      378    -0.052683 1.920902e-08 6.753500e-09      201
features.14                      407    -0.052624 5.239012e-07 6.795634e-09      265
features.13                      255    -0.052624 1.929983e-08 7.460255e-09      201
features.3                        91    -0.052616 1.216678e-08 9.940347e-08       57
features.13                      299    -0.052580 2.028453e-08 1.383173e-08      201
features.9                       205    -0.052524 6.960580e-08 2.892514e-08      137
features.8                       125    -0.052487 1.052827e-07 9.682917e-10      137
features.4                        70    -0.052336 2.228707e-07 5.553496e-08       65
features.6                        95    -0.052301 2.191016e-08 3.586308e-08       73
features.16                      713    -0.052296 3.627398e-07 2.374957e-08      329
features.9                         7    -0.052261 5.286619e-08 1.046293e-08      137
features.14                      468    -0.052247 5.359585e-07 8.049868e-09      265
