================================================================================
Channel Pruning Log
  iteration  : 21
  alpha      : 0.7000
  timestamp  : 2026-04-04 05:33:37
  remove_target  : 21536
  accum_removed  : 21791
  selected_channels : 143
  total_params   : 2289600
  active_after   : 703875
  model_sparsity : 69.3%
================================================================================

[ 레이어별 채널 제거 비율 ]
  layer                total_ch  this_iter    cumul  cumul_%
  ----------------------------------------------------------
  features.1                 32          0       22    68.8%
  features.2                 96          0       94    97.9%
  features.3                144          0      142    98.6%
  features.4                144         21       94    65.3%
  features.5                192         26      173    90.1%
  features.6                192         16      164    85.4%
  features.7                192          0      176    91.7%
  features.8                384         27      183    47.7%
  features.9                384          6      356    92.7%
  features.10               384          2      363    94.5%
  features.11               384          9      350    91.1%
  features.12               576          7      388    67.4%
  features.13               576          3      551    95.7%
  features.14               576          0      512    88.9%
  features.15               960          9      955    99.5%
  features.16               960         14      729    75.9%
  features.17               960          3      945    98.4%

[ 블록별 제거 채널 수 ]
  features.10: 2채널 제거
  features.11: 9채널 제거
  features.12: 7채널 제거
  features.13: 3채널 제거
  features.15: 9채널 제거
  features.16: 14채널 제거
  features.17: 3채널 제거
  features.4: 21채널 제거
  features.5: 26채널 제거
  features.6: 16채널 제거
  features.8: 27채널 제거
  features.9: 6채널 제거

[ 선택된 채널 상세 ]
block                             ch        score          phi         perf  weights
--------------------------------------------------------------------------------
features.6                        43    -0.154514 1.179840e-07 4.571025e-06       73
features.5                        28    -0.131929 5.820924e-08 1.120780e-06       73
features.6                        19    -0.127476 8.615819e-08 1.815830e-06       73
features.6                       154    -0.120447 7.911930e-08 1.315547e-06       73
features.5                         2    -0.117967 6.421258e-08 1.818132e-06       73
features.4                        36    -0.110543 9.457460e-07 1.298020e-06       65
features.5                        88    -0.102184 3.851216e-08 4.271590e-07       73
features.5                        22    -0.099376 8.260041e-08 3.443915e-06       73
features.4                       132    -0.097824 9.700055e-07 1.657590e-06       65
features.11                      207    -0.095791 9.436991e-07 1.009816e-05      169
features.5                       179    -0.094704 3.227435e-08 1.665689e-07       73
features.4                       119    -0.090711 1.211967e-06 2.732122e-06       65
features.5                        48    -0.086231 3.375094e-08 4.444156e-07       73
features.5                       173    -0.084931 3.701019e-08 6.904869e-07       73
features.5                        69    -0.084422 4.165732e-08 1.012959e-06       73
features.5                       131    -0.083967 3.142329e-08 3.360529e-07       73
features.5                       128    -0.082190 3.184164e-08 4.016007e-07       73
features.15                      586    -0.077069 6.859529e-08 1.888500e-08      329
features.5                       127    -0.074361 3.637411e-08 8.708695e-07       73
features.4                        45    -0.073950 7.675532e-07 1.384146e-06       65
features.5                       153    -0.073832 3.166896e-08 5.663870e-07       73
features.4                        58    -0.073165 1.531914e-06 4.323747e-06       65
features.4                        80    -0.070346 5.812485e-07 7.472658e-07       65
features.8                       163    -0.065150 1.542858e-07 2.132717e-07      137
features.13                      210    -0.063731 4.661793e-08 1.010748e-06      201
features.4                        83    -0.062061 4.704075e-07 4.971686e-07       65
features.11                       29    -0.060666 3.851127e-07 1.742174e-06      169
features.5                        10    -0.060535 3.732534e-08 1.226431e-06       73
features.4                        86    -0.059845 1.274500e-06 3.618726e-06       65
features.8                       327    -0.059113 1.948483e-07 3.932054e-07      137
features.13                      460    -0.058470 5.375642e-08 1.505926e-06      201
features.8                       202    -0.058362 1.150479e-07 1.067387e-07      137
features.6                        87    -0.058178 4.092098e-08 1.108529e-06       73
features.5                        67    -0.058043 9.437107e-08 5.105730e-06       73
features.5                        76    -0.056333 3.295414e-08 1.021878e-06       73
features.15                      941    -0.055583 4.954763e-08 2.131366e-08      329
features.15                      605    -0.055057 4.920740e-08 3.409284e-08      329
features.8                       207    -0.054251 9.977629e-08 7.312550e-08      137
features.5                        23    -0.054016 2.303615e-08 4.054590e-07       73
features.5                       188    -0.053615 3.430292e-08 1.169715e-06       73
features.8                        32    -0.053361 9.982939e-08 7.807801e-08      137
features.4                        46    -0.053085 1.480709e-06 4.549130e-06       65
features.11                      327    -0.053024 7.322728e-07 1.018495e-05      169
features.8                       258    -0.052255 9.317275e-08 5.976221e-08      137
features.4                        10    -0.051788 3.263216e-07 1.616334e-07       65
features.5                        11    -0.050688 1.755258e-08 1.078326e-07       73
features.4                        60    -0.050573 3.652350e-07 3.359408e-07       65
features.6                        31    -0.050084 3.266755e-08 5.064736e-07       73
features.6                        54    -0.049567 3.161695e-08 3.765701e-07       73
features.4                       109    -0.049295 1.256010e-06 3.769310e-06       65
features.4                        79    -0.049197 3.873213e-07 4.492660e-07       65
features.4                        38    -0.048265 5.720105e-07 1.175106e-06       65
features.11                      379    -0.046262 2.734000e-07 8.845792e-07      169
features.11                      127    -0.044792 2.554832e-07 6.544914e-07      169
features.8                       280    -0.044453 6.672547e-08 5.204851e-09      137
features.8                       310    -0.044357 8.288206e-08 6.453116e-08      137
features.4                        33    -0.043370 2.619458e-07 9.202260e-08       65
features.8                       268    -0.043227 1.058864e-07 1.543127e-07      137
features.6                        39    -0.043079 2.751919e-08 3.343898e-07       73
features.15                      241    -0.042912 3.941554e-08 1.338030e-07      329
features.5                        27    -0.042270 1.527517e-08 1.326955e-07       73
features.15                      616    -0.041888 3.730176e-08 1.217667e-08      329
features.10                       93    -0.041470 1.445755e-07 2.325740e-06      137
features.6                        46    -0.041069 2.516911e-08 1.323445e-07       73
features.15                      444    -0.040626 3.732306e-08 1.273385e-07      329
features.8                       164    -0.040143 1.223059e-07 2.305716e-07      137
features.9                        95    -0.040099 6.561260e-08 2.998461e-07      137
features.15                      704    -0.039878 3.559349e-08 1.982925e-08      329
features.12                      317    -0.039750 5.787821e-08 3.756002e-08      201
features.5                        39    -0.039168 1.894950e-08 4.446252e-07       73
features.8                         1    -0.038668 6.889541e-08 4.403775e-08      137
features.8                       201    -0.038442 7.157169e-08 5.498982e-08      137
features.9                       322    -0.038352 1.037412e-07 8.987515e-07      137
features.6                        59    -0.038145 2.465803e-08 3.469315e-07       73
features.6                       189    -0.037661 2.270943e-08 5.639551e-08       73
features.9                       342    -0.037242 4.850099e-08 9.279032e-08      137
features.13                      437    -0.037198 3.752351e-08 1.133121e-06      201
features.6                       191    -0.036943 2.375186e-08 3.134360e-07       73
features.8                       380    -0.036466 8.284921e-08 1.066049e-07      137
features.8                       119    -0.036413 5.726149e-08 1.374676e-08      137
features.15                      105    -0.036318 3.232693e-08 9.084912e-09      329
features.5                       156    -0.036226 1.379762e-08 1.611198e-07       73
features.10                      235    -0.035964 1.053282e-07 1.596889e-06      137
features.5                        43    -0.035773 1.291680e-08 1.115957e-07       73
features.5                        77    -0.035583 1.618078e-08 3.345649e-07       73
features.4                        35    -0.035549 2.069381e-07 4.570469e-08       65
features.17                      320    -0.035387 6.937641e-06 1.808128e-06      489
features.8                       232    -0.035137 9.704412e-08 1.653832e-07      137
features.8                       337    -0.034919 7.857557e-08 9.931851e-08      137
features.8                       312    -0.034603 7.444498e-08 8.597332e-08      137
features.16                      811    -0.034537 3.578174e-07 1.169397e-07      329
features.4                       141    -0.034527 2.724119e-07 3.175285e-07       65
features.11                       15    -0.034524 2.074491e-07 7.350038e-07      169
features.6                       162    -0.034090 2.089002e-08 1.094434e-07       73
features.8                       135    -0.034061 6.383252e-08 5.024169e-08      137
features.9                       197    -0.033797 6.888732e-08 4.555772e-07      137
features.16                      912    -0.033403 3.203607e-07 3.953923e-08      329
features.12                      142    -0.033274 6.000623e-08 8.060064e-08      201
features.8                       244    -0.033169 6.795849e-08 7.002883e-08      137
features.6                       155    -0.032906 1.972062e-08 2.805971e-08       73
features.5                       154    -0.032875 1.108333e-08 4.975046e-08       73
features.8                       333    -0.032829 5.715249e-08 3.250936e-08      137
features.8                       118    -0.032823 7.074970e-08 8.203991e-08      137
features.5                       120    -0.032381 3.096302e-08 1.393734e-06       73
features.9                       127    -0.032365 6.418239e-08 4.096167e-07      137
features.12                      502    -0.032280 1.260061e-07 3.665524e-07      201
features.16                       32    -0.032101 4.297027e-07 3.866853e-07      329
features.12                      226    -0.032037 6.653649e-08 1.148706e-07      201
features.12                      489    -0.032000 5.136032e-08 5.051167e-08      201
features.5                       177    -0.031530 9.996517e-09 5.226823e-09       73
features.6                       133    -0.031522 1.938680e-08 1.135016e-07       73
features.11                      267    -0.031478 2.592842e-07 2.205639e-06      169
features.6                         9    -0.031419 1.929432e-08 1.080751e-07       73
features.4                        11    -0.031341 2.851650e-07 4.331390e-07       65
features.11                      218    -0.031204 2.331409e-07 1.663574e-06      169
features.16                      394    -0.030960 2.993322e-07 4.352562e-08      329
features.11                       56    -0.030796 3.560033e-07 4.398278e-06      169
features.4                        66    -0.030681 2.192913e-07 1.950656e-07       65
features.17                      485    -0.030632 6.263428e-06 1.646010e-06      489
features.16                      930    -0.030229 2.948824e-07 4.998547e-08      329
features.8                       279    -0.030171 4.983387e-08 2.008162e-08      137
features.16                      179    -0.030162 2.939184e-07 4.897413e-08      329
features.16                      669    -0.030110 3.476424e-07 2.041227e-07      329
features.16                      858    -0.029868 2.811259e-07 2.010261e-08      329
features.8                       203    -0.029856 5.186441e-08 2.915599e-08      137
features.4                       103    -0.029679 2.151083e-07 2.000806e-07       65
features.15                      870    -0.029672 2.691152e-08 5.789899e-08      329
features.12                      282    -0.029671 6.404227e-08 1.166777e-07      201
features.17                      648    -0.029605 2.807013e-06 5.736436e-07      489
features.8                       286    -0.029484 7.558587e-08 1.174942e-07      137
features.16                      466    -0.029317 2.887013e-07 5.623316e-08      329
features.12                      509    -0.029184 1.361194e-07 4.258169e-07      201
features.6                        91    -0.028915 1.825611e-08 1.867744e-07       73
features.16                      926    -0.028838 2.899832e-07 7.248450e-08      329
features.16                      146    -0.028752 3.279367e-07 1.833759e-07      329
features.8                       216    -0.028726 6.322668e-08 7.656124e-08      137
features.9                        15    -0.028716 6.086663e-08 4.219685e-07      137
features.16                      905    -0.028655 3.800018e-07 3.349576e-07      329
features.8                       267    -0.028615 5.489449e-08 4.682091e-08      137
features.8                        99    -0.028442 4.498661e-08 1.168286e-08      137
features.16                      613    -0.028416 3.155666e-07 1.568036e-07      329
features.4                        74    -0.028268 1.606507e-07 2.141095e-08       65
features.16                       25    -0.028214 2.797016e-07 5.946563e-08      329
