================================================================================
Channel Pruning Log
  iteration  : 16
  alpha      : 0.7000
  timestamp  : 2026-04-04 00:34:41
  remove_target  : 36562
  accum_removed  : 36822
  selected_channels : 182
  total_params   : 2289600
  active_after   : 839102
  model_sparsity : 63.4%
================================================================================

[ 레이어별 채널 제거 비율 ]
  layer                total_ch  this_iter    cumul  cumul_%
  ----------------------------------------------------------
  features.1                 32          0       22    68.8%
  features.2                 96          0       94    97.9%
  features.3                144          3      132    91.7%
  features.4                144          8       49    34.0%
  features.5                192         13       63    32.8%
  features.6                192          0      129    67.2%
  features.7                192          7       48    25.0%
  features.8                384          4       92    24.0%
  features.9                384         26      270    70.3%
  features.10               384          6      316    82.3%
  features.11               384         16      322    83.9%
  features.12               576         29      308    53.5%
  features.13               576         13      510    88.5%
  features.14               576          6      509    88.4%
  features.15               960         18      867    90.3%
  features.16               960         33      687    71.6%
  features.17               960          0      936    97.5%

[ 블록별 제거 채널 수 ]
  features.10: 6채널 제거
  features.11: 16채널 제거
  features.12: 29채널 제거
  features.13: 13채널 제거
  features.14: 6채널 제거
  features.15: 18채널 제거
  features.16: 33채널 제거
  features.3: 3채널 제거
  features.4: 8채널 제거
  features.5: 13채널 제거
  features.7: 7채널 제거
  features.8: 4채널 제거
  features.9: 26채널 제거

[ 선택된 채널 상세 ]
block                             ch        score          phi         perf  weights
--------------------------------------------------------------------------------
features.3                        48    -0.189039 9.550799e-08 1.114486e-04       57
features.9                       327    -0.176251 2.990460e-07 3.147521e-07      137
features.14                      223    -0.121031 3.229736e-06 3.305335e-07      265
features.3                        17    -0.091756 3.604202e-08 2.154952e-05       57
features.5                        25    -0.089357 1.219833e-07 7.292972e-07       73
features.16                      895    -0.083506 4.738332e-07 2.592285e-08      329
features.4                        72    -0.082176 4.664332e-07 2.255248e-07       65
features.15                      614    -0.081308 2.034352e-07 2.409826e-07      329
features.5                        35    -0.080327 7.958054e-08 2.617479e-07       73
features.7                         4    -0.078881 2.626313e-06 2.849419e-07      105
features.16                      822    -0.075319 4.255163e-07 1.655293e-08      329
features.16                      227    -0.074620 4.237482e-07 2.439451e-08      329
features.13                      357    -0.072289 8.431374e-08 1.058824e-06      201
features.4                        34    -0.072123 4.159295e-07 2.040252e-07       65
features.11                      317    -0.071573 4.981672e-07 3.271808e-06      169
features.9                       286    -0.070624 1.108293e-07 1.031589e-07      137
features.14                      114    -0.069338 1.752816e-06 1.668738e-07      265
features.9                       264    -0.069331 8.582862e-08 4.265611e-08      137
features.9                       149    -0.069160 7.525302e-08 1.610666e-08      137
features.12                      250    -0.068988 5.639441e-08 4.496704e-09      201
features.16                      503    -0.068492 3.905748e-07 2.836015e-08      329
features.9                        79    -0.068266 8.740258e-08 4.938181e-08      137
features.16                      698    -0.068091 3.812123e-07 2.251960e-09      329
features.5                       178    -0.067945 5.344785e-08 3.982833e-08       73
features.16                      116    -0.067357 4.450437e-07 2.512928e-07      329
features.9                        56    -0.067013 1.010156e-07 8.730307e-08      137
features.12                       39    -0.066743 6.197969e-08 2.239643e-08      201
features.16                      517    -0.066725 3.757512e-07 1.022074e-08      329
features.12                      167    -0.066386 5.418757e-08 4.131678e-09      201
features.15                      113    -0.066023 1.589809e-07 1.087311e-07      329
features.11                       18    -0.065819 2.873410e-07 5.596046e-07      169
features.7                       111    -0.065816 1.334002e-06 1.115505e-07      105
features.9                       244    -0.065815 9.909010e-08 8.543921e-08      137
features.15                      752    -0.065094 1.497741e-07 9.603228e-09      329
features.10                      181    -0.064683 5.572414e-08 3.737824e-09      137
features.12                      170    -0.064330 5.672324e-08 1.425277e-08      201
features.3                        39    -0.063666 2.188663e-08 5.103475e-06       57
features.15                      727    -0.063617 1.585826e-07 1.802794e-07      329
features.5                        32    -0.063457 5.676367e-08 1.268506e-07       73
features.5                        19    -0.062938 6.985901e-08 3.033740e-07       73
features.9                       238    -0.062760 7.550673e-08 3.303211e-08      137
features.13                      562    -0.062707 3.897303e-08 1.933971e-07      201
features.4                        54    -0.062644 7.446625e-07 5.332350e-07       65
features.9                        93    -0.062354 9.092091e-08 7.339651e-08      137
features.5                       145    -0.061905 5.323523e-08 9.571757e-08       73
features.12                      423    -0.061478 5.868479e-08 2.450548e-08      201
features.13                      559    -0.061460 3.502900e-08 1.222959e-07      201
features.13                      373    -0.061453 3.438545e-08 1.087064e-07      201
features.16                      870    -0.061441 3.592989e-07 5.818274e-08      329
features.12                      553    -0.061257 6.211320e-08 3.326939e-08      201
features.16                      516    -0.060708 3.632142e-07 8.755233e-08      329
features.9                       284    -0.060692 6.202026e-08 3.881499e-09      137
features.9                        35    -0.060497 7.494993e-08 3.736950e-08      137
features.13                      186    -0.059876 4.823032e-08 4.184771e-07      201
features.12                      393    -0.059507 5.903636e-08 2.915069e-08      201
features.9                       195    -0.059283 6.676018e-08 1.955968e-08      137
features.5                       126    -0.059203 4.462005e-08 9.152309e-09       73
features.16                      521    -0.058808 3.344612e-07 2.107852e-08      329
features.12                      328    -0.058660 5.282192e-08 1.566690e-08      201
features.9                       131    -0.058636 7.032825e-08 3.030826e-08      137
features.15                      160    -0.058595 1.347946e-07 8.287041e-09      329
features.13                      322    -0.058278 3.275359e-08 1.061685e-07      201
features.14                      215    -0.058087 1.586389e-06 1.670146e-07      265
features.13                      311    -0.057853 3.267325e-08 1.087489e-07      201
features.12                      523    -0.057747 5.130956e-08 1.374369e-08      201
features.9                        58    -0.057580 7.278945e-08 3.927547e-08      137
features.9                       107    -0.057480 5.980306e-08 6.392251e-09      137
features.13                      407    -0.057368 4.087694e-08 2.877583e-07      201
features.16                      773    -0.057175 3.256029e-07 2.206024e-08      329
features.16                       61    -0.057094 3.305062e-07 4.170847e-08      329
features.16                      596    -0.057046 3.408118e-07 8.046303e-08      329
features.11                      375    -0.057030 2.418148e-07 3.822571e-07      169
features.15                      396    -0.056995 1.377793e-07 1.013686e-07      329
features.13                      448    -0.056941 3.191775e-08 1.019377e-07      201
features.16                      150    -0.056096 3.195359e-07 2.192676e-08      329
features.16                       87    -0.055887 3.253307e-07 4.746453e-08      329
features.12                      482    -0.055171 5.366858e-08 2.443415e-08      201
features.15                      531    -0.055011 1.285449e-07 3.570611e-08      329
features.15                      664    -0.054901 1.341508e-07 1.177068e-07      329
features.12                       29    -0.054874 4.606628e-08 6.518275e-09      201
features.12                      206    -0.054740 4.887354e-08 1.360143e-08      201
features.15                      219    -0.054582 1.258481e-07 1.172350e-08      329
features.5                        18    -0.054543 4.702367e-08 8.590219e-08       73
features.15                      261    -0.054515 1.305358e-07 7.950108e-08      329
features.12                       41    -0.054348 7.718930e-08 8.321600e-08      201
features.14                       65    -0.054331 1.431807e-06 1.442178e-07      265
features.10                       79    -0.054177 4.685382e-08 3.431428e-09      137
features.16                      286    -0.054170 4.911002e-07 6.903692e-07      329
features.4                        15    -0.053982 2.961173e-07 1.385971e-07       65
features.11                      160    -0.053890 2.494439e-07 6.615313e-07      169
features.8                       171    -0.053882 1.521617e-07 1.701500e-08      137
features.11                       67    -0.053815 3.469339e-07 2.063765e-06      169
features.15                      263    -0.053783 1.575991e-07 4.818550e-07      329
features.9                         2    -0.053756 6.764972e-08 3.588737e-08      137
features.15                      171    -0.053696 1.293488e-07 8.912809e-08      329
features.15                      457    -0.053633 1.316067e-07 1.227685e-07      329
features.7                        33    -0.053527 6.575486e-07 2.781361e-08      105
features.11                      211    -0.053409 2.036891e-07 3.139098e-08      169
features.12                      122    -0.053161 5.626172e-08 3.460464e-08      201
features.16                      906    -0.053157 3.045029e-07 2.704676e-08      329
features.11                      331    -0.053014 2.154912e-07 2.220447e-07      169
features.9                       285    -0.052956 5.923271e-08 1.644508e-08      137
features.5                        82    -0.052869 4.239147e-08 4.150576e-08       73
features.16                      687    -0.052827 2.974055e-07 7.783466e-09      329
features.12                      115    -0.052702 4.991435e-08 2.005239e-08      201
features.9                        32    -0.052669 9.104565e-08 9.834973e-08      137
features.7                       186    -0.052566 6.722703e-07 3.121882e-08      105
features.12                      143    -0.052458 4.690933e-08 1.321378e-08      201
features.14                      242    -0.052403 2.395002e-06 3.729996e-07      265
features.4                       111    -0.052298 1.872428e-07 4.175124e-08       65
features.8                       159    -0.052164 1.230433e-07 3.154129e-09      137
features.9                       162    -0.052148 5.978301e-08 1.990413e-08      137
features.9                       246    -0.052115 8.051042e-08 7.287526e-08      137
features.12                      391    -0.051926 5.717913e-08 3.921157e-08      201
features.15                      136    -0.051922 1.202142e-07 1.813124e-08      329
features.5                       122    -0.051901 4.552582e-08 9.194929e-08       73
features.7                        54    -0.051861 5.578223e-07 1.528156e-08      105
features.16                      761    -0.051859 2.930492e-07 1.166511e-08      329
features.5                         6    -0.051822 4.460048e-08 8.060262e-08       73
features.16                      957    -0.051810 3.247056e-07 1.287052e-07      329
features.10                      165    -0.051623 5.016757e-08 1.244679e-08      137
features.12                      271    -0.051572 8.224993e-08 1.008611e-07      201
features.11                      281    -0.051476 2.001360e-07 8.501780e-08      169
features.10                      355    -0.051200 5.028728e-08 1.322611e-08      137
features.12                      152    -0.051115 5.962247e-08 4.671219e-08      201
features.13                        1    -0.051112 7.830697e-08 1.145355e-06      201
features.12                      432    -0.051089 6.024248e-08 4.826940e-08      201
features.15                      102    -0.050979 1.169504e-07 2.685893e-09      329
features.12                      172    -0.050930 6.004358e-08 4.809251e-08      201
features.4                       112    -0.050923 1.720631e-07 3.112812e-08       65
features.11                      323    -0.050791 2.053025e-07 1.961601e-07      169
features.11                       40    -0.050521 1.934012e-07 4.009525e-08      169
features.5                        56    -0.050482 8.587556e-08 6.341285e-07       73
features.16                      115    -0.050269 3.228722e-07 1.535745e-07      329
features.16                      872    -0.050243 2.816013e-07 2.802949e-09      329
features.16                      801    -0.049768 2.798551e-07 6.125694e-09      329
features.16                      704    -0.049731 3.059355e-07 1.025036e-07      329
features.13                      130    -0.049678 2.546103e-08 3.830507e-08      201
features.9                       113    -0.049635 5.609353e-08 1.688200e-08      137
features.9                        88    -0.049571 6.684832e-08 4.448673e-08      137
features.9                       164    -0.049500 8.082537e-08 8.033165e-08      137
features.12                      498    -0.049360 6.726390e-08 6.866991e-08      201
features.14                       26    -0.049334 1.427958e-06 1.604434e-07      265
features.13                      493    -0.049277 2.928644e-08 1.235461e-07      201
features.11                       37    -0.049265 2.398367e-07 7.740211e-07      169
features.15                      695    -0.049075 1.132086e-07 1.134707e-08      329
features.12                      397    -0.049004 5.038118e-08 2.829706e-08      201
features.11                      239    -0.048947 1.876063e-07 4.214911e-08      169
features.16                       74    -0.048883 2.883033e-07 5.524662e-08      329
features.11                      362    -0.048869 2.225889e-07 5.480715e-07      169
features.16                      554    -0.048746 2.792482e-07 2.484405e-08      329
features.16                      827    -0.048607 2.771002e-07 1.981954e-08      329
features.16                      109    -0.048402 2.760686e-07 2.025043e-08      329
features.9                       237    -0.048380 5.386300e-08 1.438232e-08      137
features.12                      341    -0.048304 4.857122e-08 2.524164e-08      201
features.15                      172    -0.048299 1.190619e-07 1.181601e-07      329
features.12                      107    -0.048231 4.056425e-08 5.909742e-09      201
features.16                      903    -0.048164 3.345286e-07 2.394362e-07      329
features.12                      327    -0.048047 5.138263e-08 3.257216e-08      201
features.11                      251    -0.047999 2.147352e-07 4.825201e-07      169
features.12                      410    -0.047989 5.358364e-08 3.803696e-08      201
features.11                       81    -0.047835 1.905067e-07 1.439352e-07      169
features.10                       60    -0.047816 6.927370e-08 4.942703e-08      137
features.13                      151    -0.047741 3.423196e-08 2.440238e-07      201
features.16                      625    -0.047668 2.878923e-07 7.863425e-08      329
features.4                       138    -0.047607 4.204775e-07 2.701857e-07       65
features.7                        75    -0.047546 6.726131e-07 3.773874e-08      105
features.16                      447    -0.047471 2.773326e-07 4.396468e-08      329
features.4                        92    -0.047436 1.445861e-07 1.442376e-08       65
features.11                      380    -0.047387 1.947407e-07 2.288938e-07      169
features.8                       306    -0.047358 2.049510e-07 5.403975e-08      137
features.7                         7    -0.047337 4.492391e-07 5.127353e-09      105
features.12                      435    -0.047318 4.898207e-08 2.813666e-08      201
features.16                      200    -0.046980 2.663380e-07 1.371378e-08      329
features.9                       293    -0.046928 4.907807e-08 5.866061e-09      137
features.15                      224    -0.046918 1.182934e-07 1.516871e-07      329
features.10                      244    -0.046878 5.647631e-08 2.944924e-08      137
features.8                         9    -0.046842 1.056628e-07 1.831705e-10      137
features.5                        62    -0.046833 4.505224e-08 1.349847e-07       73
features.12                      480    -0.046635 4.618887e-08 2.265774e-08      201
features.9                        20    -0.046614 4.866702e-08 5.617180e-09      137
features.16                      874    -0.046575 2.702845e-07 3.647144e-08      329
