================================================================================
Channel Pruning Log
  iteration  : 19
  alpha      : 0.5000
  timestamp  : 2026-04-18 07:59:17
  remove_target  : 26610
  accum_removed  : 26614
  selected_channels : 102
  total_params   : 2289600
  active_after   : 749794
  model_sparsity : 67.3%
================================================================================

[ 레이어별 채널 제거 비율 ]
  layer                total_ch  this_iter    cumul  cumul_%
  ----------------------------------------------------------
  features.1                 32          0       21    65.6%
  features.2                 96          0       86    89.6%
  features.3                144          0      129    89.6%
  features.4                144          0      129    89.6%
  features.5                192         12      172    89.6%
  features.6                192          0      172    89.6%
  features.7                192          0      172    89.6%
  features.8                384         11      345    89.8%
  features.9                384          0      345    89.8%
  features.10               384          0      345    89.8%
  features.11               384         11      326    84.9%
  features.12               576          0      518    89.9%
  features.13               576          0      518    89.9%
  features.14               576          0      518    89.9%
  features.15               960          0      864    90.0%
  features.16               960         68      690    71.9%
  features.17               960          0      864    90.0%

[ 블록별 제거 채널 수 ]
  features.11: 11채널 제거
  features.16: 68채널 제거
  features.5: 12채널 제거
  features.8: 11채널 제거

[ 선택된 채널 상세 ]
block                             ch        score          phi         perf  weights
--------------------------------------------------------------------------------
features.5                       175    -0.407080 4.986520e-08 1.465065e-06       73
features.5                        38    -0.340217 3.840188e-08 2.019309e-07       73
features.5                         5    -0.327209 4.874174e-08 3.883173e-06       73
features.5                       166    -0.324040 3.665018e-08 2.155394e-07       73
features.5                         2    -0.309080 3.736168e-08 9.564642e-07       73
features.5                       125    -0.304762 3.814081e-08 1.349571e-06       73
features.16                      847    -0.298981 1.681569e-06 8.475310e-10      329
features.5                        59    -0.263300 2.968818e-08 1.463690e-07       73
features.5                        98    -0.248999 2.974441e-08 6.597517e-07       73
features.5                        46    -0.236568 2.719138e-08 2.931291e-07       73
features.5                        60    -0.234857 2.893938e-08 8.985494e-07       73
features.5                        34    -0.225860 2.519464e-08 4.059547e-08       73
features.5                       139    -0.216409 2.498816e-08 3.037260e-07       73
features.16                      581    -0.107352 6.056860e-07 1.840829e-08      329
features.8                       286    -0.104051 8.034556e-08 2.865739e-07      137
features.8                         2    -0.102117 7.788423e-08 2.474545e-07      137
features.8                        71    -0.099266 8.283672e-08 4.894077e-07      137
features.8                       380    -0.095273 7.051053e-08 1.556546e-07      137
features.16                      642    -0.089086 5.187570e-07 1.689369e-07      329
features.8                       187    -0.088223 1.038053e-07 1.488886e-06      137
features.16                      683    -0.082768 5.297322e-07 6.119707e-07      329
features.16                      815    -0.082242 4.777004e-07 1.444895e-07      329
features.8                       232    -0.082073 7.195247e-08 5.255632e-07      137
features.8                       214    -0.078510 5.921168e-08 1.669411e-07      137
features.8                        11    -0.077828 1.508299e-07 3.382482e-06      137
features.8                       320    -0.074354 6.788316e-08 5.703196e-07      137
features.11                       52    -0.073683 3.369481e-07 1.905488e-07      169
features.16                      119    -0.072644 4.114069e-07 2.717880e-08      329
features.16                      374    -0.072390 4.135185e-07 6.091367e-08      329
features.11                      323    -0.072167 3.546684e-07 3.499488e-07      169
features.16                      489    -0.070266 3.957524e-07 5.487140e-09      329
features.16                       74    -0.070039 3.979236e-07 3.830950e-08      329
features.16                      925    -0.069842 3.971548e-07 4.151793e-08      329
features.8                        82    -0.069811 5.095901e-08 8.936718e-08      137
features.8                        96    -0.067871 5.665120e-08 3.350904e-07      137
features.16                      662    -0.066704 3.887691e-07 1.297832e-07      329
features.16                      134    -0.064859 3.878925e-07 2.202640e-07      329
features.16                      596    -0.064757 3.746091e-07 9.917105e-08      329
features.16                      554    -0.064374 3.635774e-07 1.462598e-08      329
features.16                      804    -0.064340 3.633104e-07 1.391193e-08      329
features.16                       90    -0.064272 3.624208e-07 9.091302e-09      329
features.16                      651    -0.062920 3.542039e-07 3.236722e-09      329
features.16                      800    -0.061640 3.656217e-07 1.805875e-07      329
features.11                       54    -0.061603 3.501359e-07 6.126407e-07      169
features.16                      708    -0.061028 3.464578e-07 3.078284e-08      329
features.16                      136    -0.060888 3.428086e-07 3.546591e-09      329
features.16                      919    -0.060727 3.496751e-07 7.756799e-08      329
features.16                      407    -0.060510 3.413321e-07 9.705481e-09      329
features.16                      775    -0.060297 3.484423e-07 8.888011e-08      329
features.16                      571    -0.059982 3.488979e-07 1.101085e-07      329
features.16                      936    -0.059378 3.589412e-07 2.381028e-07      329
features.16                      272    -0.058854 3.320519e-07 1.007023e-08      329
features.16                      203    -0.058819 3.316073e-07 7.672013e-09      329
features.16                      827    -0.058806 3.350522e-07 4.122485e-08      329
features.16                      195    -0.058610 3.572393e-07 2.630296e-07      329
features.16                      920    -0.057923 3.267364e-07 9.283521e-09      329
features.16                       15    -0.057771 3.690603e-07 4.205875e-07      329
features.16                      879    -0.057661 3.632495e-07 3.711693e-07      329
features.16                       81    -0.057325 3.230939e-07 6.623036e-09      329
features.16                      595    -0.057258 3.254040e-07 3.223076e-08      329
features.16                      679    -0.057070 3.224801e-07 1.445293e-08      329
features.11                      264    -0.056295 2.856076e-07 3.322280e-07      169
features.16                      349    -0.054456 3.478004e-07 3.957071e-07      329
features.11                      379    -0.054241 2.640368e-07 2.462289e-07      169
features.16                      957    -0.053656 3.313054e-07 2.814279e-07      329
features.16                      166    -0.053459 3.182251e-07 1.673404e-07      329
features.16                      607    -0.053362 3.334640e-07 3.177136e-07      329
features.11                      380    -0.052568 2.681202e-07 3.196547e-07      169
features.16                      415    -0.051547 2.902146e-07 2.962258e-09      329
features.16                      846    -0.051401 2.894838e-07 3.825162e-09      329
features.16                      931    -0.051267 2.896829e-07 1.291206e-08      329
features.16                      794    -0.050412 3.186447e-07 3.346005e-07      329
features.11                      355    -0.050386 2.327736e-07 1.459263e-07      169
features.16                      788    -0.049765 2.809051e-07 9.774284e-09      329
features.16                      457    -0.049494 3.224086e-07 4.196177e-07      329
features.16                      503    -0.049360 2.827644e-07 4.917291e-08      329
features.16                      500    -0.049260 2.789797e-07 1.846789e-08      329
features.16                      906    -0.048981 2.773810e-07 1.818316e-08      329
features.16                      475    -0.048516 2.743441e-07 1.416413e-08      329
features.11                      365    -0.048455 3.490122e-07 9.695522e-07      169
features.16                      655    -0.048449 2.726431e-07 1.577810e-09      329
features.11                      228    -0.048007 3.499966e-07 9.884808e-07      169
features.16                      249    -0.047769 2.855345e-07 1.607882e-07      329
features.16                      541    -0.047487 2.675008e-07 4.112803e-09      329
features.16                      434    -0.047206 2.659382e-07 4.262748e-09      329
features.16                      869    -0.047107 2.662754e-07 1.281739e-08      329
features.16                      704    -0.047068 2.718607e-07 6.808177e-08      329
features.16                      467    -0.047058 2.781426e-07 1.284957e-07      329
features.11                      239    -0.046852 2.283889e-07 2.148083e-07      169
features.16                      154    -0.046731 2.628588e-07 3.842277e-10      329
features.16                      448    -0.045611 2.570073e-07 4.671008e-09      329
features.16                      613    -0.044919 2.543429e-07 1.637370e-08      329
features.16                      937    -0.044837 2.527832e-07 5.893353e-09      329
features.16                      597    -0.044775 2.684874e-07 1.587977e-07      329
features.16                      659    -0.044664 2.519746e-07 7.454193e-09      329
features.16                      421    -0.044518 2.559467e-07 5.314022e-08      329
features.11                       22    -0.044400 2.206014e-07 2.311745e-07      169
features.16                      145    -0.044158 2.558700e-07 7.166775e-08      329
features.16                      496    -0.044152 2.488092e-07 4.713090e-09      329
features.16                      856    -0.044062 2.500777e-07 2.163456e-08      329
features.16                      388    -0.044003 2.790068e-07 3.003914e-07      329
features.16                      222    -0.044000 2.617548e-07 1.361712e-07      329
