================================================================================
Channel Pruning Log
  dataset    : CelebA
  impt_type  : 2
  seed       : 42
  iteration  : 17
  alpha      : 0.9000
  norm       : rank
  timestamp  : 2026-08-27 06:23:35
  remove_target  : 32834
  accum_removed  : 33070
  selected_channels : 134
  gamma             : 0.0050
  remove_target_met : yes
  total_params   : 2289600
  active_after   : 805577
  model_sparsity : 64.8%
================================================================================

[ 레이어별 채널 제거 비율 ]
  layer                total_ch  this_iter    cumul  cumul_%
  ----------------------------------------------------------
  features.1                 32          1       29    90.6%
  features.2                 96          2       84    87.5%
  features.3                144          3      121    84.0%
  features.4                144          3      122    84.7%
  features.5                192          5      156    81.2%
  features.6                192          4      162    84.4%
  features.7                192          4      161    83.9%
  features.8                384          8      316    82.3%
  features.9                384          7      324    84.4%
  features.10               384          7      326    84.9%
  features.11               384          7      311    81.0%
  features.12               576         10      484    84.0%
  features.13               576          8      489    84.9%
  features.14               576          9      479    83.2%
  features.15               960         19      810    84.4%
  features.16               960         19      804    83.8%
  features.17               960         18      789    82.2%

[ 레이어별 보호 영역 (γ=0.0050) ]
  layer                  active  protected  protect_%
  --------------------------------------------------
  features.1                  4          1      25.0%
  features.2                 14          1       7.1%
  features.3                 26          1       3.8%
  features.4                 25          1       4.0%
  features.5                 41          1       2.4%
  features.6                 34          1       2.9%
  features.7                 35          1       2.9%
  features.8                 76          1       1.3%
  features.9                 67          1       1.5%
  features.10                65          1       1.5%
  features.11                80          1       1.2%
  features.12               102          1       1.0%
  features.13                95          1       1.1%
  features.14               106          1       0.9%
  features.15               169          1       0.6%
  features.16               175          1       0.6%
  features.17               189          1       0.5%

[ 블록별 제거 채널 수 ]
  features.1: 1채널 제거
  features.10: 7채널 제거
  features.11: 7채널 제거
  features.12: 10채널 제거
  features.13: 8채널 제거
  features.14: 9채널 제거
  features.15: 19채널 제거
  features.16: 19채널 제거
  features.17: 18채널 제거
  features.2: 2채널 제거
  features.3: 3채널 제거
  features.4: 3채널 제거
  features.5: 5채널 제거
  features.6: 4채널 제거
  features.7: 4채널 제거
  features.8: 8채널 제거
  features.9: 7채널 제거

[ 선택된 채널 상세 ]
  (phi/perf: raw, phi_n/perf_n: 정규화 후 값 — score = α·perf_n − (1−α)·phi_n)
block                             ch        score          phi         perf    phi_n   perf_n  weights
----------------------------------------------------------------------------------------------------
features.5                        35    -0.082500 7.324949e-08 5.037983e-07   0.8250   0.0000       73
features.16                      392    -0.070115 3.164747e-07 1.699042e-08   0.7011   0.0000      329
features.9                        69    -0.066667 5.362308e-08 7.690225e-08   0.6667   0.0000      137
features.16                       91    -0.064943 6.754196e-07 3.057577e-08   0.8563   0.0230      329
features.2                        57    -0.061538 1.239982e-07 2.174587e-05   0.6154   0.0000       49
features.11                      261    -0.059494 1.597682e-07 3.610520e-07   0.5949   0.0000      169
features.12                       50    -0.056436 6.050806e-08 1.014220e-07   0.8317   0.0297      201
features.17                      486    -0.054787 5.590059e-07 6.296152e-09   0.6436   0.0106      489
features.16                      880    -0.053448 7.258861e-07 3.256103e-08   0.8966   0.0402      329
features.8                        71    -0.050667 2.583103e-08 9.858670e-08   0.5067   0.0000      137
features.7                       171    -0.050000 4.984182e-07 5.226149e-07   0.5000   0.0000      105
features.16                      187    -0.043678 4.200863e-07 3.198777e-08   0.7471   0.0345      329
features.15                      221    -0.043452 8.652457e-08 3.594517e-08   0.4881   0.0060      329
features.14                      549    -0.042857 3.933417e-07 4.847868e-08   0.5143   0.0095      265
features.17                       86    -0.042553 6.284801e-07 6.695188e-09   0.6649   0.0266      489
features.11                      161    -0.041772 1.475275e-07 4.308941e-07   0.5316   0.0127      169
features.17                       15    -0.040957 1.018658e-06 6.835109e-09   0.8404   0.0479      489
features.8                       140    -0.040000 5.331948e-08 1.465951e-07   0.7600   0.0400      137
features.15                      272    -0.038690 5.366932e-08 3.536300e-08   0.3869   0.0000      329
features.17                      768    -0.037766 3.309935e-07 6.263021e-09   0.4255   0.0053      489
features.5                       101    -0.035000 6.555701e-08 7.808683e-07   0.8000   0.0500       73
features.1                         4    -0.033333 5.774681e-08 2.096451e-03   0.3333   0.0000       25
features.4                        28    -0.033333 1.224901e-07 1.213454e-06   0.3333   0.0000       65
features.17                       75    -0.032447 4.265093e-07 6.672483e-09   0.5160   0.0213      489
features.9                        15    -0.031818 2.896853e-08 8.414476e-08   0.4545   0.0152      137
features.12                      347    -0.031683 7.228435e-08 1.041640e-07   0.8515   0.0594      201
features.14                      536    -0.031429 5.052656e-07 5.037386e-08   0.5714   0.0286      265
features.12                      527    -0.030693 1.036797e-07 1.043224e-07   0.9307   0.0693      201
features.16                      132    -0.030460 8.231751e-07 3.375638e-08   0.9253   0.0690      329
features.13                      331    -0.029787 1.863154e-07 1.209864e-07   0.9681   0.0745      201
features.13                      444    -0.029787 3.271702e-08 1.076376e-07   0.5851   0.0319      201
features.10                       23    -0.029688 5.982020e-08 5.844418e-08   0.7188   0.0469      137
features.16                      840    -0.029310 4.652188e-07 3.349840e-08   0.7586   0.0517      329
features.6                       149    -0.027273 1.385910e-08 4.679830e-07   0.5455   0.0303       73
features.16                        9    -0.026437 1.008503e-07 3.004097e-08   0.3678   0.0115      329
features.6                         2    -0.024242 6.066065e-09 4.082224e-07   0.2424   0.0000       73
features.3                        40    -0.024000 7.610926e-09 4.301993e-06   0.6000   0.0400       57
features.10                      101    -0.023438 2.847331e-08 5.543162e-08   0.3750   0.0156      137
features.10                       66    -0.023438 4.017576e-08 5.760693e-08   0.5156   0.0312      137
features.15                      243    -0.022024 5.281533e-08 3.894420e-08   0.3810   0.0179      329
features.12                      514    -0.020792 2.858478e-08 1.014771e-07   0.5644   0.0396      201
features.15                      358    -0.020238 1.661150e-07 4.413284e-08   0.6845   0.0536      329
features.3                       133    -0.020000 1.427589e-09 4.191306e-06   0.2000   0.0000       57
features.14                      571    -0.018095 2.772186e-07 4.956890e-08   0.3524   0.0190      265
features.13                      431    -0.017021 9.612805e-09 1.054875e-07   0.2660   0.0106      201
features.17                      900    -0.016489 2.265773e-07 6.332003e-09   0.3085   0.0160      489
features.2                        54    -0.015385 2.074417e-07 2.303986e-05   0.8462   0.0769       49
features.6                       129    -0.015152 1.066026e-07 7.832062e-07   0.9697   0.0909       73
features.10                      334    -0.014063 8.938408e-08 6.704536e-08   0.8438   0.0781      137
features.11                      358    -0.013924 2.092010e-07 5.143252e-07   0.7089   0.0633      169
features.16                      349    -0.013793 4.182764e-08 2.889188e-08   0.1897   0.0057      329
features.16                      945    -0.012644 1.186819e-07 3.067931e-08   0.3851   0.0287      329
features.14                      464    -0.012381 1.507944e-07 4.105562e-08   0.1238   0.0000      265
features.9                       231    -0.012121 3.902910e-08 9.477892e-08   0.5303   0.0455      137
features.16                      809    -0.012069 6.920522e-08 3.032925e-08   0.2759   0.0172      329
features.15                      407    -0.009524 2.796348e-08 3.771129e-08   0.2024   0.0119      329
features.12                      156    -0.008911 1.133156e-08 9.445641e-08   0.2673   0.0198      201
features.4                         0    -0.008333 1.538857e-07 1.225794e-06   0.4583   0.0417       65
features.8                       177    -0.008000 1.092379e-08 1.104970e-07   0.2000   0.0133      137
features.10                      304    -0.006250 8.931542e-09 4.668841e-08   0.0625   0.0000      137
features.16                      128    -0.005172 3.521033e-07 3.390085e-08   0.7241   0.0747      329
features.13                      216    -0.003191 8.639250e-09 1.059402e-07   0.2234   0.0213      201
features.13                      191    -0.003191 3.181186e-09 1.021228e-07   0.0319   0.0000      201
features.17                      607    -0.003191 1.001728e-07 6.250962e-09   0.0319   0.0000      489
features.12                      288    -0.002970 2.878782e-09 8.490771e-08   0.0297   0.0000      201
features.7                       169    -0.002941 2.330056e-07 5.745588e-07   0.2941   0.0294      105
features.11                      289    -0.002532 1.030883e-07 4.522460e-07   0.3671   0.0380      169
features.5                        66    -0.002500 5.393218e-08 8.551739e-07   0.7000   0.0750       73
features.12                       58    -0.001980 4.278895e-08 1.065802e-07   0.7327   0.0792      201
features.10                       47    -0.001563 9.150385e-08 6.862211e-08   0.8594   0.0938      137
features.10                      253    -0.001563 1.754489e-07 7.299475e-08   1.0000   0.1094      137
features.12                      108    -0.000990 4.719888e-09 9.150106e-08   0.0990   0.0099      201
features.9                       169    -0.000000 1.286559e-08 8.454424e-08   0.2727   0.0303      137
features.17                      150     0.001596 2.282667e-07 6.761392e-09   0.3191   0.0372      489
features.14                      311     0.004762 2.512530e-07 5.193293e-08   0.2952   0.0381      265
features.8                         2     0.005333 1.032169e-08 1.374751e-07   0.1867   0.0267      137
features.15                      735     0.006548 3.888017e-07 4.660532e-08   0.8452   0.1012      329
features.12                      340     0.006931 1.696566e-08 1.022714e-07   0.3762   0.0495      201
features.15                      621     0.007143 4.807851e-07 4.669607e-08   0.8929   0.1071      329
features.15                      658     0.007738 2.025907e-07 4.628543e-08   0.7262   0.0893      329
features.13                      506     0.008511 2.117509e-08 1.185418e-07   0.4894   0.0638      201
features.5                        28     0.010000 4.561977e-09 6.454742e-07   0.1250   0.0250       73
features.15                       65     0.013095 1.130861e-07 4.509856e-08   0.5655   0.0774      329
features.16                      519     0.013218 2.543023e-07 3.400832e-08   0.5920   0.0805      329
features.15                      671     0.014881 1.108110e-08 4.126491e-08   0.0655   0.0238      329
features.16                      211     0.017241 2.643286e-07 3.422473e-08   0.6034   0.0862      329
features.8                       337     0.017333 1.834190e-08 1.482646e-07   0.3067   0.0533      137
features.11                      277     0.017722 2.176798e-08 4.483856e-07   0.0506   0.0253      169
features.11                      187     0.018987 7.334709e-08 5.140888e-07   0.2658   0.0506      169
features.3                         6     0.020000 5.887775e-08 5.563244e-06   0.8800   0.1200       57
features.7                       189     0.020588 2.562532e-07 5.775337e-07   0.3235   0.0588      105
features.16                      798     0.020690 9.899716e-08 3.372677e-08   0.3621   0.0632      329
features.15                      398     0.020833 1.536926e-07 4.635387e-08   0.6488   0.0952      329
features.6                        96     0.021212 6.662814e-09 7.827095e-07   0.3333   0.0606       73
features.17                       52     0.021277 1.209597e-07 6.734373e-09   0.0745   0.0319      489
features.17                      210     0.022872 4.487596e-07 7.402576e-09   0.5372   0.0851      489
features.15                      490     0.023810 7.859142e-09 4.203988e-08   0.0298   0.0298      329
features.14                      540     0.023810 2.411790e-07 5.473085e-08   0.2762   0.0571      265
features.9                        32     0.024242 1.677212e-08 9.485861e-08   0.3030   0.0606      137
features.5                       115     0.025000 2.608258e-08 8.614581e-07   0.6500   0.1000       73
features.16                      904     0.026437 6.086936e-08 3.356870e-08   0.2529   0.0575      329
features.15                      718     0.027976 8.418109e-09 4.247609e-08   0.0417   0.0357      329
features.16                      935     0.028161 3.001586e-08 3.311581e-08   0.1322   0.0460      329
features.9                       265     0.030303 7.241474e-08 1.004368e-07   0.7879   0.1212      137
features.15                      501     0.030357 5.053516e-08 4.497471e-08   0.3393   0.0714      329
features.14                      156     0.030476 3.421909e-07 5.595873e-08   0.4667   0.0857      265
features.13                      218     0.030851 7.738678e-09 1.182868e-07   0.1702   0.0532      201
features.17                      283     0.030851 2.022380e-07 7.027578e-09   0.2660   0.0638      489
features.17                       92     0.031383 9.953098e-07 7.726792e-09   0.8351   0.1277      489
features.17                      259     0.031383 1.491481e-07 6.969483e-09   0.1649   0.0532      489
features.14                      262     0.031429 1.433039e-07 5.323740e-08   0.1143   0.0476      265
features.15                      455     0.032143 3.371250e-08 4.470668e-08   0.2679   0.0655      329
features.13                      338     0.032979 3.414936e-09 1.082178e-07   0.0532   0.0426      201
features.17                      225     0.032979 1.158798e-07 6.792972e-09   0.0532   0.0426      489
features.17                      636     0.033511 1.598267e-07 7.004602e-09   0.1915   0.0585      489
features.15                      776     0.033929 8.258964e-09 4.370834e-08   0.0357   0.0417      329
features.8                       268     0.034667 3.896991e-08 1.785613e-07   0.6133   0.1067      137
features.12                      382     0.035644 9.445751e-08 1.180262e-07   0.8911   0.1386      201
features.17                      710     0.036702 2.244888e-07 7.366111e-09   0.3032   0.0745      489
features.11                        8     0.036709 1.914453e-07 5.473342e-07   0.6582   0.1139      169
features.4                        38     0.037500 1.258168e-07 1.319823e-06   0.3750   0.0833       65
features.9                        62     0.037879 8.833433e-08 1.033444e-07   0.8485   0.1364      137
features.7                        88     0.038235 3.370327e-07 6.413873e-07   0.4118   0.0882      105
features.8                       303     0.038667 1.885421e-08 1.668113e-07   0.3333   0.0800      137
features.14                       89     0.039048 1.503188e-06 5.819598e-08   0.8952   0.1429      265
features.16                       96     0.039655 1.879773e-07 3.490538e-08   0.4828   0.0977      329
features.17                      858     0.040426 4.104837e-07 7.469265e-09   0.5053   0.1011      489
features.16                      861     0.040805 3.718419e-07 3.607346e-08   0.7299   0.1264      329
features.15                      684     0.042262 4.983590e-09 4.383855e-08   0.0060   0.0476      329
features.15                      893     0.042262 1.798208e-08 4.413528e-08   0.1131   0.0595      329
features.8                       359     0.042667 5.396133e-08 1.861293e-07   0.7733   0.1333      137
features.17                      907     0.043617 4.720200e-07 7.590655e-09   0.5691   0.1117      489
features.16                      525     0.043678 2.553614e-07 3.521397e-08   0.5977   0.1149      329
features.15                      763     0.044048 3.820421e-08 4.521930e-08   0.3095   0.0833      329
