================================================================================
Channel Pruning Log
  iteration  : 11
  alpha      : 0.7000
  timestamp  : 2026-03-26 00:23:05
  remove_target  : 79916
  accum_removed  : 80032
  selected_channels : 416
================================================================================

[ 블록별 제거 채널 수 ]
  features.1: 2채널 제거
  features.10: 20채널 제거
  features.11: 4채널 제거
  features.12: 30채널 제거
  features.13: 16채널 제거
  features.14: 23채널 제거
  features.15: 28채널 제거
  features.16: 87채널 제거
  features.2: 1채널 제거
  features.3: 34채널 제거
  features.4: 9채널 제거
  features.5: 9채널 제거
  features.6: 6채널 제거
  features.7: 14채널 제거
  features.8: 53채널 제거
  features.9: 80채널 제거

[ 선택된 채널 상세 ]
block                             ch        score          phi         perf  weights
--------------------------------------------------------------------------------
features.3                       134    -0.297568 1.190029e-07 3.112754e-06       57
features.3                       110    -0.259403 1.123335e-07 3.046758e-05       57
features.14                       60    -0.249216 5.985652e-06 2.776807e-07      265
features.7                        39    -0.202964 4.623559e-06 1.565985e-06      105
features.9                       336    -0.196612 1.333883e-07 8.709650e-07      137
features.7                       111    -0.193766 4.871634e-06 2.034752e-06      105
features.10                       93    -0.183598 2.456862e-07 1.930531e-07      137
features.9                       370    -0.171231 7.744963e-08 2.491307e-08      137
features.9                       296    -0.156415 7.834895e-08 1.667744e-07      137
features.9                       248    -0.153516 6.936232e-08 2.092236e-08      137
features.14                      485    -0.152029 3.449550e-06 1.140729e-07      265
features.9                       246    -0.150049 7.128658e-08 8.659165e-08      137
features.9                        48    -0.149948 7.028716e-08 6.850320e-08      137
features.9                       353    -0.149724 7.899711e-08 2.354178e-07      137
features.9                        20    -0.148780 6.701097e-08 1.627522e-08      137
features.9                        76    -0.148769 6.965261e-08 6.641748e-08      137
features.9                       119    -0.137449 7.071132e-08 1.818428e-07      137
features.16                      572    -0.135776 9.443173e-07 5.582233e-08      329
features.9                        65    -0.135658 6.113606e-08 1.550856e-08      137
features.9                       288    -0.135408 7.212959e-08 2.259020e-07      137
features.9                       160    -0.134045 6.341475e-08 7.226754e-08      137
features.9                       244    -0.133222 6.154977e-08 4.386750e-08      137
features.9                       126    -0.124764 5.677191e-08 2.458928e-08      137
features.3                        57    -0.122914 4.889922e-08 4.572351e-07       57
features.9                        88    -0.122736 5.805547e-08 6.599424e-08      137
features.9                       333    -0.121529 5.492317e-08 1.681655e-08      137
features.9                       209    -0.121197 5.483826e-08 1.800519e-08      137
features.3                        63    -0.119806 4.768572e-08 5.200252e-07       57
features.9                        87    -0.117369 5.772625e-08 1.049729e-07      137
features.3                        92    -0.116658 4.631356e-08 1.213413e-07       57
features.9                       334    -0.115083 5.780063e-08 1.256414e-07      137
features.9                         7    -0.114045 5.124445e-08 1.016318e-08      137
features.9                       111    -0.114029 7.018063e-08 3.690811e-07      137
features.9                        78    -0.113970 5.129881e-08 1.182681e-08      137
features.9                       152    -0.112917 5.126364e-08 2.002820e-08      137
features.14                       81    -0.112825 3.702712e-06 3.978144e-07      265
features.9                       287    -0.108861 4.896807e-08 1.070926e-08      137
features.9                       264    -0.107747 5.120589e-08 6.249451e-08      137
features.9                       327    -0.105485 9.169410e-08 8.486798e-07      137
features.12                      504    -0.102353 2.189878e-07 1.264784e-06      201
features.9                       272    -0.101621 4.839006e-08 6.075074e-08      137
features.9                       201    -0.098967 5.967892e-08 2.970002e-07      137
features.14                      439    -0.098375 2.773871e-06 2.222765e-07      265
features.9                        14    -0.097573 5.804244e-08 2.777384e-07      137
features.16                      936    -0.096056 7.929824e-07 5.383456e-07      329
features.2                        90    -0.094947 5.650674e-07 7.200560e-04       49
features.14                      198    -0.094844 2.409304e-06 1.416762e-07      265
features.9                       144    -0.093275 4.193826e-08 8.816026e-09      137
features.16                       51    -0.092284 6.494565e-07 6.837762e-08      329
features.3                        20    -0.091632 3.668347e-08 1.081552e-06       57
features.14                      526    -0.091042 1.892232e-06 2.075868e-08      265
features.11                      273    -0.090900 1.752401e-06 5.427179e-06      169
features.16                      351    -0.090285 6.471872e-07 1.140416e-07      329
features.9                       158    -0.089777 4.223292e-08 4.386597e-08      137
features.9                       293    -0.087076 3.907484e-08 6.786178e-09      137
features.9                        16    -0.087050 4.002420e-08 2.499178e-08      137
features.9                       311    -0.086981 4.449086e-08 1.102057e-07      137
features.16                      407    -0.086809 6.483891e-07 2.139579e-07      329
features.9                        42    -0.086208 4.116836e-08 5.376544e-08      137
features.1                         9    -0.085735 2.351772e-06 3.531396e-06       41
features.8                        80    -0.085471 1.881955e-07 1.714897e-08      137
features.14                      215    -0.084898 2.109118e-06 1.137913e-07      265
features.3                         8    -0.084790 3.656208e-08 9.455163e-06       57
features.9                       179    -0.084300 3.829935e-08 1.547624e-08      137
features.16                      206    -0.083942 6.521337e-07 3.073382e-07      329
features.9                        77    -0.083685 4.401066e-08 1.288698e-07      137
features.3                        30    -0.082680 3.295756e-08 5.172472e-07       57
features.16                      581    -0.080641 6.076573e-07 2.200688e-07      329
features.9                       219    -0.080512 4.655270e-08 2.037685e-07      137
features.3                       112    -0.080366 3.202067e-08 4.553760e-07       57
features.12                      347    -0.079905 7.129456e-08 1.136724e-07      201
features.9                       197    -0.079337 5.778644e-08 4.265086e-07      137
features.16                      182    -0.079306 5.625251e-07 7.635143e-08      329
features.14                       16    -0.079101 3.947205e-06 6.492234e-07      265
features.9                       286    -0.078763 4.766665e-08 2.396045e-07      137
features.9                       322    -0.077611 4.251765e-08 1.517586e-07      137
features.14                      110    -0.077604 3.431772e-06 5.161509e-07      265
features.9                       113    -0.075868 3.453365e-08 1.516898e-08      137
features.9                       184    -0.075148 3.427683e-08 1.636828e-08      137
features.8                       270    -0.074767 2.223150e-07 1.059053e-07      137
features.9                        70    -0.074711 3.529174e-08 3.927915e-08      137
features.9                        23    -0.073583 3.619008e-08 6.579970e-08      137
features.5                        79    -0.073547 8.160063e-08 1.115573e-07       73
features.8                       342    -0.073475 1.723971e-07 3.147170e-08      137
features.9                         1    -0.073110 3.603198e-08 6.679083e-08      137
features.16                      655    -0.071987 4.957556e-07 9.985793e-09      329
features.4                        29    -0.071749 7.725837e-07 9.345871e-08       65
features.9                        18    -0.071543 6.465041e-08 6.222261e-07      137
features.8                       227    -0.070176 1.743699e-07 4.536315e-08      137
features.9                       188    -0.069927 3.222498e-08 2.147325e-08      137
features.16                      894    -0.069209 5.953406e-07 4.836832e-07      329
features.14                      295    -0.069202 1.491792e-06 3.043797e-08      265
features.9                       282    -0.068982 3.151369e-08 1.595369e-08      137
features.9                       301    -0.068248 3.129308e-08 1.796129e-08      137
features.9                        13    -0.067724 3.036989e-08 4.879548e-09      137
features.9                       298    -0.066145 2.978938e-08 7.184073e-09      137
features.16                      905    -0.066012 4.583489e-07 2.408633e-08      329
features.16                      457    -0.065859 4.632533e-07 4.787869e-08      329
features.9                       101    -0.065639 8.244685e-08 1.009153e-06      137
features.16                       36    -0.065531 4.564353e-07 2.960959e-08      329
features.9                       169    -0.065118 3.804331e-08 1.722269e-07      137
features.9                       258    -0.065089 2.960264e-08 1.254094e-08      137
features.9                       299    -0.064612 3.030836e-08 2.993304e-08      137
features.9                       290    -0.064516 4.096396e-08 2.326348e-07      137
features.12                        8    -0.064172 6.177193e-08 1.308732e-07      201
features.13                      524    -0.064159 3.397000e-08 1.892195e-07      201
features.3                        40    -0.063979 2.617703e-08 2.577076e-06       57
features.16                      540    -0.063238 4.390738e-07 2.303879e-08      329
features.3                        99    -0.062709 2.488758e-08 3.957285e-08       57
features.16                       25    -0.062571 4.588618e-07 1.202982e-07      329
features.16                      584    -0.061955 4.291730e-07 1.858609e-08      329
features.16                      858    -0.061823 4.252219e-07 6.435685e-09      329
features.12                      244    -0.061539 5.171808e-08 5.958737e-08      201
features.14                      280    -0.061479 1.658927e-06 1.184714e-07      265
features.9                       369    -0.061428 3.128986e-08 7.535582e-08      137
features.13                      470    -0.061221 3.272529e-08 2.284090e-07      201
features.8                       376    -0.060374 1.295952e-07 6.851773e-09      137
features.9                       363    -0.059820 2.898074e-08 4.515129e-08      137
features.14                      129    -0.059481 1.692877e-06 1.386970e-07      265
features.12                      473    -0.059304 5.309723e-08 8.597637e-08      201
features.9                        84    -0.058479 3.752501e-08 2.183360e-07      137
features.3                       128    -0.058289 2.315847e-08 1.169928e-07       57
features.16                      787    -0.058172 6.031374e-07 8.168397e-07      329
features.3                       127    -0.058115 2.306756e-08 4.644430e-08       57
features.16                      937    -0.057847 3.977777e-07 5.627092e-09      329
features.16                      916    -0.057477 3.980268e-07 1.676095e-08      329
features.8                       278    -0.056895 1.376446e-07 3.090836e-08      137
features.8                       191    -0.056742 1.215614e-07 6.063204e-09      137
features.16                      662    -0.056101 4.006724e-07 6.495976e-08      329
features.14                      243    -0.056023 1.278068e-06 4.392726e-08      265
features.16                      636    -0.055905 5.564514e-07 6.924404e-07      329
features.14                       50    -0.055696 1.987381e-06 2.401057e-07      265
features.9                       315    -0.055312 3.680265e-08 2.313314e-07      137
features.14                      464    -0.054579 3.667747e-06 7.067204e-07      265
features.13                      139    -0.054535 2.995372e-08 3.271072e-07      201
features.9                       198    -0.054352 2.453579e-08 6.997631e-09      137
features.7                       172    -0.054314 9.114127e-07 3.469211e-08      105
features.16                       86    -0.053868 3.771627e-07 3.218080e-08      329
features.3                        78    -0.053467 2.128076e-08 2.308205e-07       57
features.12                      108    -0.053261 5.610008e-08 1.509747e-07      201
features.15                      864    -0.052868 2.710385e-07 1.144997e-08      329
features.3                        96    -0.052748 2.104731e-08 3.978390e-07       57
features.3                        36    -0.051913 2.072500e-08 4.266221e-07       57
features.7                       171    -0.051324 1.771734e-06 1.106715e-06      105
features.13                      372    -0.050957 2.768626e-08 2.590962e-07      201
features.3                       142    -0.050705 2.043453e-08 1.036302e-06       57
features.14                       64    -0.050568 1.275459e-06 7.303797e-08      265
features.3                        43    -0.050490 2.066597e-08 2.058970e-06       57
features.8                        25    -0.050074 1.168675e-07 2.046531e-08      137
features.7                       110    -0.049931 3.007642e-06 2.591139e-06      105
features.16                      567    -0.049911 4.592986e-07 4.684632e-07      329
features.8                       292    -0.049053 1.050455e-07 5.174560e-09      137
features.4                       109    -0.048823 1.239531e-06 9.186430e-07       65
features.10                      242    -0.048735 4.548310e-08 1.128333e-08      137
features.9                       180    -0.048404 2.352918e-08 3.803216e-08      137
features.3                        38    -0.048281 1.915873e-08 2.167996e-08       57
features.9                       331    -0.048117 2.182593e-08 8.173948e-09      137
features.16                      542    -0.048083 3.510108e-07 8.603441e-08      329
features.9                        39    -0.047915 2.457892e-08 6.203665e-08      137
features.7                       154    -0.047898 8.470557e-07 8.168298e-08      105
features.16                      650    -0.047536 3.280927e-07 9.475520e-09      329
features.3                        48    -0.047438 1.942676e-08 1.967128e-06       57
features.8                       350    -0.047367 1.507725e-07 8.274224e-08      137
features.3                        44    -0.047252 2.419748e-08 1.761366e-05       57
features.10                      154    -0.047121 6.090034e-08 4.518169e-08      137
features.8                       368    -0.046478 1.105253e-07 2.222844e-08      137
features.3                       133    -0.046194 2.017026e-08 5.962504e-06       57
features.8                       284    -0.045702 9.975921e-08 7.800424e-09      137
features.12                      124    -0.045628 3.698153e-08 3.221409e-08      201
features.14                       99    -0.045602 1.596465e-06 1.881676e-07      265
features.16                       15    -0.045590 3.260280e-07 5.450197e-08      329
features.13                      504    -0.045526 2.399111e-08 1.167724e-07      201
features.16                      800    -0.045102 3.419668e-07 1.314971e-07      329
features.16                      945    -0.045063 4.524025e-07 5.735779e-07      329
features.16                      448    -0.044961 3.156223e-07 3.014942e-08      329
features.16                      515    -0.044841 3.133324e-07 2.429812e-08      329
features.15                      530    -0.044801 2.762659e-07 2.743582e-07      329
features.3                        60    -0.044663 1.802041e-08 9.801474e-07       57
features.12                      566    -0.044502 3.557033e-08 2.704850e-08      201
features.5                        59    -0.043928 4.762298e-08 5.906601e-08       73
features.9                       196    -0.043861 1.989798e-08 7.500568e-09      137
features.8                       289    -0.043694 1.427460e-07 8.210147e-08      137
features.1                        15    -0.043603 5.515741e-07 4.409987e-07       41
features.6                       119    -0.043581 2.117122e-07 3.326787e-06       73
features.4                       137    -0.043562 4.782927e-07 6.778796e-08       65
features.6                       134    -0.043416 3.170098e-08 1.951792e-08       73
features.13                      368    -0.043106 2.225683e-08 3.985901e-08      201
features.3                        18    -0.042948 1.729029e-08 8.199291e-07       57
features.12                      522    -0.042912 3.558756e-08 3.737254e-08      201
features.15                      396    -0.042647 2.413415e-07 1.382093e-07      329
features.12                      122    -0.042646 3.503036e-08 3.419283e-08      201
features.12                      191    -0.042423 3.289227e-08 1.687783e-08      201
features.9                       281    -0.042215 2.226670e-08 6.624818e-08      137
features.9                       122    -0.042185 2.263944e-08 7.356923e-08      137
features.5                       191    -0.041841 4.338765e-08 4.287182e-08       73
features.13                      203    -0.041760 2.149173e-08 2.776696e-08      201
features.9                       356    -0.041667 2.092383e-08 4.542675e-08      137
features.16                      490    -0.041610 2.944904e-07 3.745186e-08      329
features.8                       230    -0.041423 8.687890e-08 1.491292e-09      137
features.13                      460    -0.041384 2.431682e-08 4.926796e-07      201
features.7                        29    -0.041347 7.352224e-07 7.523926e-08      105
features.4                       134    -0.041277 5.176141e-07 1.413829e-07       65
features.8                        74    -0.041224 9.604483e-08 1.658322e-08      137
features.15                      329    -0.041107 2.106386e-07 8.301134e-09      329
features.8                       129    -0.041060 8.899952e-08 6.019601e-09      137
features.16                      369    -0.040971 2.821978e-07 5.840089e-09      329
features.12                       15    -0.040918 3.140772e-08 1.349104e-08      201
features.8                       109    -0.040894 1.001782e-07 2.417533e-08      137
features.10                      142    -0.040773 3.773464e-08 8.795326e-09      137
features.3                        28    -0.040651 1.629524e-08 5.480271e-07       57
features.16                      883    -0.040608 2.823516e-07 1.640438e-08      329
features.8                       348    -0.040389 8.891168e-08 8.075061e-09      137
features.9                        21    -0.040382 1.841288e-08 8.676331e-09      137
features.15                      103    -0.040223 3.121461e-07 6.105073e-07      329
features.7                       131    -0.040211 6.723491e-07 2.284392e-08      105
features.8                        90    -0.040104 9.103277e-08 1.234798e-08      137
features.12                      452    -0.039994 3.589027e-08 5.870220e-08      201
features.10                      365    -0.039478 3.740892e-08 1.028327e-08      137
features.8                       323    -0.039106 8.593626e-08 7.579491e-09      137
features.8                       157    -0.038990 8.325205e-08 3.729600e-09      137
features.7                        18    -0.038987 1.714126e-06 1.275056e-06      105
features.9                       207    -0.038682 1.816529e-08 1.830290e-08      137
features.8                       107    -0.038616 8.421696e-08 6.470598e-09      137
features.13                      299    -0.038553 1.987750e-08 3.123656e-08      201
features.9                       121    -0.038256 1.747084e-08 8.736037e-09      137
features.10                      138    -0.038194 3.840584e-08 1.443280e-08      137
features.12                      353    -0.038095 3.913642e-08 9.931248e-08      201
features.7                       108    -0.038076 6.542724e-07 4.242335e-08      105
features.14                      309    -0.037469 7.774502e-07 8.184100e-09      265
features.16                      595    -0.037357 2.634609e-07 2.991037e-08      329
features.16                      708    -0.037116 2.548207e-07 2.014815e-09      329
features.12                      480    -0.036898 3.442954e-08 6.570992e-08      201
features.8                       277    -0.036786 1.082190e-07 5.027404e-08      137
features.16                      948    -0.036277 2.521954e-07 1.448572e-08      329
features.8                        22    -0.036119 1.151940e-07 6.344781e-08      137
features.6                        19    -0.036042 7.510386e-08 9.131293e-07       73
features.16                      796    -0.036036 2.486584e-07 6.938218e-09      329
features.3                       113    -0.035995 1.447341e-08 6.292744e-07       57
features.12                       67    -0.035980 4.648999e-08 1.773107e-07      201
features.9                       314    -0.035944 1.679477e-08 1.539959e-08      137
features.10                      109    -0.035680 7.611224e-08 9.496297e-08      137
features.7                        14    -0.035539 8.367734e-07 3.062700e-07      105
features.16                      133    -0.035319 2.549008e-07 5.148224e-08      329
features.15                      823    -0.035238 1.803833e-07 6.083233e-09      329
features.16                      828    -0.035216 2.530360e-07 4.685506e-08      329
features.6                       182    -0.034949 2.773252e-08 5.642039e-08       73
features.16                      743    -0.034922 2.660151e-07 1.067444e-07      329
features.16                      834    -0.034915 3.913589e-07 6.074894e-07      329
features.16                      632    -0.034819 2.403025e-07 6.865548e-09      329
features.8                       308    -0.034669 1.046311e-07 5.154168e-08      137
features.16                      346    -0.034648 3.806139e-07 5.718869e-07      329
features.3                       138    -0.034617 1.481489e-08 3.497708e-06       57
features.7                       102    -0.034560 5.878586e-07 3.141957e-08      105
features.8                       147    -0.034447 7.426478e-08 4.417514e-09      137
features.10                       79    -0.034443 2.987164e-08 3.370757e-09      137
features.13                      114    -0.034428 1.779442e-08 3.461955e-08      201
features.3                         3    -0.034262 1.449917e-08 2.933290e-06       57
features.15                      261    -0.034179 1.825110e-07 4.880461e-08      329
features.5                       138    -0.033973 3.551017e-08 3.671995e-08       73
features.16                      368    -0.033869 2.422040e-07 4.047974e-08      329
features.8                       260    -0.033701 7.543097e-08 8.695229e-09      137
features.3                        54    -0.033607 1.373032e-08 1.289171e-06       57
features.5                       147    -0.033496 7.403816e-08 3.010245e-07       73
features.8                       189    -0.033421 6.223561e-07 8.714338e-07      137
features.15                       42    -0.033217 1.694249e-07 2.275563e-09      329
features.16                      769    -0.033109 2.671587e-07 1.609111e-07      329
features.15                      761    -0.032706 3.643375e-07 1.124293e-06      329
features.9                         2    -0.032689 1.766426e-08 5.930197e-08      137
features.16                      688    -0.032589 2.970526e-07 2.945334e-07      329
features.15                      628    -0.032571 2.984757e-07 7.540370e-07      329
features.12                      282    -0.032488 2.818940e-08 3.922457e-08      201
features.10                      277    -0.032419 2.893958e-08 4.839483e-09      137
features.3                        65    -0.032065 1.287679e-08 5.073119e-07       57
features.7                       117    -0.031923 6.086837e-07 1.064946e-07      105
features.3                        22    -0.031774 1.264458e-08 1.304127e-07       57
features.8                       364    -0.031733 7.358739e-08 1.222388e-08      137
features.10                       66    -0.031646 3.818720e-08 2.484921e-08      137
features.7                        67    -0.031626 6.289055e-07 1.360360e-07      105
features.15                      294    -0.031565 2.041595e-07 2.473331e-07      329
features.16                      145    -0.031180 2.374922e-07 9.523595e-08      329
features.16                      816    -0.031176 2.270405e-07 5.359459e-08      329
features.15                      392    -0.031070 1.609381e-07 1.610988e-08      329
features.16                       24    -0.030907 2.415797e-07 1.190381e-07      329
features.8                       172    -0.030875 7.891229e-08 2.341936e-08      137
features.13                      408    -0.030873 1.586580e-08 1.700311e-08      201
features.13                      496    -0.030759 1.650836e-08 1.250301e-07      201
features.9                        67    -0.030729 1.439316e-08 1.383700e-08      137
features.3                        34    -0.030708 1.220432e-08 7.427490e-08       57
features.15                      556    -0.030472 1.712956e-07 9.224822e-08      329
features.16                      702    -0.030438 2.318505e-07 9.299712e-08      329
features.16                      438    -0.030366 2.149623e-07 2.753794e-08      329
features.16                      815    -0.030265 2.129695e-07 2.233453e-08      329
features.8                       133    -0.030192 7.545793e-08 2.020817e-08      137
features.12                      396    -0.030134 2.895319e-08 6.098303e-08      201
features.16                      148    -0.029818 2.102770e-07 2.382265e-08      329
features.15                      208    -0.029800 2.660341e-07 6.498587e-07      329
features.9                       118    -0.029799 2.514438e-08 2.253677e-07      137
features.14                        8    -0.029618 3.180179e-06 7.095834e-07      265
features.6                        65    -0.029548 3.399488e-08 2.416147e-07       73
features.10                      368    -0.029484 2.625680e-08 4.273672e-09      137
features.14                       90    -0.029452 1.203353e-06 1.687393e-07      265
features.16                      921    -0.029410 2.028064e-07 5.153867e-09      329
features.10                      137    -0.029409 3.164498e-08 1.531071e-08      137
features.8                       362    -0.029400 6.874476e-08 1.221719e-08      137
features.12                      491    -0.029344 4.745467e-08 2.282326e-07      201
features.16                      686    -0.029067 2.025002e-07 1.331761e-08      329
features.16                      634    -0.028997 2.538718e-07 2.203770e-07      329
features.9                       151    -0.028949 1.416800e-08 2.456250e-08      137
features.8                       102    -0.028868 7.199602e-08 1.908001e-08      137
features.9                       320    -0.028857 1.374779e-08 1.737181e-08      137
features.16                      467    -0.028770 2.406093e-07 1.736389e-07      329
features.16                      464    -0.028680 2.032182e-07 2.677650e-08      329
features.15                      930    -0.028513 1.991345e-07 3.070001e-07      329
features.13                       95    -0.028500 1.532596e-08 1.204555e-07      201
features.10                      176    -0.028498 3.265651e-08 1.887083e-08      137
features.16                      394    -0.028475 1.974121e-07 9.191308e-09      329
features.11                      302    -0.028473 2.902399e-07 5.506130e-07      169
features.10                       74    -0.028415 2.732291e-08 8.206595e-09      137
features.11                       82    -0.028017 1.879309e-07 1.078507e-07      169
features.12                       60    -0.027978 2.371807e-08 2.888818e-08      201
features.12                      517    -0.027684 2.225489e-08 1.794030e-08      201
features.15                      425    -0.027676 1.520157e-07 6.352560e-08      329
features.16                       42    -0.027582 1.907870e-07 7.158886e-09      329
features.4                        94    -0.027578 3.600557e-07 1.115056e-07       65
features.4                        92    -0.027573 3.228159e-07 6.695884e-08       65
features.8                       120    -0.027400 5.958689e-08 4.326831e-09      137
features.11                      245    -0.027383 3.288719e-07 7.505691e-07      169
features.6                        69    -0.027346 2.873745e-08 1.735351e-07       73
features.16                       65    -0.027229 2.671759e-07 3.218886e-07      329
features.8                       141    -0.027202 6.322244e-08 1.070271e-08      137
features.8                        99    -0.027195 5.925407e-08 4.470962e-09      137
features.4                       105    -0.027140 2.918380e-07 3.487228e-08       65
features.8                        60    -0.027032 1.429350e-07 1.368651e-07      137
features.8                       183    -0.027021 7.713076e-08 3.320837e-08      137
features.8                       280    -0.026945 5.710471e-08 1.901168e-09      137
features.16                      913    -0.026813 1.921076e-07 3.347206e-08      329
features.8                       335    -0.026796 1.078727e-07 8.238798e-08      137
features.13                      210    -0.026775 1.433160e-08 1.028888e-07      201
features.16                      903    -0.026767 2.397626e-07 2.250627e-07      329
features.5                       130    -0.026763 6.479566e-08 2.787853e-07       73
features.4                        85    -0.026692 3.644761e-07 1.270800e-07       65
features.15                      188    -0.026677 3.569203e-07 1.256428e-06      329
features.5                        27    -0.026553 3.361754e-08 6.848319e-08       73
features.13                       83    -0.026381 2.016767e-08 1.033171e-06      201
features.8                       269    -0.026264 7.383544e-08 3.049267e-08      137
features.8                       286    -0.026159 6.229494e-08 1.265022e-08      137
features.12                      408    -0.026154 2.620160e-08 6.233328e-08      201
features.15                      274    -0.026000 1.428788e-07 6.008620e-08      329
features.10                      201    -0.025946 4.787712e-08 5.392608e-08      137
features.15                      770    -0.025853 1.740967e-07 2.416728e-07      329
features.16                      238    -0.025820 1.858123e-07 3.551785e-08      329
features.15                      117    -0.025714 1.415177e-07 6.063038e-08      329
features.15                      113    -0.025647 1.664702e-07 2.043051e-07      329
features.16                      513    -0.025563 1.841955e-07 3.608740e-08      329
features.15                      858    -0.025521 1.572781e-07 1.557346e-07      329
features.16                      712    -0.025514 2.182411e-07 1.733865e-07      329
features.8                       224    -0.025450 5.731415e-08 7.119824e-09      137
features.16                      872    -0.025385 1.742508e-07 1.239424e-09      329
features.16                      589    -0.025373 2.171570e-07 1.729109e-07      329
features.16                      912    -0.025269 1.826263e-07 3.787178e-08      329
features.8                       370    -0.025248 6.183611e-08 1.490441e-08      137
features.10                      256    -0.025226 4.780328e-08 5.497118e-08      137
features.5                        82    -0.025172 2.490056e-08 1.763355e-08       73
features.10                       91    -0.025143 4.325921e-08 4.590698e-08      137
features.16                      341    -0.025113 1.723422e-07 1.064949e-09      329
features.16                      844    -0.025034 1.733395e-07 7.226573e-09      329
features.16                      276    -0.024980 1.743335e-07 1.264866e-08      329
features.10                      116    -0.024974 2.857863e-08 1.645612e-08      137
features.15                      901    -0.024885 1.804395e-07 3.056983e-07      329
features.3                        73    -0.024866 1.052637e-08 2.139575e-06       57
features.16                      955    -0.024851 1.839553e-07 5.460279e-08      329
features.12                      289    -0.024849 2.045715e-08 2.032445e-08      201
features.15                      137    -0.024613 1.287562e-07 1.993470e-08      329
features.10                       19    -0.024611 2.567256e-08 1.117367e-08      137
features.5                        43    -0.024501 2.535811e-08 2.477598e-08       73
features.4                        13    -0.024462 2.664505e-07 3.551845e-08       65
features.12                      156    -0.024433 2.479914e-08 6.105323e-08      201
features.12                      400    -0.024432 9.989911e-08 7.194260e-07      201
features.12                      355    -0.024409 1.879412e-08 8.561162e-09      201
features.14                      301    -0.024299 1.105467e-06 1.700891e-07      265
features.15                      939    -0.024288 1.746540e-07 2.900919e-07      329
features.12                      403    -0.024287 2.174833e-08 3.523654e-08      201
features.16                      624    -0.024265 1.726260e-07 2.541638e-08      329
features.16                      682    -0.024197 1.709751e-07 2.068746e-08      329
features.15                      248    -0.024195 2.354691e-07 6.382340e-07      329
features.12                      201    -0.024166 2.143032e-08 3.322666e-08      201
features.15                       30    -0.024115 1.787767e-07 3.185087e-07      329
features.16                      273    -0.024082 1.666722e-07 6.641224e-09      329
features.16                      446    -0.024019 1.930934e-07 1.138733e-07      329
features.3                       130    -0.023862 9.668597e-09 6.562050e-07       57
features.8                       300    -0.023857 5.302418e-08 5.565057e-09      137
features.12                      421    -0.023814 2.153396e-08 3.638869e-08      201
features.8                       340    -0.023662 5.730509e-08 1.295061e-08      137
features.8                       256    -0.023645 5.316079e-08 6.474937e-09      137
features.8                       341    -0.023590 5.276704e-08 6.032436e-09      137
features.16                      134    -0.023516 3.197389e-07 6.334067e-07      329
features.10                      323    -0.023491 2.111059e-08 3.792530e-09      137
features.16                      776    -0.023357 1.607356e-07 2.764528e-09      329
features.14                       97    -0.023234 1.000645e-06 1.471843e-07      265
features.15                       18    -0.023234 1.360665e-07 1.013360e-07      329
features.16                      789    -0.023159 1.597979e-07 4.442211e-09      329
features.9                       237    -0.023152 1.140827e-08 2.111337e-08      137
features.16                      547    -0.023151 1.631620e-07 1.808642e-08      329
features.8                       130    -0.023135 5.565190e-08 1.206731e-08      137
features.8                       287    -0.023080 6.499553e-08 2.697023e-08      137
features.8                        79    -0.023078 5.027341e-08 3.779548e-09      137
features.13                       40    -0.022962 1.183869e-08 1.858364e-08      201
features.16                      715    -0.022956 1.624103e-07 2.041546e-08      329
features.12                      442    -0.022937 3.084689e-08 1.236405e-07      201
features.8                        76    -0.022915 5.109132e-08 5.599770e-09      137
features.16                      434    -0.022911 1.716371e-07 5.849895e-08      329
features.16                        2    -0.022895 2.235659e-07 2.663365e-07      329
features.16                      823    -0.022878 1.568473e-07 3.353712e-10      329
features.8                        34    -0.022778 5.652452e-08 1.461035e-08      137
features.14                       40    -0.022748 2.041971e-06 4.352235e-07      265
features.16                      166    -0.022732 1.572745e-07 6.050612e-09      329
