================================================================================
Channel Pruning Log
  dataset    : UTKFace
  impt_type  : 2
  seed       : 42
  iteration  : 2
  alpha      : 0.9000
  norm       : max
  timestamp  : 2026-09-09 10:16:24
  remove_target  : 43370
  accum_removed  : 43497
  selected_channels : 177
  gamma             : 0.0050
  cap_multiplier    : None
  remove_target_met : yes
  total_params   : 2192320
  active_after   : 2104319
  model_sparsity : 4.0%
================================================================================

[ 레이어별 채널 제거 비율 ]
  layer                total_ch  this_iter    cumul  cumul_%
  ----------------------------------------------------------
  features.1                 32          4        5    15.6%
  features.2                 96          0        1     1.0%
  features.3                144          3        6     4.2%
  features.4                144          0        0     0.0%
  features.5                192          1        3     1.6%
  features.6                192          0        4     2.1%
  features.7                192          0        0     0.0%
  features.8                384          5       23     6.0%
  features.9                384          6       24     6.2%
  features.10               384          5        8     2.1%
  features.11               384          3       19     4.9%
  features.12               576         40       48     8.3%
  features.13               576         32       38     6.6%
  features.14               576          0        1     0.2%
  features.15               960         28       87     9.1%
  features.16               960         48       75     7.8%
  features.17               960          2       11     1.1%

[ 레이어별 보호 영역 (γ=0.0050) ]
  layer                  active  protected  protect_%
  --------------------------------------------------
  features.1                 31          1       3.2%
  features.2                 95          1       1.1%
  features.3                141          1       0.7%
  features.4                144          1       0.7%
  features.5                190          1       0.5%
  features.6                188          1       0.5%
  features.7                192          1       0.5%
  features.8                366          2       0.5%
  features.9                366          2       0.5%
  features.10               381          2       0.5%
  features.11               368          2       0.5%
  features.12               568          3       0.5%
  features.13               570          3       0.5%
  features.14               575          3       0.5%
  features.15               901          5       0.6%
  features.16               933          5       0.5%
  features.17               951          5       0.5%

[ 블록별 제거 채널 수 ]
  features.1: 4채널 제거
  features.10: 5채널 제거
  features.11: 3채널 제거
  features.12: 40채널 제거
  features.13: 32채널 제거
  features.15: 28채널 제거
  features.16: 48채널 제거
  features.17: 2채널 제거
  features.3: 3채널 제거
  features.5: 1채널 제거
  features.8: 5채널 제거
  features.9: 6채널 제거

[ 선택된 채널 상세 ]
  (phi/perf: raw, phi_n/perf_n: 정규화 후 값 — score = α·perf_n − (1−α)·phi_n)
block                             ch        score          phi         perf    phi_n   perf_n  weights
----------------------------------------------------------------------------------------------------
features.12                      221    -0.097616 7.797475e-07 1.395055e-07   0.9992   0.0026      201
features.12                      332    -0.096443 7.803467e-07 2.151133e-07   1.0000   0.0040      201
features.12                      470    -0.092763 7.304902e-07 5.124509e-08   0.9361   0.0009      201
features.13                       18    -0.091168 6.206410e-07 2.332049e-07   0.9617   0.0056      201
features.8                       226    -0.090601 1.203124e-06 7.628666e-07   1.0000   0.0104      137
features.13                       68    -0.089549 6.167387e-07 2.804977e-07   0.9556   0.0067      201
features.1                        22    -0.088843 8.889029e-07 1.888957e-03   1.0000   0.0124       25
features.16                      604    -0.088680 1.187539e-06 2.387896e-08   0.8953   0.0009      329
features.13                      375    -0.085581 5.699306e-07 1.273021e-07   0.8831   0.0030      201
features.12                      415    -0.085452 6.945560e-07 2.149501e-07   0.8901   0.0039      201
features.13                      358    -0.085399 6.266865e-07 5.458520e-07   0.9711   0.0130      201
features.12                      212    -0.084278 7.283215e-07 5.475869e-07   0.9333   0.0101      201
features.13                      153    -0.082607 5.477826e-07 1.059889e-07   0.8488   0.0025      201
features.16                      756    -0.080038 1.136919e-06 1.592465e-07   0.8572   0.0063      329
features.12                      367    -0.079986 6.414940e-07 1.342849e-07   0.8221   0.0025      201
features.13                      230    -0.079385 5.437084e-07 2.267770e-07   0.8425   0.0054      201
features.12                      144    -0.079118 6.693769e-07 4.028271e-07   0.8578   0.0074      201
features.13                      491    -0.079087 5.334990e-07 1.668821e-07   0.8267   0.0040      201
features.12                      358    -0.078226 6.284877e-07 1.399186e-07   0.8054   0.0026      201
features.12                      487    -0.077668 6.339711e-07 2.161693e-07   0.8124   0.0040      201
features.12                      460    -0.077304 6.231159e-07 1.540199e-07   0.7985   0.0028      201
features.13                      227    -0.077147 5.211247e-07 1.679436e-07   0.8075   0.0040      201
features.13                      472    -0.076438 5.118201e-07 1.337607e-07   0.7931   0.0032      201
features.3                        23    -0.076193 1.552236e-07 1.908771e-05   1.0000   0.0265       57
features.12                      140    -0.075999 6.124052e-07 1.499457e-07   0.7848   0.0028      201
features.12                      390    -0.075923 6.098159e-07 1.344750e-07   0.7815   0.0025      201
features.16                      526    -0.074707 1.018059e-06 5.742411e-08   0.7675   0.0023      329
features.16                      317    -0.073970 9.950332e-07 2.940407e-08   0.7502   0.0012      329
features.13                      337    -0.073926 4.925134e-07 1.114433e-07   0.7632   0.0027      201
features.15                      447    -0.073868 1.958431e-06 1.145310e-06   1.0000   0.0290      329
features.12                      453    -0.073455 6.595554e-07 6.691873e-07   0.8452   0.0123      201
features.16                      236    -0.073096 1.054705e-06 1.800912e-07   0.7952   0.0071      329
features.12                      153    -0.071564 5.696263e-07 8.661904e-08   0.7300   0.0016      201
features.13                      395    -0.071188 5.056455e-07 3.339893e-07   0.7835   0.0080      201
features.16                      429    -0.069166 1.092706e-06 3.706863e-07   0.8238   0.0147      329
features.16                      722    -0.068572 9.215424e-07 2.539794e-08   0.6948   0.0010      329
features.13                       58    -0.067818 4.807967e-07 3.115618e-07   0.7450   0.0074      201
features.13                      160    -0.066578 4.954231e-07 4.750561e-07   0.7677   0.0113      201
features.15                       50    -0.066263 1.327460e-06 6.654506e-08   0.6778   0.0017      329
features.16                      942    -0.066237 9.102840e-07 6.709008e-08   0.6863   0.0027      329
features.1                        27    -0.066185 8.445740e-07 4.880901e-03   0.9501   0.0320       25
features.12                       26    -0.065874 5.287038e-07 1.135934e-07   0.6775   0.0021      201
features.16                      678    -0.065710 9.213384e-07 1.052344e-07   0.6946   0.0042      329
features.16                      132    -0.065479 9.579005e-07 1.890356e-07   0.7222   0.0075      329
features.16                      746    -0.065056 8.823585e-07 4.114963e-08   0.6652   0.0016      329
features.13                      556    -0.064728 4.534756e-07 2.582491e-07   0.7027   0.0062      201
features.13                      172    -0.064349 4.554199e-07 2.899969e-07   0.7057   0.0069      201
features.13                      433    -0.064158 4.298177e-07 1.139263e-07   0.6660   0.0027      201
features.12                      218    -0.063845 5.316637e-07 2.592109e-07   0.6813   0.0048      201
features.12                      224    -0.063237 5.134806e-07 1.550873e-07   0.6580   0.0028      201
features.5                       113    -0.063137 6.265014e-07 1.077932e-05   1.0000   0.0410       73
features.16                      822    -0.063101 8.616756e-07 5.226045e-08   0.6496   0.0021      329
features.16                      160    -0.062797 8.533646e-07 4.319753e-08   0.6434   0.0017      329
features.13                        3    -0.062122 4.250023e-07 1.740354e-07   0.6585   0.0041      201
features.15                       40    -0.061900 1.240753e-06 6.372478e-08   0.6335   0.0016      329
features.10                      228    -0.061795 7.980773e-07 1.258906e-07   0.6796   0.0068      137
features.12                      251    -0.060989 5.048725e-07 2.243344e-07   0.6470   0.0041      201
features.12                      483    -0.060920 5.005107e-07 1.946883e-07   0.6414   0.0036      201
features.13                      314    -0.060472 4.051777e-07 1.077386e-07   0.6278   0.0026      201
features.13                      393    -0.060024 4.183715e-07 2.239879e-07   0.6483   0.0053      201
features.15                      196    -0.059934 1.199248e-06 5.703895e-08   0.6124   0.0014      329
features.12                      269    -0.059592 4.779044e-07 9.982866e-08   0.6124   0.0018      201
features.8                       371    -0.059446 7.897038e-07 5.025512e-07   0.6564   0.0069      137
features.15                      345    -0.059286 1.224392e-06 1.417089e-07   0.6252   0.0036      329
features.13                      349    -0.059086 3.978685e-07 1.195817e-07   0.6165   0.0028      201
features.1                        29    -0.058902 5.240821e-07 9.505055e-06   0.5896   0.0001       25
features.9                        46    -0.058844 6.092739e-07 7.886585e-08   0.6128   0.0027      137
features.16                      813    -0.058678 8.153303e-07 7.829944e-08   0.6147   0.0031      329
features.16                      259    -0.058612 8.253411e-07 1.013357e-07   0.6222   0.0040      329
features.15                      127    -0.058312 1.191913e-06 1.117178e-07   0.6086   0.0028      329
features.16                      324    -0.058283 8.054309e-07 6.845740e-08   0.6072   0.0027      329
features.16                      105    -0.058001 7.965442e-07 5.756344e-08   0.6005   0.0023      329
features.12                      329    -0.057722 4.661225e-07 1.216037e-07   0.5973   0.0022      201
features.13                      190    -0.057605 4.234867e-07 3.737137e-07   0.6562   0.0089      201
features.16                      268    -0.057382 8.615496e-07 2.123846e-07   0.6495   0.0084      329
features.16                      168    -0.057245 7.904703e-07 6.593930e-08   0.5960   0.0026      329
features.16                      235    -0.057180 8.203253e-07 1.308998e-07   0.6185   0.0052      329
features.11                      359    -0.057086 1.015795e-06 1.932405e-07   0.5900   0.0021      169
features.16                      857    -0.056836 7.675071e-07 2.884833e-08   0.5786   0.0011      329
features.9                       379    -0.056261 5.862989e-07 8.770130e-08   0.5897   0.0030      137
features.11                      249    -0.055929 9.879765e-07 1.468505e-07   0.5738   0.0016      169
features.12                      507    -0.055922 4.622950e-07 2.007921e-07   0.5924   0.0037      201
features.16                      439    -0.055850 8.889868e-07 3.133944e-07   0.6702   0.0124      329
features.16                      505    -0.055797 7.768873e-07 7.781668e-08   0.5857   0.0031      329
features.13                      177    -0.055734 3.943835e-07 2.506847e-07   0.6111   0.0060      201
features.12                       17    -0.055488 4.756937e-07 3.308513e-07   0.6096   0.0061      201
features.16                      126    -0.055304 7.530523e-07 4.125690e-08   0.5677   0.0016      329
features.16                      365    -0.055252 7.479923e-07 3.199440e-08   0.5639   0.0013      329
features.16                      763    -0.055140 7.572522e-07 5.472447e-08   0.5709   0.0022      329
features.1                         2    -0.054738 5.375796e-07 9.716420e-04   0.6048   0.0064       25
features.12                      434    -0.054716 4.975155e-07 5.466944e-07   0.6376   0.0100      201
features.12                      486    -0.054615 4.564044e-07 2.341989e-07   0.5849   0.0043      201
features.16                      601    -0.054519 8.261597e-07 2.178696e-07   0.6229   0.0086      329
features.15                      388    -0.054454 1.155142e-06 1.984748e-07   0.5898   0.0050      329
features.15                      929    -0.053922 1.103370e-06 1.059656e-07   0.5634   0.0027      329
features.12                      455    -0.053729 4.483409e-07 2.252848e-07   0.5745   0.0041      201
features.12                      458    -0.053577 4.356609e-07 1.361915e-07   0.5583   0.0025      201
features.16                       17    -0.053497 7.242733e-07 3.108740e-08   0.5460   0.0012      329
features.3                       125    -0.053405 1.286386e-07 2.362694e-05   0.8287   0.0327       57
features.16                      499    -0.053273 7.628952e-07 1.190298e-07   0.5752   0.0047      329
features.12                      234    -0.052828 4.684546e-07 4.356314e-07   0.6003   0.0080      201
features.15                      362    -0.052802 1.198205e-06 3.672756e-07   0.6118   0.0093      329
features.17                      841    -0.052801 8.652036e-07 3.882956e-08   0.6178   0.0100      489
features.16                      225    -0.052691 7.085430e-07 2.040827e-08   0.5342   0.0008      329
features.16                      496    -0.052625 7.264852e-07 6.020653e-08   0.5477   0.0024      329
features.15                      482    -0.052474 1.040708e-06 2.919598e-08   0.5314   0.0007      329
features.15                      389    -0.052065 1.038786e-06 4.282223e-08   0.5304   0.0011      329
features.16                      460    -0.051864 7.162287e-07 5.986040e-08   0.5400   0.0024      329
features.13                      512    -0.051628 3.530959e-07 1.438180e-07   0.5471   0.0034      201
features.16                      223    -0.051562 8.050162e-07 2.560769e-07   0.6069   0.0101      329
features.13                      400    -0.051411 3.559657e-07 1.747058e-07   0.5516   0.0042      201
features.12                       96    -0.051329 4.150735e-07 1.126234e-07   0.5319   0.0021      201
features.12                       83    -0.050672 4.154814e-07 1.555000e-07   0.5324   0.0029      201
features.16                      687    -0.050545 7.115229e-07 8.691573e-08   0.5364   0.0034      329
features.15                      438    -0.050414 1.002684e-06 3.436726e-08   0.5120   0.0009      329
features.15                      289    -0.050414 1.018326e-06 6.937682e-08   0.5200   0.0018      329
features.15                      499    -0.050408 1.012656e-06 5.694696e-08   0.5171   0.0014      329
features.15                      431    -0.050295 1.045806e-06 1.360995e-07   0.5340   0.0035      329
features.12                      424    -0.049953 3.967123e-07 5.352145e-08   0.5084   0.0010      201
features.10                      143    -0.049920 7.171597e-07 2.277437e-07   0.6107   0.0124      137
features.8                       170    -0.049639 6.254065e-07 1.901380e-07   0.5198   0.0026      137
features.11                      322    -0.049453 9.508026e-07 5.836509e-07   0.5522   0.0064      169
features.12                      301    -0.049354 4.807424e-07 7.409600e-07   0.6161   0.0136      201
features.10                      153    -0.049204 6.372616e-07 1.033522e-07   0.5426   0.0056      137
features.9                       120    -0.049003 5.743804e-07 2.842112e-07   0.5777   0.0097      137
features.16                      865    -0.048834 6.555147e-07 1.645895e-08   0.4942   0.0007      329
features.8                        52    -0.048808 7.399317e-07 1.030212e-06   0.6150   0.0141      137
features.13                      307    -0.048739 3.249301e-07 7.502213e-08   0.5035   0.0018      201
features.12                      182    -0.048634 3.949800e-07 1.198298e-07   0.5062   0.0022      201
features.16                      881    -0.048581 6.647136e-07 4.300236e-08   0.5011   0.0017      329
features.15                      627    -0.048578 9.664922e-07 3.383674e-08   0.4935   0.0009      329
features.12                       31    -0.048522 4.213016e-07 3.306117e-07   0.5399   0.0061      201
features.8                       181    -0.048487 6.983568e-07 7.758012e-07   0.5805   0.0106      137
features.12                      267    -0.048340 3.955305e-07 1.418907e-07   0.5069   0.0026      201
features.12                      255    -0.048245 4.104118e-07 2.630059e-07   0.5259   0.0048      201
features.16                      890    -0.048162 6.589331e-07 4.253437e-08   0.4968   0.0017      329
features.9                       125    -0.047982 5.224769e-07 1.480154e-07   0.5255   0.0051      137
features.12                      216    -0.047980 3.978244e-07 1.814229e-07   0.5098   0.0033      201
features.16                      298    -0.047953 7.317141e-07 2.023153e-07   0.5517   0.0080      329
features.3                         7    -0.047818 8.929972e-08 7.786379e-06   0.5753   0.0108       57
features.15                      783    -0.047791 9.586817e-07 5.085294e-08   0.4895   0.0013      329
features.15                      306    -0.047269 9.552886e-07 6.614939e-08   0.4878   0.0017      329
features.15                      591    -0.047128 9.886091e-07 1.468805e-07   0.5048   0.0037      329
features.16                      667    -0.047118 7.581123e-07 2.815637e-07   0.5716   0.0112      329
features.16                      507    -0.047006 6.321653e-07 1.837497e-08   0.4766   0.0007      329
features.16                      940    -0.046984 6.501469e-07 5.699690e-08   0.4902   0.0023      329
features.16                      291    -0.046872 1.116395e-06 1.046085e-06   0.8417   0.0414      329
features.10                       30    -0.046834 8.957580e-07 6.014997e-07   0.7627   0.0327      137
features.13                      176    -0.046820 3.139386e-07 8.509244e-08   0.4865   0.0020      201
features.13                      171    -0.046606 3.378382e-07 2.677497e-07   0.5235   0.0064      201
features.15                      104    -0.046531 1.007220e-06 2.147153e-07   0.5143   0.0054      329
features.15                      408    -0.046404 9.254881e-07 3.736221e-08   0.4726   0.0009      329
features.15                      602    -0.046224 9.627074e-07 1.285454e-07   0.4916   0.0033      329
features.13                      178    -0.046068 3.357176e-07 2.775462e-07   0.5202   0.0066      201
features.13                      474    -0.045956 6.453634e-07 2.519998e-06   1.0000   0.0600      201
features.15                      488    -0.045929 9.749914e-07 1.689549e-07   0.4978   0.0043      329
features.10                      280    -0.045922 6.171554e-07 1.354309e-07   0.5255   0.0074      137
features.12                      300    -0.045840 3.744206e-07 1.295121e-07   0.4798   0.0024      201
features.15                      575    -0.045575 9.965473e-07 2.327402e-07   0.5088   0.0059      329
features.13                      501    -0.045499 3.145255e-07 1.509270e-07   0.4874   0.0036      201
features.16                      716    -0.045296 6.162732e-07 3.272551e-08   0.4646   0.0013      329
features.16                      616    -0.045285 6.649484e-07 1.359606e-07   0.5013   0.0054      329
features.16                      656    -0.045189 6.081260e-07 1.848627e-08   0.4585   0.0007      329
features.17                      484    -0.045182 7.644990e-07 4.068645e-08   0.5459   0.0105      489
features.13                      105    -0.045108 4.011743e-07 7.952131e-07   0.6216   0.0189      201
features.16                      471    -0.045081 6.140424e-07 3.402557e-08   0.4629   0.0013      329
features.12                      543    -0.044721 4.755127e-07 9.805999e-07   0.6094   0.0180      201
features.12                       88    -0.044664 3.743668e-07 2.002215e-07   0.4797   0.0037      201
features.9                       141    -0.044617 4.600125e-07 5.340696e-08   0.4626   0.0018      137
features.13                      503    -0.044605 3.031385e-07 1.103708e-07   0.4697   0.0026      201
features.16                      122    -0.044601 6.494018e-07 1.222759e-07   0.4896   0.0048      329
features.15                      649    -0.044418 1.470838e-06 1.344832e-06   0.7510   0.0341      329
features.16                      444    -0.044205 6.006965e-07 3.036806e-08   0.4529   0.0012      329
features.9                       250    -0.044137 4.637220e-07 8.107465e-08   0.4664   0.0028      137
features.15                        9    -0.044110 9.107565e-07 1.049415e-07   0.4650   0.0027      329
features.15                       81    -0.044012 9.022846e-07 9.025455e-08   0.4607   0.0023      329
features.15                      194    -0.044007 9.035379e-07 9.328456e-08   0.4614   0.0024      329
