iter,block,ch,status,score,phi_raw,perf_raw,phi_n,perf_n,weights
63,features.1,0,pruned_before,nan,0.000000e+00,0.000000e+00,0.0000,0.0000,0
63,features.1,1,pruned_before,nan,0.000000e+00,0.000000e+00,0.0000,0.0000,0
63,features.1,2,pruned_before,nan,0.000000e+00,0.000000e+00,0.0000,0.0000,0
63,features.1,3,pruned_before,nan,0.000000e+00,0.000000e+00,0.0000,0.0000,0
63,features.1,4,pruned_before,nan,0.000000e+00,0.000000e+00,0.0000,0.0000,0
63,features.1,5,pruned_before,nan,0.000000e+00,0.000000e+00,0.0000,0.0000,0
63,features.1,6,pruned_before,nan,0.000000e+00,0.000000e+00,0.0000,0.0000,0
63,features.1,7,active,0.012951,9.960238e-07,7.537134e-02,0.4948,0.0694,25
63,features.1,8,pruned_before,nan,0.000000e+00,0.000000e+00,0.0000,0.0000,0
63,features.1,9,pruned_before,nan,0.000000e+00,0.000000e+00,0.0000,0.0000,0
63,features.1,10,pruned_before,nan,0.000000e+00,0.000000e+00,0.0000,0.0000,0
63,features.1,11,protected,0.800000,2.012819e-06,1.086479e+00,1.0000,1.0000,25
63,features.1,12,pruned_before,nan,0.000000e+00,0.000000e+00,0.0000,0.0000,0
63,features.1,13,pruned_before,nan,0.000000e+00,0.000000e+00,0.0000,0.0000,0
63,features.1,14,pruned_before,nan,0.000000e+00,0.000000e+00,0.0000,0.0000,0
63,features.1,15,pruned_before,nan,0.000000e+00,0.000000e+00,0.0000,0.0000,0
63,features.1,16,pruned_before,nan,0.000000e+00,0.000000e+00,0.0000,0.0000,0
63,features.1,17,pruned_before,nan,0.000000e+00,0.000000e+00,0.0000,0.0000,0
63,features.1,18,pruned_before,nan,0.000000e+00,0.000000e+00,0.0000,0.0000,0
63,features.1,19,pruned_before,nan,0.000000e+00,0.000000e+00,0.0000,0.0000,0
63,features.1,20,pruned_before,nan,0.000000e+00,0.000000e+00,0.0000,0.0000,0
63,features.1,21,pruned_before,nan,0.000000e+00,0.000000e+00,0.0000,0.0000,0
63,features.1,22,pruned_before,nan,0.000000e+00,0.000000e+00,0.0000,0.0000,0
63,features.1,23,pruned_before,nan,0.000000e+00,0.000000e+00,0.0000,0.0000,0
63,features.1,24,pruned_before,nan,0.000000e+00,0.000000e+00,0.0000,0.0000,0
63,features.1,25,pruned_before,nan,0.000000e+00,0.000000e+00,0.0000,0.0000,0
63,features.1,26,pruned_before,nan,0.000000e+00,0.000000e+00,0.0000,0.0000,0
63,features.1,27,pruned_before,nan,0.000000e+00,0.000000e+00,0.0000,0.0000,0
63,features.1,28,pruned_before,nan,0.000000e+00,0.000000e+00,0.0000,0.0000,0
63,features.1,29,pruned_before,nan,0.000000e+00,0.000000e+00,0.0000,0.0000,0
63,features.1,30,pruned_before,nan,0.000000e+00,0.000000e+00,0.0000,0.0000,0
63,features.1,31,pruned_before,nan,0.000000e+00,0.000000e+00,0.0000,0.0000,0
63,features.2,0,pruned_before,nan,0.000000e+00,0.000000e+00,0.0000,0.0000,0
63,features.2,1,pruned_before,nan,0.000000e+00,0.000000e+00,0.0000,0.0000,0
63,features.2,2,pruned_before,nan,0.000000e+00,0.000000e+00,0.0000,0.0000,0
63,features.2,3,pruned_before,nan,0.000000e+00,0.000000e+00,0.0000,0.0000,0
63,features.2,4,pruned_before,nan,0.000000e+00,0.000000e+00,0.0000,0.0000,0
63,features.2,5,pruned_before,nan,0.000000e+00,0.000000e+00,0.0000,0.0000,0
63,features.2,6,pruned_before,nan,0.000000e+00,0.000000e+00,0.0000,0.0000,0
63,features.2,7,pruned_before,nan,0.000000e+00,0.000000e+00,0.0000,0.0000,0
63,features.2,8,pruned_before,nan,0.000000e+00,0.000000e+00,0.0000,0.0000,0
63,features.2,9,pruned_before,nan,0.000000e+00,0.000000e+00,0.0000,0.0000,0
63,features.2,10,pruned_before,nan,0.000000e+00,0.000000e+00,0.0000,0.0000,0
63,features.2,11,pruned_before,nan,0.000000e+00,0.000000e+00,0.0000,0.0000,0
63,features.2,12,pruned_before,nan,0.000000e+00,0.000000e+00,0.0000,0.0000,0
63,features.2,13,pruned_before,nan,0.000000e+00,0.000000e+00,0.0000,0.0000,0
63,features.2,14,pruned_before,nan,0.000000e+00,0.000000e+00,0.0000,0.0000,0
63,features.2,15,pruned_before,nan,0.000000e+00,0.000000e+00,0.0000,0.0000,0
63,features.2,16,pruned_before,nan,0.000000e+00,0.000000e+00,0.0000,0.0000,0
63,features.2,17,pruned_before,nan,0.000000e+00,0.000000e+00,0.0000,0.0000,0
63,features.2,18,pruned_before,nan,0.000000e+00,0.000000e+00,0.0000,0.0000,0
63,features.2,19,pruned_before,nan,0.000000e+00,0.000000e+00,0.0000,0.0000,0
63,features.2,20,pruned_before,nan,0.000000e+00,0.000000e+00,0.0000,0.0000,0
63,features.2,21,pruned_before,nan,0.000000e+00,0.000000e+00,0.0000,0.0000,0
63,features.2,22,pruned_before,nan,0.000000e+00,0.000000e+00,0.0000,0.0000,0
63,features.2,23,pruned_before,nan,0.000000e+00,0.000000e+00,0.0000,0.0000,0
63,features.2,24,pruned_before,nan,0.000000e+00,0.000000e+00,0.0000,0.0000,0
63,features.2,25,pruned_before,nan,0.000000e+00,0.000000e+00,0.0000,0.0000,0
63,features.2,26,pruned_before,nan,0.000000e+00,0.000000e+00,0.0000,0.0000,0
63,features.2,27,pruned_before,nan,0.000000e+00,0.000000e+00,0.0000,0.0000,0
63,features.2,28,pruned_before,nan,0.000000e+00,0.000000e+00,0.0000,0.0000,0
63,features.2,29,pruned_before,nan,0.000000e+00,0.000000e+00,0.0000,0.0000,0
63,features.2,30,pruned_before,nan,0.000000e+00,0.000000e+00,0.0000,0.0000,0
63,features.2,31,pruned_before,nan,0.000000e+00,0.000000e+00,0.0000,0.0000,0
63,features.2,32,pruned_before,nan,0.000000e+00,0.000000e+00,0.0000,0.0000,0
63,features.2,33,pruned_before,nan,0.000000e+00,0.000000e+00,0.0000,0.0000,0
63,features.2,34,pruned_before,nan,0.000000e+00,0.000000e+00,0.0000,0.0000,0
63,features.2,35,pruned_before,nan,0.000000e+00,0.000000e+00,0.0000,0.0000,0
63,features.2,36,pruned_before,nan,0.000000e+00,0.000000e+00,0.0000,0.0000,0
63,features.2,37,pruned_before,nan,0.000000e+00,0.000000e+00,0.0000,0.0000,0
63,features.2,38,pruned_before,nan,0.000000e+00,0.000000e+00,0.0000,0.0000,0
63,features.2,39,pruned_before,nan,0.000000e+00,0.000000e+00,0.0000,0.0000,0
63,features.2,40,pruned_before,nan,0.000000e+00,0.000000e+00,0.0000,0.0000,0
63,features.2,41,pruned_before,nan,0.000000e+00,0.000000e+00,0.0000,0.0000,0
63,features.2,42,pruned_before,nan,0.000000e+00,0.000000e+00,0.0000,0.0000,0
63,features.2,43,pruned_before,nan,0.000000e+00,0.000000e+00,0.0000,0.0000,0
63,features.2,44,pruned_before,nan,0.000000e+00,0.000000e+00,0.0000,0.0000,0
63,features.2,45,pruned_before,nan,0.000000e+00,0.000000e+00,0.0000,0.0000,0
63,features.2,46,pruned_before,nan,0.000000e+00,0.000000e+00,0.0000,0.0000,0
63,features.2,47,pruned_before,nan,0.000000e+00,0.000000e+00,0.0000,0.0000,0
63,features.2,48,pruned_before,nan,0.000000e+00,0.000000e+00,0.0000,0.0000,0
63,features.2,49,pruned_before,nan,0.000000e+00,0.000000e+00,0.0000,0.0000,0
63,features.2,50,pruned_before,nan,0.000000e+00,0.000000e+00,0.0000,0.0000,0
63,features.2,51,pruned_before,nan,0.000000e+00,0.000000e+00,0.0000,0.0000,0
63,features.2,52,pruned_before,nan,0.000000e+00,0.000000e+00,0.0000,0.0000,0
63,features.2,53,pruned_before,nan,0.000000e+00,0.000000e+00,0.0000,0.0000,0
63,features.2,54,pruned_before,nan,0.000000e+00,0.000000e+00,0.0000,0.0000,0
63,features.2,55,pruned_before,nan,0.000000e+00,0.000000e+00,0.0000,0.0000,0
63,features.2,56,pruned_before,nan,0.000000e+00,0.000000e+00,0.0000,0.0000,0
63,features.2,57,pruned_before,nan,0.000000e+00,0.000000e+00,0.0000,0.0000,0
63,features.2,58,pruned_before,nan,0.000000e+00,0.000000e+00,0.0000,0.0000,0
63,features.2,59,pruned_before,nan,0.000000e+00,0.000000e+00,0.0000,0.0000,0
63,features.2,60,pruned_before,nan,0.000000e+00,0.000000e+00,0.0000,0.0000,0
63,features.2,61,pruned_before,nan,0.000000e+00,0.000000e+00,0.0000,0.0000,0
63,features.2,62,active,0.169593,8.194337e-07,3.406317e-01,1.0000,0.2995,49
63,features.2,63,pruned_before,nan,0.000000e+00,0.000000e+00,0.0000,0.0000,0
63,features.2,64,pruned_before,nan,0.000000e+00,0.000000e+00,0.0000,0.0000,0
63,features.2,65,pruned_before,nan,0.000000e+00,0.000000e+00,0.0000,0.0000,0
63,features.2,66,pruned_before,nan,0.000000e+00,0.000000e+00,0.0000,0.0000,0
63,features.2,67,pruned_before,nan,0.000000e+00,0.000000e+00,0.0000,0.0000,0
63,features.2,68,pruned_before,nan,0.000000e+00,0.000000e+00,0.0000,0.0000,0
63,features.2,69,pruned_before,nan,0.000000e+00,0.000000e+00,0.0000,0.0000,0
63,features.2,70,pruned_before,nan,0.000000e+00,0.000000e+00,0.0000,0.0000,0
63,features.2,71,pruned_before,nan,0.000000e+00,0.000000e+00,0.0000,0.0000,0
63,features.2,72,active,0.737129,5.756964e-08,9.402414e-01,0.0703,0.8268,49
63,features.2,73,pruned_before,nan,0.000000e+00,0.000000e+00,0.0000,0.0000,0
63,features.2,74,pruned_before,nan,0.000000e+00,0.000000e+00,0.0000,0.0000,0
63,features.2,75,pruned_before,nan,0.000000e+00,0.000000e+00,0.0000,0.0000,0
63,features.2,76,pruned_before,nan,0.000000e+00,0.000000e+00,0.0000,0.0000,0
63,features.2,77,pruned_before,nan,0.000000e+00,0.000000e+00,0.0000,0.0000,0
63,features.2,78,pruned_before,nan,0.000000e+00,0.000000e+00,0.0000,0.0000,0
63,features.2,79,pruned_before,nan,0.000000e+00,0.000000e+00,0.0000,0.0000,0
63,features.2,80,pruned_before,nan,0.000000e+00,0.000000e+00,0.0000,0.0000,0
63,features.2,81,pruned_before,nan,0.000000e+00,0.000000e+00,0.0000,0.0000,0
63,features.2,82,pruned_before,nan,0.000000e+00,0.000000e+00,0.0000,0.0000,0
63,features.2,83,pruned_before,nan,0.000000e+00,0.000000e+00,0.0000,0.0000,0
63,features.2,84,pruned_before,nan,0.000000e+00,0.000000e+00,0.0000,0.0000,0
63,features.2,85,pruned_before,nan,0.000000e+00,0.000000e+00,0.0000,0.0000,0
63,features.2,86,pruned_before,nan,0.000000e+00,0.000000e+00,0.0000,0.0000,0
63,features.2,87,pruned_before,nan,0.000000e+00,0.000000e+00,0.0000,0.0000,0
63,features.2,88,pruned_before,nan,0.000000e+00,0.000000e+00,0.0000,0.0000,0
63,features.2,89,pruned_before,nan,0.000000e+00,0.000000e+00,0.0000,0.0000,0
63,features.2,90,protected,0.868646,2.569257e-07,1.137152e+00,0.3135,1.0000,49
63,features.2,91,pruned_before,nan,0.000000e+00,0.000000e+00,0.0000,0.0000,0
63,features.2,92,pruned_before,nan,0.000000e+00,0.000000e+00,0.0000,0.0000,0
63,features.2,93,pruned_before,nan,0.000000e+00,0.000000e+00,0.0000,0.0000,0
63,features.2,94,pruned_before,nan,0.000000e+00,0.000000e+00,0.0000,0.0000,0
63,features.2,95,pruned_before,nan,0.000000e+00,0.000000e+00,0.0000,0.0000,0
63,features.3,0,pruned_before,nan,0.000000e+00,0.000000e+00,0.0000,0.0000,0
63,features.3,1,pruned_before,nan,0.000000e+00,0.000000e+00,0.0000,0.0000,0
63,features.3,2,pruned_before,nan,0.000000e+00,0.000000e+00,0.0000,0.0000,0
63,features.3,3,pruned_before,nan,0.000000e+00,0.000000e+00,0.0000,0.0000,0
63,features.3,4,pruned_before,nan,0.000000e+00,0.000000e+00,0.0000,0.0000,0
63,features.3,5,pruned_before,nan,0.000000e+00,0.000000e+00,0.0000,0.0000,0
63,features.3,6,pruned_before,nan,0.000000e+00,0.000000e+00,0.0000,0.0000,0
63,features.3,7,pruned_before,nan,0.000000e+00,0.000000e+00,0.0000,0.0000,0
63,features.3,8,pruned_before,nan,0.000000e+00,0.000000e+00,0.0000,0.0000,0
63,features.3,9,pruned_before,nan,0.000000e+00,0.000000e+00,0.0000,0.0000,0
63,features.3,10,pruned_before,nan,0.000000e+00,0.000000e+00,0.0000,0.0000,0
63,features.3,11,pruned_before,nan,0.000000e+00,0.000000e+00,0.0000,0.0000,0
63,features.3,12,pruned_before,nan,0.000000e+00,0.000000e+00,0.0000,0.0000,0
63,features.3,13,pruned_before,nan,0.000000e+00,0.000000e+00,0.0000,0.0000,0
63,features.3,14,pruned_before,nan,0.000000e+00,0.000000e+00,0.0000,0.0000,0
63,features.3,15,pruned_before,nan,0.000000e+00,0.000000e+00,0.0000,0.0000,0
63,features.3,16,pruned_before,nan,0.000000e+00,0.000000e+00,0.0000,0.0000,0
63,features.3,17,pruned_before,nan,0.000000e+00,0.000000e+00,0.0000,0.0000,0
63,features.3,18,pruned_before,nan,0.000000e+00,0.000000e+00,0.0000,0.0000,0
63,features.3,19,pruned_before,nan,0.000000e+00,0.000000e+00,0.0000,0.0000,0
63,features.3,20,pruned_before,nan,0.000000e+00,0.000000e+00,0.0000,0.0000,0
63,features.3,21,pruned_before,nan,0.000000e+00,0.000000e+00,0.0000,0.0000,0
63,features.3,22,pruned_before,nan,0.000000e+00,0.000000e+00,0.0000,0.0000,0
63,features.3,23,pruned_before,nan,0.000000e+00,0.000000e+00,0.0000,0.0000,0
63,features.3,24,pruned_before,nan,0.000000e+00,0.000000e+00,0.0000,0.0000,0
63,features.3,25,active,0.128117,2.046713e-08,1.207730e-02,0.2096,0.1656,57
63,features.3,26,pruned_before,nan,0.000000e+00,0.000000e+00,0.0000,0.0000,0
63,features.3,27,pruned_before,nan,0.000000e+00,0.000000e+00,0.0000,0.0000,0
63,features.3,28,pruned_before,nan,0.000000e+00,0.000000e+00,0.0000,0.0000,0
63,features.3,29,pruned_before,nan,0.000000e+00,0.000000e+00,0.0000,0.0000,0
63,features.3,30,pruned_before,nan,0.000000e+00,0.000000e+00,0.0000,0.0000,0
63,features.3,31,pruned_before,nan,0.000000e+00,0.000000e+00,0.0000,0.0000,0
63,features.3,32,pruned_before,nan,0.000000e+00,0.000000e+00,0.0000,0.0000,0
63,features.3,33,pruned_before,nan,0.000000e+00,0.000000e+00,0.0000,0.0000,0
63,features.3,34,pruned_before,nan,0.000000e+00,0.000000e+00,0.0000,0.0000,0
63,features.3,35,pruned_before,nan,0.000000e+00,0.000000e+00,0.0000,0.0000,0
63,features.3,36,pruned_before,nan,0.000000e+00,0.000000e+00,0.0000,0.0000,0
63,features.3,37,pruned_before,nan,0.000000e+00,0.000000e+00,0.0000,0.0000,0
63,features.3,38,pruned_before,nan,0.000000e+00,0.000000e+00,0.0000,0.0000,0
63,features.3,39,pruned_before,nan,0.000000e+00,0.000000e+00,0.0000,0.0000,0
63,features.3,40,active,0.013415,3.040570e-08,3.609463e-03,0.3114,0.0495,57
63,features.3,41,pruned_before,nan,0.000000e+00,0.000000e+00,0.0000,0.0000,0
63,features.3,42,pruned_before,nan,0.000000e+00,0.000000e+00,0.0000,0.0000,0
63,features.3,43,pruned_before,nan,0.000000e+00,0.000000e+00,0.0000,0.0000,0
63,features.3,44,pruned_before,nan,0.000000e+00,0.000000e+00,0.0000,0.0000,0
63,features.3,45,pruned_before,nan,0.000000e+00,0.000000e+00,0.0000,0.0000,0
63,features.3,46,pruned_before,nan,0.000000e+00,0.000000e+00,0.0000,0.0000,0
63,features.3,47,pruned_before,nan,0.000000e+00,0.000000e+00,0.0000,0.0000,0
63,features.3,48,active,0.462427,9.764484e-08,4.556404e-02,1.0000,0.6249,57
63,features.3,49,pruned_before,nan,0.000000e+00,0.000000e+00,0.0000,0.0000,0
63,features.3,50,pruned_before,nan,0.000000e+00,0.000000e+00,0.0000,0.0000,0
63,features.3,51,pruned_before,nan,0.000000e+00,0.000000e+00,0.0000,0.0000,0
63,features.3,52,pruned_before,nan,0.000000e+00,0.000000e+00,0.0000,0.0000,0
63,features.3,53,active,0.024159,8.716124e-09,2.680375e-03,0.0893,0.0368,57
63,features.3,54,pruned_before,nan,0.000000e+00,0.000000e+00,0.0000,0.0000,0
63,features.3,55,pruned_before,nan,0.000000e+00,0.000000e+00,0.0000,0.0000,0
63,features.3,56,pruned_before,nan,0.000000e+00,0.000000e+00,0.0000,0.0000,0
63,features.3,57,pruned_before,nan,0.000000e+00,0.000000e+00,0.0000,0.0000,0
63,features.3,58,pruned_before,nan,0.000000e+00,0.000000e+00,0.0000,0.0000,0
63,features.3,59,pruned_before,nan,0.000000e+00,0.000000e+00,0.0000,0.0000,0
63,features.3,60,pruned_before,nan,0.000000e+00,0.000000e+00,0.0000,0.0000,0
63,features.3,61,pruned_before,nan,0.000000e+00,0.000000e+00,0.0000,0.0000,0
63,features.3,62,pruned_before,nan,0.000000e+00,0.000000e+00,0.0000,0.0000,0
63,features.3,63,pruned_before,nan,0.000000e+00,0.000000e+00,0.0000,0.0000,0
63,features.3,64,pruned_now,-0.006429,4.094055e-08,2.875889e-03,0.4193,0.0394,57
63,features.3,65,pruned_before,nan,0.000000e+00,0.000000e+00,0.0000,0.0000,0
63,features.3,66,pruned_before,nan,0.000000e+00,0.000000e+00,0.0000,0.0000,0
63,features.3,67,pruned_before,nan,0.000000e+00,0.000000e+00,0.0000,0.0000,0
63,features.3,68,pruned_before,nan,0.000000e+00,0.000000e+00,0.0000,0.0000,0
63,features.3,69,pruned_before,nan,0.000000e+00,0.000000e+00,0.0000,0.0000,0
63,features.3,70,pruned_now,-0.010735,1.595212e-08,4.537979e-04,0.1634,0.0062,57
63,features.3,71,pruned_before,nan,0.000000e+00,0.000000e+00,0.0000,0.0000,0
63,features.3,72,pruned_before,nan,0.000000e+00,0.000000e+00,0.0000,0.0000,0
63,features.3,73,pruned_before,nan,0.000000e+00,0.000000e+00,0.0000,0.0000,0
63,features.3,74,pruned_before,nan,0.000000e+00,0.000000e+00,0.0000,0.0000,0
63,features.3,75,pruned_before,nan,0.000000e+00,0.000000e+00,0.0000,0.0000,0
63,features.3,76,pruned_before,nan,0.000000e+00,0.000000e+00,0.0000,0.0000,0
63,features.3,77,pruned_before,nan,0.000000e+00,0.000000e+00,0.0000,0.0000,0
63,features.3,78,pruned_before,nan,0.000000e+00,0.000000e+00,0.0000,0.0000,0
63,features.3,79,pruned_before,nan,0.000000e+00,0.000000e+00,0.0000,0.0000,0
63,features.3,80,pruned_before,nan,0.000000e+00,0.000000e+00,0.0000,0.0000,0
63,features.3,81,active,0.004129,4.967643e-08,4.455958e-03,0.5087,0.0611,57
63,features.3,82,pruned_before,nan,0.000000e+00,0.000000e+00,0.0000,0.0000,0
63,features.3,83,pruned_before,nan,0.000000e+00,0.000000e+00,0.0000,0.0000,0
63,features.3,84,pruned_before,nan,0.000000e+00,0.000000e+00,0.0000,0.0000,0
63,features.3,85,pruned_now,-0.019802,5.340197e-08,2.826330e-03,0.5469,0.0388,57
63,features.3,86,pruned_before,nan,0.000000e+00,0.000000e+00,0.0000,0.0000,0
63,features.3,87,active,0.094710,1.691424e-08,9.076132e-03,0.1732,0.1245,57
63,features.3,88,pruned_before,nan,0.000000e+00,0.000000e+00,0.0000,0.0000,0
63,features.3,89,pruned_before,nan,0.000000e+00,0.000000e+00,0.0000,0.0000,0
63,features.3,90,pruned_before,nan,0.000000e+00,0.000000e+00,0.0000,0.0000,0
63,features.3,91,pruned_before,nan,0.000000e+00,0.000000e+00,0.0000,0.0000,0
63,features.3,92,pruned_before,nan,0.000000e+00,0.000000e+00,0.0000,0.0000,0
63,features.3,93,pruned_before,nan,0.000000e+00,0.000000e+00,0.0000,0.0000,0
63,features.3,94,pruned_before,nan,0.000000e+00,0.000000e+00,0.0000,0.0000,0
63,features.3,95,pruned_before,nan,0.000000e+00,0.000000e+00,0.0000,0.0000,0
63,features.3,96,pruned_before,nan,0.000000e+00,0.000000e+00,0.0000,0.0000,0
63,features.3,97,pruned_before,nan,0.000000e+00,0.000000e+00,0.0000,0.0000,0
63,features.3,98,pruned_before,nan,0.000000e+00,0.000000e+00,0.0000,0.0000,0
63,features.3,99,pruned_before,nan,0.000000e+00,0.000000e+00,0.0000,0.0000,0
63,features.3,100,pruned_before,nan,0.000000e+00,0.000000e+00,0.0000,0.0000,0
63,features.3,101,pruned_before,nan,0.000000e+00,0.000000e+00,0.0000,0.0000,0
63,features.3,102,pruned_before,nan,0.000000e+00,0.000000e+00,0.0000,0.0000,0
63,features.3,103,pruned_before,nan,0.000000e+00,0.000000e+00,0.0000,0.0000,0
63,features.3,104,pruned_before,nan,0.000000e+00,0.000000e+00,0.0000,0.0000,0
63,features.3,105,pruned_before,nan,0.000000e+00,0.000000e+00,0.0000,0.0000,0
63,features.3,106,protected,0.823688,7.451592e-08,7.291210e-02,0.7631,1.0000,57
63,features.3,107,pruned_before,nan,0.000000e+00,0.000000e+00,0.0000,0.0000,0
63,features.3,108,pruned_before,nan,0.000000e+00,0.000000e+00,0.0000,0.0000,0
63,features.3,109,pruned_before,nan,0.000000e+00,0.000000e+00,0.0000,0.0000,0
63,features.3,110,active,0.558876,7.759028e-08,5.171384e-02,0.7946,0.7093,57
63,features.3,111,pruned_before,nan,0.000000e+00,0.000000e+00,0.0000,0.0000,0
63,features.3,112,pruned_before,nan,0.000000e+00,0.000000e+00,0.0000,0.0000,0
63,features.3,113,pruned_before,nan,0.000000e+00,0.000000e+00,0.0000,0.0000,0
63,features.3,114,pruned_before,nan,0.000000e+00,0.000000e+00,0.0000,0.0000,0
63,features.3,115,pruned_before,nan,0.000000e+00,0.000000e+00,0.0000,0.0000,0
63,features.3,116,pruned_before,nan,0.000000e+00,0.000000e+00,0.0000,0.0000,0
63,features.3,117,pruned_before,nan,0.000000e+00,0.000000e+00,0.0000,0.0000,0
63,features.3,118,pruned_before,nan,0.000000e+00,0.000000e+00,0.0000,0.0000,0
63,features.3,119,pruned_before,nan,0.000000e+00,0.000000e+00,0.0000,0.0000,0
63,features.3,120,active,0.742025,6.181201e-08,6.524233e-02,0.6330,0.8948,57
63,features.3,121,pruned_before,nan,0.000000e+00,0.000000e+00,0.0000,0.0000,0
63,features.3,122,pruned_before,nan,0.000000e+00,0.000000e+00,0.0000,0.0000,0
63,features.3,123,pruned_before,nan,0.000000e+00,0.000000e+00,0.0000,0.0000,0
63,features.3,124,pruned_before,nan,0.000000e+00,0.000000e+00,0.0000,0.0000,0
63,features.3,125,pruned_before,nan,0.000000e+00,0.000000e+00,0.0000,0.0000,0
63,features.3,126,pruned_before,nan,0.000000e+00,0.000000e+00,0.0000,0.0000,0
63,features.3,127,pruned_before,nan,0.000000e+00,0.000000e+00,0.0000,0.0000,0
63,features.3,128,pruned_now,-0.003230,8.379472e-09,4.335078e-04,0.0858,0.0059,57
63,features.3,129,pruned_before,nan,0.000000e+00,0.000000e+00,0.0000,0.0000,0
63,features.3,130,pruned_before,nan,0.000000e+00,0.000000e+00,0.0000,0.0000,0
63,features.3,131,pruned_before,nan,0.000000e+00,0.000000e+00,0.0000,0.0000,0
63,features.3,132,pruned_before,nan,0.000000e+00,0.000000e+00,0.0000,0.0000,0
63,features.3,133,pruned_before,nan,0.000000e+00,0.000000e+00,0.0000,0.0000,0
63,features.3,134,pruned_before,nan,0.000000e+00,0.000000e+00,0.0000,0.0000,0
63,features.3,135,pruned_before,nan,0.000000e+00,0.000000e+00,0.0000,0.0000,0
63,features.3,136,pruned_before,nan,0.000000e+00,0.000000e+00,0.0000,0.0000,0
63,features.3,137,pruned_before,nan,0.000000e+00,0.000000e+00,0.0000,0.0000,0
63,features.3,138,active,0.011952,1.684124e-08,2.365530e-03,0.1725,0.0324,57
63,features.3,139,pruned_before,nan,0.000000e+00,0.000000e+00,0.0000,0.0000,0
63,features.3,140,pruned_before,nan,0.000000e+00,0.000000e+00,0.0000,0.0000,0
63,features.3,141,pruned_before,nan,0.000000e+00,0.000000e+00,0.0000,0.0000,0
63,features.3,142,pruned_before,nan,0.000000e+00,0.000000e+00,0.0000,0.0000,0
63,features.3,143,pruned_before,nan,0.000000e+00,0.000000e+00,0.0000,0.0000,0
63,features.4,0,pruned_before,nan,0.000000e+00,0.000000e+00,0.0000,0.0000,0
63,features.4,1,active,0.212725,2.116421e-08,7.327577e-04,0.0116,0.2376,65
63,features.4,2,pruned_before,nan,0.000000e+00,0.000000e+00,0.0000,0.0000,0
63,features.4,3,active,0.045776,8.613566e-07,3.184258e-04,0.4717,0.1033,65
63,features.4,4,pruned_before,nan,0.000000e+00,0.000000e+00,0.0000,0.0000,0
63,features.4,5,active,-0.000542,1.997004e-08,1.891046e-06,0.0109,0.0006,65
63,features.4,6,active,0.020095,5.856412e-07,1.787170e-04,0.3207,0.0580,65
63,features.4,7,pruned_before,nan,0.000000e+00,0.000000e+00,0.0000,0.0000,0
63,features.4,8,pruned_before,nan,0.000000e+00,0.000000e+00,0.0000,0.0000,0
63,features.4,9,pruned_before,nan,0.000000e+00,0.000000e+00,0.0000,0.0000,0
63,features.4,10,pruned_before,nan,0.000000e+00,0.000000e+00,0.0000,0.0000,0
63,features.4,11,pruned_before,nan,0.000000e+00,0.000000e+00,0.0000,0.0000,0
63,features.4,12,pruned_before,nan,0.000000e+00,0.000000e+00,0.0000,0.0000,0
63,features.4,13,pruned_before,nan,0.000000e+00,0.000000e+00,0.0000,0.0000,0
63,features.4,14,pruned_before,nan,0.000000e+00,0.000000e+00,0.0000,0.0000,0
63,features.4,15,pruned_before,nan,0.000000e+00,0.000000e+00,0.0000,0.0000,0
63,features.4,16,pruned_before,nan,0.000000e+00,0.000000e+00,0.0000,0.0000,0
63,features.4,17,pruned_before,nan,0.000000e+00,0.000000e+00,0.0000,0.0000,0
63,features.4,18,pruned_before,nan,0.000000e+00,0.000000e+00,0.0000,0.0000,0
63,features.4,19,pruned_before,nan,0.000000e+00,0.000000e+00,0.0000,0.0000,0
63,features.4,20,pruned_before,nan,0.000000e+00,0.000000e+00,0.0000,0.0000,0
63,features.4,21,pruned_before,nan,0.000000e+00,0.000000e+00,0.0000,0.0000,0
63,features.4,22,active,0.217067,1.511061e-06,1.027153e-03,0.8275,0.3331,65
63,features.4,23,pruned_before,nan,0.000000e+00,0.000000e+00,0.0000,0.0000,0
63,features.4,24,pruned_before,nan,0.000000e+00,0.000000e+00,0.0000,0.0000,0
63,features.4,25,active,0.005608,8.261105e-09,2.076229e-05,0.0045,0.0067,65
63,features.4,26,active,0.837257,2.105426e-08,2.872357e-03,0.0115,0.9316,65
63,features.4,27,pruned_before,nan,0.000000e+00,0.000000e+00,0.0000,0.0000,0
63,features.4,28,pruned_before,nan,0.000000e+00,0.000000e+00,0.0000,0.0000,0
63,features.4,29,pruned_before,nan,0.000000e+00,0.000000e+00,0.0000,0.0000,0
63,features.4,30,pruned_before,nan,0.000000e+00,0.000000e+00,0.0000,0.0000,0
63,features.4,31,pruned_before,nan,0.000000e+00,0.000000e+00,0.0000,0.0000,0
63,features.4,32,active,0.034516,5.892681e-08,1.293068e-04,0.0323,0.0419,65
63,features.4,33,pruned_before,nan,0.000000e+00,0.000000e+00,0.0000,0.0000,0
63,features.4,34,pruned_before,nan,0.000000e+00,0.000000e+00,0.0000,0.0000,0
63,features.4,35,pruned_before,nan,0.000000e+00,0.000000e+00,0.0000,0.0000,0
63,features.4,36,active,0.044819,1.864782e-07,1.885337e-04,0.1021,0.0611,65
63,features.4,37,pruned_before,nan,0.000000e+00,0.000000e+00,0.0000,0.0000,0
63,features.4,38,pruned_before,nan,0.000000e+00,0.000000e+00,0.0000,0.0000,0
63,features.4,39,pruned_before,nan,0.000000e+00,0.000000e+00,0.0000,0.0000,0
63,features.4,40,pruned_before,nan,0.000000e+00,0.000000e+00,0.0000,0.0000,0
63,features.4,41,pruned_before,nan,0.000000e+00,0.000000e+00,0.0000,0.0000,0
63,features.4,42,pruned_before,nan,0.000000e+00,0.000000e+00,0.0000,0.0000,0
63,features.4,43,active,0.048890,1.826098e-06,5.100903e-04,1.0000,0.1654,65
63,features.4,44,pruned_before,nan,0.000000e+00,0.000000e+00,0.0000,0.0000,0
63,features.4,45,active,0.081562,7.335009e-07,4.170413e-04,0.4017,0.1353,65
63,features.4,46,protected,0.849248,9.267749e-07,3.083360e-03,0.5075,1.0000,65
63,features.4,47,pruned_before,nan,0.000000e+00,0.000000e+00,0.0000,0.0000,0
63,features.4,48,active,0.001358,3.126812e-08,1.051882e-05,0.0171,0.0034,65
63,features.4,49,active,0.030177,4.413890e-07,1.861930e-04,0.2417,0.0604,65
63,features.4,50,pruned_before,nan,0.000000e+00,0.000000e+00,0.0000,0.0000,0
63,features.4,51,pruned_before,nan,0.000000e+00,0.000000e+00,0.0000,0.0000,0
63,features.4,52,pruned_before,nan,0.000000e+00,0.000000e+00,0.0000,0.0000,0
63,features.4,53,pruned_before,nan,0.000000e+00,0.000000e+00,0.0000,0.0000,0
63,features.4,54,active,0.239051,1.577935e-06,1.115017e-03,0.8641,0.3616,65
63,features.4,55,pruned_now,-0.001782,7.526708e-08,8.015259e-06,0.0412,0.0026,65
63,features.4,56,pruned_before,nan,0.000000e+00,0.000000e+00,0.0000,0.0000,0
63,features.4,57,active,0.511046,4.176330e-07,1.829173e-03,0.2287,0.5932,65
63,features.4,58,active,0.028236,1.009523e-06,2.861329e-04,0.5528,0.0928,65
63,features.4,59,active,0.012224,4.116717e-08,4.960388e-05,0.0225,0.0161,65
63,features.4,60,pruned_before,nan,0.000000e+00,0.000000e+00,0.0000,0.0000,0
63,features.4,61,pruned_before,nan,0.000000e+00,0.000000e+00,0.0000,0.0000,0
63,features.4,62,active,0.171912,9.639932e-08,6.070472e-04,0.0528,0.1969,65
63,features.4,63,active,0.305661,2.107889e-08,1.051136e-03,0.0115,0.3409,65
63,features.4,64,pruned_before,nan,0.000000e+00,0.000000e+00,0.0000,0.0000,0
63,features.4,65,pruned_before,nan,0.000000e+00,0.000000e+00,0.0000,0.0000,0
63,features.4,66,pruned_before,nan,0.000000e+00,0.000000e+00,0.0000,0.0000,0
63,features.4,67,pruned_before,nan,0.000000e+00,0.000000e+00,0.0000,0.0000,0
63,features.4,68,pruned_before,nan,0.000000e+00,0.000000e+00,0.0000,0.0000,0
63,features.4,69,pruned_before,nan,0.000000e+00,0.000000e+00,0.0000,0.0000,0
63,features.4,70,pruned_before,nan,0.000000e+00,0.000000e+00,0.0000,0.0000,0
63,features.4,71,pruned_before,nan,0.000000e+00,0.000000e+00,0.0000,0.0000,0
63,features.4,72,active,0.046334,2.973843e-07,2.145312e-04,0.1629,0.0696,65
63,features.4,73,pruned_before,nan,0.000000e+00,0.000000e+00,0.0000,0.0000,0
63,features.4,74,pruned_before,nan,0.000000e+00,0.000000e+00,0.0000,0.0000,0
63,features.4,75,pruned_before,nan,0.000000e+00,0.000000e+00,0.0000,0.0000,0
63,features.4,76,active,0.005155,2.665770e-08,2.266169e-05,0.0146,0.0073,65
63,features.4,77,pruned_before,nan,0.000000e+00,0.000000e+00,0.0000,0.0000,0
63,features.4,78,pruned_before,nan,0.000000e+00,0.000000e+00,0.0000,0.0000,0
63,features.4,79,pruned_before,nan,0.000000e+00,0.000000e+00,0.0000,0.0000,0
63,features.4,80,pruned_before,nan,0.000000e+00,0.000000e+00,0.0000,0.0000,0
63,features.4,81,active,0.076215,8.256767e-08,2.765983e-04,0.0452,0.0897,65
63,features.4,82,active,0.049835,6.103915e-09,1.718769e-04,0.0033,0.0557,65
63,features.4,83,pruned_before,nan,0.000000e+00,0.000000e+00,0.0000,0.0000,0
63,features.4,84,active,0.045114,5.927303e-07,2.657617e-04,0.3246,0.0862,65
63,features.4,85,pruned_before,nan,0.000000e+00,0.000000e+00,0.0000,0.0000,0
63,features.4,86,pruned_before,nan,0.000000e+00,0.000000e+00,0.0000,0.0000,0
63,features.4,87,pruned_before,nan,0.000000e+00,0.000000e+00,0.0000,0.0000,0
63,features.4,88,pruned_before,nan,0.000000e+00,0.000000e+00,0.0000,0.0000,0
63,features.4,89,pruned_before,nan,0.000000e+00,0.000000e+00,0.0000,0.0000,0
63,features.4,90,pruned_before,nan,0.000000e+00,0.000000e+00,0.0000,0.0000,0
63,features.4,91,pruned_before,nan,0.000000e+00,0.000000e+00,0.0000,0.0000,0
63,features.4,92,pruned_before,nan,0.000000e+00,0.000000e+00,0.0000,0.0000,0
63,features.4,93,pruned_before,nan,0.000000e+00,0.000000e+00,0.0000,0.0000,0
63,features.4,94,pruned_before,nan,0.000000e+00,0.000000e+00,0.0000,0.0000,0
63,features.4,95,active,0.012445,4.100985e-08,5.032890e-05,0.0225,0.0163,65
63,features.4,96,pruned_before,nan,0.000000e+00,0.000000e+00,0.0000,0.0000,0
63,features.4,97,pruned_before,nan,0.000000e+00,0.000000e+00,0.0000,0.0000,0
63,features.4,98,active,0.013118,4.248032e-08,5.291278e-05,0.0233,0.0172,65
63,features.4,99,pruned_before,nan,0.000000e+00,0.000000e+00,0.0000,0.0000,0
63,features.4,100,pruned_before,nan,0.000000e+00,0.000000e+00,0.0000,0.0000,0
63,features.4,101,active,0.550522,8.877634e-08,1.902719e-03,0.0486,0.6171,65
63,features.4,102,pruned_before,nan,0.000000e+00,0.000000e+00,0.0000,0.0000,0
63,features.4,103,pruned_before,nan,0.000000e+00,0.000000e+00,0.0000,0.0000,0
63,features.4,104,pruned_before,nan,0.000000e+00,0.000000e+00,0.0000,0.0000,0
63,features.4,105,pruned_before,nan,0.000000e+00,0.000000e+00,0.0000,0.0000,0
63,features.4,106,active,0.002291,1.298955e-08,1.028624e-05,0.0071,0.0033,65
63,features.4,107,active,0.013735,8.671508e-08,6.332461e-05,0.0475,0.0205,65
63,features.4,108,pruned_before,nan,0.000000e+00,0.000000e+00,0.0000,0.0000,0
63,features.4,109,pruned_before,nan,0.000000e+00,0.000000e+00,0.0000,0.0000,0
63,features.4,110,active,0.229901,1.176462e-08,7.898363e-04,0.0064,0.2562,65
63,features.4,111,pruned_before,nan,0.000000e+00,0.000000e+00,0.0000,0.0000,0
63,features.4,112,pruned_before,nan,0.000000e+00,0.000000e+00,0.0000,0.0000,0
63,features.4,113,pruned_before,nan,0.000000e+00,0.000000e+00,0.0000,0.0000,0
63,features.4,114,active,0.003953,2.088508e-08,1.746166e-05,0.0114,0.0057,65
63,features.4,115,active,0.017585,1.637084e-08,6.331817e-05,0.0090,0.0205,65
63,features.4,116,active,0.054766,1.105790e-06,3.950852e-04,0.6055,0.1281,65
63,features.4,117,pruned_before,nan,0.000000e+00,0.000000e+00,0.0000,0.0000,0
63,features.4,118,active,0.010541,2.719400e-08,4.121567e-05,0.0149,0.0134,65
63,features.4,119,pruned_before,nan,0.000000e+00,0.000000e+00,0.0000,0.0000,0
63,features.4,120,active,0.067344,4.611391e-08,2.393696e-04,0.0253,0.0776,65
63,features.4,121,pruned_before,nan,0.000000e+00,0.000000e+00,0.0000,0.0000,0
63,features.4,122,active,0.010317,6.322890e-08,4.720676e-05,0.0346,0.0153,65
63,features.4,123,pruned_before,nan,0.000000e+00,0.000000e+00,0.0000,0.0000,0
63,features.4,124,pruned_before,nan,0.000000e+00,0.000000e+00,0.0000,0.0000,0
63,features.4,125,pruned_before,nan,0.000000e+00,0.000000e+00,0.0000,0.0000,0
63,features.4,126,pruned_before,nan,0.000000e+00,0.000000e+00,0.0000,0.0000,0
63,features.4,127,active,0.094156,4.025615e-08,3.301268e-04,0.0220,0.1071,65
63,features.4,128,pruned_before,nan,0.000000e+00,0.000000e+00,0.0000,0.0000,0
63,features.4,129,pruned_before,nan,0.000000e+00,0.000000e+00,0.0000,0.0000,0
63,features.4,130,active,0.022105,6.695220e-07,2.013392e-04,0.3666,0.0653,65
63,features.4,131,active,0.090531,4.354351e-08,3.183259e-04,0.0238,0.1032,65
63,features.4,132,pruned_before,nan,0.000000e+00,0.000000e+00,0.0000,0.0000,0
63,features.4,133,active,0.002938,2.899699e-08,1.550530e-05,0.0159,0.0050,65
63,features.4,134,pruned_before,nan,0.000000e+00,0.000000e+00,0.0000,0.0000,0
63,features.4,135,active,0.037940,1.435230e-08,1.326727e-04,0.0079,0.0430,65
63,features.4,136,pruned_before,nan,0.000000e+00,0.000000e+00,0.0000,0.0000,0
63,features.4,137,pruned_before,nan,0.000000e+00,0.000000e+00,0.0000,0.0000,0
63,features.4,138,active,0.003873,5.438872e-07,1.153092e-04,0.2978,0.0374,65
63,features.4,139,pruned_before,nan,0.000000e+00,0.000000e+00,0.0000,0.0000,0
63,features.4,140,active,0.002123,4.442505e-08,1.560904e-05,0.0243,0.0051,65
63,features.4,141,pruned_before,nan,0.000000e+00,0.000000e+00,0.0000,0.0000,0
63,features.4,142,pruned_before,nan,0.000000e+00,0.000000e+00,0.0000,0.0000,0
63,features.4,143,pruned_before,nan,0.000000e+00,0.000000e+00,0.0000,0.0000,0
63,features.5,0,pruned_before,nan,0.000000e+00,0.000000e+00,0.0000,0.0000,0
63,features.5,1,pruned_before,nan,0.000000e+00,0.000000e+00,0.0000,0.0000,0
63,features.5,2,pruned_before,nan,0.000000e+00,0.000000e+00,0.0000,0.0000,0
63,features.5,3,pruned_before,nan,0.000000e+00,0.000000e+00,0.0000,0.0000,0
63,features.5,4,pruned_before,nan,0.000000e+00,0.000000e+00,0.0000,0.0000,0
63,features.5,5,active,0.042358,2.017675e-07,1.109690e-04,0.2857,0.0788,73
63,features.5,6,pruned_before,nan,0.000000e+00,0.000000e+00,0.0000,0.0000,0
63,features.5,7,pruned_before,nan,0.000000e+00,0.000000e+00,0.0000,0.0000,0
63,features.5,8,pruned_before,nan,0.000000e+00,0.000000e+00,0.0000,0.0000,0
63,features.5,9,pruned_before,nan,0.000000e+00,0.000000e+00,0.0000,0.0000,0
63,features.5,10,active,0.018286,6.056824e-09,2.995131e-05,0.0086,0.0213,73
63,features.5,11,pruned_before,nan,0.000000e+00,0.000000e+00,0.0000,0.0000,0
63,features.5,12,pruned_before,nan,0.000000e+00,0.000000e+00,0.0000,0.0000,0
63,features.5,13,pruned_before,nan,0.000000e+00,0.000000e+00,0.0000,0.0000,0
63,features.5,14,pruned_before,nan,0.000000e+00,0.000000e+00,0.0000,0.0000,0
63,features.5,15,pruned_before,nan,0.000000e+00,0.000000e+00,0.0000,0.0000,0
63,features.5,16,pruned_before,nan,0.000000e+00,0.000000e+00,0.0000,0.0000,0
63,features.5,17,active,0.010314,1.155591e-08,1.869687e-05,0.0164,0.0133,73
63,features.5,18,pruned_before,nan,0.000000e+00,0.000000e+00,0.0000,0.0000,0
63,features.5,19,active,0.063942,1.592637e-08,1.035716e-04,0.0225,0.0736,73
63,features.5,20,active,0.112978,1.227359e-08,1.794848e-04,0.0174,0.1275,73
63,features.5,21,pruned_before,nan,0.000000e+00,0.000000e+00,0.0000,0.0000,0
63,features.5,22,active,0.308551,1.851433e-07,5.237731e-04,0.2621,0.3720,73
63,features.5,23,pruned_before,nan,0.000000e+00,0.000000e+00,0.0000,0.0000,0
63,features.5,24,pruned_before,nan,0.000000e+00,0.000000e+00,0.0000,0.0000,0
63,features.5,25,pruned_before,nan,0.000000e+00,0.000000e+00,0.0000,0.0000,0
63,features.5,26,pruned_before,nan,0.000000e+00,0.000000e+00,0.0000,0.0000,0
63,features.5,27,pruned_before,nan,0.000000e+00,0.000000e+00,0.0000,0.0000,0
63,features.5,28,active,0.117952,2.468874e-08,1.900165e-04,0.0350,0.1349,73
63,features.5,29,pruned_before,nan,0.000000e+00,0.000000e+00,0.0000,0.0000,0
63,features.5,30,pruned_before,nan,0.000000e+00,0.000000e+00,0.0000,0.0000,0
63,features.5,31,active,0.004483,2.752759e-09,7.623754e-06,0.0039,0.0054,73
63,features.5,32,pruned_before,nan,0.000000e+00,0.000000e+00,0.0000,0.0000,0
63,features.5,33,pruned_before,nan,0.000000e+00,0.000000e+00,0.0000,0.0000,0
63,features.5,34,pruned_before,nan,0.000000e+00,0.000000e+00,0.0000,0.0000,0
63,features.5,35,pruned_before,nan,0.000000e+00,0.000000e+00,0.0000,0.0000,0
63,features.5,36,active,0.124766,3.449689e-09,1.959741e-04,0.0049,0.1392,73
63,features.5,37,active,0.001245,7.416196e-09,3.590241e-06,0.0105,0.0025,73
63,features.5,38,active,0.006899,1.475002e-08,1.406151e-05,0.0209,0.0100,73
63,features.5,39,active,0.012866,3.316116e-08,2.747539e-05,0.0469,0.0195,73
63,features.5,40,pruned_before,nan,0.000000e+00,0.000000e+00,0.0000,0.0000,0
63,features.5,41,pruned_before,nan,0.000000e+00,0.000000e+00,0.0000,0.0000,0
63,features.5,42,active,0.053593,1.710515e-08,8.764073e-05,0.0242,0.0622,73
63,features.5,43,pruned_before,nan,0.000000e+00,0.000000e+00,0.0000,0.0000,0
63,features.5,44,pruned_before,nan,0.000000e+00,0.000000e+00,0.0000,0.0000,0
63,features.5,45,active,0.030940,1.480719e-08,5.168894e-05,0.0210,0.0367,73
63,features.5,46,pruned_before,nan,0.000000e+00,0.000000e+00,0.0000,0.0000,0
63,features.5,47,active,0.028202,3.547546e-08,5.198380e-05,0.0502,0.0369,73
63,features.5,48,active,0.003318,4.559822e-09,6.201554e-06,0.0065,0.0044,73
63,features.5,49,pruned_before,nan,0.000000e+00,0.000000e+00,0.0000,0.0000,0
63,features.5,50,active,0.031073,4.121251e-09,4.953036e-05,0.0058,0.0352,73
63,features.5,51,pruned_before,nan,0.000000e+00,0.000000e+00,0.0000,0.0000,0
63,features.5,52,active,0.014854,1.586702e-08,2.675504e-05,0.0225,0.0190,73
63,features.5,53,pruned_before,nan,0.000000e+00,0.000000e+00,0.0000,0.0000,0
63,features.5,54,active,0.424812,1.582077e-07,6.997084e-04,0.2240,0.4969,73
63,features.5,55,active,0.171462,7.757848e-08,2.854550e-04,0.1098,0.2027,73
63,features.5,56,pruned_before,nan,0.000000e+00,0.000000e+00,0.0000,0.0000,0
63,features.5,57,pruned_before,nan,0.000000e+00,0.000000e+00,0.0000,0.0000,0
63,features.5,58,active,0.111654,4.676399e-07,2.782845e-04,0.6621,0.1976,73
63,features.5,59,pruned_before,nan,0.000000e+00,0.000000e+00,0.0000,0.0000,0
63,features.5,60,active,0.023684,2.264254e-08,4.207197e-05,0.0321,0.0299,73
63,features.5,61,active,0.002882,5.226112e-09,5.666143e-06,0.0074,0.0040,73
63,features.5,62,active,0.003602,3.581575e-08,1.356928e-05,0.0507,0.0096,73
63,features.5,63,active,0.161190,3.317655e-08,2.595473e-04,0.0470,0.1843,73
63,features.5,64,pruned_before,nan,0.000000e+00,0.000000e+00,0.0000,0.0000,0
63,features.5,65,pruned_before,nan,0.000000e+00,0.000000e+00,0.0000,0.0000,0
63,features.5,66,pruned_before,nan,0.000000e+00,0.000000e+00,0.0000,0.0000,0
63,features.5,67,active,0.301967,3.243431e-08,4.796432e-04,0.0459,0.3406,73
63,features.5,68,active,0.038817,1.104101e-08,6.317972e-05,0.0156,0.0449,73
63,features.5,69,active,0.048464,4.190519e-09,7.675575e-05,0.0059,0.0545,73
63,features.5,70,active,0.004103,7.184784e-09,8.011244e-06,0.0102,0.0057,73
63,features.5,71,pruned_before,nan,0.000000e+00,0.000000e+00,0.0000,0.0000,0
63,features.5,72,pruned_before,nan,0.000000e+00,0.000000e+00,0.0000,0.0000,0
63,features.5,73,pruned_before,nan,0.000000e+00,0.000000e+00,0.0000,0.0000,0
63,features.5,74,pruned_before,nan,0.000000e+00,0.000000e+00,0.0000,0.0000,0
63,features.5,75,active,0.123691,3.021095e-08,2.002191e-04,0.0428,0.1422,73
63,features.5,76,active,0.048157,2.862449e-08,8.168771e-05,0.0405,0.0580,73
63,features.5,77,active,0.013617,2.304313e-08,2.640992e-05,0.0326,0.0188,73
63,features.5,78,pruned_before,nan,0.000000e+00,0.000000e+00,0.0000,0.0000,0
63,features.5,79,pruned_before,nan,0.000000e+00,0.000000e+00,0.0000,0.0000,0
63,features.5,80,pruned_before,nan,0.000000e+00,0.000000e+00,0.0000,0.0000,0
63,features.5,81,pruned_before,nan,0.000000e+00,0.000000e+00,0.0000,0.0000,0
63,features.5,82,pruned_before,nan,0.000000e+00,0.000000e+00,0.0000,0.0000,0
63,features.5,83,pruned_before,nan,0.000000e+00,0.000000e+00,0.0000,0.0000,0
63,features.5,84,pruned_before,nan,0.000000e+00,0.000000e+00,0.0000,0.0000,0
63,features.5,85,pruned_before,nan,0.000000e+00,0.000000e+00,0.0000,0.0000,0
63,features.5,86,pruned_before,nan,0.000000e+00,0.000000e+00,0.0000,0.0000,0
63,features.5,87,pruned_before,nan,0.000000e+00,0.000000e+00,0.0000,0.0000,0
63,features.5,88,pruned_before,nan,0.000000e+00,0.000000e+00,0.0000,0.0000,0
63,features.5,89,active,0.095056,5.702712e-09,1.499887e-04,0.0081,0.1065,73
63,features.5,90,pruned_before,nan,0.000000e+00,0.000000e+00,0.0000,0.0000,0
63,features.5,91,pruned_before,nan,0.000000e+00,0.000000e+00,0.0000,0.0000,0
63,features.5,92,pruned_before,nan,0.000000e+00,0.000000e+00,0.0000,0.0000,0
63,features.5,93,pruned_before,nan,0.000000e+00,0.000000e+00,0.0000,0.0000,0
63,features.5,94,pruned_before,nan,0.000000e+00,0.000000e+00,0.0000,0.0000,0
63,features.5,95,pruned_before,nan,0.000000e+00,0.000000e+00,0.0000,0.0000,0
63,features.5,96,pruned_before,nan,0.000000e+00,0.000000e+00,0.0000,0.0000,0
63,features.5,97,pruned_before,nan,0.000000e+00,0.000000e+00,0.0000,0.0000,0
63,features.5,98,active,0.018207,9.774106e-09,3.065238e-05,0.0138,0.0218,73
63,features.5,99,active,0.013398,2.006532e-08,2.540756e-05,0.0284,0.0180,73
63,features.5,100,pruned_before,nan,0.000000e+00,0.000000e+00,0.0000,0.0000,0
63,features.5,101,pruned_before,nan,0.000000e+00,0.000000e+00,0.0000,0.0000,0
63,features.5,102,pruned_before,nan,0.000000e+00,0.000000e+00,0.0000,0.0000,0
63,features.5,103,active,0.062654,1.533256e-09,9.836874e-05,0.0022,0.0699,73
63,features.5,104,pruned_before,nan,0.000000e+00,0.000000e+00,0.0000,0.0000,0
63,features.5,105,pruned_before,nan,0.000000e+00,0.000000e+00,0.0000,0.0000,0
63,features.5,106,pruned_before,nan,0.000000e+00,0.000000e+00,0.0000,0.0000,0
63,features.5,107,active,0.031669,1.460411e-08,5.278511e-05,0.0207,0.0375,73
63,features.5,108,pruned_before,nan,0.000000e+00,0.000000e+00,0.0000,0.0000,0
63,features.5,109,active,0.008806,5.545179e-08,2.606099e-05,0.0785,0.0185,73
63,features.5,110,pruned_before,nan,0.000000e+00,0.000000e+00,0.0000,0.0000,0
63,features.5,111,active,0.033442,1.992537e-08,5.673790e-05,0.0282,0.0403,73
63,features.5,112,active,0.020442,6.676733e-08,4.677377e-05,0.0945,0.0332,73
63,features.5,113,pruned_before,nan,0.000000e+00,0.000000e+00,0.0000,0.0000,0
63,features.5,114,pruned_before,nan,0.000000e+00,0.000000e+00,0.0000,0.0000,0
63,features.5,115,pruned_before,nan,0.000000e+00,0.000000e+00,0.0000,0.0000,0
63,features.5,116,active,0.013869,3.071995e-08,2.850419e-05,0.0435,0.0202,73
63,features.5,117,active,0.045469,2.440140e-09,7.168164e-05,0.0035,0.0509,73
63,features.5,118,active,0.012112,3.515276e-09,1.972842e-05,0.0050,0.0140,73
63,features.5,119,pruned_before,nan,0.000000e+00,0.000000e+00,0.0000,0.0000,0
63,features.5,120,active,0.013145,1.634042e-08,2.418645e-05,0.0231,0.0172,73
63,features.5,121,active,0.008602,1.299797e-07,4.225138e-05,0.1840,0.0300,73
63,features.5,122,pruned_before,nan,0.000000e+00,0.000000e+00,0.0000,0.0000,0
63,features.5,123,pruned_before,nan,0.000000e+00,0.000000e+00,0.0000,0.0000,0
63,features.5,124,pruned_before,nan,0.000000e+00,0.000000e+00,0.0000,0.0000,0
63,features.5,125,active,0.099576,9.369110e-09,1.578721e-04,0.0133,0.1121,73
63,features.5,126,pruned_before,nan,0.000000e+00,0.000000e+00,0.0000,0.0000,0
63,features.5,127,active,0.024159,2.212931e-09,3.828952e-05,0.0031,0.0272,73
63,features.5,128,pruned_before,nan,0.000000e+00,0.000000e+00,0.0000,0.0000,0
63,features.5,129,pruned_before,nan,0.000000e+00,0.000000e+00,0.0000,0.0000,0
63,features.5,130,active,0.006430,1.163868e-08,1.263819e-05,0.0165,0.0090,73
63,features.5,131,active,0.025743,2.356242e-08,4.549656e-05,0.0334,0.0323,73
63,features.5,132,pruned_before,nan,0.000000e+00,0.000000e+00,0.0000,0.0000,0
63,features.5,133,active,0.054248,1.489658e-07,1.178746e-04,0.2109,0.0837,73
63,features.5,134,active,0.033452,5.585057e-07,1.760580e-04,0.7907,0.1250,73
63,features.5,135,pruned_before,nan,0.000000e+00,0.000000e+00,0.0000,0.0000,0
63,features.5,136,pruned_before,nan,0.000000e+00,0.000000e+00,0.0000,0.0000,0
63,features.5,137,pruned_before,nan,0.000000e+00,0.000000e+00,0.0000,0.0000,0
63,features.5,138,pruned_before,nan,0.000000e+00,0.000000e+00,0.0000,0.0000,0
63,features.5,139,pruned_before,nan,0.000000e+00,0.000000e+00,0.0000,0.0000,0
63,features.5,140,pruned_before,nan,0.000000e+00,0.000000e+00,0.0000,0.0000,0
63,features.5,141,pruned_before,nan,0.000000e+00,0.000000e+00,0.0000,0.0000,0
63,features.5,142,pruned_before,nan,0.000000e+00,0.000000e+00,0.0000,0.0000,0
63,features.5,143,pruned_before,nan,0.000000e+00,0.000000e+00,0.0000,0.0000,0
63,features.5,144,active,0.021104,3.354032e-08,4.044888e-05,0.0475,0.0287,73
63,features.5,145,pruned_before,nan,0.000000e+00,0.000000e+00,0.0000,0.0000,0
63,features.5,146,pruned_before,nan,0.000000e+00,0.000000e+00,0.0000,0.0000,0
63,features.5,147,active,0.001325,6.072230e-09,3.418085e-06,0.0086,0.0024,73
63,features.5,148,active,0.018450,5.313824e-08,4.063756e-05,0.0752,0.0289,73
63,features.5,149,active,0.042446,4.754255e-08,7.694225e-05,0.0673,0.0546,73
63,features.5,150,active,0.010329,1.428314e-08,1.932505e-05,0.0202,0.0137,73
63,features.5,151,active,0.228791,1.348979e-07,3.878501e-04,0.1910,0.2754,73
63,features.5,152,pruned_before,nan,0.000000e+00,0.000000e+00,0.0000,0.0000,0
63,features.5,153,pruned_before,nan,0.000000e+00,0.000000e+00,0.0000,0.0000,0
63,features.5,154,pruned_before,nan,0.000000e+00,0.000000e+00,0.0000,0.0000,0
63,features.5,155,pruned_before,nan,0.000000e+00,0.000000e+00,0.0000,0.0000,0
63,features.5,156,pruned_before,nan,0.000000e+00,0.000000e+00,0.0000,0.0000,0
63,features.5,157,pruned_before,nan,0.000000e+00,0.000000e+00,0.0000,0.0000,0
63,features.5,158,active,0.082736,2.528169e-08,1.350498e-04,0.0358,0.0959,73
63,features.5,159,active,0.006020,1.235710e-08,1.215613e-05,0.0175,0.0086,73
63,features.5,160,pruned_before,nan,0.000000e+00,0.000000e+00,0.0000,0.0000,0
63,features.5,161,active,0.000473,1.063588e-07,2.430001e-05,0.1506,0.0173,73
63,features.5,162,pruned_before,nan,0.000000e+00,0.000000e+00,0.0000,0.0000,0
63,features.5,163,active,0.005823,3.317967e-09,9.845263e-06,0.0047,0.0070,73
63,features.5,164,active,0.022668,2.817858e-08,4.170874e-05,0.0399,0.0296,73
63,features.5,165,pruned_before,nan,0.000000e+00,0.000000e+00,0.0000,0.0000,0
63,features.5,166,pruned_before,nan,0.000000e+00,0.000000e+00,0.0000,0.0000,0
63,features.5,167,pruned_before,nan,0.000000e+00,0.000000e+00,0.0000,0.0000,0
63,features.5,168,pruned_before,nan,0.000000e+00,0.000000e+00,0.0000,0.0000,0
63,features.5,169,active,0.000930,5.334649e-10,1.572597e-06,0.0008,0.0011,73
63,features.5,170,pruned_before,nan,0.000000e+00,0.000000e+00,0.0000,0.0000,0
63,features.5,171,pruned_before,nan,0.000000e+00,0.000000e+00,0.0000,0.0000,0
63,features.5,172,pruned_before,nan,0.000000e+00,0.000000e+00,0.0000,0.0000,0
63,features.5,173,active,0.023207,1.551090e-08,3.974609e-05,0.0220,0.0282,73
63,features.5,174,pruned_before,nan,0.000000e+00,0.000000e+00,0.0000,0.0000,0
63,features.5,175,pruned_before,nan,0.000000e+00,0.000000e+00,0.0000,0.0000,0
63,features.5,176,protected,0.800000,7.063148e-07,1.408144e-03,1.0000,1.0000,73
63,features.5,177,pruned_before,nan,0.000000e+00,0.000000e+00,0.0000,0.0000,0
63,features.5,178,pruned_before,nan,0.000000e+00,0.000000e+00,0.0000,0.0000,0
63,features.5,179,pruned_before,nan,0.000000e+00,0.000000e+00,0.0000,0.0000,0
63,features.5,180,pruned_before,nan,0.000000e+00,0.000000e+00,0.0000,0.0000,0
63,features.5,181,pruned_before,nan,0.000000e+00,0.000000e+00,0.0000,0.0000,0
63,features.5,182,active,0.002100,4.783612e-09,4.345853e-06,0.0068,0.0031,73
63,features.5,183,active,0.006782,1.419233e-07,4.204936e-05,0.2009,0.0299,73
63,features.5,184,active,0.019529,9.912782e-09,3.275102e-05,0.0140,0.0233,73
63,features.5,185,pruned_before,nan,0.000000e+00,0.000000e+00,0.0000,0.0000,0
63,features.5,186,pruned_before,nan,0.000000e+00,0.000000e+00,0.0000,0.0000,0
63,features.5,187,active,0.026069,2.208873e-08,4.568114e-05,0.0313,0.0324,73
63,features.5,188,active,0.050584,1.964900e-08,8.349617e-05,0.0278,0.0593,73
63,features.5,189,pruned_before,nan,0.000000e+00,0.000000e+00,0.0000,0.0000,0
63,features.5,190,pruned_before,nan,0.000000e+00,0.000000e+00,0.0000,0.0000,0
63,features.5,191,pruned_before,nan,0.000000e+00,0.000000e+00,0.0000,0.0000,0
63,features.6,0,pruned_before,nan,0.000000e+00,0.000000e+00,0.0000,0.0000,0
63,features.6,1,pruned_before,nan,0.000000e+00,0.000000e+00,0.0000,0.0000,0
63,features.6,2,pruned_before,nan,0.000000e+00,0.000000e+00,0.0000,0.0000,0
63,features.6,3,protected,0.800000,2.294772e-07,3.290678e-02,1.0000,1.0000,73
63,features.6,4,pruned_before,nan,0.000000e+00,0.000000e+00,0.0000,0.0000,0
63,features.6,5,pruned_before,nan,0.000000e+00,0.000000e+00,0.0000,0.0000,0
63,features.6,6,active,-0.000133,3.055188e-10,2.886186e-11,0.0013,0.0000,73
63,features.6,7,pruned_before,nan,0.000000e+00,0.000000e+00,0.0000,0.0000,0
63,features.6,8,pruned_before,nan,0.000000e+00,0.000000e+00,0.0000,0.0000,0
63,features.6,9,pruned_before,nan,0.000000e+00,0.000000e+00,0.0000,0.0000,0
63,features.6,10,pruned_before,nan,0.000000e+00,0.000000e+00,0.0000,0.0000,0
63,features.6,11,pruned_before,nan,0.000000e+00,0.000000e+00,0.0000,0.0000,0
63,features.6,12,pruned_before,nan,0.000000e+00,0.000000e+00,0.0000,0.0000,0
63,features.6,13,pruned_before,nan,0.000000e+00,0.000000e+00,0.0000,0.0000,0
63,features.6,14,pruned_before,nan,0.000000e+00,0.000000e+00,0.0000,0.0000,0
63,features.6,15,pruned_before,nan,0.000000e+00,0.000000e+00,0.0000,0.0000,0
63,features.6,16,pruned_before,nan,0.000000e+00,0.000000e+00,0.0000,0.0000,0
63,features.6,17,pruned_before,nan,0.000000e+00,0.000000e+00,0.0000,0.0000,0
63,features.6,18,pruned_before,nan,0.000000e+00,0.000000e+00,0.0000,0.0000,0
63,features.6,19,pruned_before,nan,0.000000e+00,0.000000e+00,0.0000,0.0000,0
63,features.6,20,pruned_before,nan,0.000000e+00,0.000000e+00,0.0000,0.0000,0
63,features.6,21,pruned_before,nan,0.000000e+00,0.000000e+00,0.0000,0.0000,0
63,features.6,22,pruned_before,nan,0.000000e+00,0.000000e+00,0.0000,0.0000,0
63,features.6,23,pruned_before,nan,0.000000e+00,0.000000e+00,0.0000,0.0000,0
63,features.6,24,pruned_before,nan,0.000000e+00,0.000000e+00,0.0000,0.0000,0
63,features.6,25,pruned_before,nan,0.000000e+00,0.000000e+00,0.0000,0.0000,0
63,features.6,26,pruned_before,nan,0.000000e+00,0.000000e+00,0.0000,0.0000,0
63,features.6,27,pruned_before,nan,0.000000e+00,0.000000e+00,0.0000,0.0000,0
63,features.6,28,pruned_before,nan,0.000000e+00,0.000000e+00,0.0000,0.0000,0
63,features.6,29,pruned_before,nan,0.000000e+00,0.000000e+00,0.0000,0.0000,0
63,features.6,30,pruned_before,nan,0.000000e+00,0.000000e+00,0.0000,0.0000,0
63,features.6,31,pruned_before,nan,0.000000e+00,0.000000e+00,0.0000,0.0000,0
63,features.6,32,pruned_before,nan,0.000000e+00,0.000000e+00,0.0000,0.0000,0
63,features.6,33,pruned_before,nan,0.000000e+00,0.000000e+00,0.0000,0.0000,0
63,features.6,34,pruned_before,nan,0.000000e+00,0.000000e+00,0.0000,0.0000,0
63,features.6,35,pruned_before,nan,0.000000e+00,0.000000e+00,0.0000,0.0000,0
63,features.6,36,pruned_before,nan,0.000000e+00,0.000000e+00,0.0000,0.0000,0
63,features.6,37,pruned_before,nan,0.000000e+00,0.000000e+00,0.0000,0.0000,0
63,features.6,38,pruned_before,nan,0.000000e+00,0.000000e+00,0.0000,0.0000,0
63,features.6,39,pruned_before,nan,0.000000e+00,0.000000e+00,0.0000,0.0000,0
63,features.6,40,pruned_before,nan,0.000000e+00,0.000000e+00,0.0000,0.0000,0
63,features.6,41,pruned_before,nan,0.000000e+00,0.000000e+00,0.0000,0.0000,0
63,features.6,42,pruned_before,nan,0.000000e+00,0.000000e+00,0.0000,0.0000,0
63,features.6,43,active,0.148667,4.440891e-08,6.143313e-03,0.1935,0.1867,73
63,features.6,44,pruned_before,nan,0.000000e+00,0.000000e+00,0.0000,0.0000,0
63,features.6,45,pruned_before,nan,0.000000e+00,0.000000e+00,0.0000,0.0000,0
63,features.6,46,pruned_before,nan,0.000000e+00,0.000000e+00,0.0000,0.0000,0
63,features.6,47,pruned_before,nan,0.000000e+00,0.000000e+00,0.0000,0.0000,0
63,features.6,48,pruned_before,nan,0.000000e+00,0.000000e+00,0.0000,0.0000,0
63,features.6,49,pruned_before,nan,0.000000e+00,0.000000e+00,0.0000,0.0000,0
63,features.6,50,pruned_before,nan,0.000000e+00,0.000000e+00,0.0000,0.0000,0
63,features.6,51,pruned_before,nan,0.000000e+00,0.000000e+00,0.0000,0.0000,0
63,features.6,52,pruned_before,nan,0.000000e+00,0.000000e+00,0.0000,0.0000,0
63,features.6,53,pruned_before,nan,0.000000e+00,0.000000e+00,0.0000,0.0000,0
63,features.6,54,pruned_before,nan,0.000000e+00,0.000000e+00,0.0000,0.0000,0
63,features.6,55,pruned_before,nan,0.000000e+00,0.000000e+00,0.0000,0.0000,0
63,features.6,56,pruned_before,nan,0.000000e+00,0.000000e+00,0.0000,0.0000,0
63,features.6,57,pruned_before,nan,0.000000e+00,0.000000e+00,0.0000,0.0000,0
63,features.6,58,pruned_before,nan,0.000000e+00,0.000000e+00,0.0000,0.0000,0
63,features.6,59,pruned_before,nan,0.000000e+00,0.000000e+00,0.0000,0.0000,0
63,features.6,60,pruned_before,nan,0.000000e+00,0.000000e+00,0.0000,0.0000,0
63,features.6,61,pruned_before,nan,0.000000e+00,0.000000e+00,0.0000,0.0000,0
63,features.6,62,pruned_before,nan,0.000000e+00,0.000000e+00,0.0000,0.0000,0
63,features.6,63,pruned_before,nan,0.000000e+00,0.000000e+00,0.0000,0.0000,0
63,features.6,64,pruned_before,nan,0.000000e+00,0.000000e+00,0.0000,0.0000,0
63,features.6,65,pruned_before,nan,0.000000e+00,0.000000e+00,0.0000,0.0000,0
63,features.6,66,pruned_before,nan,0.000000e+00,0.000000e+00,0.0000,0.0000,0
63,features.6,67,pruned_before,nan,0.000000e+00,0.000000e+00,0.0000,0.0000,0
63,features.6,68,pruned_before,nan,0.000000e+00,0.000000e+00,0.0000,0.0000,0
63,features.6,69,pruned_before,nan,0.000000e+00,0.000000e+00,0.0000,0.0000,0
63,features.6,70,pruned_before,nan,0.000000e+00,0.000000e+00,0.0000,0.0000,0
63,features.6,71,pruned_before,nan,0.000000e+00,0.000000e+00,0.0000,0.0000,0
63,features.6,72,pruned_before,nan,0.000000e+00,0.000000e+00,0.0000,0.0000,0
63,features.6,73,pruned_before,nan,0.000000e+00,0.000000e+00,0.0000,0.0000,0
63,features.6,74,pruned_before,nan,0.000000e+00,0.000000e+00,0.0000,0.0000,0
63,features.6,75,pruned_before,nan,0.000000e+00,0.000000e+00,0.0000,0.0000,0
63,features.6,76,pruned_before,nan,0.000000e+00,0.000000e+00,0.0000,0.0000,0
63,features.6,77,pruned_before,nan,0.000000e+00,0.000000e+00,0.0000,0.0000,0
63,features.6,78,pruned_before,nan,0.000000e+00,0.000000e+00,0.0000,0.0000,0
63,features.6,79,pruned_before,nan,0.000000e+00,0.000000e+00,0.0000,0.0000,0
63,features.6,80,pruned_before,nan,0.000000e+00,0.000000e+00,0.0000,0.0000,0
63,features.6,81,pruned_before,nan,0.000000e+00,0.000000e+00,0.0000,0.0000,0
63,features.6,82,pruned_before,nan,0.000000e+00,0.000000e+00,0.0000,0.0000,0
63,features.6,83,pruned_before,nan,0.000000e+00,0.000000e+00,0.0000,0.0000,0
63,features.6,84,pruned_before,nan,0.000000e+00,0.000000e+00,0.0000,0.0000,0
63,features.6,85,pruned_before,nan,0.000000e+00,0.000000e+00,0.0000,0.0000,0
63,features.6,86,pruned_before,nan,0.000000e+00,0.000000e+00,0.0000,0.0000,0
63,features.6,87,pruned_before,nan,0.000000e+00,0.000000e+00,0.0000,0.0000,0
63,features.6,88,pruned_before,nan,0.000000e+00,0.000000e+00,0.0000,0.0000,0
63,features.6,89,pruned_before,nan,0.000000e+00,0.000000e+00,0.0000,0.0000,0
63,features.6,90,pruned_before,nan,0.000000e+00,0.000000e+00,0.0000,0.0000,0
63,features.6,91,pruned_before,nan,0.000000e+00,0.000000e+00,0.0000,0.0000,0
63,features.6,92,pruned_before,nan,0.000000e+00,0.000000e+00,0.0000,0.0000,0
63,features.6,93,pruned_before,nan,0.000000e+00,0.000000e+00,0.0000,0.0000,0
63,features.6,94,pruned_before,nan,0.000000e+00,0.000000e+00,0.0000,0.0000,0
63,features.6,95,pruned_before,nan,0.000000e+00,0.000000e+00,0.0000,0.0000,0
63,features.6,96,pruned_before,nan,0.000000e+00,0.000000e+00,0.0000,0.0000,0
63,features.6,97,pruned_before,nan,0.000000e+00,0.000000e+00,0.0000,0.0000,0
63,features.6,98,pruned_before,nan,0.000000e+00,0.000000e+00,0.0000,0.0000,0
63,features.6,99,active,-0.031077,1.066297e-07,5.626876e-04,0.4647,0.0171,73
63,features.6,100,pruned_before,nan,0.000000e+00,0.000000e+00,0.0000,0.0000,0
63,features.6,101,pruned_before,nan,0.000000e+00,0.000000e+00,0.0000,0.0000,0
63,features.6,102,pruned_before,nan,0.000000e+00,0.000000e+00,0.0000,0.0000,0
63,features.6,103,pruned_before,nan,0.000000e+00,0.000000e+00,0.0000,0.0000,0
63,features.6,104,pruned_before,nan,0.000000e+00,0.000000e+00,0.0000,0.0000,0
63,features.6,105,pruned_before,nan,0.000000e+00,0.000000e+00,0.0000,0.0000,0
63,features.6,106,pruned_before,nan,0.000000e+00,0.000000e+00,0.0000,0.0000,0
63,features.6,107,pruned_before,nan,0.000000e+00,0.000000e+00,0.0000,0.0000,0
63,features.6,108,pruned_before,nan,0.000000e+00,0.000000e+00,0.0000,0.0000,0
63,features.6,109,pruned_before,nan,0.000000e+00,0.000000e+00,0.0000,0.0000,0
63,features.6,110,pruned_before,nan,0.000000e+00,0.000000e+00,0.0000,0.0000,0
63,features.6,111,pruned_before,nan,0.000000e+00,0.000000e+00,0.0000,0.0000,0
63,features.6,112,pruned_before,nan,0.000000e+00,0.000000e+00,0.0000,0.0000,0
63,features.6,113,pruned_before,nan,0.000000e+00,0.000000e+00,0.0000,0.0000,0
63,features.6,114,pruned_before,nan,0.000000e+00,0.000000e+00,0.0000,0.0000,0
63,features.6,115,pruned_before,nan,0.000000e+00,0.000000e+00,0.0000,0.0000,0
63,features.6,116,pruned_before,nan,0.000000e+00,0.000000e+00,0.0000,0.0000,0
63,features.6,117,pruned_before,nan,0.000000e+00,0.000000e+00,0.0000,0.0000,0
63,features.6,118,pruned_before,nan,0.000000e+00,0.000000e+00,0.0000,0.0000,0
63,features.6,119,pruned_before,nan,0.000000e+00,0.000000e+00,0.0000,0.0000,0
63,features.6,120,pruned_before,nan,0.000000e+00,0.000000e+00,0.0000,0.0000,0
63,features.6,121,pruned_before,nan,0.000000e+00,0.000000e+00,0.0000,0.0000,0
63,features.6,122,pruned_before,nan,0.000000e+00,0.000000e+00,0.0000,0.0000,0
63,features.6,123,pruned_before,nan,0.000000e+00,0.000000e+00,0.0000,0.0000,0
63,features.6,124,pruned_before,nan,0.000000e+00,0.000000e+00,0.0000,0.0000,0
63,features.6,125,active,-0.007532,2.483638e-08,1.203228e-04,0.1082,0.0037,73
63,features.6,126,pruned_before,nan,0.000000e+00,0.000000e+00,0.0000,0.0000,0
63,features.6,127,pruned_before,nan,0.000000e+00,0.000000e+00,0.0000,0.0000,0
63,features.6,128,pruned_before,nan,0.000000e+00,0.000000e+00,0.0000,0.0000,0
63,features.6,129,pruned_before,nan,0.000000e+00,0.000000e+00,0.0000,0.0000,0
63,features.6,130,pruned_before,nan,0.000000e+00,0.000000e+00,0.0000,0.0000,0
63,features.6,131,pruned_before,nan,0.000000e+00,0.000000e+00,0.0000,0.0000,0
63,features.6,132,pruned_before,nan,0.000000e+00,0.000000e+00,0.0000,0.0000,0
63,features.6,133,pruned_before,nan,0.000000e+00,0.000000e+00,0.0000,0.0000,0
63,features.6,134,pruned_before,nan,0.000000e+00,0.000000e+00,0.0000,0.0000,0
63,features.6,135,pruned_before,nan,0.000000e+00,0.000000e+00,0.0000,0.0000,0
63,features.6,136,pruned_before,nan,0.000000e+00,0.000000e+00,0.0000,0.0000,0
63,features.6,137,pruned_before,nan,0.000000e+00,0.000000e+00,0.0000,0.0000,0
63,features.6,138,active,0.000351,3.158078e-09,6.315498e-05,0.0138,0.0019,73
63,features.6,139,pruned_before,nan,0.000000e+00,0.000000e+00,0.0000,0.0000,0
63,features.6,140,pruned_before,nan,0.000000e+00,0.000000e+00,0.0000,0.0000,0
63,features.6,141,pruned_before,nan,0.000000e+00,0.000000e+00,0.0000,0.0000,0
63,features.6,142,pruned_before,nan,0.000000e+00,0.000000e+00,0.0000,0.0000,0
63,features.6,143,pruned_before,nan,0.000000e+00,0.000000e+00,0.0000,0.0000,0
63,features.6,144,pruned_before,nan,0.000000e+00,0.000000e+00,0.0000,0.0000,0
63,features.6,145,pruned_before,nan,0.000000e+00,0.000000e+00,0.0000,0.0000,0
63,features.6,146,pruned_before,nan,0.000000e+00,0.000000e+00,0.0000,0.0000,0
63,features.6,147,pruned_before,nan,0.000000e+00,0.000000e+00,0.0000,0.0000,0
63,features.6,148,pruned_before,nan,0.000000e+00,0.000000e+00,0.0000,0.0000,0
63,features.6,149,pruned_before,nan,0.000000e+00,0.000000e+00,0.0000,0.0000,0
63,features.6,150,pruned_before,nan,0.000000e+00,0.000000e+00,0.0000,0.0000,0
63,features.6,151,pruned_before,nan,0.000000e+00,0.000000e+00,0.0000,0.0000,0
63,features.6,152,pruned_before,nan,0.000000e+00,0.000000e+00,0.0000,0.0000,0
63,features.6,153,pruned_before,nan,0.000000e+00,0.000000e+00,0.0000,0.0000,0
63,features.6,154,pruned_before,nan,0.000000e+00,0.000000e+00,0.0000,0.0000,0
63,features.6,155,pruned_before,nan,0.000000e+00,0.000000e+00,0.0000,0.0000,0
63,features.6,156,pruned_before,nan,0.000000e+00,0.000000e+00,0.0000,0.0000,0
63,features.6,157,pruned_before,nan,0.000000e+00,0.000000e+00,0.0000,0.0000,0
63,features.6,158,pruned_before,nan,0.000000e+00,0.000000e+00,0.0000,0.0000,0
63,features.6,159,pruned_before,nan,0.000000e+00,0.000000e+00,0.0000,0.0000,0
63,features.6,160,pruned_before,nan,0.000000e+00,0.000000e+00,0.0000,0.0000,0
63,features.6,161,pruned_before,nan,0.000000e+00,0.000000e+00,0.0000,0.0000,0
63,features.6,162,pruned_before,nan,0.000000e+00,0.000000e+00,0.0000,0.0000,0
63,features.6,163,pruned_before,nan,0.000000e+00,0.000000e+00,0.0000,0.0000,0
63,features.6,164,pruned_before,nan,0.000000e+00,0.000000e+00,0.0000,0.0000,0
63,features.6,165,pruned_before,nan,0.000000e+00,0.000000e+00,0.0000,0.0000,0
63,features.6,166,pruned_before,nan,0.000000e+00,0.000000e+00,0.0000,0.0000,0
63,features.6,167,pruned_before,nan,0.000000e+00,0.000000e+00,0.0000,0.0000,0
63,features.6,168,pruned_before,nan,0.000000e+00,0.000000e+00,0.0000,0.0000,0
63,features.6,169,pruned_before,nan,0.000000e+00,0.000000e+00,0.0000,0.0000,0
63,features.6,170,pruned_before,nan,0.000000e+00,0.000000e+00,0.0000,0.0000,0
63,features.6,171,pruned_before,nan,0.000000e+00,0.000000e+00,0.0000,0.0000,0
63,features.6,172,pruned_before,nan,0.000000e+00,0.000000e+00,0.0000,0.0000,0
63,features.6,173,pruned_before,nan,0.000000e+00,0.000000e+00,0.0000,0.0000,0
63,features.6,174,pruned_before,nan,0.000000e+00,0.000000e+00,0.0000,0.0000,0
63,features.6,175,pruned_before,nan,0.000000e+00,0.000000e+00,0.0000,0.0000,0
63,features.6,176,pruned_before,nan,0.000000e+00,0.000000e+00,0.0000,0.0000,0
63,features.6,177,pruned_before,nan,0.000000e+00,0.000000e+00,0.0000,0.0000,0
63,features.6,178,pruned_before,nan,0.000000e+00,0.000000e+00,0.0000,0.0000,0
63,features.6,179,pruned_before,nan,0.000000e+00,0.000000e+00,0.0000,0.0000,0
63,features.6,180,pruned_before,nan,0.000000e+00,0.000000e+00,0.0000,0.0000,0
63,features.6,181,pruned_before,nan,0.000000e+00,0.000000e+00,0.0000,0.0000,0
63,features.6,182,pruned_before,nan,0.000000e+00,0.000000e+00,0.0000,0.0000,0
63,features.6,183,pruned_before,nan,0.000000e+00,0.000000e+00,0.0000,0.0000,0
63,features.6,184,pruned_before,nan,0.000000e+00,0.000000e+00,0.0000,0.0000,0
63,features.6,185,pruned_before,nan,0.000000e+00,0.000000e+00,0.0000,0.0000,0
63,features.6,186,pruned_before,nan,0.000000e+00,0.000000e+00,0.0000,0.0000,0
63,features.6,187,pruned_before,nan,0.000000e+00,0.000000e+00,0.0000,0.0000,0
63,features.6,188,pruned_before,nan,0.000000e+00,0.000000e+00,0.0000,0.0000,0
63,features.6,189,pruned_before,nan,0.000000e+00,0.000000e+00,0.0000,0.0000,0
63,features.6,190,pruned_before,nan,0.000000e+00,0.000000e+00,0.0000,0.0000,0
63,features.6,191,pruned_before,nan,0.000000e+00,0.000000e+00,0.0000,0.0000,0
63,features.7,0,pruned_now,-0.003691,4.492630e-07,1.063943e-06,0.1043,0.0075,105
63,features.7,1,active,0.073436,4.764407e-07,1.334601e-05,0.1106,0.0939,105
63,features.7,2,active,0.111696,1.081495e-06,2.160738e-05,0.2510,0.1520,105
63,features.7,3,active,0.046144,2.166180e-07,8.082689e-06,0.0503,0.0569,105
63,features.7,4,protected,0.861426,1.662124e-06,1.421592e-04,0.3857,1.0000,105
63,features.7,5,active,0.010010,6.928973e-07,4.121126e-06,0.1608,0.0290,105
63,features.7,6,active,0.025843,9.950571e-07,7.729703e-06,0.2309,0.0544,105
63,features.7,7,pruned_before,nan,0.000000e+00,0.000000e+00,0.0000,0.0000,0
63,features.7,8,active,0.042741,3.055063e-07,7.871123e-06,0.0709,0.0554,105
63,features.7,9,active,0.009483,2.947339e-07,2.578288e-06,0.0684,0.0181,105
63,features.7,10,active,0.008935,3.492738e-07,2.691630e-06,0.0811,0.0189,105
63,features.7,11,active,0.018723,1.343105e-07,3.449702e-06,0.0312,0.0243,105
63,features.7,12,active,0.012822,8.885954e-07,5.282755e-06,0.2062,0.0372,105
63,features.7,13,pruned_before,nan,0.000000e+00,0.000000e+00,0.0000,0.0000,0
63,features.7,14,active,0.060945,1.375898e-06,1.467036e-05,0.3193,0.1032,105
63,features.7,15,pruned_before,nan,0.000000e+00,0.000000e+00,0.0000,0.0000,0
63,features.7,16,pruned_before,nan,0.000000e+00,0.000000e+00,0.0000,0.0000,0
63,features.7,17,active,0.019975,6.844641e-07,5.664189e-06,0.1588,0.0398,105
63,features.7,18,active,0.030376,5.549501e-07,6.832429e-06,0.1288,0.0481,105
63,features.7,19,pruned_before,nan,0.000000e+00,0.000000e+00,0.0000,0.0000,0
63,features.7,20,active,0.060975,4.928194e-07,1.143784e-05,0.1144,0.0805,105
63,features.7,21,active,0.006946,5.028123e-07,2.940390e-06,0.1167,0.0207,105
63,features.7,22,active,0.642707,2.691550e-07,1.025053e-04,0.0625,0.7211,105
63,features.7,23,active,0.016880,1.843656e-07,3.342059e-06,0.0428,0.0235,105
63,features.7,24,pruned_before,nan,0.000000e+00,0.000000e+00,0.0000,0.0000,0
63,features.7,25,active,0.012673,4.402850e-08,2.163104e-06,0.0102,0.0152,105
63,features.7,26,active,0.034409,2.915604e-06,1.612295e-05,0.6766,0.1134,105
63,features.7,27,active,0.040516,7.987525e-07,9.327789e-06,0.1854,0.0656,105
63,features.7,28,active,0.048938,8.481053e-07,1.083891e-05,0.1968,0.0762,105
63,features.7,29,active,0.021622,4.441250e-07,5.043290e-06,0.1031,0.0355,105
63,features.7,30,pruned_before,nan,0.000000e+00,0.000000e+00,0.0000,0.0000,0
63,features.7,31,active,0.056526,1.787010e-07,9.583609e-06,0.0415,0.0674,105
63,features.7,32,active,0.003564,1.681841e-07,1.179451e-06,0.0390,0.0083,105
63,features.7,33,pruned_before,nan,0.000000e+00,0.000000e+00,0.0000,0.0000,0
63,features.7,34,active,0.007464,8.330550e-07,4.232817e-06,0.1933,0.0298,105
63,features.7,35,active,0.244870,3.708488e-08,3.881432e-05,0.0086,0.2730,105
63,features.7,36,active,0.039651,5.988614e-07,8.458332e-06,0.1390,0.0595,105
63,features.7,37,pruned_before,nan,0.000000e+00,0.000000e+00,0.0000,0.0000,0
63,features.7,38,active,0.024929,4.280298e-07,5.506656e-06,0.0993,0.0387,105
63,features.7,39,active,0.114431,2.076292e-06,2.568613e-05,0.4819,0.1807,105
63,features.7,40,active,0.016269,7.296019e-07,5.244257e-06,0.1693,0.0369,105
63,features.7,41,active,0.005013,4.730732e-08,9.651989e-07,0.0110,0.0068,105
63,features.7,42,pruned_before,nan,0.000000e+00,0.000000e+00,0.0000,0.0000,0
63,features.7,43,pruned_before,nan,0.000000e+00,0.000000e+00,0.0000,0.0000,0
63,features.7,44,active,0.026379,3.310835e-07,5.380429e-06,0.0768,0.0378,105
63,features.7,45,active,0.005625,2.084853e-08,9.648842e-07,0.0048,0.0068,105
63,features.7,46,pruned_before,nan,0.000000e+00,0.000000e+00,0.0000,0.0000,0
63,features.7,47,active,0.300227,1.413930e-06,5.260537e-05,0.3281,0.3700,105
63,features.7,48,active,0.027833,6.417062e-07,6.748638e-06,0.1489,0.0475,105
63,features.7,49,active,0.050975,2.633255e-07,9.016971e-06,0.0611,0.0634,105
63,features.7,50,pruned_before,nan,0.000000e+00,0.000000e+00,0.0000,0.0000,0
63,features.7,51,pruned_before,nan,0.000000e+00,0.000000e+00,0.0000,0.0000,0
63,features.7,52,active,0.015615,3.591416e-08,2.598113e-06,0.0083,0.0183,105
63,features.7,53,active,0.041891,1.331991e-07,7.105079e-06,0.0309,0.0500,105
63,features.7,54,pruned_before,nan,0.000000e+00,0.000000e+00,0.0000,0.0000,0
63,features.7,55,pruned_before,nan,0.000000e+00,0.000000e+00,0.0000,0.0000,0
63,features.7,56,pruned_before,nan,0.000000e+00,0.000000e+00,0.0000,0.0000,0
63,features.7,57,pruned_before,nan,0.000000e+00,0.000000e+00,0.0000,0.0000,0
63,features.7,58,active,0.127660,4.106776e-07,2.166990e-05,0.0953,0.1524,105
63,features.7,59,pruned_before,nan,0.000000e+00,0.000000e+00,0.0000,0.0000,0
63,features.7,60,pruned_before,nan,0.000000e+00,0.000000e+00,0.0000,0.0000,0
63,features.7,61,active,0.156464,1.206647e-07,2.515653e-05,0.0280,0.1770,105
63,features.7,62,pruned_before,nan,0.000000e+00,0.000000e+00,0.0000,0.0000,0
63,features.7,63,pruned_before,nan,0.000000e+00,0.000000e+00,0.0000,0.0000,0
63,features.7,64,active,0.060589,9.959179e-08,9.935358e-06,0.0231,0.0699,105
63,features.7,65,active,0.001632,3.021920e-07,1.365554e-06,0.0701,0.0096,105
63,features.7,66,active,0.006615,5.885513e-07,3.202386e-06,0.1366,0.0225,105
63,features.7,67,pruned_before,nan,0.000000e+00,0.000000e+00,0.0000,0.0000,0
63,features.7,68,active,0.046305,3.009991e-06,1.834806e-05,0.6986,0.1291,105
63,features.7,69,active,0.016469,2.894290e-07,3.662259e-06,0.0672,0.0258,105
63,features.7,70,active,0.163237,6.563193e-07,2.819000e-05,0.1523,0.1983,105
63,features.7,71,pruned_before,nan,0.000000e+00,0.000000e+00,0.0000,0.0000,0
63,features.7,72,active,0.049961,7.084324e-07,1.048849e-05,0.1644,0.0738,105
63,features.7,73,active,0.050886,1.127333e-06,1.217019e-05,0.2616,0.0856,105
63,features.7,74,pruned_before,nan,0.000000e+00,0.000000e+00,0.0000,0.0000,0
63,features.7,75,active,0.075864,8.683776e-07,1.516640e-05,0.2015,0.1067,105
63,features.7,76,active,0.037350,6.984560e-08,6.155713e-06,0.0162,0.0433,105
63,features.7,77,active,0.038776,1.134942e-07,6.540909e-06,0.0263,0.0460,105
63,features.7,78,active,0.037576,5.774594e-08,6.147009e-06,0.0134,0.0432,105
63,features.7,79,pruned_before,nan,0.000000e+00,0.000000e+00,0.0000,0.0000,0
63,features.7,80,pruned_before,nan,0.000000e+00,0.000000e+00,0.0000,0.0000,0
63,features.7,81,pruned_before,nan,0.000000e+00,0.000000e+00,0.0000,0.0000,0
63,features.7,82,pruned_before,nan,0.000000e+00,0.000000e+00,0.0000,0.0000,0
63,features.7,83,active,0.071429,1.419239e-07,1.180283e-05,0.0329,0.0830,105
63,features.7,84,active,0.033660,8.952846e-08,5.644987e-06,0.0208,0.0397,105
63,features.7,85,active,0.138358,1.022951e-07,2.222924e-05,0.0237,0.1564,105
63,features.7,86,pruned_before,nan,0.000000e+00,0.000000e+00,0.0000,0.0000,0
63,features.7,87,pruned_before,nan,0.000000e+00,0.000000e+00,0.0000,0.0000,0
63,features.7,88,active,0.092350,2.450363e-06,2.356965e-05,0.5687,0.1658,105
63,features.7,89,active,0.008262,4.712803e-07,3.032621e-06,0.1094,0.0213,105
63,features.7,90,pruned_before,nan,0.000000e+00,0.000000e+00,0.0000,0.0000,0
63,features.7,91,pruned_before,nan,0.000000e+00,0.000000e+00,0.0000,0.0000,0
63,features.7,92,active,0.093737,2.644895e-07,1.577575e-05,0.0614,0.1110,105
63,features.7,93,pruned_before,nan,0.000000e+00,0.000000e+00,0.0000,0.0000,0
63,features.7,94,active,0.105403,1.444915e-07,1.717861e-05,0.0335,0.1208,105
63,features.7,95,active,0.019961,3.705214e-08,3.288821e-06,0.0086,0.0231,105
63,features.7,96,pruned_before,nan,0.000000e+00,0.000000e+00,0.0000,0.0000,0
63,features.7,97,active,0.009676,3.763576e-07,2.908081e-06,0.0873,0.0205,105
63,features.7,98,pruned_before,nan,0.000000e+00,0.000000e+00,0.0000,0.0000,0
63,features.7,99,pruned_before,nan,0.000000e+00,0.000000e+00,0.0000,0.0000,0
63,features.7,100,pruned_before,nan,0.000000e+00,0.000000e+00,0.0000,0.0000,0
63,features.7,101,active,0.287065,8.288698e-07,4.838172e-05,0.1924,0.3403,105
63,features.7,102,pruned_before,nan,0.000000e+00,0.000000e+00,0.0000,0.0000,0
63,features.7,103,active,0.064838,4.912985e-07,1.204252e-05,0.1140,0.0847,105
63,features.7,104,pruned_before,nan,0.000000e+00,0.000000e+00,0.0000,0.0000,0
63,features.7,105,active,0.000865,1.908241e-07,8.361465e-07,0.0443,0.0059,105
63,features.7,106,pruned_before,nan,0.000000e+00,0.000000e+00,0.0000,0.0000,0
63,features.7,107,active,0.075195,8.654393e-07,1.504996e-05,0.2008,0.1059,105
63,features.7,108,active,0.005668,6.229944e-07,3.179085e-06,0.1446,0.0224,105
63,features.7,109,pruned_before,nan,0.000000e+00,0.000000e+00,0.0000,0.0000,0
63,features.7,110,active,0.018826,1.785567e-07,3.628223e-06,0.0414,0.0255,105
63,features.7,111,active,0.066772,1.071720e-06,1.447557e-05,0.2487,0.1018,105
63,features.7,112,active,0.083346,1.534023e-06,1.878822e-05,0.3560,0.1322,105
63,features.7,113,active,0.039391,4.756377e-07,7.965633e-06,0.1104,0.0560,105
63,features.7,114,active,0.053529,5.034499e-07,1.030064e-05,0.1168,0.0725,105
63,features.7,115,pruned_before,nan,0.000000e+00,0.000000e+00,0.0000,0.0000,0
63,features.7,116,pruned_before,nan,0.000000e+00,0.000000e+00,0.0000,0.0000,0
63,features.7,117,pruned_before,nan,0.000000e+00,0.000000e+00,0.0000,0.0000,0
63,features.7,118,active,0.214108,6.025707e-07,3.602826e-05,0.1398,0.2534,105
63,features.7,119,pruned_before,nan,0.000000e+00,0.000000e+00,0.0000,0.0000,0
63,features.7,120,pruned_before,nan,0.000000e+00,0.000000e+00,0.0000,0.0000,0
63,features.7,121,pruned_before,nan,0.000000e+00,0.000000e+00,0.0000,0.0000,0
63,features.7,122,pruned_before,nan,0.000000e+00,0.000000e+00,0.0000,0.0000,0
63,features.7,123,active,0.009363,8.618532e-07,4.638219e-06,0.2000,0.0326,105
63,features.7,124,pruned_before,nan,0.000000e+00,0.000000e+00,0.0000,0.0000,0
63,features.7,125,pruned_before,nan,0.000000e+00,0.000000e+00,0.0000,0.0000,0
63,features.7,126,active,0.035788,1.687218e-06,1.183779e-05,0.3916,0.0833,105
63,features.7,127,active,0.042799,9.503872e-07,1.024422e-05,0.2206,0.0721,105
63,features.7,128,active,0.076670,7.533894e-07,1.487219e-05,0.1748,0.1046,105
63,features.7,129,pruned_before,nan,0.000000e+00,0.000000e+00,0.0000,0.0000,0
63,features.7,130,active,0.000109,9.681581e-07,3.566327e-06,0.2247,0.0251,105
63,features.7,131,pruned_before,nan,0.000000e+00,0.000000e+00,0.0000,0.0000,0
63,features.7,132,pruned_before,nan,0.000000e+00,0.000000e+00,0.0000,0.0000,0
63,features.7,133,pruned_before,nan,0.000000e+00,0.000000e+00,0.0000,0.0000,0
63,features.7,134,pruned_before,nan,0.000000e+00,0.000000e+00,0.0000,0.0000,0
63,features.7,135,active,0.008350,2.787864e-07,2.340907e-06,0.0647,0.0165,105
63,features.7,136,active,-0.001162,4.741539e-07,1.554589e-06,0.1100,0.0109,105
63,features.7,137,pruned_before,nan,0.000000e+00,0.000000e+00,0.0000,0.0000,0
63,features.7,138,pruned_before,nan,0.000000e+00,0.000000e+00,0.0000,0.0000,0
63,features.7,139,active,0.006183,4.199177e-08,1.130573e-06,0.0097,0.0080,105
63,features.7,140,active,0.054475,5.023619e-07,1.044618e-05,0.1166,0.0735,105
63,features.7,141,active,0.004350,2.963445e-08,7.957937e-07,0.0069,0.0056,105
63,features.7,142,active,0.000969,9.263452e-09,1.869456e-07,0.0021,0.0013,105
63,features.7,143,pruned_before,nan,0.000000e+00,0.000000e+00,0.0000,0.0000,0
63,features.7,144,pruned_before,nan,0.000000e+00,0.000000e+00,0.0000,0.0000,0
63,features.7,145,active,0.068339,4.308899e-06,2.658986e-05,1.0000,0.1870,105
63,features.7,146,active,0.025119,9.880805e-07,7.589794e-06,0.2293,0.0534,105
63,features.7,147,active,0.111143,6.943860e-07,2.010106e-05,0.1612,0.1414,105
63,features.7,148,active,0.013894,6.625853e-08,2.437519e-06,0.0154,0.0171,105
63,features.7,149,active,0.015797,8.303265e-07,5.539021e-06,0.1927,0.0390,105
63,features.7,150,active,0.039968,1.231793e-06,1.082853e-05,0.2859,0.0762,105
63,features.7,151,pruned_before,nan,0.000000e+00,0.000000e+00,0.0000,0.0000,0
63,features.7,152,pruned_before,nan,0.000000e+00,0.000000e+00,0.0000,0.0000,0
63,features.7,153,pruned_before,nan,0.000000e+00,0.000000e+00,0.0000,0.0000,0
63,features.7,154,active,0.017656,1.553131e-07,3.358244e-06,0.0360,0.0236,105
63,features.7,155,pruned_before,nan,0.000000e+00,0.000000e+00,0.0000,0.0000,0
63,features.7,156,active,0.241964,1.545792e-07,3.878605e-05,0.0359,0.2728,105
63,features.7,157,pruned_before,nan,0.000000e+00,0.000000e+00,0.0000,0.0000,0
63,features.7,158,pruned_before,nan,0.000000e+00,0.000000e+00,0.0000,0.0000,0
63,features.7,159,active,0.083553,3.610643e-07,1.452110e-05,0.0838,0.1021,105
63,features.7,160,pruned_before,nan,0.000000e+00,0.000000e+00,0.0000,0.0000,0
63,features.7,161,active,0.035646,2.198504e-07,6.436387e-06,0.0510,0.0453,105
63,features.7,162,pruned_before,nan,0.000000e+00,0.000000e+00,0.0000,0.0000,0
63,features.7,163,pruned_before,nan,0.000000e+00,0.000000e+00,0.0000,0.0000,0
63,features.7,164,active,0.000990,2.096823e-06,7.842929e-06,0.4866,0.0552,105
63,features.7,165,active,0.009335,6.338356e-07,3.797962e-06,0.1471,0.0267,105
63,features.7,166,active,0.024124,4.470311e-07,5.449294e-06,0.1037,0.0383,105
63,features.7,167,pruned_before,nan,0.000000e+00,0.000000e+00,0.0000,0.0000,0
63,features.7,168,active,0.018118,7.770933e-07,5.710444e-06,0.1803,0.0402,105
63,features.7,169,pruned_before,nan,0.000000e+00,0.000000e+00,0.0000,0.0000,0
63,features.7,170,pruned_before,nan,0.000000e+00,0.000000e+00,0.0000,0.0000,0
63,features.7,171,active,0.118434,2.889134e-07,1.976624e-05,0.0671,0.1390,105
63,features.7,172,pruned_before,nan,0.000000e+00,0.000000e+00,0.0000,0.0000,0
63,features.7,173,active,0.007769,4.375305e-07,2.831035e-06,0.1015,0.0199,105
63,features.7,174,pruned_before,nan,0.000000e+00,0.000000e+00,0.0000,0.0000,0
63,features.7,175,active,0.052563,7.760018e-07,1.114722e-05,0.1801,0.0784,105
63,features.7,176,pruned_before,nan,0.000000e+00,0.000000e+00,0.0000,0.0000,0
63,features.7,177,active,0.042089,1.620845e-06,1.258989e-05,0.3762,0.0886,105
63,features.7,178,pruned_before,nan,0.000000e+00,0.000000e+00,0.0000,0.0000,0
63,features.7,179,active,0.067050,1.122584e-06,1.470601e-05,0.2605,0.1034,105
63,features.7,180,active,0.046973,1.736140e-06,1.378389e-05,0.4029,0.0970,105
63,features.7,181,pruned_before,nan,0.000000e+00,0.000000e+00,0.0000,0.0000,0
63,features.7,182,pruned_before,nan,0.000000e+00,0.000000e+00,0.0000,0.0000,0
63,features.7,183,active,0.007761,2.716877e-07,2.221770e-06,0.0631,0.0156,105
63,features.7,184,pruned_before,nan,0.000000e+00,0.000000e+00,0.0000,0.0000,0
63,features.7,185,active,0.012026,3.893464e-07,3.326746e-06,0.0904,0.0234,105
63,features.7,186,active,0.034869,6.993092e-07,8.071227e-06,0.1623,0.0568,105
63,features.7,187,active,0.003939,2.059780e-08,6.977017e-07,0.0048,0.0049,105
63,features.7,188,pruned_before,nan,0.000000e+00,0.000000e+00,0.0000,0.0000,0
63,features.7,189,pruned_before,nan,0.000000e+00,0.000000e+00,0.0000,0.0000,0
63,features.7,190,active,0.125284,1.156457e-06,2.402858e-05,0.2684,0.1690,105
63,features.7,191,pruned_before,nan,0.000000e+00,0.000000e+00,0.0000,0.0000,0
63,features.8,0,pruned_before,nan,0.000000e+00,0.000000e+00,0.0000,0.0000,0
63,features.8,1,pruned_before,nan,0.000000e+00,0.000000e+00,0.0000,0.0000,0
63,features.8,2,pruned_before,nan,0.000000e+00,0.000000e+00,0.0000,0.0000,0
63,features.8,3,pruned_before,nan,0.000000e+00,0.000000e+00,0.0000,0.0000,0
63,features.8,4,pruned_before,nan,0.000000e+00,0.000000e+00,0.0000,0.0000,0
63,features.8,5,pruned_before,nan,0.000000e+00,0.000000e+00,0.0000,0.0000,0
63,features.8,6,pruned_before,nan,0.000000e+00,0.000000e+00,0.0000,0.0000,0
63,features.8,7,pruned_before,nan,0.000000e+00,0.000000e+00,0.0000,0.0000,0
63,features.8,8,pruned_before,nan,0.000000e+00,0.000000e+00,0.0000,0.0000,0
63,features.8,9,pruned_before,nan,0.000000e+00,0.000000e+00,0.0000,0.0000,0
63,features.8,10,pruned_before,nan,0.000000e+00,0.000000e+00,0.0000,0.0000,0
63,features.8,11,pruned_before,nan,0.000000e+00,0.000000e+00,0.0000,0.0000,0
63,features.8,12,active,0.012043,1.049158e-07,9.265672e-05,0.0659,0.0207,137
63,features.8,13,pruned_before,nan,0.000000e+00,0.000000e+00,0.0000,0.0000,0
63,features.8,14,pruned_before,nan,0.000000e+00,0.000000e+00,0.0000,0.0000,0
63,features.8,15,pruned_before,nan,0.000000e+00,0.000000e+00,0.0000,0.0000,0
63,features.8,16,pruned_before,nan,0.000000e+00,0.000000e+00,0.0000,0.0000,0
63,features.8,17,pruned_before,nan,0.000000e+00,0.000000e+00,0.0000,0.0000,0
63,features.8,18,pruned_before,nan,0.000000e+00,0.000000e+00,0.0000,0.0000,0
63,features.8,19,pruned_before,nan,0.000000e+00,0.000000e+00,0.0000,0.0000,0
63,features.8,20,pruned_before,nan,0.000000e+00,0.000000e+00,0.0000,0.0000,0
63,features.8,21,pruned_before,nan,0.000000e+00,0.000000e+00,0.0000,0.0000,0
63,features.8,22,pruned_before,nan,0.000000e+00,0.000000e+00,0.0000,0.0000,0
63,features.8,23,pruned_before,nan,0.000000e+00,0.000000e+00,0.0000,0.0000,0
63,features.8,24,pruned_before,nan,0.000000e+00,0.000000e+00,0.0000,0.0000,0
63,features.8,25,pruned_before,nan,0.000000e+00,0.000000e+00,0.0000,0.0000,0
63,features.8,26,pruned_before,nan,0.000000e+00,0.000000e+00,0.0000,0.0000,0
63,features.8,27,pruned_before,nan,0.000000e+00,0.000000e+00,0.0000,0.0000,0
63,features.8,28,pruned_before,nan,0.000000e+00,0.000000e+00,0.0000,0.0000,0
63,features.8,29,pruned_before,nan,0.000000e+00,0.000000e+00,0.0000,0.0000,0
63,features.8,30,active,0.033786,3.095813e-07,2.647022e-04,0.1943,0.0591,137
63,features.8,31,active,0.003896,6.142545e-08,3.855441e-05,0.0386,0.0086,137
63,features.8,32,pruned_before,nan,0.000000e+00,0.000000e+00,0.0000,0.0000,0
63,features.8,33,pruned_before,nan,0.000000e+00,0.000000e+00,0.0000,0.0000,0
63,features.8,34,pruned_before,nan,0.000000e+00,0.000000e+00,0.0000,0.0000,0
63,features.8,35,pruned_before,nan,0.000000e+00,0.000000e+00,0.0000,0.0000,0
63,features.8,36,pruned_before,nan,0.000000e+00,0.000000e+00,0.0000,0.0000,0
63,features.8,37,pruned_before,nan,0.000000e+00,0.000000e+00,0.0000,0.0000,0
63,features.8,38,pruned_before,nan,0.000000e+00,0.000000e+00,0.0000,0.0000,0
63,features.8,39,pruned_before,nan,0.000000e+00,0.000000e+00,0.0000,0.0000,0
63,features.8,40,pruned_before,nan,0.000000e+00,0.000000e+00,0.0000,0.0000,0
63,features.8,41,active,0.006667,6.369161e-08,5.304582e-05,0.0400,0.0119,137
63,features.8,42,pruned_before,nan,0.000000e+00,0.000000e+00,0.0000,0.0000,0
63,features.8,43,active,0.042601,2.360495e-07,2.855908e-04,0.1482,0.0638,137
63,features.8,44,pruned_before,nan,0.000000e+00,0.000000e+00,0.0000,0.0000,0
63,features.8,45,pruned_before,nan,0.000000e+00,0.000000e+00,0.0000,0.0000,0
63,features.8,46,pruned_before,nan,0.000000e+00,0.000000e+00,0.0000,0.0000,0
63,features.8,47,pruned_before,nan,0.000000e+00,0.000000e+00,0.0000,0.0000,0
63,features.8,48,pruned_before,nan,0.000000e+00,0.000000e+00,0.0000,0.0000,0
63,features.8,49,pruned_before,nan,0.000000e+00,0.000000e+00,0.0000,0.0000,0
63,features.8,50,pruned_before,nan,0.000000e+00,0.000000e+00,0.0000,0.0000,0
63,features.8,51,pruned_before,nan,0.000000e+00,0.000000e+00,0.0000,0.0000,0
63,features.8,52,pruned_before,nan,0.000000e+00,0.000000e+00,0.0000,0.0000,0
63,features.8,53,pruned_before,nan,0.000000e+00,0.000000e+00,0.0000,0.0000,0
63,features.8,54,pruned_before,nan,0.000000e+00,0.000000e+00,0.0000,0.0000,0
63,features.8,55,pruned_before,nan,0.000000e+00,0.000000e+00,0.0000,0.0000,0
63,features.8,56,pruned_before,nan,0.000000e+00,0.000000e+00,0.0000,0.0000,0
63,features.8,57,active,0.070364,2.135974e-09,3.506438e-04,0.0013,0.0783,137
63,features.8,58,active,0.013473,1.745161e-08,7.246168e-05,0.0110,0.0162,137
63,features.8,59,pruned_before,nan,0.000000e+00,0.000000e+00,0.0000,0.0000,0
63,features.8,60,pruned_before,nan,0.000000e+00,0.000000e+00,0.0000,0.0000,0
63,features.8,61,active,0.028383,6.197447e-08,1.605210e-04,0.0389,0.0359,137
63,features.8,62,pruned_before,nan,0.000000e+00,0.000000e+00,0.0000,0.0000,0
63,features.8,63,pruned_before,nan,0.000000e+00,0.000000e+00,0.0000,0.0000,0
63,features.8,64,active,0.002895,5.625133e-08,3.195969e-05,0.0353,0.0071,137
63,features.8,65,pruned_before,nan,0.000000e+00,0.000000e+00,0.0000,0.0000,0
63,features.8,66,pruned_before,nan,0.000000e+00,0.000000e+00,0.0000,0.0000,0
63,features.8,67,pruned_before,nan,0.000000e+00,0.000000e+00,0.0000,0.0000,0
63,features.8,68,pruned_before,nan,0.000000e+00,0.000000e+00,0.0000,0.0000,0
63,features.8,69,pruned_before,nan,0.000000e+00,0.000000e+00,0.0000,0.0000,0
63,features.8,70,pruned_before,nan,0.000000e+00,0.000000e+00,0.0000,0.0000,0
63,features.8,71,pruned_before,nan,0.000000e+00,0.000000e+00,0.0000,0.0000,0
63,features.8,72,pruned_before,nan,0.000000e+00,0.000000e+00,0.0000,0.0000,0
63,features.8,73,pruned_before,nan,0.000000e+00,0.000000e+00,0.0000,0.0000,0
63,features.8,74,pruned_before,nan,0.000000e+00,0.000000e+00,0.0000,0.0000,0
63,features.8,75,pruned_before,nan,0.000000e+00,0.000000e+00,0.0000,0.0000,0
63,features.8,76,pruned_before,nan,0.000000e+00,0.000000e+00,0.0000,0.0000,0
63,features.8,77,pruned_before,nan,0.000000e+00,0.000000e+00,0.0000,0.0000,0
63,features.8,78,pruned_before,nan,0.000000e+00,0.000000e+00,0.0000,0.0000,0
63,features.8,79,pruned_before,nan,0.000000e+00,0.000000e+00,0.0000,0.0000,0
63,features.8,80,pruned_before,nan,0.000000e+00,0.000000e+00,0.0000,0.0000,0
63,features.8,81,pruned_before,nan,0.000000e+00,0.000000e+00,0.0000,0.0000,0
63,features.8,82,pruned_before,nan,0.000000e+00,0.000000e+00,0.0000,0.0000,0
63,features.8,83,active,0.014363,2.977242e-08,8.073582e-05,0.0187,0.0180,137
63,features.8,84,pruned_before,nan,0.000000e+00,0.000000e+00,0.0000,0.0000,0
63,features.8,85,pruned_before,nan,0.000000e+00,0.000000e+00,0.0000,0.0000,0
63,features.8,86,pruned_before,nan,0.000000e+00,0.000000e+00,0.0000,0.0000,0
63,features.8,87,pruned_before,nan,0.000000e+00,0.000000e+00,0.0000,0.0000,0
63,features.8,88,pruned_before,nan,0.000000e+00,0.000000e+00,0.0000,0.0000,0
63,features.8,89,pruned_before,nan,0.000000e+00,0.000000e+00,0.0000,0.0000,0
63,features.8,90,pruned_before,nan,0.000000e+00,0.000000e+00,0.0000,0.0000,0
63,features.8,91,pruned_before,nan,0.000000e+00,0.000000e+00,0.0000,0.0000,0
63,features.8,92,pruned_before,nan,0.000000e+00,0.000000e+00,0.0000,0.0000,0
63,features.8,93,pruned_before,nan,0.000000e+00,0.000000e+00,0.0000,0.0000,0
63,features.8,94,pruned_before,nan,0.000000e+00,0.000000e+00,0.0000,0.0000,0
63,features.8,95,pruned_before,nan,0.000000e+00,0.000000e+00,0.0000,0.0000,0
63,features.8,96,pruned_before,nan,0.000000e+00,0.000000e+00,0.0000,0.0000,0
63,features.8,97,pruned_before,nan,0.000000e+00,0.000000e+00,0.0000,0.0000,0
63,features.8,98,pruned_before,nan,0.000000e+00,0.000000e+00,0.0000,0.0000,0
63,features.8,99,pruned_before,nan,0.000000e+00,0.000000e+00,0.0000,0.0000,0
63,features.8,100,pruned_before,nan,0.000000e+00,0.000000e+00,0.0000,0.0000,0
63,features.8,101,pruned_before,nan,0.000000e+00,0.000000e+00,0.0000,0.0000,0
63,features.8,102,pruned_before,nan,0.000000e+00,0.000000e+00,0.0000,0.0000,0
63,features.8,103,pruned_before,nan,0.000000e+00,0.000000e+00,0.0000,0.0000,0
63,features.8,104,pruned_before,nan,0.000000e+00,0.000000e+00,0.0000,0.0000,0
63,features.8,105,pruned_before,nan,0.000000e+00,0.000000e+00,0.0000,0.0000,0
63,features.8,106,pruned_before,nan,0.000000e+00,0.000000e+00,0.0000,0.0000,0
63,features.8,107,pruned_before,nan,0.000000e+00,0.000000e+00,0.0000,0.0000,0
63,features.8,108,pruned_before,nan,0.000000e+00,0.000000e+00,0.0000,0.0000,0
63,features.8,109,pruned_before,nan,0.000000e+00,0.000000e+00,0.0000,0.0000,0
63,features.8,110,pruned_before,nan,0.000000e+00,0.000000e+00,0.0000,0.0000,0
63,features.8,111,pruned_before,nan,0.000000e+00,0.000000e+00,0.0000,0.0000,0
63,features.8,112,pruned_before,nan,0.000000e+00,0.000000e+00,0.0000,0.0000,0
63,features.8,113,pruned_before,nan,0.000000e+00,0.000000e+00,0.0000,0.0000,0
63,features.8,114,pruned_before,nan,0.000000e+00,0.000000e+00,0.0000,0.0000,0
63,features.8,115,pruned_before,nan,0.000000e+00,0.000000e+00,0.0000,0.0000,0
63,features.8,116,pruned_before,nan,0.000000e+00,0.000000e+00,0.0000,0.0000,0
63,features.8,117,pruned_before,nan,0.000000e+00,0.000000e+00,0.0000,0.0000,0
63,features.8,118,pruned_before,nan,0.000000e+00,0.000000e+00,0.0000,0.0000,0
63,features.8,119,pruned_before,nan,0.000000e+00,0.000000e+00,0.0000,0.0000,0
63,features.8,120,pruned_before,nan,0.000000e+00,0.000000e+00,0.0000,0.0000,0
63,features.8,121,pruned_before,nan,0.000000e+00,0.000000e+00,0.0000,0.0000,0
63,features.8,122,pruned_before,nan,0.000000e+00,0.000000e+00,0.0000,0.0000,0
63,features.8,123,pruned_before,nan,0.000000e+00,0.000000e+00,0.0000,0.0000,0
63,features.8,124,pruned_before,nan,0.000000e+00,0.000000e+00,0.0000,0.0000,0
63,features.8,125,pruned_before,nan,0.000000e+00,0.000000e+00,0.0000,0.0000,0
63,features.8,126,pruned_before,nan,0.000000e+00,0.000000e+00,0.0000,0.0000,0
63,features.8,127,pruned_before,nan,0.000000e+00,0.000000e+00,0.0000,0.0000,0
63,features.8,128,pruned_before,nan,0.000000e+00,0.000000e+00,0.0000,0.0000,0
63,features.8,129,pruned_before,nan,0.000000e+00,0.000000e+00,0.0000,0.0000,0
63,features.8,130,pruned_before,nan,0.000000e+00,0.000000e+00,0.0000,0.0000,0
63,features.8,131,pruned_before,nan,0.000000e+00,0.000000e+00,0.0000,0.0000,0
63,features.8,132,pruned_before,nan,0.000000e+00,0.000000e+00,0.0000,0.0000,0
63,features.8,133,pruned_before,nan,0.000000e+00,0.000000e+00,0.0000,0.0000,0
63,features.8,134,pruned_before,nan,0.000000e+00,0.000000e+00,0.0000,0.0000,0
63,features.8,135,pruned_before,nan,0.000000e+00,0.000000e+00,0.0000,0.0000,0
63,features.8,136,active,0.022543,7.458913e-08,1.354124e-04,0.0468,0.0303,137
63,features.8,137,pruned_before,nan,0.000000e+00,0.000000e+00,0.0000,0.0000,0
63,features.8,138,pruned_before,nan,0.000000e+00,0.000000e+00,0.0000,0.0000,0
63,features.8,139,pruned_before,nan,0.000000e+00,0.000000e+00,0.0000,0.0000,0
63,features.8,140,pruned_before,nan,0.000000e+00,0.000000e+00,0.0000,0.0000,0
63,features.8,141,pruned_before,nan,0.000000e+00,0.000000e+00,0.0000,0.0000,0
63,features.8,142,pruned_before,nan,0.000000e+00,0.000000e+00,0.0000,0.0000,0
63,features.8,143,pruned_before,nan,0.000000e+00,0.000000e+00,0.0000,0.0000,0
63,features.8,144,pruned_before,nan,0.000000e+00,0.000000e+00,0.0000,0.0000,0
63,features.8,145,pruned_before,nan,0.000000e+00,0.000000e+00,0.0000,0.0000,0
63,features.8,146,pruned_before,nan,0.000000e+00,0.000000e+00,0.0000,0.0000,0
63,features.8,147,pruned_before,nan,0.000000e+00,0.000000e+00,0.0000,0.0000,0
63,features.8,148,pruned_before,nan,0.000000e+00,0.000000e+00,0.0000,0.0000,0
63,features.8,149,pruned_before,nan,0.000000e+00,0.000000e+00,0.0000,0.0000,0
63,features.8,150,pruned_before,nan,0.000000e+00,0.000000e+00,0.0000,0.0000,0
63,features.8,151,pruned_before,nan,0.000000e+00,0.000000e+00,0.0000,0.0000,0
63,features.8,152,pruned_before,nan,0.000000e+00,0.000000e+00,0.0000,0.0000,0
63,features.8,153,pruned_before,nan,0.000000e+00,0.000000e+00,0.0000,0.0000,0
63,features.8,154,pruned_before,nan,0.000000e+00,0.000000e+00,0.0000,0.0000,0
63,features.8,155,pruned_before,nan,0.000000e+00,0.000000e+00,0.0000,0.0000,0
63,features.8,156,pruned_before,nan,0.000000e+00,0.000000e+00,0.0000,0.0000,0
63,features.8,157,pruned_before,nan,0.000000e+00,0.000000e+00,0.0000,0.0000,0
63,features.8,158,pruned_before,nan,0.000000e+00,0.000000e+00,0.0000,0.0000,0
63,features.8,159,pruned_before,nan,0.000000e+00,0.000000e+00,0.0000,0.0000,0
63,features.8,160,pruned_before,nan,0.000000e+00,0.000000e+00,0.0000,0.0000,0
63,features.8,161,pruned_before,nan,0.000000e+00,0.000000e+00,0.0000,0.0000,0
63,features.8,162,pruned_before,nan,0.000000e+00,0.000000e+00,0.0000,0.0000,0
63,features.8,163,pruned_before,nan,0.000000e+00,0.000000e+00,0.0000,0.0000,0
63,features.8,164,pruned_before,nan,0.000000e+00,0.000000e+00,0.0000,0.0000,0
63,features.8,165,pruned_before,nan,0.000000e+00,0.000000e+00,0.0000,0.0000,0
63,features.8,166,pruned_before,nan,0.000000e+00,0.000000e+00,0.0000,0.0000,0
63,features.8,167,pruned_before,nan,0.000000e+00,0.000000e+00,0.0000,0.0000,0
63,features.8,168,pruned_before,nan,0.000000e+00,0.000000e+00,0.0000,0.0000,0
63,features.8,169,active,0.002474,2.701599e-08,2.073941e-05,0.0170,0.0046,137
63,features.8,170,pruned_before,nan,0.000000e+00,0.000000e+00,0.0000,0.0000,0
63,features.8,171,pruned_before,nan,0.000000e+00,0.000000e+00,0.0000,0.0000,0
63,features.8,172,pruned_before,nan,0.000000e+00,0.000000e+00,0.0000,0.0000,0
63,features.8,173,pruned_before,nan,0.000000e+00,0.000000e+00,0.0000,0.0000,0
63,features.8,174,pruned_before,nan,0.000000e+00,0.000000e+00,0.0000,0.0000,0
63,features.8,175,pruned_before,nan,0.000000e+00,0.000000e+00,0.0000,0.0000,0
63,features.8,176,active,0.042318,6.653793e-08,2.312557e-04,0.0418,0.0517,137
63,features.8,177,pruned_before,nan,0.000000e+00,0.000000e+00,0.0000,0.0000,0
63,features.8,178,pruned_before,nan,0.000000e+00,0.000000e+00,0.0000,0.0000,0
63,features.8,179,pruned_before,nan,0.000000e+00,0.000000e+00,0.0000,0.0000,0
63,features.8,180,pruned_before,nan,0.000000e+00,0.000000e+00,0.0000,0.0000,0
63,features.8,181,pruned_before,nan,0.000000e+00,0.000000e+00,0.0000,0.0000,0
63,features.8,182,pruned_before,nan,0.000000e+00,0.000000e+00,0.0000,0.0000,0
63,features.8,183,pruned_before,nan,0.000000e+00,0.000000e+00,0.0000,0.0000,0
63,features.8,184,pruned_before,nan,0.000000e+00,0.000000e+00,0.0000,0.0000,0
63,features.8,185,pruned_before,nan,0.000000e+00,0.000000e+00,0.0000,0.0000,0
63,features.8,186,pruned_before,nan,0.000000e+00,0.000000e+00,0.0000,0.0000,0
63,features.8,187,pruned_before,nan,0.000000e+00,0.000000e+00,0.0000,0.0000,0
63,features.8,188,pruned_before,nan,0.000000e+00,0.000000e+00,0.0000,0.0000,0
63,features.8,189,protected,0.800000,1.593030e-06,4.476427e-03,1.0000,1.0000,137
63,features.8,190,pruned_before,nan,0.000000e+00,0.000000e+00,0.0000,0.0000,0
63,features.8,191,pruned_before,nan,0.000000e+00,0.000000e+00,0.0000,0.0000,0
63,features.8,192,pruned_before,nan,0.000000e+00,0.000000e+00,0.0000,0.0000,0
63,features.8,193,pruned_before,nan,0.000000e+00,0.000000e+00,0.0000,0.0000,0
63,features.8,194,pruned_before,nan,0.000000e+00,0.000000e+00,0.0000,0.0000,0
63,features.8,195,pruned_before,nan,0.000000e+00,0.000000e+00,0.0000,0.0000,0
63,features.8,196,pruned_before,nan,0.000000e+00,0.000000e+00,0.0000,0.0000,0
63,features.8,197,pruned_before,nan,0.000000e+00,0.000000e+00,0.0000,0.0000,0
63,features.8,198,pruned_before,nan,0.000000e+00,0.000000e+00,0.0000,0.0000,0
63,features.8,199,pruned_before,nan,0.000000e+00,0.000000e+00,0.0000,0.0000,0
63,features.8,200,pruned_before,nan,0.000000e+00,0.000000e+00,0.0000,0.0000,0
63,features.8,201,pruned_before,nan,0.000000e+00,0.000000e+00,0.0000,0.0000,0
63,features.8,202,pruned_before,nan,0.000000e+00,0.000000e+00,0.0000,0.0000,0
63,features.8,203,pruned_before,nan,0.000000e+00,0.000000e+00,0.0000,0.0000,0
63,features.8,204,pruned_before,nan,0.000000e+00,0.000000e+00,0.0000,0.0000,0
63,features.8,205,pruned_before,nan,0.000000e+00,0.000000e+00,0.0000,0.0000,0
63,features.8,206,pruned_before,nan,0.000000e+00,0.000000e+00,0.0000,0.0000,0
63,features.8,207,pruned_before,nan,0.000000e+00,0.000000e+00,0.0000,0.0000,0
63,features.8,208,pruned_before,nan,0.000000e+00,0.000000e+00,0.0000,0.0000,0
63,features.8,209,pruned_before,nan,0.000000e+00,0.000000e+00,0.0000,0.0000,0
63,features.8,210,pruned_before,nan,0.000000e+00,0.000000e+00,0.0000,0.0000,0
63,features.8,211,pruned_before,nan,0.000000e+00,0.000000e+00,0.0000,0.0000,0
63,features.8,212,pruned_before,nan,0.000000e+00,0.000000e+00,0.0000,0.0000,0
63,features.8,213,pruned_before,nan,0.000000e+00,0.000000e+00,0.0000,0.0000,0
63,features.8,214,pruned_before,nan,0.000000e+00,0.000000e+00,0.0000,0.0000,0
63,features.8,215,pruned_before,nan,0.000000e+00,0.000000e+00,0.0000,0.0000,0
63,features.8,216,pruned_before,nan,0.000000e+00,0.000000e+00,0.0000,0.0000,0
63,features.8,217,pruned_before,nan,0.000000e+00,0.000000e+00,0.0000,0.0000,0
63,features.8,218,pruned_before,nan,0.000000e+00,0.000000e+00,0.0000,0.0000,0
63,features.8,219,pruned_before,nan,0.000000e+00,0.000000e+00,0.0000,0.0000,0
63,features.8,220,pruned_before,nan,0.000000e+00,0.000000e+00,0.0000,0.0000,0
63,features.8,221,pruned_before,nan,0.000000e+00,0.000000e+00,0.0000,0.0000,0
63,features.8,222,active,0.027214,4.703788e-08,1.500451e-04,0.0295,0.0335,137
63,features.8,223,pruned_before,nan,0.000000e+00,0.000000e+00,0.0000,0.0000,0
63,features.8,224,pruned_before,nan,0.000000e+00,0.000000e+00,0.0000,0.0000,0
63,features.8,225,pruned_before,nan,0.000000e+00,0.000000e+00,0.0000,0.0000,0
63,features.8,226,pruned_before,nan,0.000000e+00,0.000000e+00,0.0000,0.0000,0
63,features.8,227,pruned_before,nan,0.000000e+00,0.000000e+00,0.0000,0.0000,0
63,features.8,228,pruned_before,nan,0.000000e+00,0.000000e+00,0.0000,0.0000,0
63,features.8,229,pruned_before,nan,0.000000e+00,0.000000e+00,0.0000,0.0000,0
63,features.8,230,pruned_before,nan,0.000000e+00,0.000000e+00,0.0000,0.0000,0
63,features.8,231,pruned_before,nan,0.000000e+00,0.000000e+00,0.0000,0.0000,0
63,features.8,232,pruned_before,nan,0.000000e+00,0.000000e+00,0.0000,0.0000,0
63,features.8,233,pruned_before,nan,0.000000e+00,0.000000e+00,0.0000,0.0000,0
63,features.8,234,pruned_before,nan,0.000000e+00,0.000000e+00,0.0000,0.0000,0
63,features.8,235,pruned_before,nan,0.000000e+00,0.000000e+00,0.0000,0.0000,0
63,features.8,236,pruned_before,nan,0.000000e+00,0.000000e+00,0.0000,0.0000,0
63,features.8,237,pruned_before,nan,0.000000e+00,0.000000e+00,0.0000,0.0000,0
63,features.8,238,pruned_before,nan,0.000000e+00,0.000000e+00,0.0000,0.0000,0
63,features.8,239,pruned_before,nan,0.000000e+00,0.000000e+00,0.0000,0.0000,0
63,features.8,240,pruned_before,nan,0.000000e+00,0.000000e+00,0.0000,0.0000,0
63,features.8,241,pruned_before,nan,0.000000e+00,0.000000e+00,0.0000,0.0000,0
63,features.8,242,pruned_before,nan,0.000000e+00,0.000000e+00,0.0000,0.0000,0
63,features.8,243,pruned_before,nan,0.000000e+00,0.000000e+00,0.0000,0.0000,0
63,features.8,244,pruned_before,nan,0.000000e+00,0.000000e+00,0.0000,0.0000,0
63,features.8,245,pruned_before,nan,0.000000e+00,0.000000e+00,0.0000,0.0000,0
63,features.8,246,pruned_before,nan,0.000000e+00,0.000000e+00,0.0000,0.0000,0
63,features.8,247,pruned_before,nan,0.000000e+00,0.000000e+00,0.0000,0.0000,0
63,features.8,248,pruned_before,nan,0.000000e+00,0.000000e+00,0.0000,0.0000,0
63,features.8,249,pruned_before,nan,0.000000e+00,0.000000e+00,0.0000,0.0000,0
63,features.8,250,pruned_before,nan,0.000000e+00,0.000000e+00,0.0000,0.0000,0
63,features.8,251,pruned_before,nan,0.000000e+00,0.000000e+00,0.0000,0.0000,0
63,features.8,252,pruned_before,nan,0.000000e+00,0.000000e+00,0.0000,0.0000,0
63,features.8,253,pruned_before,nan,0.000000e+00,0.000000e+00,0.0000,0.0000,0
63,features.8,254,pruned_before,nan,0.000000e+00,0.000000e+00,0.0000,0.0000,0
63,features.8,255,pruned_before,nan,0.000000e+00,0.000000e+00,0.0000,0.0000,0
63,features.8,256,pruned_before,nan,0.000000e+00,0.000000e+00,0.0000,0.0000,0
63,features.8,257,pruned_before,nan,0.000000e+00,0.000000e+00,0.0000,0.0000,0
63,features.8,258,pruned_before,nan,0.000000e+00,0.000000e+00,0.0000,0.0000,0
63,features.8,259,pruned_before,nan,0.000000e+00,0.000000e+00,0.0000,0.0000,0
63,features.8,260,pruned_before,nan,0.000000e+00,0.000000e+00,0.0000,0.0000,0
63,features.8,261,pruned_before,nan,0.000000e+00,0.000000e+00,0.0000,0.0000,0
63,features.8,262,pruned_before,nan,0.000000e+00,0.000000e+00,0.0000,0.0000,0
63,features.8,263,pruned_before,nan,0.000000e+00,0.000000e+00,0.0000,0.0000,0
63,features.8,264,pruned_before,nan,0.000000e+00,0.000000e+00,0.0000,0.0000,0
63,features.8,265,pruned_before,nan,0.000000e+00,0.000000e+00,0.0000,0.0000,0
63,features.8,266,pruned_before,nan,0.000000e+00,0.000000e+00,0.0000,0.0000,0
63,features.8,267,pruned_before,nan,0.000000e+00,0.000000e+00,0.0000,0.0000,0
63,features.8,268,pruned_before,nan,0.000000e+00,0.000000e+00,0.0000,0.0000,0
63,features.8,269,active,0.005886,1.136892e-07,6.477174e-05,0.0714,0.0145,137
63,features.8,270,pruned_before,nan,0.000000e+00,0.000000e+00,0.0000,0.0000,0
63,features.8,271,pruned_before,nan,0.000000e+00,0.000000e+00,0.0000,0.0000,0
63,features.8,272,pruned_before,nan,0.000000e+00,0.000000e+00,0.0000,0.0000,0
63,features.8,273,pruned_before,nan,0.000000e+00,0.000000e+00,0.0000,0.0000,0
63,features.8,274,pruned_before,nan,0.000000e+00,0.000000e+00,0.0000,0.0000,0
63,features.8,275,pruned_before,nan,0.000000e+00,0.000000e+00,0.0000,0.0000,0
63,features.8,276,pruned_before,nan,0.000000e+00,0.000000e+00,0.0000,0.0000,0
63,features.8,277,pruned_before,nan,0.000000e+00,0.000000e+00,0.0000,0.0000,0
63,features.8,278,pruned_before,nan,0.000000e+00,0.000000e+00,0.0000,0.0000,0
63,features.8,279,pruned_before,nan,0.000000e+00,0.000000e+00,0.0000,0.0000,0
63,features.8,280,pruned_before,nan,0.000000e+00,0.000000e+00,0.0000,0.0000,0
63,features.8,281,pruned_before,nan,0.000000e+00,0.000000e+00,0.0000,0.0000,0
63,features.8,282,pruned_before,nan,0.000000e+00,0.000000e+00,0.0000,0.0000,0
63,features.8,283,pruned_before,nan,0.000000e+00,0.000000e+00,0.0000,0.0000,0
63,features.8,284,pruned_before,nan,0.000000e+00,0.000000e+00,0.0000,0.0000,0
63,features.8,285,pruned_before,nan,0.000000e+00,0.000000e+00,0.0000,0.0000,0
63,features.8,286,pruned_before,nan,0.000000e+00,0.000000e+00,0.0000,0.0000,0
63,features.8,287,active,0.003918,8.203939e-08,4.510338e-05,0.0515,0.0101,137
63,features.8,288,pruned_before,nan,0.000000e+00,0.000000e+00,0.0000,0.0000,0
63,features.8,289,pruned_before,nan,0.000000e+00,0.000000e+00,0.0000,0.0000,0
63,features.8,290,pruned_before,nan,0.000000e+00,0.000000e+00,0.0000,0.0000,0
63,features.8,291,pruned_before,nan,0.000000e+00,0.000000e+00,0.0000,0.0000,0
63,features.8,292,pruned_before,nan,0.000000e+00,0.000000e+00,0.0000,0.0000,0
63,features.8,293,pruned_before,nan,0.000000e+00,0.000000e+00,0.0000,0.0000,0
63,features.8,294,pruned_before,nan,0.000000e+00,0.000000e+00,0.0000,0.0000,0
63,features.8,295,pruned_before,nan,0.000000e+00,0.000000e+00,0.0000,0.0000,0
63,features.8,296,pruned_before,nan,0.000000e+00,0.000000e+00,0.0000,0.0000,0
63,features.8,297,pruned_before,nan,0.000000e+00,0.000000e+00,0.0000,0.0000,0
63,features.8,298,pruned_before,nan,0.000000e+00,0.000000e+00,0.0000,0.0000,0
63,features.8,299,pruned_before,nan,0.000000e+00,0.000000e+00,0.0000,0.0000,0
63,features.8,300,pruned_before,nan,0.000000e+00,0.000000e+00,0.0000,0.0000,0
63,features.8,301,pruned_before,nan,0.000000e+00,0.000000e+00,0.0000,0.0000,0
63,features.8,302,pruned_before,nan,0.000000e+00,0.000000e+00,0.0000,0.0000,0
63,features.8,303,pruned_before,nan,0.000000e+00,0.000000e+00,0.0000,0.0000,0
63,features.8,304,pruned_before,nan,0.000000e+00,0.000000e+00,0.0000,0.0000,0
63,features.8,305,pruned_before,nan,0.000000e+00,0.000000e+00,0.0000,0.0000,0
63,features.8,306,pruned_before,nan,0.000000e+00,0.000000e+00,0.0000,0.0000,0
63,features.8,307,pruned_before,nan,0.000000e+00,0.000000e+00,0.0000,0.0000,0
63,features.8,308,pruned_before,nan,0.000000e+00,0.000000e+00,0.0000,0.0000,0
63,features.8,309,pruned_before,nan,0.000000e+00,0.000000e+00,0.0000,0.0000,0
63,features.8,310,pruned_before,nan,0.000000e+00,0.000000e+00,0.0000,0.0000,0
63,features.8,311,pruned_before,nan,0.000000e+00,0.000000e+00,0.0000,0.0000,0
63,features.8,312,pruned_before,nan,0.000000e+00,0.000000e+00,0.0000,0.0000,0
63,features.8,313,active,0.011015,3.093597e-08,6.444516e-05,0.0194,0.0144,137
63,features.8,314,pruned_before,nan,0.000000e+00,0.000000e+00,0.0000,0.0000,0
63,features.8,315,pruned_before,nan,0.000000e+00,0.000000e+00,0.0000,0.0000,0
63,features.8,316,pruned_before,nan,0.000000e+00,0.000000e+00,0.0000,0.0000,0
63,features.8,317,pruned_before,nan,0.000000e+00,0.000000e+00,0.0000,0.0000,0
63,features.8,318,pruned_before,nan,0.000000e+00,0.000000e+00,0.0000,0.0000,0
63,features.8,319,pruned_before,nan,0.000000e+00,0.000000e+00,0.0000,0.0000,0
63,features.8,320,pruned_before,nan,0.000000e+00,0.000000e+00,0.0000,0.0000,0
63,features.8,321,pruned_before,nan,0.000000e+00,0.000000e+00,0.0000,0.0000,0
63,features.8,322,pruned_before,nan,0.000000e+00,0.000000e+00,0.0000,0.0000,0
63,features.8,323,pruned_before,nan,0.000000e+00,0.000000e+00,0.0000,0.0000,0
63,features.8,324,pruned_before,nan,0.000000e+00,0.000000e+00,0.0000,0.0000,0
63,features.8,325,pruned_before,nan,0.000000e+00,0.000000e+00,0.0000,0.0000,0
63,features.8,326,pruned_before,nan,0.000000e+00,0.000000e+00,0.0000,0.0000,0
63,features.8,327,pruned_before,nan,0.000000e+00,0.000000e+00,0.0000,0.0000,0
63,features.8,328,pruned_before,nan,0.000000e+00,0.000000e+00,0.0000,0.0000,0
63,features.8,329,pruned_before,nan,0.000000e+00,0.000000e+00,0.0000,0.0000,0
63,features.8,330,pruned_before,nan,0.000000e+00,0.000000e+00,0.0000,0.0000,0
63,features.8,331,pruned_before,nan,0.000000e+00,0.000000e+00,0.0000,0.0000,0
63,features.8,332,pruned_before,nan,0.000000e+00,0.000000e+00,0.0000,0.0000,0
63,features.8,333,pruned_before,nan,0.000000e+00,0.000000e+00,0.0000,0.0000,0
63,features.8,334,pruned_before,nan,0.000000e+00,0.000000e+00,0.0000,0.0000,0
63,features.8,335,pruned_before,nan,0.000000e+00,0.000000e+00,0.0000,0.0000,0
63,features.8,336,pruned_before,nan,0.000000e+00,0.000000e+00,0.0000,0.0000,0
63,features.8,337,pruned_before,nan,0.000000e+00,0.000000e+00,0.0000,0.0000,0
63,features.8,338,pruned_before,nan,0.000000e+00,0.000000e+00,0.0000,0.0000,0
63,features.8,339,pruned_before,nan,0.000000e+00,0.000000e+00,0.0000,0.0000,0
63,features.8,340,pruned_before,nan,0.000000e+00,0.000000e+00,0.0000,0.0000,0
63,features.8,341,pruned_before,nan,0.000000e+00,0.000000e+00,0.0000,0.0000,0
63,features.8,342,pruned_before,nan,0.000000e+00,0.000000e+00,0.0000,0.0000,0
63,features.8,343,pruned_before,nan,0.000000e+00,0.000000e+00,0.0000,0.0000,0
63,features.8,344,pruned_before,nan,0.000000e+00,0.000000e+00,0.0000,0.0000,0
63,features.8,345,pruned_before,nan,0.000000e+00,0.000000e+00,0.0000,0.0000,0
63,features.8,346,pruned_before,nan,0.000000e+00,0.000000e+00,0.0000,0.0000,0
63,features.8,347,pruned_before,nan,0.000000e+00,0.000000e+00,0.0000,0.0000,0
63,features.8,348,pruned_before,nan,0.000000e+00,0.000000e+00,0.0000,0.0000,0
63,features.8,349,pruned_before,nan,0.000000e+00,0.000000e+00,0.0000,0.0000,0
63,features.8,350,pruned_before,nan,0.000000e+00,0.000000e+00,0.0000,0.0000,0
63,features.8,351,pruned_before,nan,0.000000e+00,0.000000e+00,0.0000,0.0000,0
63,features.8,352,pruned_before,nan,0.000000e+00,0.000000e+00,0.0000,0.0000,0
63,features.8,353,pruned_before,nan,0.000000e+00,0.000000e+00,0.0000,0.0000,0
63,features.8,354,pruned_before,nan,0.000000e+00,0.000000e+00,0.0000,0.0000,0
63,features.8,355,pruned_before,nan,0.000000e+00,0.000000e+00,0.0000,0.0000,0
63,features.8,356,pruned_before,nan,0.000000e+00,0.000000e+00,0.0000,0.0000,0
63,features.8,357,pruned_before,nan,0.000000e+00,0.000000e+00,0.0000,0.0000,0
63,features.8,358,pruned_before,nan,0.000000e+00,0.000000e+00,0.0000,0.0000,0
63,features.8,359,pruned_before,nan,0.000000e+00,0.000000e+00,0.0000,0.0000,0
63,features.8,360,pruned_before,nan,0.000000e+00,0.000000e+00,0.0000,0.0000,0
63,features.8,361,pruned_before,nan,0.000000e+00,0.000000e+00,0.0000,0.0000,0
63,features.8,362,pruned_before,nan,0.000000e+00,0.000000e+00,0.0000,0.0000,0
63,features.8,363,pruned_before,nan,0.000000e+00,0.000000e+00,0.0000,0.0000,0
63,features.8,364,pruned_before,nan,0.000000e+00,0.000000e+00,0.0000,0.0000,0
63,features.8,365,pruned_before,nan,0.000000e+00,0.000000e+00,0.0000,0.0000,0
63,features.8,366,pruned_before,nan,0.000000e+00,0.000000e+00,0.0000,0.0000,0
63,features.8,367,pruned_before,nan,0.000000e+00,0.000000e+00,0.0000,0.0000,0
63,features.8,368,pruned_before,nan,0.000000e+00,0.000000e+00,0.0000,0.0000,0
63,features.8,369,pruned_before,nan,0.000000e+00,0.000000e+00,0.0000,0.0000,0
63,features.8,370,pruned_before,nan,0.000000e+00,0.000000e+00,0.0000,0.0000,0
63,features.8,371,pruned_before,nan,0.000000e+00,0.000000e+00,0.0000,0.0000,0
63,features.8,372,active,0.002183,2.996584e-08,2.021230e-05,0.0188,0.0045,137
63,features.8,373,pruned_before,nan,0.000000e+00,0.000000e+00,0.0000,0.0000,0
63,features.8,374,pruned_before,nan,0.000000e+00,0.000000e+00,0.0000,0.0000,0
63,features.8,375,pruned_before,nan,0.000000e+00,0.000000e+00,0.0000,0.0000,0
63,features.8,376,pruned_before,nan,0.000000e+00,0.000000e+00,0.0000,0.0000,0
63,features.8,377,pruned_before,nan,0.000000e+00,0.000000e+00,0.0000,0.0000,0
63,features.8,378,pruned_before,nan,0.000000e+00,0.000000e+00,0.0000,0.0000,0
63,features.8,379,pruned_before,nan,0.000000e+00,0.000000e+00,0.0000,0.0000,0
63,features.8,380,pruned_before,nan,0.000000e+00,0.000000e+00,0.0000,0.0000,0
63,features.8,381,pruned_before,nan,0.000000e+00,0.000000e+00,0.0000,0.0000,0
63,features.8,382,pruned_before,nan,0.000000e+00,0.000000e+00,0.0000,0.0000,0
63,features.8,383,pruned_before,nan,0.000000e+00,0.000000e+00,0.0000,0.0000,0
63,features.9,0,pruned_before,nan,0.000000e+00,0.000000e+00,0.0000,0.0000,0
63,features.9,1,active,0.007659,1.072582e-07,9.488091e-06,0.1493,0.0251,137
63,features.9,2,pruned_before,nan,0.000000e+00,0.000000e+00,0.0000,0.0000,0
63,features.9,3,pruned_before,nan,0.000000e+00,0.000000e+00,0.0000,0.0000,0
63,features.9,4,pruned_before,nan,0.000000e+00,0.000000e+00,0.0000,0.0000,0
63,features.9,5,pruned_before,nan,0.000000e+00,0.000000e+00,0.0000,0.0000,0
63,features.9,6,pruned_before,nan,0.000000e+00,0.000000e+00,0.0000,0.0000,0
63,features.9,7,pruned_before,nan,0.000000e+00,0.000000e+00,0.0000,0.0000,0
63,features.9,8,pruned_before,nan,0.000000e+00,0.000000e+00,0.0000,0.0000,0
63,features.9,9,pruned_before,nan,0.000000e+00,0.000000e+00,0.0000,0.0000,0
63,features.9,10,active,0.080136,4.310962e-08,3.617927e-05,0.0600,0.0957,137
63,features.9,11,active,0.042049,5.238670e-09,1.796749e-05,0.0073,0.0475,137
63,features.9,12,pruned_before,nan,0.000000e+00,0.000000e+00,0.0000,0.0000,0
63,features.9,13,pruned_before,nan,0.000000e+00,0.000000e+00,0.0000,0.0000,0
63,features.9,14,active,0.029859,4.944093e-08,1.543223e-05,0.0688,0.0408,137
63,features.9,15,pruned_before,nan,0.000000e+00,0.000000e+00,0.0000,0.0000,0
63,features.9,16,active,0.000940,3.829170e-08,2.633749e-06,0.0533,0.0070,137
63,features.9,17,pruned_before,nan,0.000000e+00,0.000000e+00,0.0000,0.0000,0
63,features.9,18,active,0.037182,5.853889e-08,1.903959e-05,0.0815,0.0504,137
63,features.9,19,pruned_before,nan,0.000000e+00,0.000000e+00,0.0000,0.0000,0
63,features.9,20,pruned_before,nan,0.000000e+00,0.000000e+00,0.0000,0.0000,0
63,features.9,21,pruned_before,nan,0.000000e+00,0.000000e+00,0.0000,0.0000,0
63,features.9,22,pruned_before,nan,0.000000e+00,0.000000e+00,0.0000,0.0000,0
63,features.9,23,pruned_before,nan,0.000000e+00,0.000000e+00,0.0000,0.0000,0
63,features.9,24,pruned_before,nan,0.000000e+00,0.000000e+00,0.0000,0.0000,0
63,features.9,25,pruned_before,nan,0.000000e+00,0.000000e+00,0.0000,0.0000,0
63,features.9,26,active,0.078691,2.385706e-07,4.700054e-05,0.3321,0.1243,137
63,features.9,27,pruned_before,nan,0.000000e+00,0.000000e+00,0.0000,0.0000,0
63,features.9,28,pruned_before,nan,0.000000e+00,0.000000e+00,0.0000,0.0000,0
63,features.9,29,pruned_before,nan,0.000000e+00,0.000000e+00,0.0000,0.0000,0
63,features.9,30,pruned_before,nan,0.000000e+00,0.000000e+00,0.0000,0.0000,0
63,features.9,31,pruned_before,nan,0.000000e+00,0.000000e+00,0.0000,0.0000,0
63,features.9,32,pruned_before,nan,0.000000e+00,0.000000e+00,0.0000,0.0000,0
63,features.9,33,pruned_before,nan,0.000000e+00,0.000000e+00,0.0000,0.0000,0
63,features.9,34,pruned_before,nan,0.000000e+00,0.000000e+00,0.0000,0.0000,0
63,features.9,35,active,0.004872,1.144815e-08,2.715702e-06,0.0159,0.0072,137
63,features.9,36,pruned_before,nan,0.000000e+00,0.000000e+00,0.0000,0.0000,0
63,features.9,37,pruned_before,nan,0.000000e+00,0.000000e+00,0.0000,0.0000,0
63,features.9,38,pruned_before,nan,0.000000e+00,0.000000e+00,0.0000,0.0000,0
63,features.9,39,pruned_now,-0.009926,1.525365e-07,4.749588e-06,0.2123,0.0126,137
63,features.9,40,pruned_before,nan,0.000000e+00,0.000000e+00,0.0000,0.0000,0
63,features.9,41,pruned_before,nan,0.000000e+00,0.000000e+00,0.0000,0.0000,0
63,features.9,42,pruned_before,nan,0.000000e+00,0.000000e+00,0.0000,0.0000,0
63,features.9,43,pruned_before,nan,0.000000e+00,0.000000e+00,0.0000,0.0000,0
63,features.9,44,pruned_before,nan,0.000000e+00,0.000000e+00,0.0000,0.0000,0
63,features.9,45,pruned_before,nan,0.000000e+00,0.000000e+00,0.0000,0.0000,0
63,features.9,46,pruned_before,nan,0.000000e+00,0.000000e+00,0.0000,0.0000,0
63,features.9,47,active,0.002904,4.554811e-08,3.883001e-06,0.0634,0.0103,137
63,features.9,48,active,0.028716,4.259293e-08,1.455170e-05,0.0593,0.0385,137
63,features.9,49,pruned_before,nan,0.000000e+00,0.000000e+00,0.0000,0.0000,0
63,features.9,50,pruned_before,nan,0.000000e+00,0.000000e+00,0.0000,0.0000,0
63,features.9,51,pruned_before,nan,0.000000e+00,0.000000e+00,0.0000,0.0000,0
63,features.9,52,pruned_before,nan,0.000000e+00,0.000000e+00,0.0000,0.0000,0
63,features.9,53,pruned_before,nan,0.000000e+00,0.000000e+00,0.0000,0.0000,0
63,features.9,54,pruned_before,nan,0.000000e+00,0.000000e+00,0.0000,0.0000,0
63,features.9,55,pruned_before,nan,0.000000e+00,0.000000e+00,0.0000,0.0000,0
63,features.9,56,active,0.187865,1.488925e-08,7.977735e-05,0.0207,0.2110,137
63,features.9,57,pruned_before,nan,0.000000e+00,0.000000e+00,0.0000,0.0000,0
63,features.9,58,active,0.003839,3.955621e-09,1.843710e-06,0.0055,0.0049,137
63,features.9,59,pruned_before,nan,0.000000e+00,0.000000e+00,0.0000,0.0000,0
63,features.9,60,pruned_before,nan,0.000000e+00,0.000000e+00,0.0000,0.0000,0
63,features.9,61,pruned_before,nan,0.000000e+00,0.000000e+00,0.0000,0.0000,0
63,features.9,62,pruned_before,nan,0.000000e+00,0.000000e+00,0.0000,0.0000,0
63,features.9,63,pruned_before,nan,0.000000e+00,0.000000e+00,0.0000,0.0000,0
63,features.9,64,pruned_before,nan,0.000000e+00,0.000000e+00,0.0000,0.0000,0
63,features.9,65,pruned_before,nan,0.000000e+00,0.000000e+00,0.0000,0.0000,0
63,features.9,66,pruned_before,nan,0.000000e+00,0.000000e+00,0.0000,0.0000,0
63,features.9,67,pruned_before,nan,0.000000e+00,0.000000e+00,0.0000,0.0000,0
63,features.9,68,pruned_before,nan,0.000000e+00,0.000000e+00,0.0000,0.0000,0
63,features.9,69,pruned_before,nan,0.000000e+00,0.000000e+00,0.0000,0.0000,0
63,features.9,70,pruned_before,nan,0.000000e+00,0.000000e+00,0.0000,0.0000,0
63,features.9,71,pruned_before,nan,0.000000e+00,0.000000e+00,0.0000,0.0000,0
63,features.9,72,active,0.012666,4.759784e-08,8.102945e-06,0.0663,0.0214,137
63,features.9,73,pruned_before,nan,0.000000e+00,0.000000e+00,0.0000,0.0000,0
63,features.9,74,pruned_before,nan,0.000000e+00,0.000000e+00,0.0000,0.0000,0
63,features.9,75,pruned_before,nan,0.000000e+00,0.000000e+00,0.0000,0.0000,0
63,features.9,76,pruned_before,nan,0.000000e+00,0.000000e+00,0.0000,0.0000,0
63,features.9,77,pruned_before,nan,0.000000e+00,0.000000e+00,0.0000,0.0000,0
63,features.9,78,pruned_before,nan,0.000000e+00,0.000000e+00,0.0000,0.0000,0
63,features.9,79,active,0.003810,3.745827e-08,3.790518e-06,0.0521,0.0100,137
63,features.9,80,active,0.035175,7.183736e-07,5.677588e-05,1.0000,0.1502,137
63,features.9,81,pruned_before,nan,0.000000e+00,0.000000e+00,0.0000,0.0000,0
63,features.9,82,pruned_before,nan,0.000000e+00,0.000000e+00,0.0000,0.0000,0
63,features.9,83,active,0.002967,2.107377e-08,2.478358e-06,0.0293,0.0066,137
63,features.9,84,pruned_before,nan,0.000000e+00,0.000000e+00,0.0000,0.0000,0
63,features.9,85,pruned_before,nan,0.000000e+00,0.000000e+00,0.0000,0.0000,0
63,features.9,86,pruned_before,nan,0.000000e+00,0.000000e+00,0.0000,0.0000,0
63,features.9,87,pruned_before,nan,0.000000e+00,0.000000e+00,0.0000,0.0000,0
63,features.9,88,pruned_before,nan,0.000000e+00,0.000000e+00,0.0000,0.0000,0
63,features.9,89,pruned_before,nan,0.000000e+00,0.000000e+00,0.0000,0.0000,0
63,features.9,90,pruned_before,nan,0.000000e+00,0.000000e+00,0.0000,0.0000,0
63,features.9,91,pruned_before,nan,0.000000e+00,0.000000e+00,0.0000,0.0000,0
63,features.9,92,pruned_before,nan,0.000000e+00,0.000000e+00,0.0000,0.0000,0
63,features.9,93,pruned_before,nan,0.000000e+00,0.000000e+00,0.0000,0.0000,0
63,features.9,94,pruned_before,nan,0.000000e+00,0.000000e+00,0.0000,0.0000,0
63,features.9,95,pruned_before,nan,0.000000e+00,0.000000e+00,0.0000,0.0000,0
63,features.9,96,pruned_before,nan,0.000000e+00,0.000000e+00,0.0000,0.0000,0
63,features.9,97,pruned_before,nan,0.000000e+00,0.000000e+00,0.0000,0.0000,0
63,features.9,98,pruned_before,nan,0.000000e+00,0.000000e+00,0.0000,0.0000,0
63,features.9,99,pruned_before,nan,0.000000e+00,0.000000e+00,0.0000,0.0000,0
63,features.9,100,pruned_before,nan,0.000000e+00,0.000000e+00,0.0000,0.0000,0
63,features.9,101,active,0.110204,1.811918e-07,5.688139e-05,0.2522,0.1505,137
63,features.9,102,active,0.007716,3.466072e-08,5.267600e-06,0.0482,0.0139,137
63,features.9,103,pruned_before,nan,0.000000e+00,0.000000e+00,0.0000,0.0000,0
63,features.9,104,pruned_before,nan,0.000000e+00,0.000000e+00,0.0000,0.0000,0
63,features.9,105,pruned_before,nan,0.000000e+00,0.000000e+00,0.0000,0.0000,0
63,features.9,106,pruned_before,nan,0.000000e+00,0.000000e+00,0.0000,0.0000,0
63,features.9,107,pruned_before,nan,0.000000e+00,0.000000e+00,0.0000,0.0000,0
63,features.9,108,pruned_before,nan,0.000000e+00,0.000000e+00,0.0000,0.0000,0
63,features.9,109,pruned_before,nan,0.000000e+00,0.000000e+00,0.0000,0.0000,0
63,features.9,110,pruned_before,nan,0.000000e+00,0.000000e+00,0.0000,0.0000,0
63,features.9,111,pruned_before,nan,0.000000e+00,0.000000e+00,0.0000,0.0000,0
63,features.9,112,pruned_before,nan,0.000000e+00,0.000000e+00,0.0000,0.0000,0
63,features.9,113,pruned_before,nan,0.000000e+00,0.000000e+00,0.0000,0.0000,0
63,features.9,114,protected,0.895593,3.165965e-08,3.780162e-04,0.0441,1.0000,137
63,features.9,115,pruned_before,nan,0.000000e+00,0.000000e+00,0.0000,0.0000,0
63,features.9,116,pruned_before,nan,0.000000e+00,0.000000e+00,0.0000,0.0000,0
63,features.9,117,pruned_before,nan,0.000000e+00,0.000000e+00,0.0000,0.0000,0
63,features.9,118,active,0.028174,5.349576e-08,1.496120e-05,0.0745,0.0396,137
63,features.9,119,pruned_before,nan,0.000000e+00,0.000000e+00,0.0000,0.0000,0
63,features.9,120,pruned_before,nan,0.000000e+00,0.000000e+00,0.0000,0.0000,0
63,features.9,121,pruned_before,nan,0.000000e+00,0.000000e+00,0.0000,0.0000,0
63,features.9,122,pruned_before,nan,0.000000e+00,0.000000e+00,0.0000,0.0000,0
63,features.9,123,pruned_before,nan,0.000000e+00,0.000000e+00,0.0000,0.0000,0
63,features.9,124,pruned_before,nan,0.000000e+00,0.000000e+00,0.0000,0.0000,0
63,features.9,125,pruned_before,nan,0.000000e+00,0.000000e+00,0.0000,0.0000,0
63,features.9,126,pruned_before,nan,0.000000e+00,0.000000e+00,0.0000,0.0000,0
63,features.9,127,pruned_before,nan,0.000000e+00,0.000000e+00,0.0000,0.0000,0
63,features.9,128,pruned_before,nan,0.000000e+00,0.000000e+00,0.0000,0.0000,0
63,features.9,129,pruned_before,nan,0.000000e+00,0.000000e+00,0.0000,0.0000,0
63,features.9,130,pruned_before,nan,0.000000e+00,0.000000e+00,0.0000,0.0000,0
63,features.9,131,pruned_before,nan,0.000000e+00,0.000000e+00,0.0000,0.0000,0
63,features.9,132,pruned_before,nan,0.000000e+00,0.000000e+00,0.0000,0.0000,0
63,features.9,133,pruned_before,nan,0.000000e+00,0.000000e+00,0.0000,0.0000,0
63,features.9,134,pruned_before,nan,0.000000e+00,0.000000e+00,0.0000,0.0000,0
63,features.9,135,pruned_before,nan,0.000000e+00,0.000000e+00,0.0000,0.0000,0
63,features.9,136,pruned_before,nan,0.000000e+00,0.000000e+00,0.0000,0.0000,0
63,features.9,137,pruned_before,nan,0.000000e+00,0.000000e+00,0.0000,0.0000,0
63,features.9,138,pruned_before,nan,0.000000e+00,0.000000e+00,0.0000,0.0000,0
63,features.9,139,pruned_before,nan,0.000000e+00,0.000000e+00,0.0000,0.0000,0
63,features.9,140,pruned_before,nan,0.000000e+00,0.000000e+00,0.0000,0.0000,0
63,features.9,141,pruned_before,nan,0.000000e+00,0.000000e+00,0.0000,0.0000,0
63,features.9,142,pruned_before,nan,0.000000e+00,0.000000e+00,0.0000,0.0000,0
63,features.9,143,pruned_before,nan,0.000000e+00,0.000000e+00,0.0000,0.0000,0
63,features.9,144,pruned_before,nan,0.000000e+00,0.000000e+00,0.0000,0.0000,0
63,features.9,145,pruned_before,nan,0.000000e+00,0.000000e+00,0.0000,0.0000,0
63,features.9,146,pruned_before,nan,0.000000e+00,0.000000e+00,0.0000,0.0000,0
63,features.9,147,pruned_before,nan,0.000000e+00,0.000000e+00,0.0000,0.0000,0
63,features.9,148,active,0.142420,1.469747e-07,6.841229e-05,0.2046,0.1810,137
63,features.9,149,pruned_before,nan,0.000000e+00,0.000000e+00,0.0000,0.0000,0
63,features.9,150,pruned_before,nan,0.000000e+00,0.000000e+00,0.0000,0.0000,0
63,features.9,151,pruned_before,nan,0.000000e+00,0.000000e+00,0.0000,0.0000,0
63,features.9,152,pruned_before,nan,0.000000e+00,0.000000e+00,0.0000,0.0000,0
63,features.9,153,pruned_before,nan,0.000000e+00,0.000000e+00,0.0000,0.0000,0
63,features.9,154,pruned_before,nan,0.000000e+00,0.000000e+00,0.0000,0.0000,0
63,features.9,155,pruned_before,nan,0.000000e+00,0.000000e+00,0.0000,0.0000,0
63,features.9,156,pruned_before,nan,0.000000e+00,0.000000e+00,0.0000,0.0000,0
63,features.9,157,pruned_before,nan,0.000000e+00,0.000000e+00,0.0000,0.0000,0
63,features.9,158,pruned_before,nan,0.000000e+00,0.000000e+00,0.0000,0.0000,0
63,features.9,159,pruned_before,nan,0.000000e+00,0.000000e+00,0.0000,0.0000,0
63,features.9,160,active,0.031576,1.518180e-08,1.414994e-05,0.0211,0.0374,137
63,features.9,161,pruned_before,nan,0.000000e+00,0.000000e+00,0.0000,0.0000,0
63,features.9,162,pruned_before,nan,0.000000e+00,0.000000e+00,0.0000,0.0000,0
63,features.9,163,pruned_before,nan,0.000000e+00,0.000000e+00,0.0000,0.0000,0
63,features.9,164,pruned_before,nan,0.000000e+00,0.000000e+00,0.0000,0.0000,0
63,features.9,165,pruned_before,nan,0.000000e+00,0.000000e+00,0.0000,0.0000,0
63,features.9,166,pruned_before,nan,0.000000e+00,0.000000e+00,0.0000,0.0000,0
63,features.9,167,pruned_before,nan,0.000000e+00,0.000000e+00,0.0000,0.0000,0
63,features.9,168,pruned_before,nan,0.000000e+00,0.000000e+00,0.0000,0.0000,0
63,features.9,169,active,0.020892,8.897438e-08,1.397714e-05,0.1239,0.0370,137
63,features.9,170,pruned_before,nan,0.000000e+00,0.000000e+00,0.0000,0.0000,0
63,features.9,171,pruned_before,nan,0.000000e+00,0.000000e+00,0.0000,0.0000,0
63,features.9,172,pruned_before,nan,0.000000e+00,0.000000e+00,0.0000,0.0000,0
63,features.9,173,pruned_before,nan,0.000000e+00,0.000000e+00,0.0000,0.0000,0
63,features.9,174,pruned_before,nan,0.000000e+00,0.000000e+00,0.0000,0.0000,0
63,features.9,175,pruned_before,nan,0.000000e+00,0.000000e+00,0.0000,0.0000,0
63,features.9,176,pruned_before,nan,0.000000e+00,0.000000e+00,0.0000,0.0000,0
63,features.9,177,pruned_before,nan,0.000000e+00,0.000000e+00,0.0000,0.0000,0
63,features.9,178,pruned_before,nan,0.000000e+00,0.000000e+00,0.0000,0.0000,0
63,features.9,179,pruned_before,nan,0.000000e+00,0.000000e+00,0.0000,0.0000,0
63,features.9,180,active,0.022974,5.588164e-08,1.291672e-05,0.0778,0.0342,137
63,features.9,181,pruned_before,nan,0.000000e+00,0.000000e+00,0.0000,0.0000,0
63,features.9,182,pruned_before,nan,0.000000e+00,0.000000e+00,0.0000,0.0000,0
63,features.9,183,pruned_before,nan,0.000000e+00,0.000000e+00,0.0000,0.0000,0
63,features.9,184,pruned_before,nan,0.000000e+00,0.000000e+00,0.0000,0.0000,0
63,features.9,185,pruned_before,nan,0.000000e+00,0.000000e+00,0.0000,0.0000,0
63,features.9,186,pruned_before,nan,0.000000e+00,0.000000e+00,0.0000,0.0000,0
63,features.9,187,pruned_before,nan,0.000000e+00,0.000000e+00,0.0000,0.0000,0
63,features.9,188,pruned_before,nan,0.000000e+00,0.000000e+00,0.0000,0.0000,0
63,features.9,189,pruned_before,nan,0.000000e+00,0.000000e+00,0.0000,0.0000,0
63,features.9,190,pruned_before,nan,0.000000e+00,0.000000e+00,0.0000,0.0000,0
63,features.9,191,pruned_before,nan,0.000000e+00,0.000000e+00,0.0000,0.0000,0
63,features.9,192,pruned_before,nan,0.000000e+00,0.000000e+00,0.0000,0.0000,0
63,features.9,193,pruned_before,nan,0.000000e+00,0.000000e+00,0.0000,0.0000,0
63,features.9,194,pruned_before,nan,0.000000e+00,0.000000e+00,0.0000,0.0000,0
63,features.9,195,pruned_before,nan,0.000000e+00,0.000000e+00,0.0000,0.0000,0
63,features.9,196,pruned_before,nan,0.000000e+00,0.000000e+00,0.0000,0.0000,0
63,features.9,197,pruned_before,nan,0.000000e+00,0.000000e+00,0.0000,0.0000,0
63,features.9,198,pruned_before,nan,0.000000e+00,0.000000e+00,0.0000,0.0000,0
63,features.9,199,pruned_before,nan,0.000000e+00,0.000000e+00,0.0000,0.0000,0
63,features.9,200,pruned_before,nan,0.000000e+00,0.000000e+00,0.0000,0.0000,0
63,features.9,201,active,0.164172,2.764060e-08,7.057125e-05,0.0385,0.1867,137
63,features.9,202,pruned_before,nan,0.000000e+00,0.000000e+00,0.0000,0.0000,0
63,features.9,203,pruned_before,nan,0.000000e+00,0.000000e+00,0.0000,0.0000,0
63,features.9,204,pruned_before,nan,0.000000e+00,0.000000e+00,0.0000,0.0000,0
63,features.9,205,pruned_now,-0.004972,1.272852e-07,5.353744e-06,0.1772,0.0142,137
63,features.9,206,pruned_before,nan,0.000000e+00,0.000000e+00,0.0000,0.0000,0
63,features.9,207,active,0.009427,7.453659e-08,8.317339e-06,0.1038,0.0220,137
63,features.9,208,pruned_before,nan,0.000000e+00,0.000000e+00,0.0000,0.0000,0
63,features.9,209,pruned_before,nan,0.000000e+00,0.000000e+00,0.0000,0.0000,0
63,features.9,210,pruned_before,nan,0.000000e+00,0.000000e+00,0.0000,0.0000,0
63,features.9,211,pruned_before,nan,0.000000e+00,0.000000e+00,0.0000,0.0000,0
63,features.9,212,pruned_before,nan,0.000000e+00,0.000000e+00,0.0000,0.0000,0
63,features.9,213,pruned_before,nan,0.000000e+00,0.000000e+00,0.0000,0.0000,0
63,features.9,214,pruned_before,nan,0.000000e+00,0.000000e+00,0.0000,0.0000,0
63,features.9,215,pruned_before,nan,0.000000e+00,0.000000e+00,0.0000,0.0000,0
63,features.9,216,active,0.053178,2.474992e-08,2.378268e-05,0.0345,0.0629,137
63,features.9,217,pruned_before,nan,0.000000e+00,0.000000e+00,0.0000,0.0000,0
63,features.9,218,active,0.548248,1.480679e-07,2.389311e-04,0.2061,0.6321,137
63,features.9,219,pruned_before,nan,0.000000e+00,0.000000e+00,0.0000,0.0000,0
63,features.9,220,active,0.001251,5.600275e-08,3.799979e-06,0.0780,0.0101,137
63,features.9,221,pruned_before,nan,0.000000e+00,0.000000e+00,0.0000,0.0000,0
63,features.9,222,pruned_before,nan,0.000000e+00,0.000000e+00,0.0000,0.0000,0
63,features.9,223,pruned_before,nan,0.000000e+00,0.000000e+00,0.0000,0.0000,0
63,features.9,224,pruned_before,nan,0.000000e+00,0.000000e+00,0.0000,0.0000,0
63,features.9,225,pruned_before,nan,0.000000e+00,0.000000e+00,0.0000,0.0000,0
63,features.9,226,pruned_before,nan,0.000000e+00,0.000000e+00,0.0000,0.0000,0
63,features.9,227,pruned_before,nan,0.000000e+00,0.000000e+00,0.0000,0.0000,0
63,features.9,228,pruned_before,nan,0.000000e+00,0.000000e+00,0.0000,0.0000,0
63,features.9,229,pruned_before,nan,0.000000e+00,0.000000e+00,0.0000,0.0000,0
63,features.9,230,pruned_before,nan,0.000000e+00,0.000000e+00,0.0000,0.0000,0
63,features.9,231,pruned_before,nan,0.000000e+00,0.000000e+00,0.0000,0.0000,0
63,features.9,232,pruned_before,nan,0.000000e+00,0.000000e+00,0.0000,0.0000,0
63,features.9,233,pruned_before,nan,0.000000e+00,0.000000e+00,0.0000,0.0000,0
63,features.9,234,pruned_before,nan,0.000000e+00,0.000000e+00,0.0000,0.0000,0
63,features.9,235,pruned_before,nan,0.000000e+00,0.000000e+00,0.0000,0.0000,0
63,features.9,236,pruned_before,nan,0.000000e+00,0.000000e+00,0.0000,0.0000,0
63,features.9,237,pruned_before,nan,0.000000e+00,0.000000e+00,0.0000,0.0000,0
63,features.9,238,active,0.001757,1.447886e-08,1.584312e-06,0.0202,0.0042,137
63,features.9,239,pruned_before,nan,0.000000e+00,0.000000e+00,0.0000,0.0000,0
63,features.9,240,pruned_before,nan,0.000000e+00,0.000000e+00,0.0000,0.0000,0
63,features.9,241,pruned_before,nan,0.000000e+00,0.000000e+00,0.0000,0.0000,0
63,features.9,242,pruned_before,nan,0.000000e+00,0.000000e+00,0.0000,0.0000,0
63,features.9,243,pruned_before,nan,0.000000e+00,0.000000e+00,0.0000,0.0000,0
63,features.9,244,active,0.005958,6.455368e-08,6.276637e-06,0.0899,0.0166,137
63,features.9,245,pruned_before,nan,0.000000e+00,0.000000e+00,0.0000,0.0000,0
63,features.9,246,active,0.021291,1.214582e-07,1.604418e-05,0.1691,0.0424,137
63,features.9,247,pruned_before,nan,0.000000e+00,0.000000e+00,0.0000,0.0000,0
63,features.9,248,pruned_before,nan,0.000000e+00,0.000000e+00,0.0000,0.0000,0
63,features.9,249,pruned_before,nan,0.000000e+00,0.000000e+00,0.0000,0.0000,0
63,features.9,250,pruned_before,nan,0.000000e+00,0.000000e+00,0.0000,0.0000,0
63,features.9,251,pruned_before,nan,0.000000e+00,0.000000e+00,0.0000,0.0000,0
63,features.9,252,pruned_before,nan,0.000000e+00,0.000000e+00,0.0000,0.0000,0
63,features.9,253,pruned_before,nan,0.000000e+00,0.000000e+00,0.0000,0.0000,0
63,features.9,254,pruned_before,nan,0.000000e+00,0.000000e+00,0.0000,0.0000,0
63,features.9,255,pruned_before,nan,0.000000e+00,0.000000e+00,0.0000,0.0000,0
63,features.9,256,pruned_before,nan,0.000000e+00,0.000000e+00,0.0000,0.0000,0
63,features.9,257,pruned_before,nan,0.000000e+00,0.000000e+00,0.0000,0.0000,0
63,features.9,258,pruned_before,nan,0.000000e+00,0.000000e+00,0.0000,0.0000,0
63,features.9,259,pruned_before,nan,0.000000e+00,0.000000e+00,0.0000,0.0000,0
63,features.9,260,pruned_before,nan,0.000000e+00,0.000000e+00,0.0000,0.0000,0
63,features.9,261,pruned_before,nan,0.000000e+00,0.000000e+00,0.0000,0.0000,0
63,features.9,262,pruned_before,nan,0.000000e+00,0.000000e+00,0.0000,0.0000,0
63,features.9,263,pruned_before,nan,0.000000e+00,0.000000e+00,0.0000,0.0000,0
63,features.9,264,active,0.004321,4.562604e-08,4.482617e-06,0.0635,0.0119,137
63,features.9,265,pruned_before,nan,0.000000e+00,0.000000e+00,0.0000,0.0000,0
63,features.9,266,pruned_before,nan,0.000000e+00,0.000000e+00,0.0000,0.0000,0
63,features.9,267,pruned_before,nan,0.000000e+00,0.000000e+00,0.0000,0.0000,0
63,features.9,268,pruned_before,nan,0.000000e+00,0.000000e+00,0.0000,0.0000,0
63,features.9,269,pruned_before,nan,0.000000e+00,0.000000e+00,0.0000,0.0000,0
63,features.9,270,pruned_before,nan,0.000000e+00,0.000000e+00,0.0000,0.0000,0
63,features.9,271,pruned_before,nan,0.000000e+00,0.000000e+00,0.0000,0.0000,0
63,features.9,272,pruned_before,nan,0.000000e+00,0.000000e+00,0.0000,0.0000,0
63,features.9,273,active,0.414401,2.580642e-07,1.891442e-04,0.3592,0.5004,137
63,features.9,274,pruned_before,nan,0.000000e+00,0.000000e+00,0.0000,0.0000,0
63,features.9,275,pruned_before,nan,0.000000e+00,0.000000e+00,0.0000,0.0000,0
63,features.9,276,pruned_before,nan,0.000000e+00,0.000000e+00,0.0000,0.0000,0
63,features.9,277,pruned_before,nan,0.000000e+00,0.000000e+00,0.0000,0.0000,0
63,features.9,278,pruned_before,nan,0.000000e+00,0.000000e+00,0.0000,0.0000,0
63,features.9,279,pruned_before,nan,0.000000e+00,0.000000e+00,0.0000,0.0000,0
63,features.9,280,pruned_before,nan,0.000000e+00,0.000000e+00,0.0000,0.0000,0
63,features.9,281,active,0.008351,1.588646e-08,4.436598e-06,0.0221,0.0117,137
63,features.9,282,pruned_before,nan,0.000000e+00,0.000000e+00,0.0000,0.0000,0
63,features.9,283,pruned_before,nan,0.000000e+00,0.000000e+00,0.0000,0.0000,0
63,features.9,284,pruned_before,nan,0.000000e+00,0.000000e+00,0.0000,0.0000,0
63,features.9,285,pruned_before,nan,0.000000e+00,0.000000e+00,0.0000,0.0000,0
63,features.9,286,pruned_before,nan,0.000000e+00,0.000000e+00,0.0000,0.0000,0
63,features.9,287,pruned_before,nan,0.000000e+00,0.000000e+00,0.0000,0.0000,0
63,features.9,288,active,0.116651,1.177442e-07,5.587990e-05,0.1639,0.1478,137
63,features.9,289,active,0.046319,6.935716e-08,2.350988e-05,0.0965,0.0622,137
63,features.9,290,pruned_before,nan,0.000000e+00,0.000000e+00,0.0000,0.0000,0
63,features.9,291,pruned_before,nan,0.000000e+00,0.000000e+00,0.0000,0.0000,0
63,features.9,292,pruned_before,nan,0.000000e+00,0.000000e+00,0.0000,0.0000,0
63,features.9,293,pruned_before,nan,0.000000e+00,0.000000e+00,0.0000,0.0000,0
63,features.9,294,pruned_before,nan,0.000000e+00,0.000000e+00,0.0000,0.0000,0
63,features.9,295,pruned_before,nan,0.000000e+00,0.000000e+00,0.0000,0.0000,0
63,features.9,296,active,0.006632,9.358371e-08,8.257360e-06,0.1303,0.0218,137
63,features.9,297,pruned_before,nan,0.000000e+00,0.000000e+00,0.0000,0.0000,0
63,features.9,298,pruned_before,nan,0.000000e+00,0.000000e+00,0.0000,0.0000,0
63,features.9,299,pruned_before,nan,0.000000e+00,0.000000e+00,0.0000,0.0000,0
63,features.9,300,pruned_before,nan,0.000000e+00,0.000000e+00,0.0000,0.0000,0
63,features.9,301,pruned_before,nan,0.000000e+00,0.000000e+00,0.0000,0.0000,0
63,features.9,302,pruned_before,nan,0.000000e+00,0.000000e+00,0.0000,0.0000,0
63,features.9,303,pruned_before,nan,0.000000e+00,0.000000e+00,0.0000,0.0000,0
63,features.9,304,pruned_before,nan,0.000000e+00,0.000000e+00,0.0000,0.0000,0
63,features.9,305,pruned_before,nan,0.000000e+00,0.000000e+00,0.0000,0.0000,0
63,features.9,306,pruned_before,nan,0.000000e+00,0.000000e+00,0.0000,0.0000,0
63,features.9,307,pruned_before,nan,0.000000e+00,0.000000e+00,0.0000,0.0000,0
63,features.9,308,pruned_before,nan,0.000000e+00,0.000000e+00,0.0000,0.0000,0
63,features.9,309,pruned_before,nan,0.000000e+00,0.000000e+00,0.0000,0.0000,0
63,features.9,310,pruned_before,nan,0.000000e+00,0.000000e+00,0.0000,0.0000,0
63,features.9,311,pruned_now,-0.003762,1.064503e-07,4.643676e-06,0.1482,0.0123,137
63,features.9,312,pruned_before,nan,0.000000e+00,0.000000e+00,0.0000,0.0000,0
63,features.9,313,pruned_before,nan,0.000000e+00,0.000000e+00,0.0000,0.0000,0
63,features.9,314,active,0.001621,1.057021e-08,1.298783e-06,0.0147,0.0034,137
63,features.9,315,active,0.186813,1.188520e-07,8.541367e-05,0.1654,0.2260,137
63,features.9,316,pruned_before,nan,0.000000e+00,0.000000e+00,0.0000,0.0000,0
63,features.9,317,pruned_before,nan,0.000000e+00,0.000000e+00,0.0000,0.0000,0
63,features.9,318,pruned_before,nan,0.000000e+00,0.000000e+00,0.0000,0.0000,0
63,features.9,319,pruned_before,nan,0.000000e+00,0.000000e+00,0.0000,0.0000,0
63,features.9,320,active,0.001301,2.712828e-08,2.132366e-06,0.0378,0.0056,137
63,features.9,321,pruned_before,nan,0.000000e+00,0.000000e+00,0.0000,0.0000,0
63,features.9,322,pruned_before,nan,0.000000e+00,0.000000e+00,0.0000,0.0000,0
63,features.9,323,pruned_before,nan,0.000000e+00,0.000000e+00,0.0000,0.0000,0
63,features.9,324,pruned_before,nan,0.000000e+00,0.000000e+00,0.0000,0.0000,0
63,features.9,325,pruned_before,nan,0.000000e+00,0.000000e+00,0.0000,0.0000,0
63,features.9,326,pruned_before,nan,0.000000e+00,0.000000e+00,0.0000,0.0000,0
63,features.9,327,active,0.032351,1.971921e-07,2.511747e-05,0.2745,0.0664,137
63,features.9,328,pruned_before,nan,0.000000e+00,0.000000e+00,0.0000,0.0000,0
63,features.9,329,pruned_before,nan,0.000000e+00,0.000000e+00,0.0000,0.0000,0
63,features.9,330,pruned_before,nan,0.000000e+00,0.000000e+00,0.0000,0.0000,0
63,features.9,331,pruned_before,nan,0.000000e+00,0.000000e+00,0.0000,0.0000,0
63,features.9,332,pruned_before,nan,0.000000e+00,0.000000e+00,0.0000,0.0000,0
63,features.9,333,pruned_before,nan,0.000000e+00,0.000000e+00,0.0000,0.0000,0
63,features.9,334,pruned_before,nan,0.000000e+00,0.000000e+00,0.0000,0.0000,0
63,features.9,335,pruned_before,nan,0.000000e+00,0.000000e+00,0.0000,0.0000,0
63,features.9,336,pruned_before,nan,0.000000e+00,0.000000e+00,0.0000,0.0000,0
63,features.9,337,pruned_before,nan,0.000000e+00,0.000000e+00,0.0000,0.0000,0
63,features.9,338,pruned_before,nan,0.000000e+00,0.000000e+00,0.0000,0.0000,0
63,features.9,339,pruned_before,nan,0.000000e+00,0.000000e+00,0.0000,0.0000,0
63,features.9,340,pruned_before,nan,0.000000e+00,0.000000e+00,0.0000,0.0000,0
63,features.9,341,pruned_before,nan,0.000000e+00,0.000000e+00,0.0000,0.0000,0
63,features.9,342,active,0.006195,2.791004e-08,4.233809e-06,0.0389,0.0112,137
63,features.9,343,pruned_before,nan,0.000000e+00,0.000000e+00,0.0000,0.0000,0
63,features.9,344,active,0.025631,2.321520e-07,2.433878e-05,0.3232,0.0644,137
63,features.9,345,pruned_before,nan,0.000000e+00,0.000000e+00,0.0000,0.0000,0
63,features.9,346,pruned_before,nan,0.000000e+00,0.000000e+00,0.0000,0.0000,0
63,features.9,347,pruned_before,nan,0.000000e+00,0.000000e+00,0.0000,0.0000,0
63,features.9,348,pruned_before,nan,0.000000e+00,0.000000e+00,0.0000,0.0000,0
63,features.9,349,pruned_before,nan,0.000000e+00,0.000000e+00,0.0000,0.0000,0
63,features.9,350,pruned_before,nan,0.000000e+00,0.000000e+00,0.0000,0.0000,0
63,features.9,351,pruned_before,nan,0.000000e+00,0.000000e+00,0.0000,0.0000,0
63,features.9,352,pruned_before,nan,0.000000e+00,0.000000e+00,0.0000,0.0000,0
63,features.9,353,active,0.021634,3.675840e-08,1.123568e-05,0.0512,0.0297,137
63,features.9,354,pruned_before,nan,0.000000e+00,0.000000e+00,0.0000,0.0000,0
63,features.9,355,pruned_before,nan,0.000000e+00,0.000000e+00,0.0000,0.0000,0
63,features.9,356,pruned_before,nan,0.000000e+00,0.000000e+00,0.0000,0.0000,0
63,features.9,357,pruned_before,nan,0.000000e+00,0.000000e+00,0.0000,0.0000,0
63,features.9,358,pruned_before,nan,0.000000e+00,0.000000e+00,0.0000,0.0000,0
63,features.9,359,pruned_before,nan,0.000000e+00,0.000000e+00,0.0000,0.0000,0
63,features.9,360,pruned_before,nan,0.000000e+00,0.000000e+00,0.0000,0.0000,0
63,features.9,361,pruned_before,nan,0.000000e+00,0.000000e+00,0.0000,0.0000,0
63,features.9,362,pruned_before,nan,0.000000e+00,0.000000e+00,0.0000,0.0000,0
63,features.9,363,pruned_before,nan,0.000000e+00,0.000000e+00,0.0000,0.0000,0
63,features.9,364,pruned_before,nan,0.000000e+00,0.000000e+00,0.0000,0.0000,0
63,features.9,365,pruned_before,nan,0.000000e+00,0.000000e+00,0.0000,0.0000,0
63,features.9,366,pruned_before,nan,0.000000e+00,0.000000e+00,0.0000,0.0000,0
63,features.9,367,pruned_before,nan,0.000000e+00,0.000000e+00,0.0000,0.0000,0
63,features.9,368,pruned_before,nan,0.000000e+00,0.000000e+00,0.0000,0.0000,0
63,features.9,369,active,0.040128,2.229887e-08,1.815815e-05,0.0310,0.0480,137
63,features.9,370,pruned_before,nan,0.000000e+00,0.000000e+00,0.0000,0.0000,0
63,features.9,371,pruned_before,nan,0.000000e+00,0.000000e+00,0.0000,0.0000,0
63,features.9,372,pruned_before,nan,0.000000e+00,0.000000e+00,0.0000,0.0000,0
63,features.9,373,pruned_before,nan,0.000000e+00,0.000000e+00,0.0000,0.0000,0
63,features.9,374,pruned_before,nan,0.000000e+00,0.000000e+00,0.0000,0.0000,0
63,features.9,375,pruned_before,nan,0.000000e+00,0.000000e+00,0.0000,0.0000,0
63,features.9,376,pruned_before,nan,0.000000e+00,0.000000e+00,0.0000,0.0000,0
63,features.9,377,active,0.007454,6.782685e-09,3.527203e-06,0.0094,0.0093,137
63,features.9,378,active,0.051875,5.633394e-08,2.508206e-05,0.0784,0.0664,137
63,features.9,379,pruned_before,nan,0.000000e+00,0.000000e+00,0.0000,0.0000,0
63,features.9,380,pruned_before,nan,0.000000e+00,0.000000e+00,0.0000,0.0000,0
63,features.9,381,pruned_before,nan,0.000000e+00,0.000000e+00,0.0000,0.0000,0
63,features.9,382,pruned_before,nan,0.000000e+00,0.000000e+00,0.0000,0.0000,0
63,features.9,383,pruned_before,nan,0.000000e+00,0.000000e+00,0.0000,0.0000,0
63,features.10,0,pruned_before,nan,0.000000e+00,0.000000e+00,0.0000,0.0000,0
63,features.10,1,pruned_before,nan,0.000000e+00,0.000000e+00,0.0000,0.0000,0
63,features.10,2,pruned_before,nan,0.000000e+00,0.000000e+00,0.0000,0.0000,0
63,features.10,3,pruned_before,nan,0.000000e+00,0.000000e+00,0.0000,0.0000,0
63,features.10,4,active,0.080475,6.113904e-08,3.711569e-06,0.2015,0.1118,137
63,features.10,5,pruned_before,nan,0.000000e+00,0.000000e+00,0.0000,0.0000,0
63,features.10,6,pruned_before,nan,0.000000e+00,0.000000e+00,0.0000,0.0000,0
63,features.10,7,pruned_before,nan,0.000000e+00,0.000000e+00,0.0000,0.0000,0
63,features.10,8,active,0.203443,4.312162e-08,8.028200e-06,0.1421,0.2418,137
63,features.10,9,pruned_before,nan,0.000000e+00,0.000000e+00,0.0000,0.0000,0
63,features.10,10,pruned_before,nan,0.000000e+00,0.000000e+00,0.0000,0.0000,0
63,features.10,11,pruned_now,-0.002205,5.589671e-08,5.982101e-07,0.1842,0.0180,137
63,features.10,12,pruned_before,nan,0.000000e+00,0.000000e+00,0.0000,0.0000,0
63,features.10,13,pruned_before,nan,0.000000e+00,0.000000e+00,0.0000,0.0000,0
63,features.10,14,pruned_before,nan,0.000000e+00,0.000000e+00,0.0000,0.0000,0
63,features.10,15,pruned_before,nan,0.000000e+00,0.000000e+00,0.0000,0.0000,0
63,features.10,16,pruned_before,nan,0.000000e+00,0.000000e+00,0.0000,0.0000,0
63,features.10,17,pruned_before,nan,0.000000e+00,0.000000e+00,0.0000,0.0000,0
63,features.10,18,active,0.024376,7.521186e-09,9.905365e-07,0.0248,0.0298,137
63,features.10,19,active,0.088459,1.387876e-07,4.950053e-06,0.4574,0.1491,137
63,features.10,20,pruned_before,nan,0.000000e+00,0.000000e+00,0.0000,0.0000,0
63,features.10,21,pruned_before,nan,0.000000e+00,0.000000e+00,0.0000,0.0000,0
63,features.10,22,pruned_before,nan,0.000000e+00,0.000000e+00,0.0000,0.0000,0
63,features.10,23,pruned_before,nan,0.000000e+00,0.000000e+00,0.0000,0.0000,0
63,features.10,24,active,0.146764,1.284786e-07,6.975300e-06,0.4235,0.2101,137
63,features.10,25,pruned_before,nan,0.000000e+00,0.000000e+00,0.0000,0.0000,0
63,features.10,26,pruned_before,nan,0.000000e+00,0.000000e+00,0.0000,0.0000,0
63,features.10,27,pruned_before,nan,0.000000e+00,0.000000e+00,0.0000,0.0000,0
63,features.10,28,pruned_before,nan,0.000000e+00,0.000000e+00,0.0000,0.0000,0
63,features.10,29,pruned_before,nan,0.000000e+00,0.000000e+00,0.0000,0.0000,0
63,features.10,30,pruned_before,nan,0.000000e+00,0.000000e+00,0.0000,0.0000,0
63,features.10,31,pruned_before,nan,0.000000e+00,0.000000e+00,0.0000,0.0000,0
63,features.10,32,pruned_before,nan,0.000000e+00,0.000000e+00,0.0000,0.0000,0
63,features.10,33,pruned_before,nan,0.000000e+00,0.000000e+00,0.0000,0.0000,0
63,features.10,34,pruned_before,nan,0.000000e+00,0.000000e+00,0.0000,0.0000,0
63,features.10,35,pruned_before,nan,0.000000e+00,0.000000e+00,0.0000,0.0000,0
63,features.10,36,pruned_before,nan,0.000000e+00,0.000000e+00,0.0000,0.0000,0
63,features.10,37,pruned_before,nan,0.000000e+00,0.000000e+00,0.0000,0.0000,0
63,features.10,38,pruned_before,nan,0.000000e+00,0.000000e+00,0.0000,0.0000,0
63,features.10,39,pruned_before,nan,0.000000e+00,0.000000e+00,0.0000,0.0000,0
63,features.10,40,pruned_before,nan,0.000000e+00,0.000000e+00,0.0000,0.0000,0
63,features.10,41,pruned_before,nan,0.000000e+00,0.000000e+00,0.0000,0.0000,0
63,features.10,42,pruned_before,nan,0.000000e+00,0.000000e+00,0.0000,0.0000,0
63,features.10,43,pruned_before,nan,0.000000e+00,0.000000e+00,0.0000,0.0000,0
63,features.10,44,pruned_before,nan,0.000000e+00,0.000000e+00,0.0000,0.0000,0
63,features.10,45,pruned_before,nan,0.000000e+00,0.000000e+00,0.0000,0.0000,0
63,features.10,46,pruned_before,nan,0.000000e+00,0.000000e+00,0.0000,0.0000,0
63,features.10,47,pruned_before,nan,0.000000e+00,0.000000e+00,0.0000,0.0000,0
63,features.10,48,pruned_before,nan,0.000000e+00,0.000000e+00,0.0000,0.0000,0
63,features.10,49,pruned_before,nan,0.000000e+00,0.000000e+00,0.0000,0.0000,0
63,features.10,50,pruned_before,nan,0.000000e+00,0.000000e+00,0.0000,0.0000,0
63,features.10,51,pruned_before,nan,0.000000e+00,0.000000e+00,0.0000,0.0000,0
63,features.10,52,pruned_before,nan,0.000000e+00,0.000000e+00,0.0000,0.0000,0
63,features.10,53,pruned_before,nan,0.000000e+00,0.000000e+00,0.0000,0.0000,0
63,features.10,54,pruned_before,nan,0.000000e+00,0.000000e+00,0.0000,0.0000,0
63,features.10,55,pruned_before,nan,0.000000e+00,0.000000e+00,0.0000,0.0000,0
63,features.10,56,pruned_before,nan,0.000000e+00,0.000000e+00,0.0000,0.0000,0
63,features.10,57,pruned_before,nan,0.000000e+00,0.000000e+00,0.0000,0.0000,0
63,features.10,58,pruned_before,nan,0.000000e+00,0.000000e+00,0.0000,0.0000,0
63,features.10,59,pruned_before,nan,0.000000e+00,0.000000e+00,0.0000,0.0000,0
63,features.10,60,active,0.039294,9.597643e-09,1.566032e-06,0.0316,0.0472,137
63,features.10,61,pruned_before,nan,0.000000e+00,0.000000e+00,0.0000,0.0000,0
63,features.10,62,active,0.502706,1.381388e-07,2.022160e-05,0.4553,0.6092,137
63,features.10,63,pruned_before,nan,0.000000e+00,0.000000e+00,0.0000,0.0000,0
63,features.10,64,pruned_before,nan,0.000000e+00,0.000000e+00,0.0000,0.0000,0
63,features.10,65,active,0.020701,3.964487e-09,8.117448e-07,0.0131,0.0245,137
63,features.10,66,active,0.303136,5.942699e-08,1.190360e-05,0.1959,0.3586,137
63,features.10,67,pruned_before,nan,0.000000e+00,0.000000e+00,0.0000,0.0000,0
63,features.10,68,pruned_before,nan,0.000000e+00,0.000000e+00,0.0000,0.0000,0
63,features.10,69,pruned_before,nan,0.000000e+00,0.000000e+00,0.0000,0.0000,0
63,features.10,70,pruned_before,nan,0.000000e+00,0.000000e+00,0.0000,0.0000,0
63,features.10,71,pruned_before,nan,0.000000e+00,0.000000e+00,0.0000,0.0000,0
63,features.10,72,pruned_before,nan,0.000000e+00,0.000000e+00,0.0000,0.0000,0
63,features.10,73,pruned_before,nan,0.000000e+00,0.000000e+00,0.0000,0.0000,0
63,features.10,74,pruned_before,nan,0.000000e+00,0.000000e+00,0.0000,0.0000,0
63,features.10,75,pruned_before,nan,0.000000e+00,0.000000e+00,0.0000,0.0000,0
63,features.10,76,pruned_before,nan,0.000000e+00,0.000000e+00,0.0000,0.0000,0
63,features.10,77,pruned_before,nan,0.000000e+00,0.000000e+00,0.0000,0.0000,0
63,features.10,78,pruned_before,nan,0.000000e+00,0.000000e+00,0.0000,0.0000,0
63,features.10,79,pruned_before,nan,0.000000e+00,0.000000e+00,0.0000,0.0000,0
63,features.10,80,pruned_before,nan,0.000000e+00,0.000000e+00,0.0000,0.0000,0
63,features.10,81,pruned_before,nan,0.000000e+00,0.000000e+00,0.0000,0.0000,0
63,features.10,82,pruned_before,nan,0.000000e+00,0.000000e+00,0.0000,0.0000,0
63,features.10,83,pruned_before,nan,0.000000e+00,0.000000e+00,0.0000,0.0000,0
63,features.10,84,pruned_before,nan,0.000000e+00,0.000000e+00,0.0000,0.0000,0
63,features.10,85,pruned_before,nan,0.000000e+00,0.000000e+00,0.0000,0.0000,0
63,features.10,86,pruned_before,nan,0.000000e+00,0.000000e+00,0.0000,0.0000,0
63,features.10,87,protected,0.885245,4.476869e-08,3.319641e-05,0.1476,1.0000,137
63,features.10,88,pruned_before,nan,0.000000e+00,0.000000e+00,0.0000,0.0000,0
63,features.10,89,pruned_before,nan,0.000000e+00,0.000000e+00,0.0000,0.0000,0
63,features.10,90,pruned_before,nan,0.000000e+00,0.000000e+00,0.0000,0.0000,0
63,features.10,91,active,0.055797,7.369213e-09,2.147668e-06,0.0243,0.0647,137
63,features.10,92,pruned_before,nan,0.000000e+00,0.000000e+00,0.0000,0.0000,0
63,features.10,93,active,0.205882,8.242826e-08,8.596011e-06,0.2717,0.2589,137
63,features.10,94,pruned_before,nan,0.000000e+00,0.000000e+00,0.0000,0.0000,0
63,features.10,95,pruned_before,nan,0.000000e+00,0.000000e+00,0.0000,0.0000,0
63,features.10,96,pruned_before,nan,0.000000e+00,0.000000e+00,0.0000,0.0000,0
63,features.10,97,pruned_before,nan,0.000000e+00,0.000000e+00,0.0000,0.0000,0
63,features.10,98,pruned_now,-0.042174,2.077564e-07,9.701083e-07,0.6847,0.0292,137
63,features.10,99,pruned_before,nan,0.000000e+00,0.000000e+00,0.0000,0.0000,0
63,features.10,100,pruned_before,nan,0.000000e+00,0.000000e+00,0.0000,0.0000,0
63,features.10,101,active,0.170518,3.464994e-08,6.710776e-06,0.1142,0.2022,137
63,features.10,102,pruned_before,nan,0.000000e+00,0.000000e+00,0.0000,0.0000,0
63,features.10,103,pruned_before,nan,0.000000e+00,0.000000e+00,0.0000,0.0000,0
63,features.10,104,pruned_before,nan,0.000000e+00,0.000000e+00,0.0000,0.0000,0
63,features.10,105,pruned_before,nan,0.000000e+00,0.000000e+00,0.0000,0.0000,0
63,features.10,106,pruned_before,nan,0.000000e+00,0.000000e+00,0.0000,0.0000,0
63,features.10,107,active,0.008188,1.706443e-08,5.094660e-07,0.0562,0.0153,137
63,features.10,108,pruned_before,nan,0.000000e+00,0.000000e+00,0.0000,0.0000,0
63,features.10,109,active,0.063191,2.234833e-09,2.357947e-06,0.0074,0.0710,137
63,features.10,110,active,0.074712,3.693278e-08,3.204725e-06,0.1217,0.0965,137
63,features.10,111,pruned_before,nan,0.000000e+00,0.000000e+00,0.0000,0.0000,0
63,features.10,112,pruned_before,nan,0.000000e+00,0.000000e+00,0.0000,0.0000,0
63,features.10,113,active,0.117579,9.021895e-08,5.433679e-06,0.2974,0.1637,137
63,features.10,114,pruned_before,nan,0.000000e+00,0.000000e+00,0.0000,0.0000,0
63,features.10,115,pruned_before,nan,0.000000e+00,0.000000e+00,0.0000,0.0000,0
63,features.10,116,pruned_before,nan,0.000000e+00,0.000000e+00,0.0000,0.0000,0
63,features.10,117,pruned_before,nan,0.000000e+00,0.000000e+00,0.0000,0.0000,0
63,features.10,118,pruned_before,nan,0.000000e+00,0.000000e+00,0.0000,0.0000,0
63,features.10,119,pruned_before,nan,0.000000e+00,0.000000e+00,0.0000,0.0000,0
63,features.10,120,pruned_before,nan,0.000000e+00,0.000000e+00,0.0000,0.0000,0
63,features.10,121,pruned_before,nan,0.000000e+00,0.000000e+00,0.0000,0.0000,0
63,features.10,122,pruned_before,nan,0.000000e+00,0.000000e+00,0.0000,0.0000,0
63,features.10,123,active,0.030404,2.830205e-08,1.465505e-06,0.0933,0.0441,137
63,features.10,124,pruned_before,nan,0.000000e+00,0.000000e+00,0.0000,0.0000,0
63,features.10,125,pruned_before,nan,0.000000e+00,0.000000e+00,0.0000,0.0000,0
63,features.10,126,pruned_before,nan,0.000000e+00,0.000000e+00,0.0000,0.0000,0
63,features.10,127,pruned_before,nan,0.000000e+00,0.000000e+00,0.0000,0.0000,0
63,features.10,128,pruned_before,nan,0.000000e+00,0.000000e+00,0.0000,0.0000,0
63,features.10,129,pruned_before,nan,0.000000e+00,0.000000e+00,0.0000,0.0000,0
63,features.10,130,pruned_now,-0.003547,6.048835e-08,6.045117e-07,0.1994,0.0182,137
63,features.10,131,pruned_before,nan,0.000000e+00,0.000000e+00,0.0000,0.0000,0
63,features.10,132,pruned_before,nan,0.000000e+00,0.000000e+00,0.0000,0.0000,0
63,features.10,133,pruned_before,nan,0.000000e+00,0.000000e+00,0.0000,0.0000,0
63,features.10,134,pruned_before,nan,0.000000e+00,0.000000e+00,0.0000,0.0000,0
63,features.10,135,pruned_before,nan,0.000000e+00,0.000000e+00,0.0000,0.0000,0
63,features.10,136,pruned_before,nan,0.000000e+00,0.000000e+00,0.0000,0.0000,0
63,features.10,137,active,0.011771,2.596087e-09,4.657226e-07,0.0086,0.0140,137
63,features.10,138,pruned_before,nan,0.000000e+00,0.000000e+00,0.0000,0.0000,0
63,features.10,139,active,0.037427,3.480184e-08,1.803572e-06,0.1147,0.0543,137
63,features.10,140,pruned_before,nan,0.000000e+00,0.000000e+00,0.0000,0.0000,0
63,features.10,141,pruned_before,nan,0.000000e+00,0.000000e+00,0.0000,0.0000,0
63,features.10,142,active,0.047223,6.769032e-09,1.824101e-06,0.0223,0.0549,137
63,features.10,143,pruned_before,nan,0.000000e+00,0.000000e+00,0.0000,0.0000,0
63,features.10,144,pruned_before,nan,0.000000e+00,0.000000e+00,0.0000,0.0000,0
63,features.10,145,pruned_before,nan,0.000000e+00,0.000000e+00,0.0000,0.0000,0
63,features.10,146,pruned_before,nan,0.000000e+00,0.000000e+00,0.0000,0.0000,0
63,features.10,147,pruned_before,nan,0.000000e+00,0.000000e+00,0.0000,0.0000,0
63,features.10,148,pruned_before,nan,0.000000e+00,0.000000e+00,0.0000,0.0000,0
63,features.10,149,pruned_before,nan,0.000000e+00,0.000000e+00,0.0000,0.0000,0
63,features.10,150,active,0.097888,3.092310e-08,3.986509e-06,0.1019,0.1201,137
63,features.10,151,pruned_before,nan,0.000000e+00,0.000000e+00,0.0000,0.0000,0
63,features.10,152,pruned_before,nan,0.000000e+00,0.000000e+00,0.0000,0.0000,0
63,features.10,153,pruned_before,nan,0.000000e+00,0.000000e+00,0.0000,0.0000,0
63,features.10,154,active,0.055225,6.610376e-09,2.117314e-06,0.0218,0.0638,137
63,features.10,155,pruned_before,nan,0.000000e+00,0.000000e+00,0.0000,0.0000,0
63,features.10,156,pruned_before,nan,0.000000e+00,0.000000e+00,0.0000,0.0000,0
63,features.10,157,pruned_before,nan,0.000000e+00,0.000000e+00,0.0000,0.0000,0
63,features.10,158,pruned_before,nan,0.000000e+00,0.000000e+00,0.0000,0.0000,0
63,features.10,159,pruned_before,nan,0.000000e+00,0.000000e+00,0.0000,0.0000,0
63,features.10,160,pruned_before,nan,0.000000e+00,0.000000e+00,0.0000,0.0000,0
63,features.10,161,pruned_before,nan,0.000000e+00,0.000000e+00,0.0000,0.0000,0
63,features.10,162,pruned_before,nan,0.000000e+00,0.000000e+00,0.0000,0.0000,0
63,features.10,163,pruned_before,nan,0.000000e+00,0.000000e+00,0.0000,0.0000,0
63,features.10,164,pruned_before,nan,0.000000e+00,0.000000e+00,0.0000,0.0000,0
63,features.10,165,pruned_before,nan,0.000000e+00,0.000000e+00,0.0000,0.0000,0
63,features.10,166,active,0.013064,7.217921e-08,1.359359e-06,0.2379,0.0409,137
63,features.10,167,pruned_before,nan,0.000000e+00,0.000000e+00,0.0000,0.0000,0
63,features.10,168,pruned_before,nan,0.000000e+00,0.000000e+00,0.0000,0.0000,0
63,features.10,169,pruned_before,nan,0.000000e+00,0.000000e+00,0.0000,0.0000,0
63,features.10,170,pruned_before,nan,0.000000e+00,0.000000e+00,0.0000,0.0000,0
63,features.10,171,pruned_before,nan,0.000000e+00,0.000000e+00,0.0000,0.0000,0
63,features.10,172,pruned_before,nan,0.000000e+00,0.000000e+00,0.0000,0.0000,0
63,features.10,173,pruned_before,nan,0.000000e+00,0.000000e+00,0.0000,0.0000,0
63,features.10,174,pruned_before,nan,0.000000e+00,0.000000e+00,0.0000,0.0000,0
63,features.10,175,active,0.084729,1.039462e-07,4.388881e-06,0.3426,0.1322,137
63,features.10,176,pruned_before,nan,0.000000e+00,0.000000e+00,0.0000,0.0000,0
63,features.10,177,active,0.783185,4.138344e-08,2.939081e-05,0.1364,0.8854,137
63,features.10,178,pruned_before,nan,0.000000e+00,0.000000e+00,0.0000,0.0000,0
63,features.10,179,pruned_before,nan,0.000000e+00,0.000000e+00,0.0000,0.0000,0
63,features.10,180,pruned_before,nan,0.000000e+00,0.000000e+00,0.0000,0.0000,0
63,features.10,181,pruned_before,nan,0.000000e+00,0.000000e+00,0.0000,0.0000,0
63,features.10,182,pruned_before,nan,0.000000e+00,0.000000e+00,0.0000,0.0000,0
63,features.10,183,pruned_before,nan,0.000000e+00,0.000000e+00,0.0000,0.0000,0
63,features.10,184,pruned_before,nan,0.000000e+00,0.000000e+00,0.0000,0.0000,0
63,features.10,185,pruned_before,nan,0.000000e+00,0.000000e+00,0.0000,0.0000,0
63,features.10,186,pruned_before,nan,0.000000e+00,0.000000e+00,0.0000,0.0000,0
63,features.10,187,pruned_before,nan,0.000000e+00,0.000000e+00,0.0000,0.0000,0
63,features.10,188,pruned_before,nan,0.000000e+00,0.000000e+00,0.0000,0.0000,0
63,features.10,189,pruned_before,nan,0.000000e+00,0.000000e+00,0.0000,0.0000,0
63,features.10,190,pruned_before,nan,0.000000e+00,0.000000e+00,0.0000,0.0000,0
63,features.10,191,pruned_before,nan,0.000000e+00,0.000000e+00,0.0000,0.0000,0
63,features.10,192,pruned_before,nan,0.000000e+00,0.000000e+00,0.0000,0.0000,0
63,features.10,193,pruned_before,nan,0.000000e+00,0.000000e+00,0.0000,0.0000,0
63,features.10,194,pruned_before,nan,0.000000e+00,0.000000e+00,0.0000,0.0000,0
63,features.10,195,pruned_before,nan,0.000000e+00,0.000000e+00,0.0000,0.0000,0
63,features.10,196,pruned_before,nan,0.000000e+00,0.000000e+00,0.0000,0.0000,0
63,features.10,197,pruned_before,nan,0.000000e+00,0.000000e+00,0.0000,0.0000,0
63,features.10,198,pruned_before,nan,0.000000e+00,0.000000e+00,0.0000,0.0000,0
63,features.10,199,pruned_before,nan,0.000000e+00,0.000000e+00,0.0000,0.0000,0
63,features.10,200,active,0.035099,3.497979e-08,1.719859e-06,0.1153,0.0518,137
63,features.10,201,active,0.066183,1.137232e-08,2.579402e-06,0.0375,0.0777,137
63,features.10,202,pruned_before,nan,0.000000e+00,0.000000e+00,0.0000,0.0000,0
63,features.10,203,pruned_before,nan,0.000000e+00,0.000000e+00,0.0000,0.0000,0
63,features.10,204,pruned_before,nan,0.000000e+00,0.000000e+00,0.0000,0.0000,0
63,features.10,205,pruned_before,nan,0.000000e+00,0.000000e+00,0.0000,0.0000,0
63,features.10,206,pruned_before,nan,0.000000e+00,0.000000e+00,0.0000,0.0000,0
63,features.10,207,pruned_before,nan,0.000000e+00,0.000000e+00,0.0000,0.0000,0
63,features.10,208,pruned_before,nan,0.000000e+00,0.000000e+00,0.0000,0.0000,0
63,features.10,209,pruned_before,nan,0.000000e+00,0.000000e+00,0.0000,0.0000,0
63,features.10,210,pruned_before,nan,0.000000e+00,0.000000e+00,0.0000,0.0000,0
63,features.10,211,pruned_before,nan,0.000000e+00,0.000000e+00,0.0000,0.0000,0
63,features.10,212,pruned_before,nan,0.000000e+00,0.000000e+00,0.0000,0.0000,0
63,features.10,213,pruned_before,nan,0.000000e+00,0.000000e+00,0.0000,0.0000,0
63,features.10,214,pruned_before,nan,0.000000e+00,0.000000e+00,0.0000,0.0000,0
63,features.10,215,pruned_before,nan,0.000000e+00,0.000000e+00,0.0000,0.0000,0
63,features.10,216,pruned_before,nan,0.000000e+00,0.000000e+00,0.0000,0.0000,0
63,features.10,217,pruned_before,nan,0.000000e+00,0.000000e+00,0.0000,0.0000,0
63,features.10,218,pruned_now,-0.005071,3.991961e-08,2.982508e-07,0.1316,0.0090,137
63,features.10,219,pruned_before,nan,0.000000e+00,0.000000e+00,0.0000,0.0000,0
63,features.10,220,pruned_before,nan,0.000000e+00,0.000000e+00,0.0000,0.0000,0
63,features.10,221,pruned_before,nan,0.000000e+00,0.000000e+00,0.0000,0.0000,0
63,features.10,222,pruned_before,nan,0.000000e+00,0.000000e+00,0.0000,0.0000,0
63,features.10,223,pruned_before,nan,0.000000e+00,0.000000e+00,0.0000,0.0000,0
63,features.10,224,pruned_before,nan,0.000000e+00,0.000000e+00,0.0000,0.0000,0
63,features.10,225,pruned_before,nan,0.000000e+00,0.000000e+00,0.0000,0.0000,0
63,features.10,226,pruned_before,nan,0.000000e+00,0.000000e+00,0.0000,0.0000,0
63,features.10,227,pruned_before,nan,0.000000e+00,0.000000e+00,0.0000,0.0000,0
63,features.10,228,pruned_before,nan,0.000000e+00,0.000000e+00,0.0000,0.0000,0
63,features.10,229,pruned_before,nan,0.000000e+00,0.000000e+00,0.0000,0.0000,0
63,features.10,230,pruned_before,nan,0.000000e+00,0.000000e+00,0.0000,0.0000,0
63,features.10,231,pruned_before,nan,0.000000e+00,0.000000e+00,0.0000,0.0000,0
63,features.10,232,pruned_before,nan,0.000000e+00,0.000000e+00,0.0000,0.0000,0
63,features.10,233,active,0.230500,3.034046e-07,1.219046e-05,1.0000,0.3672,137
63,features.10,234,pruned_before,nan,0.000000e+00,0.000000e+00,0.0000,0.0000,0
63,features.10,235,active,0.284283,7.038260e-08,1.134139e-05,0.2320,0.3416,137
63,features.10,236,pruned_before,nan,0.000000e+00,0.000000e+00,0.0000,0.0000,0
63,features.10,237,active,0.063888,1.575117e-09,2.375650e-06,0.0052,0.0716,137
63,features.10,238,pruned_before,nan,0.000000e+00,0.000000e+00,0.0000,0.0000,0
63,features.10,239,pruned_before,nan,0.000000e+00,0.000000e+00,0.0000,0.0000,0
63,features.10,240,pruned_before,nan,0.000000e+00,0.000000e+00,0.0000,0.0000,0
63,features.10,241,pruned_before,nan,0.000000e+00,0.000000e+00,0.0000,0.0000,0
63,features.10,242,pruned_before,nan,0.000000e+00,0.000000e+00,0.0000,0.0000,0
63,features.10,243,active,0.057938,2.745995e-08,2.470854e-06,0.0905,0.0744,137
63,features.10,244,active,0.194695,2.414877e-08,7.474892e-06,0.0796,0.2252,137
63,features.10,245,pruned_before,nan,0.000000e+00,0.000000e+00,0.0000,0.0000,0
63,features.10,246,pruned_before,nan,0.000000e+00,0.000000e+00,0.0000,0.0000,0
63,features.10,247,active,0.328900,1.890928e-07,1.443026e-05,0.6232,0.4347,137
63,features.10,248,pruned_before,nan,0.000000e+00,0.000000e+00,0.0000,0.0000,0
63,features.10,249,active,0.126659,1.141537e-07,6.059563e-06,0.3762,0.1825,137
63,features.10,250,pruned_before,nan,0.000000e+00,0.000000e+00,0.0000,0.0000,0
63,features.10,251,pruned_before,nan,0.000000e+00,0.000000e+00,0.0000,0.0000,0
63,features.10,252,pruned_before,nan,0.000000e+00,0.000000e+00,0.0000,0.0000,0
63,features.10,253,pruned_before,nan,0.000000e+00,0.000000e+00,0.0000,0.0000,0
63,features.10,254,pruned_before,nan,0.000000e+00,0.000000e+00,0.0000,0.0000,0
63,features.10,255,pruned_before,nan,0.000000e+00,0.000000e+00,0.0000,0.0000,0
63,features.10,256,active,0.010555,3.687207e-08,8.375649e-07,0.1215,0.0252,137
63,features.10,257,pruned_before,nan,0.000000e+00,0.000000e+00,0.0000,0.0000,0
63,features.10,258,pruned_before,nan,0.000000e+00,0.000000e+00,0.0000,0.0000,0
63,features.10,259,pruned_before,nan,0.000000e+00,0.000000e+00,0.0000,0.0000,0
63,features.10,260,pruned_before,nan,0.000000e+00,0.000000e+00,0.0000,0.0000,0
63,features.10,261,active,0.040015,3.156691e-08,1.859710e-06,0.1040,0.0560,137
63,features.10,262,pruned_before,nan,0.000000e+00,0.000000e+00,0.0000,0.0000,0
63,features.10,263,pruned_before,nan,0.000000e+00,0.000000e+00,0.0000,0.0000,0
63,features.10,264,pruned_before,nan,0.000000e+00,0.000000e+00,0.0000,0.0000,0
63,features.10,265,pruned_before,nan,0.000000e+00,0.000000e+00,0.0000,0.0000,0
63,features.10,266,pruned_before,nan,0.000000e+00,0.000000e+00,0.0000,0.0000,0
63,features.10,267,active,0.138962,2.271594e-08,5.401739e-06,0.0749,0.1627,137
63,features.10,268,active,0.160964,2.624066e-08,6.256158e-06,0.0865,0.1885,137
63,features.10,269,pruned_before,nan,0.000000e+00,0.000000e+00,0.0000,0.0000,0
63,features.10,270,pruned_before,nan,0.000000e+00,0.000000e+00,0.0000,0.0000,0
63,features.10,271,pruned_before,nan,0.000000e+00,0.000000e+00,0.0000,0.0000,0
63,features.10,272,pruned_before,nan,0.000000e+00,0.000000e+00,0.0000,0.0000,0
63,features.10,273,active,0.237140,8.007144e-08,9.720326e-06,0.2639,0.2928,137
63,features.10,274,pruned_before,nan,0.000000e+00,0.000000e+00,0.0000,0.0000,0
63,features.10,275,pruned_before,nan,0.000000e+00,0.000000e+00,0.0000,0.0000,0
63,features.10,276,pruned_before,nan,0.000000e+00,0.000000e+00,0.0000,0.0000,0
63,features.10,277,pruned_before,nan,0.000000e+00,0.000000e+00,0.0000,0.0000,0
63,features.10,278,pruned_before,nan,0.000000e+00,0.000000e+00,0.0000,0.0000,0
63,features.10,279,pruned_before,nan,0.000000e+00,0.000000e+00,0.0000,0.0000,0
63,features.10,280,pruned_before,nan,0.000000e+00,0.000000e+00,0.0000,0.0000,0
63,features.10,281,pruned_before,nan,0.000000e+00,0.000000e+00,0.0000,0.0000,0
63,features.10,282,pruned_before,nan,0.000000e+00,0.000000e+00,0.0000,0.0000,0
63,features.10,283,pruned_before,nan,0.000000e+00,0.000000e+00,0.0000,0.0000,0
63,features.10,284,pruned_before,nan,0.000000e+00,0.000000e+00,0.0000,0.0000,0
63,features.10,285,pruned_before,nan,0.000000e+00,0.000000e+00,0.0000,0.0000,0
63,features.10,286,pruned_before,nan,0.000000e+00,0.000000e+00,0.0000,0.0000,0
63,features.10,287,pruned_before,nan,0.000000e+00,0.000000e+00,0.0000,0.0000,0
63,features.10,288,pruned_before,nan,0.000000e+00,0.000000e+00,0.0000,0.0000,0
63,features.10,289,pruned_before,nan,0.000000e+00,0.000000e+00,0.0000,0.0000,0
63,features.10,290,pruned_before,nan,0.000000e+00,0.000000e+00,0.0000,0.0000,0
63,features.10,291,active,0.595155,9.527955e-08,2.311055e-05,0.3140,0.6962,137
63,features.10,292,active,0.024665,1.048904e-07,2.184917e-06,0.3457,0.0658,137
63,features.10,293,active,0.023105,1.271240e-09,8.676834e-07,0.0042,0.0261,137
63,features.10,294,active,0.053454,5.608657e-09,2.039812e-06,0.0185,0.0614,137
63,features.10,295,active,0.043716,2.696314e-08,1.940234e-06,0.0889,0.0584,137
63,features.10,296,pruned_before,nan,0.000000e+00,0.000000e+00,0.0000,0.0000,0
63,features.10,297,pruned_before,nan,0.000000e+00,0.000000e+00,0.0000,0.0000,0
63,features.10,298,pruned_before,nan,0.000000e+00,0.000000e+00,0.0000,0.0000,0
63,features.10,299,pruned_before,nan,0.000000e+00,0.000000e+00,0.0000,0.0000,0
63,features.10,300,pruned_before,nan,0.000000e+00,0.000000e+00,0.0000,0.0000,0
63,features.10,301,active,0.031622,3.836546e-08,1.632795e-06,0.1264,0.0492,137
63,features.10,302,pruned_before,nan,0.000000e+00,0.000000e+00,0.0000,0.0000,0
63,features.10,303,pruned_before,nan,0.000000e+00,0.000000e+00,0.0000,0.0000,0
63,features.10,304,pruned_before,nan,0.000000e+00,0.000000e+00,0.0000,0.0000,0
63,features.10,305,pruned_before,nan,0.000000e+00,0.000000e+00,0.0000,0.0000,0
63,features.10,306,pruned_before,nan,0.000000e+00,0.000000e+00,0.0000,0.0000,0
63,features.10,307,pruned_before,nan,0.000000e+00,0.000000e+00,0.0000,0.0000,0
63,features.10,308,pruned_before,nan,0.000000e+00,0.000000e+00,0.0000,0.0000,0
63,features.10,309,pruned_before,nan,0.000000e+00,0.000000e+00,0.0000,0.0000,0
63,features.10,310,pruned_before,nan,0.000000e+00,0.000000e+00,0.0000,0.0000,0
63,features.10,311,pruned_before,nan,0.000000e+00,0.000000e+00,0.0000,0.0000,0
63,features.10,312,pruned_before,nan,0.000000e+00,0.000000e+00,0.0000,0.0000,0
63,features.10,313,pruned_before,nan,0.000000e+00,0.000000e+00,0.0000,0.0000,0
63,features.10,314,pruned_before,nan,0.000000e+00,0.000000e+00,0.0000,0.0000,0
63,features.10,315,pruned_before,nan,0.000000e+00,0.000000e+00,0.0000,0.0000,0
63,features.10,316,pruned_before,nan,0.000000e+00,0.000000e+00,0.0000,0.0000,0
63,features.10,317,pruned_before,nan,0.000000e+00,0.000000e+00,0.0000,0.0000,0
63,features.10,318,pruned_before,nan,0.000000e+00,0.000000e+00,0.0000,0.0000,0
63,features.10,319,active,0.013205,2.104007e-08,7.428636e-07,0.0693,0.0224,137
63,features.10,320,pruned_before,nan,0.000000e+00,0.000000e+00,0.0000,0.0000,0
63,features.10,321,pruned_before,nan,0.000000e+00,0.000000e+00,0.0000,0.0000,0
63,features.10,322,pruned_before,nan,0.000000e+00,0.000000e+00,0.0000,0.0000,0
63,features.10,323,pruned_before,nan,0.000000e+00,0.000000e+00,0.0000,0.0000,0
63,features.10,324,pruned_before,nan,0.000000e+00,0.000000e+00,0.0000,0.0000,0
63,features.10,325,pruned_before,nan,0.000000e+00,0.000000e+00,0.0000,0.0000,0
63,features.10,326,pruned_before,nan,0.000000e+00,0.000000e+00,0.0000,0.0000,0
63,features.10,327,pruned_before,nan,0.000000e+00,0.000000e+00,0.0000,0.0000,0
63,features.10,328,pruned_before,nan,0.000000e+00,0.000000e+00,0.0000,0.0000,0
63,features.10,329,pruned_before,nan,0.000000e+00,0.000000e+00,0.0000,0.0000,0
63,features.10,330,pruned_before,nan,0.000000e+00,0.000000e+00,0.0000,0.0000,0
63,features.10,331,pruned_before,nan,0.000000e+00,0.000000e+00,0.0000,0.0000,0
63,features.10,332,pruned_before,nan,0.000000e+00,0.000000e+00,0.0000,0.0000,0
63,features.10,333,pruned_before,nan,0.000000e+00,0.000000e+00,0.0000,0.0000,0
63,features.10,334,pruned_before,nan,0.000000e+00,0.000000e+00,0.0000,0.0000,0
63,features.10,335,pruned_before,nan,0.000000e+00,0.000000e+00,0.0000,0.0000,0
63,features.10,336,pruned_before,nan,0.000000e+00,0.000000e+00,0.0000,0.0000,0
63,features.10,337,pruned_before,nan,0.000000e+00,0.000000e+00,0.0000,0.0000,0
63,features.10,338,active,0.064147,3.056318e-08,2.737606e-06,0.1007,0.0825,137
63,features.10,339,pruned_before,nan,0.000000e+00,0.000000e+00,0.0000,0.0000,0
63,features.10,340,pruned_before,nan,0.000000e+00,0.000000e+00,0.0000,0.0000,0
63,features.10,341,pruned_before,nan,0.000000e+00,0.000000e+00,0.0000,0.0000,0
63,features.10,342,pruned_before,nan,0.000000e+00,0.000000e+00,0.0000,0.0000,0
63,features.10,343,pruned_before,nan,0.000000e+00,0.000000e+00,0.0000,0.0000,0
63,features.10,344,active,0.367971,2.588458e-07,1.671934e-05,0.8531,0.5036,137
63,features.10,345,pruned_before,nan,0.000000e+00,0.000000e+00,0.0000,0.0000,0
63,features.10,346,pruned_before,nan,0.000000e+00,0.000000e+00,0.0000,0.0000,0
63,features.10,347,pruned_before,nan,0.000000e+00,0.000000e+00,0.0000,0.0000,0
63,features.10,348,active,0.106354,1.141069e-08,4.061584e-06,0.0376,0.1224,137
63,features.10,349,pruned_before,nan,0.000000e+00,0.000000e+00,0.0000,0.0000,0
63,features.10,350,active,0.020864,6.258786e-09,8.456422e-07,0.0206,0.0255,137
63,features.10,351,pruned_before,nan,0.000000e+00,0.000000e+00,0.0000,0.0000,0
63,features.10,352,active,0.198856,1.424884e-08,7.507990e-06,0.0470,0.2262,137
63,features.10,353,active,0.018404,3.234956e-08,1.072114e-06,0.1066,0.0323,137
63,features.10,354,pruned_before,nan,0.000000e+00,0.000000e+00,0.0000,0.0000,0
63,features.10,355,pruned_before,nan,0.000000e+00,0.000000e+00,0.0000,0.0000,0
63,features.10,356,pruned_before,nan,0.000000e+00,0.000000e+00,0.0000,0.0000,0
63,features.10,357,pruned_before,nan,0.000000e+00,0.000000e+00,0.0000,0.0000,0
63,features.10,358,pruned_before,nan,0.000000e+00,0.000000e+00,0.0000,0.0000,0
63,features.10,359,pruned_before,nan,0.000000e+00,0.000000e+00,0.0000,0.0000,0
63,features.10,360,pruned_before,nan,0.000000e+00,0.000000e+00,0.0000,0.0000,0
63,features.10,361,active,0.101152,1.932915e-07,6.080836e-06,0.6371,0.1832,137
63,features.10,362,pruned_before,nan,0.000000e+00,0.000000e+00,0.0000,0.0000,0
63,features.10,363,pruned_before,nan,0.000000e+00,0.000000e+00,0.0000,0.0000,0
63,features.10,364,pruned_before,nan,0.000000e+00,0.000000e+00,0.0000,0.0000,0
63,features.10,365,pruned_before,nan,0.000000e+00,0.000000e+00,0.0000,0.0000,0
63,features.10,366,pruned_before,nan,0.000000e+00,0.000000e+00,0.0000,0.0000,0
63,features.10,367,active,0.720040,2.225749e-07,2.926443e-05,0.7336,0.8816,137
63,features.10,368,pruned_now,-0.011078,1.453743e-07,1.358685e-06,0.4791,0.0409,137
63,features.10,369,pruned_before,nan,0.000000e+00,0.000000e+00,0.0000,0.0000,0
63,features.10,370,active,0.031727,1.100515e-08,1.304035e-06,0.0363,0.0393,137
63,features.10,371,active,0.675733,1.665456e-08,2.512681e-05,0.0549,0.7569,137
63,features.10,372,pruned_before,nan,0.000000e+00,0.000000e+00,0.0000,0.0000,0
63,features.10,373,pruned_before,nan,0.000000e+00,0.000000e+00,0.0000,0.0000,0
63,features.10,374,pruned_before,nan,0.000000e+00,0.000000e+00,0.0000,0.0000,0
63,features.10,375,pruned_before,nan,0.000000e+00,0.000000e+00,0.0000,0.0000,0
63,features.10,376,active,0.080055,9.097671e-08,4.058834e-06,0.2999,0.1223,137
63,features.10,377,pruned_before,nan,0.000000e+00,0.000000e+00,0.0000,0.0000,0
63,features.10,378,pruned_before,nan,0.000000e+00,0.000000e+00,0.0000,0.0000,0
63,features.10,379,pruned_before,nan,0.000000e+00,0.000000e+00,0.0000,0.0000,0
63,features.10,380,pruned_before,nan,0.000000e+00,0.000000e+00,0.0000,0.0000,0
63,features.10,381,active,0.200895,1.654565e-08,7.611138e-06,0.0545,0.2293,137
63,features.10,382,pruned_before,nan,0.000000e+00,0.000000e+00,0.0000,0.0000,0
63,features.10,383,pruned_before,nan,0.000000e+00,0.000000e+00,0.0000,0.0000,0
63,features.11,0,active,0.047429,5.044608e-07,4.594096e-05,0.3333,0.0897,169
63,features.11,1,active,0.027844,9.131024e-08,1.927158e-05,0.0603,0.0376,169
63,features.11,2,pruned_before,nan,0.000000e+00,0.000000e+00,0.0000,0.0000,0
63,features.11,3,pruned_before,nan,0.000000e+00,0.000000e+00,0.0000,0.0000,0
63,features.11,4,pruned_before,nan,0.000000e+00,0.000000e+00,0.0000,0.0000,0
63,features.11,5,pruned_before,nan,0.000000e+00,0.000000e+00,0.0000,0.0000,0
63,features.11,6,active,0.164050,2.381906e-07,1.022766e-04,0.1574,0.1998,169
63,features.11,7,pruned_before,nan,0.000000e+00,0.000000e+00,0.0000,0.0000,0
63,features.11,8,pruned_before,nan,0.000000e+00,0.000000e+00,0.0000,0.0000,0
63,features.11,9,active,0.335080,7.173659e-07,2.175812e-04,0.4739,0.4250,169
63,features.11,10,active,0.324412,1.585262e-07,1.905090e-04,0.1047,0.3721,169
63,features.11,11,pruned_before,nan,0.000000e+00,0.000000e+00,0.0000,0.0000,0
63,features.11,12,pruned_before,nan,0.000000e+00,0.000000e+00,0.0000,0.0000,0
63,features.11,13,pruned_before,nan,0.000000e+00,0.000000e+00,0.0000,0.0000,0
63,features.11,14,pruned_before,nan,0.000000e+00,0.000000e+00,0.0000,0.0000,0
63,features.11,15,active,0.011488,2.087690e-07,1.438170e-05,0.1379,0.0281,169
63,features.11,16,pruned_before,nan,0.000000e+00,0.000000e+00,0.0000,0.0000,0
63,features.11,17,pruned_before,nan,0.000000e+00,0.000000e+00,0.0000,0.0000,0
63,features.11,18,active,0.013566,1.418677e-07,1.304929e-05,0.0937,0.0255,169
63,features.11,19,pruned_before,nan,0.000000e+00,0.000000e+00,0.0000,0.0000,0
63,features.11,20,pruned_before,nan,0.000000e+00,0.000000e+00,0.0000,0.0000,0
63,features.11,21,pruned_before,nan,0.000000e+00,0.000000e+00,0.0000,0.0000,0
63,features.11,22,active,0.000655,1.590210e-07,6.348959e-06,0.1051,0.0124,169
63,features.11,23,pruned_before,nan,0.000000e+00,0.000000e+00,0.0000,0.0000,0
63,features.11,24,pruned_before,nan,0.000000e+00,0.000000e+00,0.0000,0.0000,0
63,features.11,25,active,0.119320,3.724271e-07,8.187550e-05,0.2460,0.1599,169
63,features.11,26,pruned_before,nan,0.000000e+00,0.000000e+00,0.0000,0.0000,0
63,features.11,27,pruned_before,nan,0.000000e+00,0.000000e+00,0.0000,0.0000,0
63,features.11,28,pruned_before,nan,0.000000e+00,0.000000e+00,0.0000,0.0000,0
63,features.11,29,active,0.001850,8.223525e-08,4.143093e-06,0.0543,0.0081,169
63,features.11,30,pruned_before,nan,0.000000e+00,0.000000e+00,0.0000,0.0000,0
63,features.11,31,active,0.012812,2.217569e-07,1.562292e-05,0.1465,0.0305,169
63,features.11,32,pruned_before,nan,0.000000e+00,0.000000e+00,0.0000,0.0000,0
63,features.11,33,active,0.118199,5.142668e-08,6.917373e-05,0.0340,0.1351,169
63,features.11,34,pruned_before,nan,0.000000e+00,0.000000e+00,0.0000,0.0000,0
63,features.11,35,pruned_before,nan,0.000000e+00,0.000000e+00,0.0000,0.0000,0
63,features.11,36,pruned_before,nan,0.000000e+00,0.000000e+00,0.0000,0.0000,0
63,features.11,37,active,0.022054,4.810146e-07,3.062451e-05,0.3178,0.0598,169
63,features.11,38,pruned_before,nan,0.000000e+00,0.000000e+00,0.0000,0.0000,0
63,features.11,39,pruned_before,nan,0.000000e+00,0.000000e+00,0.0000,0.0000,0
63,features.11,40,pruned_before,nan,0.000000e+00,0.000000e+00,0.0000,0.0000,0
63,features.11,41,pruned_before,nan,0.000000e+00,0.000000e+00,0.0000,0.0000,0
63,features.11,42,active,0.035157,1.732466e-08,2.065139e-05,0.0114,0.0403,169
63,features.11,43,pruned_before,nan,0.000000e+00,0.000000e+00,0.0000,0.0000,0
63,features.11,44,active,0.144190,8.637236e-07,1.144885e-04,0.5706,0.2236,169
63,features.11,45,active,0.006420,2.740168e-07,1.395066e-05,0.1810,0.0272,169
63,features.11,46,pruned_before,nan,0.000000e+00,0.000000e+00,0.0000,0.0000,0
63,features.11,47,pruned_before,nan,0.000000e+00,0.000000e+00,0.0000,0.0000,0
63,features.11,48,pruned_before,nan,0.000000e+00,0.000000e+00,0.0000,0.0000,0
63,features.11,49,pruned_before,nan,0.000000e+00,0.000000e+00,0.0000,0.0000,0
63,features.11,50,active,0.065081,1.424047e-07,4.237535e-05,0.0941,0.0828,169
63,features.11,51,pruned_before,nan,0.000000e+00,0.000000e+00,0.0000,0.0000,0
63,features.11,52,pruned_before,nan,0.000000e+00,0.000000e+00,0.0000,0.0000,0
63,features.11,53,pruned_before,nan,0.000000e+00,0.000000e+00,0.0000,0.0000,0
63,features.11,54,pruned_before,nan,0.000000e+00,0.000000e+00,0.0000,0.0000,0
63,features.11,55,pruned_before,nan,0.000000e+00,0.000000e+00,0.0000,0.0000,0
63,features.11,56,active,0.017915,6.482236e-08,1.262753e-05,0.0428,0.0247,169
63,features.11,57,pruned_before,nan,0.000000e+00,0.000000e+00,0.0000,0.0000,0
63,features.11,58,pruned_before,nan,0.000000e+00,0.000000e+00,0.0000,0.0000,0
63,features.11,59,pruned_before,nan,0.000000e+00,0.000000e+00,0.0000,0.0000,0
63,features.11,60,pruned_before,nan,0.000000e+00,0.000000e+00,0.0000,0.0000,0
63,features.11,61,pruned_before,nan,0.000000e+00,0.000000e+00,0.0000,0.0000,0
63,features.11,62,pruned_before,nan,0.000000e+00,0.000000e+00,0.0000,0.0000,0
63,features.11,63,active,0.001694,4.903345e-08,2.806396e-06,0.0324,0.0055,169
63,features.11,64,pruned_before,nan,0.000000e+00,0.000000e+00,0.0000,0.0000,0
63,features.11,65,active,0.117306,1.150394e-07,7.105666e-05,0.0760,0.1388,169
63,features.11,66,pruned_before,nan,0.000000e+00,0.000000e+00,0.0000,0.0000,0
63,features.11,67,pruned_before,nan,0.000000e+00,0.000000e+00,0.0000,0.0000,0
63,features.11,68,pruned_before,nan,0.000000e+00,0.000000e+00,0.0000,0.0000,0
63,features.11,69,pruned_before,nan,0.000000e+00,0.000000e+00,0.0000,0.0000,0
63,features.11,70,pruned_before,nan,0.000000e+00,0.000000e+00,0.0000,0.0000,0
63,features.11,71,pruned_before,nan,0.000000e+00,0.000000e+00,0.0000,0.0000,0
63,features.11,72,active,0.099848,4.693460e-07,7.444113e-05,0.3101,0.1454,169
63,features.11,73,pruned_before,nan,0.000000e+00,0.000000e+00,0.0000,0.0000,0
63,features.11,74,pruned_before,nan,0.000000e+00,0.000000e+00,0.0000,0.0000,0
63,features.11,75,pruned_before,nan,0.000000e+00,0.000000e+00,0.0000,0.0000,0
63,features.11,76,pruned_before,nan,0.000000e+00,0.000000e+00,0.0000,0.0000,0
63,features.11,77,pruned_before,nan,0.000000e+00,0.000000e+00,0.0000,0.0000,0
63,features.11,78,pruned_before,nan,0.000000e+00,0.000000e+00,0.0000,0.0000,0
63,features.11,79,pruned_before,nan,0.000000e+00,0.000000e+00,0.0000,0.0000,0
63,features.11,80,pruned_before,nan,0.000000e+00,0.000000e+00,0.0000,0.0000,0
63,features.11,81,pruned_before,nan,0.000000e+00,0.000000e+00,0.0000,0.0000,0
63,features.11,82,pruned_now,-0.002511,1.223119e-07,3.168659e-06,0.0808,0.0062,169
63,features.11,83,pruned_before,nan,0.000000e+00,0.000000e+00,0.0000,0.0000,0
63,features.11,84,pruned_before,nan,0.000000e+00,0.000000e+00,0.0000,0.0000,0
63,features.11,85,pruned_before,nan,0.000000e+00,0.000000e+00,0.0000,0.0000,0
63,features.11,86,pruned_before,nan,0.000000e+00,0.000000e+00,0.0000,0.0000,0
63,features.11,87,pruned_before,nan,0.000000e+00,0.000000e+00,0.0000,0.0000,0
63,features.11,88,pruned_before,nan,0.000000e+00,0.000000e+00,0.0000,0.0000,0
63,features.11,89,pruned_before,nan,0.000000e+00,0.000000e+00,0.0000,0.0000,0
63,features.11,90,pruned_before,nan,0.000000e+00,0.000000e+00,0.0000,0.0000,0
63,features.11,91,pruned_before,nan,0.000000e+00,0.000000e+00,0.0000,0.0000,0
63,features.11,92,active,0.053649,4.932783e-08,3.237369e-05,0.0326,0.0632,169
63,features.11,93,pruned_before,nan,0.000000e+00,0.000000e+00,0.0000,0.0000,0
63,features.11,94,pruned_before,nan,0.000000e+00,0.000000e+00,0.0000,0.0000,0
63,features.11,95,pruned_before,nan,0.000000e+00,0.000000e+00,0.0000,0.0000,0
63,features.11,96,pruned_before,nan,0.000000e+00,0.000000e+00,0.0000,0.0000,0
63,features.11,97,pruned_before,nan,0.000000e+00,0.000000e+00,0.0000,0.0000,0
63,features.11,98,pruned_before,nan,0.000000e+00,0.000000e+00,0.0000,0.0000,0
63,features.11,99,pruned_before,nan,0.000000e+00,0.000000e+00,0.0000,0.0000,0
63,features.11,100,pruned_before,nan,0.000000e+00,0.000000e+00,0.0000,0.0000,0
63,features.11,101,active,0.001362,5.375091e-08,2.794742e-06,0.0355,0.0055,169
63,features.11,102,pruned_before,nan,0.000000e+00,0.000000e+00,0.0000,0.0000,0
63,features.11,103,pruned_before,nan,0.000000e+00,0.000000e+00,0.0000,0.0000,0
63,features.11,104,pruned_before,nan,0.000000e+00,0.000000e+00,0.0000,0.0000,0
63,features.11,105,pruned_before,nan,0.000000e+00,0.000000e+00,0.0000,0.0000,0
63,features.11,106,pruned_before,nan,0.000000e+00,0.000000e+00,0.0000,0.0000,0
63,features.11,107,active,0.077196,1.897057e-07,5.104499e-05,0.1253,0.0997,169
63,features.11,108,pruned_before,nan,0.000000e+00,0.000000e+00,0.0000,0.0000,0
63,features.11,109,pruned_before,nan,0.000000e+00,0.000000e+00,0.0000,0.0000,0
63,features.11,110,pruned_before,nan,0.000000e+00,0.000000e+00,0.0000,0.0000,0
63,features.11,111,pruned_before,nan,0.000000e+00,0.000000e+00,0.0000,0.0000,0
63,features.11,112,active,0.177605,2.936466e-07,1.120722e-04,0.1940,0.2189,169
63,features.11,113,pruned_before,nan,0.000000e+00,0.000000e+00,0.0000,0.0000,0
63,features.11,114,pruned_before,nan,0.000000e+00,0.000000e+00,0.0000,0.0000,0
63,features.11,115,active,0.044115,1.664420e-07,3.135168e-05,0.1100,0.0612,169
63,features.11,116,pruned_before,nan,0.000000e+00,0.000000e+00,0.0000,0.0000,0
63,features.11,117,pruned_before,nan,0.000000e+00,0.000000e+00,0.0000,0.0000,0
63,features.11,118,pruned_before,nan,0.000000e+00,0.000000e+00,0.0000,0.0000,0
63,features.11,119,active,0.007939,3.825669e-08,5.954221e-06,0.0253,0.0116,169
63,features.11,120,active,0.006133,1.215293e-07,8.056617e-06,0.0803,0.0157,169
63,features.11,121,pruned_before,nan,0.000000e+00,0.000000e+00,0.0000,0.0000,0
63,features.11,122,pruned_before,nan,0.000000e+00,0.000000e+00,0.0000,0.0000,0
63,features.11,123,pruned_before,nan,0.000000e+00,0.000000e+00,0.0000,0.0000,0
63,features.11,124,active,0.025897,2.213383e-07,2.305075e-05,0.1462,0.0450,169
63,features.11,125,active,0.006082,1.778988e-08,4.128251e-06,0.0118,0.0081,169
63,features.11,126,pruned_before,nan,0.000000e+00,0.000000e+00,0.0000,0.0000,0
63,features.11,127,active,0.008491,6.905282e-08,7.425865e-06,0.0456,0.0145,169
63,features.11,128,pruned_before,nan,0.000000e+00,0.000000e+00,0.0000,0.0000,0
63,features.11,129,pruned_before,nan,0.000000e+00,0.000000e+00,0.0000,0.0000,0
63,features.11,130,pruned_before,nan,0.000000e+00,0.000000e+00,0.0000,0.0000,0
63,features.11,131,pruned_before,nan,0.000000e+00,0.000000e+00,0.0000,0.0000,0
63,features.11,132,pruned_before,nan,0.000000e+00,0.000000e+00,0.0000,0.0000,0
63,features.11,133,active,0.014144,1.841655e-07,1.496804e-05,0.1217,0.0292,169
63,features.11,134,pruned_before,nan,0.000000e+00,0.000000e+00,0.0000,0.0000,0
63,features.11,135,active,0.077228,8.142218e-08,4.699345e-05,0.0538,0.0918,169
63,features.11,136,pruned_before,nan,0.000000e+00,0.000000e+00,0.0000,0.0000,0
63,features.11,137,pruned_before,nan,0.000000e+00,0.000000e+00,0.0000,0.0000,0
63,features.11,138,pruned_now,-0.007163,1.880352e-07,2.992174e-06,0.1242,0.0058,169
63,features.11,139,pruned_before,nan,0.000000e+00,0.000000e+00,0.0000,0.0000,0
63,features.11,140,pruned_before,nan,0.000000e+00,0.000000e+00,0.0000,0.0000,0
63,features.11,141,pruned_before,nan,0.000000e+00,0.000000e+00,0.0000,0.0000,0
63,features.11,142,pruned_before,nan,0.000000e+00,0.000000e+00,0.0000,0.0000,0
63,features.11,143,pruned_before,nan,0.000000e+00,0.000000e+00,0.0000,0.0000,0
63,features.11,144,pruned_before,nan,0.000000e+00,0.000000e+00,0.0000,0.0000,0
63,features.11,145,active,0.017177,7.784752e-09,1.006404e-05,0.0051,0.0197,169
63,features.11,146,pruned_before,nan,0.000000e+00,0.000000e+00,0.0000,0.0000,0
63,features.11,147,pruned_before,nan,0.000000e+00,0.000000e+00,0.0000,0.0000,0
63,features.11,148,pruned_before,nan,0.000000e+00,0.000000e+00,0.0000,0.0000,0
63,features.11,149,pruned_before,nan,0.000000e+00,0.000000e+00,0.0000,0.0000,0
63,features.11,150,pruned_before,nan,0.000000e+00,0.000000e+00,0.0000,0.0000,0
63,features.11,151,pruned_before,nan,0.000000e+00,0.000000e+00,0.0000,0.0000,0
63,features.11,152,pruned_before,nan,0.000000e+00,0.000000e+00,0.0000,0.0000,0
63,features.11,153,pruned_before,nan,0.000000e+00,0.000000e+00,0.0000,0.0000,0
63,features.11,154,pruned_before,nan,0.000000e+00,0.000000e+00,0.0000,0.0000,0
63,features.11,155,pruned_now,-0.001786,2.433781e-07,8.130973e-06,0.1608,0.0159,169
63,features.11,156,active,0.057868,9.802159e-08,3.660370e-05,0.0648,0.0715,169
63,features.11,157,pruned_before,nan,0.000000e+00,0.000000e+00,0.0000,0.0000,0
63,features.11,158,pruned_before,nan,0.000000e+00,0.000000e+00,0.0000,0.0000,0
63,features.11,159,pruned_before,nan,0.000000e+00,0.000000e+00,0.0000,0.0000,0
63,features.11,160,pruned_before,nan,0.000000e+00,0.000000e+00,0.0000,0.0000,0
63,features.11,161,pruned_before,nan,0.000000e+00,0.000000e+00,0.0000,0.0000,0
63,features.11,162,pruned_before,nan,0.000000e+00,0.000000e+00,0.0000,0.0000,0
63,features.11,163,active,0.201684,4.650107e-07,1.322104e-04,0.3072,0.2582,169
63,features.11,164,pruned_before,nan,0.000000e+00,0.000000e+00,0.0000,0.0000,0
63,features.11,165,active,0.010945,7.611561e-08,9.086878e-06,0.0503,0.0177,169
63,features.11,166,pruned_before,nan,0.000000e+00,0.000000e+00,0.0000,0.0000,0
63,features.11,167,active,0.034690,1.115852e-07,2.392806e-05,0.0737,0.0467,169
63,features.11,168,pruned_before,nan,0.000000e+00,0.000000e+00,0.0000,0.0000,0
63,features.11,169,pruned_before,nan,0.000000e+00,0.000000e+00,0.0000,0.0000,0
63,features.11,170,pruned_before,nan,0.000000e+00,0.000000e+00,0.0000,0.0000,0
63,features.11,171,pruned_before,nan,0.000000e+00,0.000000e+00,0.0000,0.0000,0
63,features.11,172,pruned_now,-0.015684,3.043873e-07,2.517540e-06,0.2011,0.0049,169
63,features.11,173,pruned_before,nan,0.000000e+00,0.000000e+00,0.0000,0.0000,0
63,features.11,174,pruned_before,nan,0.000000e+00,0.000000e+00,0.0000,0.0000,0
63,features.11,175,pruned_before,nan,0.000000e+00,0.000000e+00,0.0000,0.0000,0
63,features.11,176,active,0.597633,4.922782e-07,3.584818e-04,0.3252,0.7002,169
63,features.11,177,pruned_before,nan,0.000000e+00,0.000000e+00,0.0000,0.0000,0
63,features.11,178,pruned_before,nan,0.000000e+00,0.000000e+00,0.0000,0.0000,0
63,features.11,179,pruned_before,nan,0.000000e+00,0.000000e+00,0.0000,0.0000,0
63,features.11,180,pruned_before,nan,0.000000e+00,0.000000e+00,0.0000,0.0000,0
63,features.11,181,active,0.011859,1.565103e-07,1.262883e-05,0.1034,0.0247,169
63,features.11,182,pruned_before,nan,0.000000e+00,0.000000e+00,0.0000,0.0000,0
63,features.11,183,pruned_before,nan,0.000000e+00,0.000000e+00,0.0000,0.0000,0
63,features.11,184,pruned_now,-0.014353,5.858655e-07,1.385398e-05,0.3871,0.0271,169
63,features.11,185,active,0.021955,5.138876e-07,3.180351e-05,0.3395,0.0621,169
63,features.11,186,pruned_before,nan,0.000000e+00,0.000000e+00,0.0000,0.0000,0
63,features.11,187,pruned_before,nan,0.000000e+00,0.000000e+00,0.0000,0.0000,0
63,features.11,188,pruned_before,nan,0.000000e+00,0.000000e+00,0.0000,0.0000,0
63,features.11,189,pruned_before,nan,0.000000e+00,0.000000e+00,0.0000,0.0000,0
63,features.11,190,active,0.005719,8.461774e-07,3.505596e-05,0.5590,0.0685,169
63,features.11,191,pruned_before,nan,0.000000e+00,0.000000e+00,0.0000,0.0000,0
63,features.11,192,pruned_before,nan,0.000000e+00,0.000000e+00,0.0000,0.0000,0
63,features.11,193,pruned_before,nan,0.000000e+00,0.000000e+00,0.0000,0.0000,0
63,features.11,194,pruned_before,nan,0.000000e+00,0.000000e+00,0.0000,0.0000,0
63,features.11,195,pruned_before,nan,0.000000e+00,0.000000e+00,0.0000,0.0000,0
63,features.11,196,pruned_before,nan,0.000000e+00,0.000000e+00,0.0000,0.0000,0
63,features.11,197,pruned_before,nan,0.000000e+00,0.000000e+00,0.0000,0.0000,0
63,features.11,198,pruned_before,nan,0.000000e+00,0.000000e+00,0.0000,0.0000,0
63,features.11,199,pruned_before,nan,0.000000e+00,0.000000e+00,0.0000,0.0000,0
63,features.11,200,pruned_before,nan,0.000000e+00,0.000000e+00,0.0000,0.0000,0
63,features.11,201,pruned_before,nan,0.000000e+00,0.000000e+00,0.0000,0.0000,0
63,features.11,202,pruned_before,nan,0.000000e+00,0.000000e+00,0.0000,0.0000,0
63,features.11,203,active,0.005713,7.805606e-08,6.183810e-06,0.0516,0.0121,169
63,features.11,204,pruned_before,nan,0.000000e+00,0.000000e+00,0.0000,0.0000,0
63,features.11,205,pruned_before,nan,0.000000e+00,0.000000e+00,0.0000,0.0000,0
63,features.11,206,active,0.004916,1.362345e-07,7.917000e-06,0.0900,0.0155,169
63,features.11,207,active,0.189522,1.471282e-08,1.083680e-04,0.0097,0.2117,169
63,features.11,208,active,0.365754,1.020540e-06,2.464252e-04,0.6742,0.4813,169
63,features.11,209,pruned_before,nan,0.000000e+00,0.000000e+00,0.0000,0.0000,0
63,features.11,210,active,0.007896,5.142619e-08,6.424858e-06,0.0340,0.0125,169
63,features.11,211,pruned_before,nan,0.000000e+00,0.000000e+00,0.0000,0.0000,0
63,features.11,212,pruned_before,nan,0.000000e+00,0.000000e+00,0.0000,0.0000,0
63,features.11,213,pruned_before,nan,0.000000e+00,0.000000e+00,0.0000,0.0000,0
63,features.11,214,pruned_before,nan,0.000000e+00,0.000000e+00,0.0000,0.0000,0
63,features.11,215,pruned_before,nan,0.000000e+00,0.000000e+00,0.0000,0.0000,0
63,features.11,216,active,0.002296,1.456262e-07,6.779483e-06,0.0962,0.0132,169
63,features.11,217,pruned_before,nan,0.000000e+00,0.000000e+00,0.0000,0.0000,0
63,features.11,218,active,0.226216,2.574351e-07,1.383650e-04,0.1701,0.2702,169
63,features.11,219,pruned_before,nan,0.000000e+00,0.000000e+00,0.0000,0.0000,0
63,features.11,220,active,0.050921,3.447380e-07,4.192431e-05,0.2278,0.0819,169
63,features.11,221,pruned_before,nan,0.000000e+00,0.000000e+00,0.0000,0.0000,0
63,features.11,222,pruned_before,nan,0.000000e+00,0.000000e+00,0.0000,0.0000,0
63,features.11,223,pruned_before,nan,0.000000e+00,0.000000e+00,0.0000,0.0000,0
63,features.11,224,active,0.000285,2.030478e-07,7.793367e-06,0.1341,0.0152,169
63,features.11,225,pruned_before,nan,0.000000e+00,0.000000e+00,0.0000,0.0000,0
63,features.11,226,pruned_before,nan,0.000000e+00,0.000000e+00,0.0000,0.0000,0
63,features.11,227,pruned_before,nan,0.000000e+00,0.000000e+00,0.0000,0.0000,0
63,features.11,228,pruned_before,nan,0.000000e+00,0.000000e+00,0.0000,0.0000,0
63,features.11,229,pruned_before,nan,0.000000e+00,0.000000e+00,0.0000,0.0000,0
63,features.11,230,pruned_before,nan,0.000000e+00,0.000000e+00,0.0000,0.0000,0
63,features.11,231,active,0.005426,1.897075e-07,1.021663e-05,0.1253,0.0200,169
63,features.11,232,pruned_before,nan,0.000000e+00,0.000000e+00,0.0000,0.0000,0
63,features.11,233,pruned_before,nan,0.000000e+00,0.000000e+00,0.0000,0.0000,0
63,features.11,234,pruned_before,nan,0.000000e+00,0.000000e+00,0.0000,0.0000,0
63,features.11,235,active,0.140442,1.714569e-07,8.633814e-05,0.1133,0.1686,169
63,features.11,236,pruned_before,nan,0.000000e+00,0.000000e+00,0.0000,0.0000,0
63,features.11,237,pruned_before,nan,0.000000e+00,0.000000e+00,0.0000,0.0000,0
63,features.11,238,pruned_before,nan,0.000000e+00,0.000000e+00,0.0000,0.0000,0
63,features.11,239,pruned_before,nan,0.000000e+00,0.000000e+00,0.0000,0.0000,0
63,features.11,240,pruned_before,nan,0.000000e+00,0.000000e+00,0.0000,0.0000,0
63,features.11,241,active,0.014262,3.338844e-08,9.368018e-06,0.0221,0.0183,169
63,features.11,242,pruned_before,nan,0.000000e+00,0.000000e+00,0.0000,0.0000,0
63,features.11,243,active,0.002757,1.800358e-07,8.334681e-06,0.1189,0.0163,169
63,features.11,244,pruned_before,nan,0.000000e+00,0.000000e+00,0.0000,0.0000,0
63,features.11,245,active,0.001919,2.553638e-07,1.068909e-05,0.1687,0.0209,169
63,features.11,246,pruned_before,nan,0.000000e+00,0.000000e+00,0.0000,0.0000,0
63,features.11,247,active,0.028413,3.406267e-07,2.896556e-05,0.2250,0.0566,169
63,features.11,248,pruned_before,nan,0.000000e+00,0.000000e+00,0.0000,0.0000,0
63,features.11,249,pruned_before,nan,0.000000e+00,0.000000e+00,0.0000,0.0000,0
63,features.11,250,pruned_before,nan,0.000000e+00,0.000000e+00,0.0000,0.0000,0
63,features.11,251,pruned_before,nan,0.000000e+00,0.000000e+00,0.0000,0.0000,0
63,features.11,252,pruned_before,nan,0.000000e+00,0.000000e+00,0.0000,0.0000,0
63,features.11,253,pruned_before,nan,0.000000e+00,0.000000e+00,0.0000,0.0000,0
63,features.11,254,pruned_before,nan,0.000000e+00,0.000000e+00,0.0000,0.0000,0
63,features.11,255,pruned_before,nan,0.000000e+00,0.000000e+00,0.0000,0.0000,0
63,features.11,256,pruned_before,nan,0.000000e+00,0.000000e+00,0.0000,0.0000,0
63,features.11,257,pruned_before,nan,0.000000e+00,0.000000e+00,0.0000,0.0000,0
63,features.11,258,pruned_now,-0.001498,1.024226e-07,2.997181e-06,0.0677,0.0059,169
63,features.11,259,active,0.005615,9.059715e-08,6.599461e-06,0.0599,0.0129,169
63,features.11,260,pruned_before,nan,0.000000e+00,0.000000e+00,0.0000,0.0000,0
63,features.11,261,active,0.036233,1.555607e-07,2.645859e-05,0.1028,0.0517,169
63,features.11,262,active,0.260239,3.749391e-07,1.621360e-04,0.2477,0.3167,169
63,features.11,263,active,0.216383,1.502573e-06,1.795678e-04,0.9927,0.3507,169
63,features.11,264,active,0.018348,4.802999e-09,1.061804e-05,0.0032,0.0207,169
63,features.11,265,pruned_before,nan,0.000000e+00,0.000000e+00,0.0000,0.0000,0
63,features.11,266,pruned_before,nan,0.000000e+00,0.000000e+00,0.0000,0.0000,0
63,features.11,267,active,0.012344,2.679331e-08,8.029054e-06,0.0177,0.0157,169
63,features.11,268,active,0.085839,3.534392e-07,6.211529e-05,0.2335,0.1213,169
63,features.11,269,pruned_before,nan,0.000000e+00,0.000000e+00,0.0000,0.0000,0
63,features.11,270,pruned_before,nan,0.000000e+00,0.000000e+00,0.0000,0.0000,0
63,features.11,271,pruned_before,nan,0.000000e+00,0.000000e+00,0.0000,0.0000,0
63,features.11,272,pruned_before,nan,0.000000e+00,0.000000e+00,0.0000,0.0000,0
63,features.11,273,active,0.222508,2.382038e-07,1.355323e-04,0.1574,0.2647,169
63,features.11,274,pruned_before,nan,0.000000e+00,0.000000e+00,0.0000,0.0000,0
63,features.11,275,active,0.076056,1.025183e-06,8.179689e-05,0.6773,0.1598,169
63,features.11,276,pruned_before,nan,0.000000e+00,0.000000e+00,0.0000,0.0000,0
63,features.11,277,active,0.027671,1.469343e-07,2.126379e-05,0.0971,0.0415,169
63,features.11,278,pruned_before,nan,0.000000e+00,0.000000e+00,0.0000,0.0000,0
63,features.11,279,pruned_before,nan,0.000000e+00,0.000000e+00,0.0000,0.0000,0
63,features.11,280,pruned_before,nan,0.000000e+00,0.000000e+00,0.0000,0.0000,0
63,features.11,281,pruned_before,nan,0.000000e+00,0.000000e+00,0.0000,0.0000,0
63,features.11,282,active,0.041866,2.290670e-07,3.242597e-05,0.1513,0.0633,169
63,features.11,283,active,0.017387,6.598980e-07,3.469241e-05,0.4360,0.0678,169
63,features.11,284,active,0.008072,2.060725e-07,1.233687e-05,0.1361,0.0241,169
63,features.11,285,pruned_before,nan,0.000000e+00,0.000000e+00,0.0000,0.0000,0
63,features.11,286,pruned_before,nan,0.000000e+00,0.000000e+00,0.0000,0.0000,0
63,features.11,287,pruned_before,nan,0.000000e+00,0.000000e+00,0.0000,0.0000,0
63,features.11,288,pruned_before,nan,0.000000e+00,0.000000e+00,0.0000,0.0000,0
63,features.11,289,pruned_before,nan,0.000000e+00,0.000000e+00,0.0000,0.0000,0
63,features.11,290,pruned_before,nan,0.000000e+00,0.000000e+00,0.0000,0.0000,0
63,features.11,291,pruned_before,nan,0.000000e+00,0.000000e+00,0.0000,0.0000,0
63,features.11,292,pruned_before,nan,0.000000e+00,0.000000e+00,0.0000,0.0000,0
63,features.11,293,active,0.007382,6.852110e-09,4.456810e-06,0.0045,0.0087,169
63,features.11,294,pruned_before,nan,0.000000e+00,0.000000e+00,0.0000,0.0000,0
63,features.11,295,pruned_now,-0.001359,5.309933e-08,1.222403e-06,0.0351,0.0024,169
63,features.11,296,active,0.004644,7.722360e-07,3.166509e-05,0.5102,0.0618,169
63,features.11,297,active,0.015070,2.898126e-08,9.662297e-06,0.0191,0.0189,169
63,features.11,298,pruned_before,nan,0.000000e+00,0.000000e+00,0.0000,0.0000,0
63,features.11,299,pruned_before,nan,0.000000e+00,0.000000e+00,0.0000,0.0000,0
63,features.11,300,pruned_before,nan,0.000000e+00,0.000000e+00,0.0000,0.0000,0
63,features.11,301,active,0.003027,7.796498e-08,4.652200e-06,0.0515,0.0091,169
63,features.11,302,pruned_before,nan,0.000000e+00,0.000000e+00,0.0000,0.0000,0
63,features.11,303,pruned_before,nan,0.000000e+00,0.000000e+00,0.0000,0.0000,0
63,features.11,304,pruned_before,nan,0.000000e+00,0.000000e+00,0.0000,0.0000,0
63,features.11,305,active,-0.001159,1.032015e-07,3.219630e-06,0.0682,0.0063,169
63,features.11,306,pruned_before,nan,0.000000e+00,0.000000e+00,0.0000,0.0000,0
63,features.11,307,pruned_before,nan,0.000000e+00,0.000000e+00,0.0000,0.0000,0
63,features.11,308,pruned_before,nan,0.000000e+00,0.000000e+00,0.0000,0.0000,0
63,features.11,309,pruned_before,nan,0.000000e+00,0.000000e+00,0.0000,0.0000,0
63,features.11,310,pruned_before,nan,0.000000e+00,0.000000e+00,0.0000,0.0000,0
63,features.11,311,active,0.098039,9.560115e-08,5.936505e-05,0.0632,0.1159,169
63,features.11,312,active,0.010856,1.966420e-08,6.915031e-06,0.0130,0.0135,169
63,features.11,313,active,0.435875,3.877766e-07,2.625341e-04,0.2562,0.5128,169
63,features.11,314,active,0.021756,7.410745e-07,4.022859e-05,0.4896,0.0786,169
63,features.11,315,pruned_before,nan,0.000000e+00,0.000000e+00,0.0000,0.0000,0
63,features.11,316,pruned_before,nan,0.000000e+00,0.000000e+00,0.0000,0.0000,0
63,features.11,317,active,0.057461,7.068137e-08,3.534455e-05,0.0467,0.0690,169
63,features.11,318,pruned_before,nan,0.000000e+00,0.000000e+00,0.0000,0.0000,0
63,features.11,319,pruned_before,nan,0.000000e+00,0.000000e+00,0.0000,0.0000,0
63,features.11,320,pruned_before,nan,0.000000e+00,0.000000e+00,0.0000,0.0000,0
63,features.11,321,pruned_before,nan,0.000000e+00,0.000000e+00,0.0000,0.0000,0
63,features.11,322,pruned_before,nan,0.000000e+00,0.000000e+00,0.0000,0.0000,0
63,features.11,323,active,0.010309,1.362190e-07,1.098390e-05,0.0900,0.0215,169
63,features.11,324,pruned_before,nan,0.000000e+00,0.000000e+00,0.0000,0.0000,0
63,features.11,325,pruned_before,nan,0.000000e+00,0.000000e+00,0.0000,0.0000,0
63,features.11,326,pruned_before,nan,0.000000e+00,0.000000e+00,0.0000,0.0000,0
63,features.11,327,pruned_before,nan,0.000000e+00,0.000000e+00,0.0000,0.0000,0
63,features.11,328,pruned_before,nan,0.000000e+00,0.000000e+00,0.0000,0.0000,0
63,features.11,329,pruned_before,nan,0.000000e+00,0.000000e+00,0.0000,0.0000,0
63,features.11,330,pruned_before,nan,0.000000e+00,0.000000e+00,0.0000,0.0000,0
63,features.11,331,active,0.006049,1.782228e-07,1.013936e-05,0.1177,0.0198,169
63,features.11,332,pruned_before,nan,0.000000e+00,0.000000e+00,0.0000,0.0000,0
63,features.11,333,pruned_before,nan,0.000000e+00,0.000000e+00,0.0000,0.0000,0
63,features.11,334,pruned_before,nan,0.000000e+00,0.000000e+00,0.0000,0.0000,0
63,features.11,335,pruned_before,nan,0.000000e+00,0.000000e+00,0.0000,0.0000,0
63,features.11,336,active,0.034575,1.365066e-07,2.479922e-05,0.0902,0.0484,169
63,features.11,337,pruned_now,-0.013322,6.199705e-07,1.572222e-05,0.4096,0.0307,169
63,features.11,338,protected,0.800000,1.513630e-06,5.119904e-04,1.0000,1.0000,169
63,features.11,339,pruned_before,nan,0.000000e+00,0.000000e+00,0.0000,0.0000,0
63,features.11,340,pruned_before,nan,0.000000e+00,0.000000e+00,0.0000,0.0000,0
63,features.11,341,pruned_before,nan,0.000000e+00,0.000000e+00,0.0000,0.0000,0
63,features.11,342,active,0.063484,9.762776e-08,3.978399e-05,0.0645,0.0777,169
63,features.11,343,active,0.051583,5.465011e-08,3.139850e-05,0.0361,0.0613,169
63,features.11,344,pruned_before,nan,0.000000e+00,0.000000e+00,0.0000,0.0000,0
63,features.11,345,pruned_before,nan,0.000000e+00,0.000000e+00,0.0000,0.0000,0
63,features.11,346,pruned_before,nan,0.000000e+00,0.000000e+00,0.0000,0.0000,0
63,features.11,347,active,0.015994,3.204152e-08,1.030312e-05,0.0212,0.0201,169
63,features.11,348,pruned_before,nan,0.000000e+00,0.000000e+00,0.0000,0.0000,0
63,features.11,349,pruned_before,nan,0.000000e+00,0.000000e+00,0.0000,0.0000,0
63,features.11,350,active,0.034921,9.745091e-08,2.352835e-05,0.0644,0.0460,169
63,features.11,351,pruned_before,nan,0.000000e+00,0.000000e+00,0.0000,0.0000,0
63,features.11,352,pruned_before,nan,0.000000e+00,0.000000e+00,0.0000,0.0000,0
63,features.11,353,active,0.134610,3.515828e-07,8.979071e-05,0.2323,0.1754,169
63,features.11,354,pruned_before,nan,0.000000e+00,0.000000e+00,0.0000,0.0000,0
63,features.11,355,pruned_before,nan,0.000000e+00,0.000000e+00,0.0000,0.0000,0
63,features.11,356,pruned_before,nan,0.000000e+00,0.000000e+00,0.0000,0.0000,0
63,features.11,357,pruned_before,nan,0.000000e+00,0.000000e+00,0.0000,0.0000,0
63,features.11,358,pruned_before,nan,0.000000e+00,0.000000e+00,0.0000,0.0000,0
63,features.11,359,pruned_before,nan,0.000000e+00,0.000000e+00,0.0000,0.0000,0
63,features.11,360,pruned_before,nan,0.000000e+00,0.000000e+00,0.0000,0.0000,0
63,features.11,361,pruned_before,nan,0.000000e+00,0.000000e+00,0.0000,0.0000,0
63,features.11,362,active,0.117855,1.174857e-08,6.748646e-05,0.0078,0.1318,169
63,features.11,363,pruned_before,nan,0.000000e+00,0.000000e+00,0.0000,0.0000,0
63,features.11,364,active,0.058306,3.868565e-07,4.770861e-05,0.2556,0.0932,169
63,features.11,365,pruned_before,nan,0.000000e+00,0.000000e+00,0.0000,0.0000,0
63,features.11,366,pruned_before,nan,0.000000e+00,0.000000e+00,0.0000,0.0000,0
63,features.11,367,pruned_before,nan,0.000000e+00,0.000000e+00,0.0000,0.0000,0
63,features.11,368,active,0.262344,4.485917e-07,1.661017e-04,0.2964,0.3244,169
63,features.11,369,pruned_before,nan,0.000000e+00,0.000000e+00,0.0000,0.0000,0
63,features.11,370,pruned_before,nan,0.000000e+00,0.000000e+00,0.0000,0.0000,0
63,features.11,371,pruned_before,nan,0.000000e+00,0.000000e+00,0.0000,0.0000,0
63,features.11,372,pruned_before,nan,0.000000e+00,0.000000e+00,0.0000,0.0000,0
63,features.11,373,pruned_before,nan,0.000000e+00,0.000000e+00,0.0000,0.0000,0
63,features.11,374,pruned_now,-0.009358,4.587917e-07,1.191936e-05,0.3031,0.0233,169
63,features.11,375,active,0.017780,5.007514e-08,1.199687e-05,0.0331,0.0234,169
63,features.11,376,active,0.039652,2.141095e-07,3.060414e-05,0.1415,0.0598,169
63,features.11,377,pruned_before,nan,0.000000e+00,0.000000e+00,0.0000,0.0000,0
63,features.11,378,pruned_before,nan,0.000000e+00,0.000000e+00,0.0000,0.0000,0
63,features.11,379,active,0.001189,6.665952e-08,3.181682e-06,0.0440,0.0062,169
63,features.11,380,active,0.003755,7.650551e-08,5.011589e-06,0.0505,0.0098,169
63,features.11,381,pruned_before,nan,0.000000e+00,0.000000e+00,0.0000,0.0000,0
63,features.11,382,pruned_before,nan,0.000000e+00,0.000000e+00,0.0000,0.0000,0
63,features.11,383,pruned_now,-0.002469,1.674366e-07,4.888276e-06,0.1106,0.0095,169
63,features.12,0,pruned_before,nan,0.000000e+00,0.000000e+00,0.0000,0.0000,0
63,features.12,1,pruned_before,nan,0.000000e+00,0.000000e+00,0.0000,0.0000,0
63,features.12,2,pruned_before,nan,0.000000e+00,0.000000e+00,0.0000,0.0000,0
63,features.12,3,pruned_before,nan,0.000000e+00,0.000000e+00,0.0000,0.0000,0
63,features.12,4,pruned_before,nan,0.000000e+00,0.000000e+00,0.0000,0.0000,0
63,features.12,5,pruned_before,nan,0.000000e+00,0.000000e+00,0.0000,0.0000,0
63,features.12,6,pruned_before,nan,0.000000e+00,0.000000e+00,0.0000,0.0000,0
63,features.12,7,active,-0.000755,8.343191e-08,4.795498e-06,0.1718,0.0182,201
63,features.12,8,pruned_before,nan,0.000000e+00,0.000000e+00,0.0000,0.0000,0
63,features.12,9,pruned_before,nan,0.000000e+00,0.000000e+00,0.0000,0.0000,0
63,features.12,10,pruned_before,nan,0.000000e+00,0.000000e+00,0.0000,0.0000,0
63,features.12,11,pruned_before,nan,0.000000e+00,0.000000e+00,0.0000,0.0000,0
63,features.12,12,pruned_before,nan,0.000000e+00,0.000000e+00,0.0000,0.0000,0
63,features.12,13,pruned_before,nan,0.000000e+00,0.000000e+00,0.0000,0.0000,0
63,features.12,14,pruned_before,nan,0.000000e+00,0.000000e+00,0.0000,0.0000,0
63,features.12,15,pruned_before,nan,0.000000e+00,0.000000e+00,0.0000,0.0000,0
63,features.12,16,pruned_before,nan,0.000000e+00,0.000000e+00,0.0000,0.0000,0
63,features.12,17,pruned_before,nan,0.000000e+00,0.000000e+00,0.0000,0.0000,0
63,features.12,18,pruned_before,nan,0.000000e+00,0.000000e+00,0.0000,0.0000,0
63,features.12,19,pruned_before,nan,0.000000e+00,0.000000e+00,0.0000,0.0000,0
63,features.12,20,pruned_before,nan,0.000000e+00,0.000000e+00,0.0000,0.0000,0
63,features.12,21,pruned_before,nan,0.000000e+00,0.000000e+00,0.0000,0.0000,0
63,features.12,22,pruned_before,nan,0.000000e+00,0.000000e+00,0.0000,0.0000,0
63,features.12,23,pruned_before,nan,0.000000e+00,0.000000e+00,0.0000,0.0000,0
63,features.12,24,pruned_before,nan,0.000000e+00,0.000000e+00,0.0000,0.0000,0
63,features.12,25,pruned_before,nan,0.000000e+00,0.000000e+00,0.0000,0.0000,0
63,features.12,26,pruned_before,nan,0.000000e+00,0.000000e+00,0.0000,0.0000,0
63,features.12,27,pruned_now,-0.002011,6.061656e-08,3.057119e-06,0.1248,0.0116,201
63,features.12,28,pruned_before,nan,0.000000e+00,0.000000e+00,0.0000,0.0000,0
63,features.12,29,pruned_before,nan,0.000000e+00,0.000000e+00,0.0000,0.0000,0
63,features.12,30,pruned_before,nan,0.000000e+00,0.000000e+00,0.0000,0.0000,0
63,features.12,31,pruned_before,nan,0.000000e+00,0.000000e+00,0.0000,0.0000,0
63,features.12,32,pruned_before,nan,0.000000e+00,0.000000e+00,0.0000,0.0000,0
63,features.12,33,pruned_before,nan,0.000000e+00,0.000000e+00,0.0000,0.0000,0
63,features.12,34,active,0.386443,7.807982e-08,1.175360e-04,0.1608,0.4472,201
63,features.12,35,pruned_before,nan,0.000000e+00,0.000000e+00,0.0000,0.0000,0
63,features.12,36,active,0.025648,4.402273e-08,1.013576e-05,0.0906,0.0386,201
63,features.12,37,pruned_before,nan,0.000000e+00,0.000000e+00,0.0000,0.0000,0
63,features.12,38,pruned_before,nan,0.000000e+00,0.000000e+00,0.0000,0.0000,0
63,features.12,39,pruned_before,nan,0.000000e+00,0.000000e+00,0.0000,0.0000,0
63,features.12,40,pruned_before,nan,0.000000e+00,0.000000e+00,0.0000,0.0000,0
63,features.12,41,pruned_before,nan,0.000000e+00,0.000000e+00,0.0000,0.0000,0
63,features.12,42,pruned_before,nan,0.000000e+00,0.000000e+00,0.0000,0.0000,0
63,features.12,43,pruned_before,nan,0.000000e+00,0.000000e+00,0.0000,0.0000,0
63,features.12,44,pruned_before,nan,0.000000e+00,0.000000e+00,0.0000,0.0000,0
63,features.12,45,pruned_before,nan,0.000000e+00,0.000000e+00,0.0000,0.0000,0
63,features.12,46,pruned_before,nan,0.000000e+00,0.000000e+00,0.0000,0.0000,0
63,features.12,47,pruned_before,nan,0.000000e+00,0.000000e+00,0.0000,0.0000,0
63,features.12,48,pruned_before,nan,0.000000e+00,0.000000e+00,0.0000,0.0000,0
63,features.12,49,pruned_before,nan,0.000000e+00,0.000000e+00,0.0000,0.0000,0
63,features.12,50,pruned_before,nan,0.000000e+00,0.000000e+00,0.0000,0.0000,0
63,features.12,51,pruned_before,nan,0.000000e+00,0.000000e+00,0.0000,0.0000,0
63,features.12,52,pruned_before,nan,0.000000e+00,0.000000e+00,0.0000,0.0000,0
63,features.12,53,pruned_before,nan,0.000000e+00,0.000000e+00,0.0000,0.0000,0
63,features.12,54,pruned_before,nan,0.000000e+00,0.000000e+00,0.0000,0.0000,0
63,features.12,55,pruned_before,nan,0.000000e+00,0.000000e+00,0.0000,0.0000,0
63,features.12,56,pruned_before,nan,0.000000e+00,0.000000e+00,0.0000,0.0000,0
63,features.12,57,pruned_before,nan,0.000000e+00,0.000000e+00,0.0000,0.0000,0
63,features.12,58,pruned_before,nan,0.000000e+00,0.000000e+00,0.0000,0.0000,0
63,features.12,59,pruned_before,nan,0.000000e+00,0.000000e+00,0.0000,0.0000,0
63,features.12,60,active,0.004322,1.381303e-08,2.092599e-06,0.0284,0.0080,201
63,features.12,61,pruned_before,nan,0.000000e+00,0.000000e+00,0.0000,0.0000,0
63,features.12,62,pruned_before,nan,0.000000e+00,0.000000e+00,0.0000,0.0000,0
63,features.12,63,pruned_before,nan,0.000000e+00,0.000000e+00,0.0000,0.0000,0
63,features.12,64,pruned_before,nan,0.000000e+00,0.000000e+00,0.0000,0.0000,0
63,features.12,65,pruned_before,nan,0.000000e+00,0.000000e+00,0.0000,0.0000,0
63,features.12,66,pruned_before,nan,0.000000e+00,0.000000e+00,0.0000,0.0000,0
63,features.12,67,active,0.110086,2.804264e-08,3.383128e-05,0.0577,0.1287,201
63,features.12,68,pruned_before,nan,0.000000e+00,0.000000e+00,0.0000,0.0000,0
63,features.12,69,pruned_before,nan,0.000000e+00,0.000000e+00,0.0000,0.0000,0
63,features.12,70,pruned_before,nan,0.000000e+00,0.000000e+00,0.0000,0.0000,0
63,features.12,71,pruned_before,nan,0.000000e+00,0.000000e+00,0.0000,0.0000,0
63,features.12,72,active,0.124298,1.312468e-07,4.418586e-05,0.2702,0.1681,201
63,features.12,73,active,0.123808,1.880789e-07,4.745945e-05,0.3872,0.1806,201
63,features.12,74,pruned_before,nan,0.000000e+00,0.000000e+00,0.0000,0.0000,0
63,features.12,75,active,0.023861,2.572346e-08,8.514046e-06,0.0530,0.0324,201
63,features.12,76,pruned_before,nan,0.000000e+00,0.000000e+00,0.0000,0.0000,0
63,features.12,77,pruned_before,nan,0.000000e+00,0.000000e+00,0.0000,0.0000,0
63,features.12,78,active,0.019720,1.879475e-08,6.888338e-06,0.0387,0.0262,201
63,features.12,79,pruned_before,nan,0.000000e+00,0.000000e+00,0.0000,0.0000,0
63,features.12,80,active,0.021702,7.717310e-08,1.097671e-05,0.1589,0.0418,201
63,features.12,81,pruned_before,nan,0.000000e+00,0.000000e+00,0.0000,0.0000,0
63,features.12,82,pruned_before,nan,0.000000e+00,0.000000e+00,0.0000,0.0000,0
63,features.12,83,pruned_before,nan,0.000000e+00,0.000000e+00,0.0000,0.0000,0
63,features.12,84,pruned_before,nan,0.000000e+00,0.000000e+00,0.0000,0.0000,0
63,features.12,85,pruned_before,nan,0.000000e+00,0.000000e+00,0.0000,0.0000,0
63,features.12,86,pruned_before,nan,0.000000e+00,0.000000e+00,0.0000,0.0000,0
63,features.12,87,pruned_before,nan,0.000000e+00,0.000000e+00,0.0000,0.0000,0
63,features.12,88,pruned_before,nan,0.000000e+00,0.000000e+00,0.0000,0.0000,0
63,features.12,89,pruned_before,nan,0.000000e+00,0.000000e+00,0.0000,0.0000,0
63,features.12,90,pruned_before,nan,0.000000e+00,0.000000e+00,0.0000,0.0000,0
63,features.12,91,pruned_before,nan,0.000000e+00,0.000000e+00,0.0000,0.0000,0
63,features.12,92,pruned_before,nan,0.000000e+00,0.000000e+00,0.0000,0.0000,0
63,features.12,93,active,0.072669,6.019697e-08,2.483856e-05,0.1239,0.0945,201
63,features.12,94,pruned_before,nan,0.000000e+00,0.000000e+00,0.0000,0.0000,0
63,features.12,95,active,0.105568,6.836390e-08,3.493601e-05,0.1408,0.1329,201
63,features.12,96,pruned_before,nan,0.000000e+00,0.000000e+00,0.0000,0.0000,0
63,features.12,97,active,0.025174,1.998460e-08,8.552201e-06,0.0411,0.0325,201
63,features.12,98,pruned_before,nan,0.000000e+00,0.000000e+00,0.0000,0.0000,0
63,features.12,99,pruned_before,nan,0.000000e+00,0.000000e+00,0.0000,0.0000,0
63,features.12,100,pruned_before,nan,0.000000e+00,0.000000e+00,0.0000,0.0000,0
63,features.12,101,pruned_before,nan,0.000000e+00,0.000000e+00,0.0000,0.0000,0
63,features.12,102,pruned_before,nan,0.000000e+00,0.000000e+00,0.0000,0.0000,0
63,features.12,103,pruned_before,nan,0.000000e+00,0.000000e+00,0.0000,0.0000,0
63,features.12,104,pruned_before,nan,0.000000e+00,0.000000e+00,0.0000,0.0000,0
63,features.12,105,pruned_before,nan,0.000000e+00,0.000000e+00,0.0000,0.0000,0
63,features.12,106,pruned_before,nan,0.000000e+00,0.000000e+00,0.0000,0.0000,0
63,features.12,107,pruned_before,nan,0.000000e+00,0.000000e+00,0.0000,0.0000,0
63,features.12,108,active,0.073977,8.921616e-08,2.696491e-05,0.1837,0.1026,201
63,features.12,109,pruned_before,nan,0.000000e+00,0.000000e+00,0.0000,0.0000,0
63,features.12,110,pruned_before,nan,0.000000e+00,0.000000e+00,0.0000,0.0000,0
63,features.12,111,pruned_before,nan,0.000000e+00,0.000000e+00,0.0000,0.0000,0
63,features.12,112,pruned_before,nan,0.000000e+00,0.000000e+00,0.0000,0.0000,0
63,features.12,113,pruned_before,nan,0.000000e+00,0.000000e+00,0.0000,0.0000,0
63,features.12,114,active,0.098516,2.041224e-08,2.999396e-05,0.0420,0.1141,201
63,features.12,115,pruned_before,nan,0.000000e+00,0.000000e+00,0.0000,0.0000,0
63,features.12,116,pruned_before,nan,0.000000e+00,0.000000e+00,0.0000,0.0000,0
63,features.12,117,pruned_before,nan,0.000000e+00,0.000000e+00,0.0000,0.0000,0
63,features.12,118,pruned_before,nan,0.000000e+00,0.000000e+00,0.0000,0.0000,0
63,features.12,119,pruned_before,nan,0.000000e+00,0.000000e+00,0.0000,0.0000,0
63,features.12,120,pruned_before,nan,0.000000e+00,0.000000e+00,0.0000,0.0000,0
63,features.12,121,pruned_before,nan,0.000000e+00,0.000000e+00,0.0000,0.0000,0
63,features.12,122,pruned_before,nan,0.000000e+00,0.000000e+00,0.0000,0.0000,0
63,features.12,123,pruned_before,nan,0.000000e+00,0.000000e+00,0.0000,0.0000,0
63,features.12,124,active,0.002679,1.609104e-08,1.749789e-06,0.0331,0.0067,201
63,features.12,125,pruned_before,nan,0.000000e+00,0.000000e+00,0.0000,0.0000,0
63,features.12,126,active,0.167742,1.428369e-07,5.756832e-05,0.2941,0.2191,201
63,features.12,127,active,0.010952,2.387511e-08,4.633313e-06,0.0492,0.0176,201
63,features.12,128,pruned_before,nan,0.000000e+00,0.000000e+00,0.0000,0.0000,0
63,features.12,129,pruned_before,nan,0.000000e+00,0.000000e+00,0.0000,0.0000,0
63,features.12,130,active,0.107403,7.243714e-08,3.571664e-05,0.1491,0.1359,201
63,features.12,131,active,0.008024,2.514441e-10,2.358048e-06,0.0005,0.0090,201
63,features.12,132,pruned_before,nan,0.000000e+00,0.000000e+00,0.0000,0.0000,0
63,features.12,133,active,0.007629,4.650013e-09,2.507376e-06,0.0096,0.0095,201
63,features.12,134,pruned_before,nan,0.000000e+00,0.000000e+00,0.0000,0.0000,0
63,features.12,135,pruned_before,nan,0.000000e+00,0.000000e+00,0.0000,0.0000,0
63,features.12,136,pruned_before,nan,0.000000e+00,0.000000e+00,0.0000,0.0000,0
63,features.12,137,active,0.002220,1.924300e-08,1.805159e-06,0.0396,0.0069,201
63,features.12,138,pruned_before,nan,0.000000e+00,0.000000e+00,0.0000,0.0000,0
63,features.12,139,pruned_before,nan,0.000000e+00,0.000000e+00,0.0000,0.0000,0
63,features.12,140,pruned_before,nan,0.000000e+00,0.000000e+00,0.0000,0.0000,0
63,features.12,141,pruned_before,nan,0.000000e+00,0.000000e+00,0.0000,0.0000,0
63,features.12,142,pruned_before,nan,0.000000e+00,0.000000e+00,0.0000,0.0000,0
63,features.12,143,pruned_before,nan,0.000000e+00,0.000000e+00,0.0000,0.0000,0
63,features.12,144,pruned_before,nan,0.000000e+00,0.000000e+00,0.0000,0.0000,0
63,features.12,145,pruned_before,nan,0.000000e+00,0.000000e+00,0.0000,0.0000,0
63,features.12,146,pruned_before,nan,0.000000e+00,0.000000e+00,0.0000,0.0000,0
63,features.12,147,pruned_before,nan,0.000000e+00,0.000000e+00,0.0000,0.0000,0
63,features.12,148,pruned_before,nan,0.000000e+00,0.000000e+00,0.0000,0.0000,0
63,features.12,149,pruned_before,nan,0.000000e+00,0.000000e+00,0.0000,0.0000,0
63,features.12,150,pruned_before,nan,0.000000e+00,0.000000e+00,0.0000,0.0000,0
63,features.12,151,pruned_before,nan,0.000000e+00,0.000000e+00,0.0000,0.0000,0
63,features.12,152,pruned_before,nan,0.000000e+00,0.000000e+00,0.0000,0.0000,0
63,features.12,153,pruned_before,nan,0.000000e+00,0.000000e+00,0.0000,0.0000,0
63,features.12,154,pruned_before,nan,0.000000e+00,0.000000e+00,0.0000,0.0000,0
63,features.12,155,pruned_before,nan,0.000000e+00,0.000000e+00,0.0000,0.0000,0
63,features.12,156,pruned_before,nan,0.000000e+00,0.000000e+00,0.0000,0.0000,0
63,features.12,157,pruned_before,nan,0.000000e+00,0.000000e+00,0.0000,0.0000,0
63,features.12,158,pruned_before,nan,0.000000e+00,0.000000e+00,0.0000,0.0000,0
63,features.12,159,pruned_before,nan,0.000000e+00,0.000000e+00,0.0000,0.0000,0
63,features.12,160,pruned_before,nan,0.000000e+00,0.000000e+00,0.0000,0.0000,0
63,features.12,161,pruned_before,nan,0.000000e+00,0.000000e+00,0.0000,0.0000,0
63,features.12,162,pruned_before,nan,0.000000e+00,0.000000e+00,0.0000,0.0000,0
63,features.12,163,pruned_before,nan,0.000000e+00,0.000000e+00,0.0000,0.0000,0
63,features.12,164,pruned_before,nan,0.000000e+00,0.000000e+00,0.0000,0.0000,0
63,features.12,165,pruned_before,nan,0.000000e+00,0.000000e+00,0.0000,0.0000,0
63,features.12,166,pruned_before,nan,0.000000e+00,0.000000e+00,0.0000,0.0000,0
63,features.12,167,pruned_before,nan,0.000000e+00,0.000000e+00,0.0000,0.0000,0
63,features.12,168,pruned_before,nan,0.000000e+00,0.000000e+00,0.0000,0.0000,0
63,features.12,169,pruned_before,nan,0.000000e+00,0.000000e+00,0.0000,0.0000,0
63,features.12,170,pruned_before,nan,0.000000e+00,0.000000e+00,0.0000,0.0000,0
63,features.12,171,active,0.041935,7.991581e-08,1.704974e-05,0.1645,0.0649,201
63,features.12,172,pruned_before,nan,0.000000e+00,0.000000e+00,0.0000,0.0000,0
63,features.12,173,active,0.018012,2.238136e-08,6.604952e-06,0.0461,0.0251,201
63,features.12,174,pruned_before,nan,0.000000e+00,0.000000e+00,0.0000,0.0000,0
63,features.12,175,pruned_before,nan,0.000000e+00,0.000000e+00,0.0000,0.0000,0
63,features.12,176,pruned_before,nan,0.000000e+00,0.000000e+00,0.0000,0.0000,0
63,features.12,177,pruned_before,nan,0.000000e+00,0.000000e+00,0.0000,0.0000,0
63,features.12,178,pruned_before,nan,0.000000e+00,0.000000e+00,0.0000,0.0000,0
63,features.12,179,pruned_before,nan,0.000000e+00,0.000000e+00,0.0000,0.0000,0
63,features.12,180,pruned_before,nan,0.000000e+00,0.000000e+00,0.0000,0.0000,0
63,features.12,181,pruned_before,nan,0.000000e+00,0.000000e+00,0.0000,0.0000,0
63,features.12,182,pruned_before,nan,0.000000e+00,0.000000e+00,0.0000,0.0000,0
63,features.12,183,pruned_before,nan,0.000000e+00,0.000000e+00,0.0000,0.0000,0
63,features.12,184,pruned_before,nan,0.000000e+00,0.000000e+00,0.0000,0.0000,0
63,features.12,185,pruned_before,nan,0.000000e+00,0.000000e+00,0.0000,0.0000,0
63,features.12,186,pruned_before,nan,0.000000e+00,0.000000e+00,0.0000,0.0000,0
63,features.12,187,active,0.002542,2.755749e-08,2.399015e-06,0.0567,0.0091,201
63,features.12,188,pruned_before,nan,0.000000e+00,0.000000e+00,0.0000,0.0000,0
63,features.12,189,pruned_before,nan,0.000000e+00,0.000000e+00,0.0000,0.0000,0
63,features.12,190,pruned_before,nan,0.000000e+00,0.000000e+00,0.0000,0.0000,0
63,features.12,191,pruned_before,nan,0.000000e+00,0.000000e+00,0.0000,0.0000,0
63,features.12,192,pruned_before,nan,0.000000e+00,0.000000e+00,0.0000,0.0000,0
63,features.12,193,pruned_before,nan,0.000000e+00,0.000000e+00,0.0000,0.0000,0
63,features.12,194,active,0.001797,2.547526e-08,2.056401e-06,0.0525,0.0078,201
63,features.12,195,pruned_before,nan,0.000000e+00,0.000000e+00,0.0000,0.0000,0
63,features.12,196,pruned_before,nan,0.000000e+00,0.000000e+00,0.0000,0.0000,0
63,features.12,197,protected,0.810266,4.358374e-07,2.628010e-04,0.8973,1.0000,201
63,features.12,198,pruned_before,nan,0.000000e+00,0.000000e+00,0.0000,0.0000,0
63,features.12,199,pruned_before,nan,0.000000e+00,0.000000e+00,0.0000,0.0000,0
63,features.12,200,pruned_before,nan,0.000000e+00,0.000000e+00,0.0000,0.0000,0
63,features.12,201,active,0.006904,1.702341e-08,3.039307e-06,0.0350,0.0116,201
63,features.12,202,pruned_before,nan,0.000000e+00,0.000000e+00,0.0000,0.0000,0
63,features.12,203,pruned_before,nan,0.000000e+00,0.000000e+00,0.0000,0.0000,0
63,features.12,204,pruned_before,nan,0.000000e+00,0.000000e+00,0.0000,0.0000,0
63,features.12,205,pruned_before,nan,0.000000e+00,0.000000e+00,0.0000,0.0000,0
63,features.12,206,pruned_before,nan,0.000000e+00,0.000000e+00,0.0000,0.0000,0
63,features.12,207,pruned_before,nan,0.000000e+00,0.000000e+00,0.0000,0.0000,0
63,features.12,208,pruned_before,nan,0.000000e+00,0.000000e+00,0.0000,0.0000,0
63,features.12,209,pruned_before,nan,0.000000e+00,0.000000e+00,0.0000,0.0000,0
63,features.12,210,pruned_before,nan,0.000000e+00,0.000000e+00,0.0000,0.0000,0
63,features.12,211,pruned_before,nan,0.000000e+00,0.000000e+00,0.0000,0.0000,0
63,features.12,212,pruned_before,nan,0.000000e+00,0.000000e+00,0.0000,0.0000,0
63,features.12,213,pruned_before,nan,0.000000e+00,0.000000e+00,0.0000,0.0000,0
63,features.12,214,pruned_before,nan,0.000000e+00,0.000000e+00,0.0000,0.0000,0
63,features.12,215,pruned_before,nan,0.000000e+00,0.000000e+00,0.0000,0.0000,0
63,features.12,216,pruned_before,nan,0.000000e+00,0.000000e+00,0.0000,0.0000,0
63,features.12,217,pruned_before,nan,0.000000e+00,0.000000e+00,0.0000,0.0000,0
63,features.12,218,pruned_before,nan,0.000000e+00,0.000000e+00,0.0000,0.0000,0
63,features.12,219,pruned_before,nan,0.000000e+00,0.000000e+00,0.0000,0.0000,0
63,features.12,220,pruned_before,nan,0.000000e+00,0.000000e+00,0.0000,0.0000,0
63,features.12,221,pruned_before,nan,0.000000e+00,0.000000e+00,0.0000,0.0000,0
63,features.12,222,pruned_before,nan,0.000000e+00,0.000000e+00,0.0000,0.0000,0
63,features.12,223,pruned_before,nan,0.000000e+00,0.000000e+00,0.0000,0.0000,0
63,features.12,224,pruned_before,nan,0.000000e+00,0.000000e+00,0.0000,0.0000,0
63,features.12,225,active,0.027716,3.489085e-08,1.019065e-05,0.0718,0.0388,201
63,features.12,226,pruned_before,nan,0.000000e+00,0.000000e+00,0.0000,0.0000,0
63,features.12,227,pruned_before,nan,0.000000e+00,0.000000e+00,0.0000,0.0000,0
63,features.12,228,pruned_before,nan,0.000000e+00,0.000000e+00,0.0000,0.0000,0
63,features.12,229,pruned_before,nan,0.000000e+00,0.000000e+00,0.0000,0.0000,0
63,features.12,230,pruned_before,nan,0.000000e+00,0.000000e+00,0.0000,0.0000,0
63,features.12,231,pruned_before,nan,0.000000e+00,0.000000e+00,0.0000,0.0000,0
63,features.12,232,pruned_before,nan,0.000000e+00,0.000000e+00,0.0000,0.0000,0
63,features.12,233,active,0.507322,2.701997e-08,1.497632e-04,0.0556,0.5699,201
63,features.12,234,pruned_before,nan,0.000000e+00,0.000000e+00,0.0000,0.0000,0
63,features.12,235,pruned_before,nan,0.000000e+00,0.000000e+00,0.0000,0.0000,0
63,features.12,236,pruned_before,nan,0.000000e+00,0.000000e+00,0.0000,0.0000,0
63,features.12,237,pruned_before,nan,0.000000e+00,0.000000e+00,0.0000,0.0000,0
63,features.12,238,pruned_before,nan,0.000000e+00,0.000000e+00,0.0000,0.0000,0
63,features.12,239,pruned_before,nan,0.000000e+00,0.000000e+00,0.0000,0.0000,0
63,features.12,240,pruned_before,nan,0.000000e+00,0.000000e+00,0.0000,0.0000,0
63,features.12,241,pruned_before,nan,0.000000e+00,0.000000e+00,0.0000,0.0000,0
63,features.12,242,pruned_before,nan,0.000000e+00,0.000000e+00,0.0000,0.0000,0
63,features.12,243,pruned_before,nan,0.000000e+00,0.000000e+00,0.0000,0.0000,0
63,features.12,244,pruned_now,-0.002207,5.703423e-08,2.784494e-06,0.1174,0.0106,201
63,features.12,245,pruned_before,nan,0.000000e+00,0.000000e+00,0.0000,0.0000,0
63,features.12,246,pruned_before,nan,0.000000e+00,0.000000e+00,0.0000,0.0000,0
63,features.12,247,pruned_before,nan,0.000000e+00,0.000000e+00,0.0000,0.0000,0
63,features.12,248,pruned_before,nan,0.000000e+00,0.000000e+00,0.0000,0.0000,0
63,features.12,249,pruned_before,nan,0.000000e+00,0.000000e+00,0.0000,0.0000,0
63,features.12,250,pruned_before,nan,0.000000e+00,0.000000e+00,0.0000,0.0000,0
63,features.12,251,pruned_before,nan,0.000000e+00,0.000000e+00,0.0000,0.0000,0
63,features.12,252,pruned_before,nan,0.000000e+00,0.000000e+00,0.0000,0.0000,0
63,features.12,253,pruned_before,nan,0.000000e+00,0.000000e+00,0.0000,0.0000,0
63,features.12,254,active,0.049189,3.638896e-08,1.655100e-05,0.0749,0.0630,201
63,features.12,255,pruned_before,nan,0.000000e+00,0.000000e+00,0.0000,0.0000,0
63,features.12,256,active,0.009645,5.809155e-08,6.308784e-06,0.1196,0.0240,201
63,features.12,257,pruned_before,nan,0.000000e+00,0.000000e+00,0.0000,0.0000,0
63,features.12,258,pruned_before,nan,0.000000e+00,0.000000e+00,0.0000,0.0000,0
63,features.12,259,pruned_before,nan,0.000000e+00,0.000000e+00,0.0000,0.0000,0
63,features.12,260,pruned_before,nan,0.000000e+00,0.000000e+00,0.0000,0.0000,0
63,features.12,261,active,0.029261,1.027621e-07,1.472232e-05,0.2116,0.0560,201
63,features.12,262,pruned_before,nan,0.000000e+00,0.000000e+00,0.0000,0.0000,0
63,features.12,263,pruned_before,nan,0.000000e+00,0.000000e+00,0.0000,0.0000,0
63,features.12,264,active,0.026193,6.642777e-08,1.164194e-05,0.1368,0.0443,201
63,features.12,265,pruned_before,nan,0.000000e+00,0.000000e+00,0.0000,0.0000,0
63,features.12,266,active,0.031309,1.643060e-08,1.013008e-05,0.0338,0.0385,201
63,features.12,267,pruned_before,nan,0.000000e+00,0.000000e+00,0.0000,0.0000,0
63,features.12,268,pruned_before,nan,0.000000e+00,0.000000e+00,0.0000,0.0000,0
63,features.12,269,pruned_before,nan,0.000000e+00,0.000000e+00,0.0000,0.0000,0
63,features.12,270,pruned_before,nan,0.000000e+00,0.000000e+00,0.0000,0.0000,0
63,features.12,271,pruned_before,nan,0.000000e+00,0.000000e+00,0.0000,0.0000,0
63,features.12,272,pruned_before,nan,0.000000e+00,0.000000e+00,0.0000,0.0000,0
63,features.12,273,pruned_before,nan,0.000000e+00,0.000000e+00,0.0000,0.0000,0
63,features.12,274,pruned_before,nan,0.000000e+00,0.000000e+00,0.0000,0.0000,0
63,features.12,275,pruned_before,nan,0.000000e+00,0.000000e+00,0.0000,0.0000,0
63,features.12,276,pruned_before,nan,0.000000e+00,0.000000e+00,0.0000,0.0000,0
63,features.12,277,pruned_before,nan,0.000000e+00,0.000000e+00,0.0000,0.0000,0
63,features.12,278,pruned_before,nan,0.000000e+00,0.000000e+00,0.0000,0.0000,0
63,features.12,279,pruned_before,nan,0.000000e+00,0.000000e+00,0.0000,0.0000,0
63,features.12,280,active,0.004183,3.865160e-08,3.545255e-06,0.0796,0.0135,201
63,features.12,281,pruned_before,nan,0.000000e+00,0.000000e+00,0.0000,0.0000,0
63,features.12,282,pruned_before,nan,0.000000e+00,0.000000e+00,0.0000,0.0000,0
63,features.12,283,pruned_before,nan,0.000000e+00,0.000000e+00,0.0000,0.0000,0
63,features.12,284,pruned_before,nan,0.000000e+00,0.000000e+00,0.0000,0.0000,0
63,features.12,285,pruned_before,nan,0.000000e+00,0.000000e+00,0.0000,0.0000,0
63,features.12,286,pruned_before,nan,0.000000e+00,0.000000e+00,0.0000,0.0000,0
63,features.12,287,active,0.011763,9.998405e-08,9.445895e-06,0.2059,0.0359,201
63,features.12,288,pruned_before,nan,0.000000e+00,0.000000e+00,0.0000,0.0000,0
63,features.12,289,pruned_before,nan,0.000000e+00,0.000000e+00,0.0000,0.0000,0
63,features.12,290,pruned_before,nan,0.000000e+00,0.000000e+00,0.0000,0.0000,0
63,features.12,291,pruned_before,nan,0.000000e+00,0.000000e+00,0.0000,0.0000,0
63,features.12,292,pruned_before,nan,0.000000e+00,0.000000e+00,0.0000,0.0000,0
63,features.12,293,pruned_before,nan,0.000000e+00,0.000000e+00,0.0000,0.0000,0
63,features.12,294,active,0.013417,1.125171e-08,4.594220e-06,0.0232,0.0175,201
63,features.12,295,pruned_before,nan,0.000000e+00,0.000000e+00,0.0000,0.0000,0
63,features.12,296,active,0.037480,1.438955e-08,1.180932e-05,0.0296,0.0449,201
63,features.12,297,pruned_before,nan,0.000000e+00,0.000000e+00,0.0000,0.0000,0
63,features.12,298,pruned_before,nan,0.000000e+00,0.000000e+00,0.0000,0.0000,0
63,features.12,299,pruned_before,nan,0.000000e+00,0.000000e+00,0.0000,0.0000,0
63,features.12,300,pruned_before,nan,0.000000e+00,0.000000e+00,0.0000,0.0000,0
63,features.12,301,pruned_before,nan,0.000000e+00,0.000000e+00,0.0000,0.0000,0
63,features.12,302,pruned_before,nan,0.000000e+00,0.000000e+00,0.0000,0.0000,0
63,features.12,303,pruned_before,nan,0.000000e+00,0.000000e+00,0.0000,0.0000,0
63,features.12,304,pruned_before,nan,0.000000e+00,0.000000e+00,0.0000,0.0000,0
63,features.12,305,pruned_before,nan,0.000000e+00,0.000000e+00,0.0000,0.0000,0
63,features.12,306,pruned_before,nan,0.000000e+00,0.000000e+00,0.0000,0.0000,0
63,features.12,307,pruned_before,nan,0.000000e+00,0.000000e+00,0.0000,0.0000,0
63,features.12,308,pruned_before,nan,0.000000e+00,0.000000e+00,0.0000,0.0000,0
63,features.12,309,pruned_before,nan,0.000000e+00,0.000000e+00,0.0000,0.0000,0
63,features.12,310,pruned_before,nan,0.000000e+00,0.000000e+00,0.0000,0.0000,0
63,features.12,311,pruned_before,nan,0.000000e+00,0.000000e+00,0.0000,0.0000,0
63,features.12,312,active,0.066907,2.949068e-08,2.131000e-05,0.0607,0.0811,201
63,features.12,313,pruned_before,nan,0.000000e+00,0.000000e+00,0.0000,0.0000,0
63,features.12,314,pruned_before,nan,0.000000e+00,0.000000e+00,0.0000,0.0000,0
63,features.12,315,pruned_before,nan,0.000000e+00,0.000000e+00,0.0000,0.0000,0
63,features.12,316,pruned_before,nan,0.000000e+00,0.000000e+00,0.0000,0.0000,0
63,features.12,317,pruned_before,nan,0.000000e+00,0.000000e+00,0.0000,0.0000,0
63,features.12,318,pruned_before,nan,0.000000e+00,0.000000e+00,0.0000,0.0000,0
63,features.12,319,pruned_before,nan,0.000000e+00,0.000000e+00,0.0000,0.0000,0
63,features.12,320,active,0.017330,1.894672e-08,6.199535e-06,0.0390,0.0236,201
63,features.12,321,pruned_before,nan,0.000000e+00,0.000000e+00,0.0000,0.0000,0
63,features.12,322,active,0.074387,8.744910e-08,2.697867e-05,0.1800,0.1027,201
63,features.12,323,pruned_before,nan,0.000000e+00,0.000000e+00,0.0000,0.0000,0
63,features.12,324,pruned_before,nan,0.000000e+00,0.000000e+00,0.0000,0.0000,0
63,features.12,325,pruned_before,nan,0.000000e+00,0.000000e+00,0.0000,0.0000,0
63,features.12,326,pruned_before,nan,0.000000e+00,0.000000e+00,0.0000,0.0000,0
63,features.12,327,pruned_before,nan,0.000000e+00,0.000000e+00,0.0000,0.0000,0
63,features.12,328,pruned_before,nan,0.000000e+00,0.000000e+00,0.0000,0.0000,0
63,features.12,329,pruned_before,nan,0.000000e+00,0.000000e+00,0.0000,0.0000,0
63,features.12,330,pruned_before,nan,0.000000e+00,0.000000e+00,0.0000,0.0000,0
63,features.12,331,pruned_before,nan,0.000000e+00,0.000000e+00,0.0000,0.0000,0
63,features.12,332,pruned_before,nan,0.000000e+00,0.000000e+00,0.0000,0.0000,0
63,features.12,333,pruned_before,nan,0.000000e+00,0.000000e+00,0.0000,0.0000,0
63,features.12,334,pruned_before,nan,0.000000e+00,0.000000e+00,0.0000,0.0000,0
63,features.12,335,pruned_before,nan,0.000000e+00,0.000000e+00,0.0000,0.0000,0
63,features.12,336,pruned_before,nan,0.000000e+00,0.000000e+00,0.0000,0.0000,0
63,features.12,337,active,0.034663,1.559381e-08,1.105916e-05,0.0321,0.0421,201
63,features.12,338,pruned_before,nan,0.000000e+00,0.000000e+00,0.0000,0.0000,0
63,features.12,339,pruned_before,nan,0.000000e+00,0.000000e+00,0.0000,0.0000,0
63,features.12,340,active,0.020884,5.663639e-08,9.503118e-06,0.1166,0.0362,201
63,features.12,341,pruned_before,nan,0.000000e+00,0.000000e+00,0.0000,0.0000,0
63,features.12,342,active,-0.000769,3.892523e-08,2.115651e-06,0.0801,0.0081,201
63,features.12,343,pruned_before,nan,0.000000e+00,0.000000e+00,0.0000,0.0000,0
63,features.12,344,pruned_before,nan,0.000000e+00,0.000000e+00,0.0000,0.0000,0
63,features.12,345,active,0.003990,1.501652e-08,2.067809e-06,0.0309,0.0079,201
63,features.12,346,pruned_before,nan,0.000000e+00,0.000000e+00,0.0000,0.0000,0
63,features.12,347,active,0.335253,3.375293e-07,1.181866e-04,0.6949,0.4497,201
63,features.12,348,pruned_before,nan,0.000000e+00,0.000000e+00,0.0000,0.0000,0
63,features.12,349,active,-0.001151,4.607534e-08,2.434068e-06,0.0949,0.0093,201
63,features.12,350,pruned_before,nan,0.000000e+00,0.000000e+00,0.0000,0.0000,0
63,features.12,351,pruned_before,nan,0.000000e+00,0.000000e+00,0.0000,0.0000,0
63,features.12,352,pruned_before,nan,0.000000e+00,0.000000e+00,0.0000,0.0000,0
63,features.12,353,pruned_before,nan,0.000000e+00,0.000000e+00,0.0000,0.0000,0
63,features.12,354,pruned_before,nan,0.000000e+00,0.000000e+00,0.0000,0.0000,0
63,features.12,355,pruned_before,nan,0.000000e+00,0.000000e+00,0.0000,0.0000,0
63,features.12,356,pruned_before,nan,0.000000e+00,0.000000e+00,0.0000,0.0000,0
63,features.12,357,pruned_before,nan,0.000000e+00,0.000000e+00,0.0000,0.0000,0
63,features.12,358,pruned_before,nan,0.000000e+00,0.000000e+00,0.0000,0.0000,0
63,features.12,359,pruned_before,nan,0.000000e+00,0.000000e+00,0.0000,0.0000,0
63,features.12,360,pruned_before,nan,0.000000e+00,0.000000e+00,0.0000,0.0000,0
63,features.12,361,pruned_before,nan,0.000000e+00,0.000000e+00,0.0000,0.0000,0
63,features.12,362,pruned_before,nan,0.000000e+00,0.000000e+00,0.0000,0.0000,0
63,features.12,363,active,0.025286,2.203506e-08,8.708223e-06,0.0454,0.0331,201
63,features.12,364,pruned_before,nan,0.000000e+00,0.000000e+00,0.0000,0.0000,0
63,features.12,365,pruned_before,nan,0.000000e+00,0.000000e+00,0.0000,0.0000,0
63,features.12,366,pruned_before,nan,0.000000e+00,0.000000e+00,0.0000,0.0000,0
63,features.12,367,pruned_before,nan,0.000000e+00,0.000000e+00,0.0000,0.0000,0
63,features.12,368,pruned_before,nan,0.000000e+00,0.000000e+00,0.0000,0.0000,0
63,features.12,369,pruned_before,nan,0.000000e+00,0.000000e+00,0.0000,0.0000,0
63,features.12,370,active,0.003180,2.352432e-08,2.342877e-06,0.0484,0.0089,201
63,features.12,371,pruned_before,nan,0.000000e+00,0.000000e+00,0.0000,0.0000,0
63,features.12,372,pruned_before,nan,0.000000e+00,0.000000e+00,0.0000,0.0000,0
63,features.12,373,pruned_now,-0.004274,3.351382e-08,7.669549e-07,0.0690,0.0029,201
63,features.12,374,pruned_before,nan,0.000000e+00,0.000000e+00,0.0000,0.0000,0
63,features.12,375,pruned_before,nan,0.000000e+00,0.000000e+00,0.0000,0.0000,0
63,features.12,376,pruned_before,nan,0.000000e+00,0.000000e+00,0.0000,0.0000,0
63,features.12,377,active,0.078571,7.717405e-08,2.758240e-05,0.1589,0.1050,201
63,features.12,378,pruned_before,nan,0.000000e+00,0.000000e+00,0.0000,0.0000,0
63,features.12,379,active,0.031675,1.195990e-08,9.968235e-06,0.0246,0.0379,201
63,features.12,380,pruned_before,nan,0.000000e+00,0.000000e+00,0.0000,0.0000,0
63,features.12,381,pruned_before,nan,0.000000e+00,0.000000e+00,0.0000,0.0000,0
63,features.12,382,pruned_before,nan,0.000000e+00,0.000000e+00,0.0000,0.0000,0
63,features.12,383,active,0.003650,1.392793e-08,1.903066e-06,0.0287,0.0072,201
63,features.12,384,pruned_before,nan,0.000000e+00,0.000000e+00,0.0000,0.0000,0
63,features.12,385,active,0.037258,8.218114e-09,1.137340e-05,0.0169,0.0433,201
63,features.12,386,pruned_before,nan,0.000000e+00,0.000000e+00,0.0000,0.0000,0
63,features.12,387,pruned_before,nan,0.000000e+00,0.000000e+00,0.0000,0.0000,0
63,features.12,388,pruned_before,nan,0.000000e+00,0.000000e+00,0.0000,0.0000,0
63,features.12,389,pruned_before,nan,0.000000e+00,0.000000e+00,0.0000,0.0000,0
63,features.12,390,pruned_before,nan,0.000000e+00,0.000000e+00,0.0000,0.0000,0
63,features.12,391,active,0.000805,2.656574e-08,1.832086e-06,0.0547,0.0070,201
63,features.12,392,active,0.037130,2.716527e-08,1.247507e-05,0.0559,0.0475,201
63,features.12,393,pruned_before,nan,0.000000e+00,0.000000e+00,0.0000,0.0000,0
63,features.12,394,pruned_before,nan,0.000000e+00,0.000000e+00,0.0000,0.0000,0
63,features.12,395,pruned_before,nan,0.000000e+00,0.000000e+00,0.0000,0.0000,0
63,features.12,396,active,0.018335,3.299000e-08,7.337106e-06,0.0679,0.0279,201
63,features.12,397,pruned_before,nan,0.000000e+00,0.000000e+00,0.0000,0.0000,0
63,features.12,398,pruned_before,nan,0.000000e+00,0.000000e+00,0.0000,0.0000,0
63,features.12,399,pruned_before,nan,0.000000e+00,0.000000e+00,0.0000,0.0000,0
63,features.12,400,active,0.015441,2.694190e-08,6.128526e-06,0.0555,0.0233,201
63,features.12,401,pruned_before,nan,0.000000e+00,0.000000e+00,0.0000,0.0000,0
63,features.12,402,pruned_before,nan,0.000000e+00,0.000000e+00,0.0000,0.0000,0
63,features.12,403,pruned_before,nan,0.000000e+00,0.000000e+00,0.0000,0.0000,0
63,features.12,404,pruned_before,nan,0.000000e+00,0.000000e+00,0.0000,0.0000,0
63,features.12,405,pruned_before,nan,0.000000e+00,0.000000e+00,0.0000,0.0000,0
63,features.12,406,pruned_before,nan,0.000000e+00,0.000000e+00,0.0000,0.0000,0
63,features.12,407,active,0.004877,1.160329e-08,2.121689e-06,0.0239,0.0081,201
63,features.12,408,active,0.035816,1.173359e-08,1.116380e-05,0.0242,0.0425,201
63,features.12,409,pruned_before,nan,0.000000e+00,0.000000e+00,0.0000,0.0000,0
63,features.12,410,pruned_before,nan,0.000000e+00,0.000000e+00,0.0000,0.0000,0
63,features.12,411,active,0.045865,2.083181e-07,2.591674e-05,0.4289,0.0986,201
63,features.12,412,pruned_before,nan,0.000000e+00,0.000000e+00,0.0000,0.0000,0
63,features.12,413,active,0.085239,4.824112e-08,2.779016e-05,0.0993,0.1057,201
63,features.12,414,pruned_before,nan,0.000000e+00,0.000000e+00,0.0000,0.0000,0
63,features.12,415,pruned_before,nan,0.000000e+00,0.000000e+00,0.0000,0.0000,0
63,features.12,416,active,0.052426,1.172907e-07,2.235997e-05,0.2415,0.0851,201
63,features.12,417,pruned_before,nan,0.000000e+00,0.000000e+00,0.0000,0.0000,0
63,features.12,418,pruned_before,nan,0.000000e+00,0.000000e+00,0.0000,0.0000,0
63,features.12,419,pruned_before,nan,0.000000e+00,0.000000e+00,0.0000,0.0000,0
63,features.12,420,pruned_before,nan,0.000000e+00,0.000000e+00,0.0000,0.0000,0
63,features.12,421,pruned_before,nan,0.000000e+00,0.000000e+00,0.0000,0.0000,0
63,features.12,422,pruned_before,nan,0.000000e+00,0.000000e+00,0.0000,0.0000,0
63,features.12,423,pruned_before,nan,0.000000e+00,0.000000e+00,0.0000,0.0000,0
63,features.12,424,pruned_before,nan,0.000000e+00,0.000000e+00,0.0000,0.0000,0
63,features.12,425,pruned_before,nan,0.000000e+00,0.000000e+00,0.0000,0.0000,0
63,features.12,426,pruned_before,nan,0.000000e+00,0.000000e+00,0.0000,0.0000,0
63,features.12,427,pruned_before,nan,0.000000e+00,0.000000e+00,0.0000,0.0000,0
63,features.12,428,pruned_before,nan,0.000000e+00,0.000000e+00,0.0000,0.0000,0
63,features.12,429,pruned_now,-0.003188,2.780401e-08,7.407295e-07,0.0572,0.0028,201
63,features.12,430,pruned_before,nan,0.000000e+00,0.000000e+00,0.0000,0.0000,0
63,features.12,431,pruned_before,nan,0.000000e+00,0.000000e+00,0.0000,0.0000,0
63,features.12,432,pruned_before,nan,0.000000e+00,0.000000e+00,0.0000,0.0000,0
63,features.12,433,pruned_before,nan,0.000000e+00,0.000000e+00,0.0000,0.0000,0
63,features.12,434,pruned_before,nan,0.000000e+00,0.000000e+00,0.0000,0.0000,0
63,features.12,435,pruned_before,nan,0.000000e+00,0.000000e+00,0.0000,0.0000,0
63,features.12,436,pruned_before,nan,0.000000e+00,0.000000e+00,0.0000,0.0000,0
63,features.12,437,pruned_before,nan,0.000000e+00,0.000000e+00,0.0000,0.0000,0
63,features.12,438,pruned_before,nan,0.000000e+00,0.000000e+00,0.0000,0.0000,0
63,features.12,439,pruned_before,nan,0.000000e+00,0.000000e+00,0.0000,0.0000,0
63,features.12,440,pruned_before,nan,0.000000e+00,0.000000e+00,0.0000,0.0000,0
63,features.12,441,pruned_before,nan,0.000000e+00,0.000000e+00,0.0000,0.0000,0
63,features.12,442,pruned_before,nan,0.000000e+00,0.000000e+00,0.0000,0.0000,0
63,features.12,443,pruned_before,nan,0.000000e+00,0.000000e+00,0.0000,0.0000,0
63,features.12,444,pruned_before,nan,0.000000e+00,0.000000e+00,0.0000,0.0000,0
63,features.12,445,pruned_before,nan,0.000000e+00,0.000000e+00,0.0000,0.0000,0
63,features.12,446,pruned_before,nan,0.000000e+00,0.000000e+00,0.0000,0.0000,0
63,features.12,447,pruned_before,nan,0.000000e+00,0.000000e+00,0.0000,0.0000,0
63,features.12,448,active,0.052700,2.332655e-08,1.679087e-05,0.0480,0.0639,201
63,features.12,449,pruned_before,nan,0.000000e+00,0.000000e+00,0.0000,0.0000,0
63,features.12,450,active,0.015805,1.021191e-08,5.229009e-06,0.0210,0.0199,201
63,features.12,451,pruned_now,-0.002351,2.918323e-08,1.068071e-06,0.0601,0.0041,201
63,features.12,452,pruned_before,nan,0.000000e+00,0.000000e+00,0.0000,0.0000,0
63,features.12,453,pruned_before,nan,0.000000e+00,0.000000e+00,0.0000,0.0000,0
63,features.12,454,pruned_before,nan,0.000000e+00,0.000000e+00,0.0000,0.0000,0
63,features.12,455,pruned_before,nan,0.000000e+00,0.000000e+00,0.0000,0.0000,0
63,features.12,456,pruned_before,nan,0.000000e+00,0.000000e+00,0.0000,0.0000,0
63,features.12,457,pruned_before,nan,0.000000e+00,0.000000e+00,0.0000,0.0000,0
63,features.12,458,pruned_before,nan,0.000000e+00,0.000000e+00,0.0000,0.0000,0
63,features.12,459,pruned_before,nan,0.000000e+00,0.000000e+00,0.0000,0.0000,0
63,features.12,460,pruned_before,nan,0.000000e+00,0.000000e+00,0.0000,0.0000,0
63,features.12,461,pruned_before,nan,0.000000e+00,0.000000e+00,0.0000,0.0000,0
63,features.12,462,pruned_before,nan,0.000000e+00,0.000000e+00,0.0000,0.0000,0
63,features.12,463,pruned_before,nan,0.000000e+00,0.000000e+00,0.0000,0.0000,0
63,features.12,464,pruned_before,nan,0.000000e+00,0.000000e+00,0.0000,0.0000,0
63,features.12,465,pruned_before,nan,0.000000e+00,0.000000e+00,0.0000,0.0000,0
63,features.12,466,pruned_before,nan,0.000000e+00,0.000000e+00,0.0000,0.0000,0
63,features.12,467,pruned_before,nan,0.000000e+00,0.000000e+00,0.0000,0.0000,0
63,features.12,468,active,0.078086,3.283895e-08,2.477542e-05,0.0676,0.0943,201
63,features.12,469,pruned_before,nan,0.000000e+00,0.000000e+00,0.0000,0.0000,0
63,features.12,470,pruned_before,nan,0.000000e+00,0.000000e+00,0.0000,0.0000,0
63,features.12,471,active,0.008080,1.167612e-08,3.061358e-06,0.0240,0.0116,201
63,features.12,472,pruned_before,nan,0.000000e+00,0.000000e+00,0.0000,0.0000,0
63,features.12,473,active,0.019425,2.233868e-08,7.015095e-06,0.0460,0.0267,201
63,features.12,474,pruned_before,nan,0.000000e+00,0.000000e+00,0.0000,0.0000,0
63,features.12,475,pruned_before,nan,0.000000e+00,0.000000e+00,0.0000,0.0000,0
63,features.12,476,pruned_before,nan,0.000000e+00,0.000000e+00,0.0000,0.0000,0
63,features.12,477,pruned_before,nan,0.000000e+00,0.000000e+00,0.0000,0.0000,0
63,features.12,478,pruned_before,nan,0.000000e+00,0.000000e+00,0.0000,0.0000,0
63,features.12,479,pruned_before,nan,0.000000e+00,0.000000e+00,0.0000,0.0000,0
63,features.12,480,pruned_before,nan,0.000000e+00,0.000000e+00,0.0000,0.0000,0
63,features.12,481,active,0.009562,2.796608e-08,4.473562e-06,0.0576,0.0170,201
63,features.12,482,pruned_before,nan,0.000000e+00,0.000000e+00,0.0000,0.0000,0
63,features.12,483,pruned_before,nan,0.000000e+00,0.000000e+00,0.0000,0.0000,0
63,features.12,484,pruned_before,nan,0.000000e+00,0.000000e+00,0.0000,0.0000,0
63,features.12,485,pruned_before,nan,0.000000e+00,0.000000e+00,0.0000,0.0000,0
63,features.12,486,pruned_before,nan,0.000000e+00,0.000000e+00,0.0000,0.0000,0
63,features.12,487,pruned_before,nan,0.000000e+00,0.000000e+00,0.0000,0.0000,0
63,features.12,488,pruned_before,nan,0.000000e+00,0.000000e+00,0.0000,0.0000,0
63,features.12,489,pruned_before,nan,0.000000e+00,0.000000e+00,0.0000,0.0000,0
63,features.12,490,active,0.148784,1.603529e-08,4.440916e-05,0.0330,0.1690,201
63,features.12,491,pruned_before,nan,0.000000e+00,0.000000e+00,0.0000,0.0000,0
63,features.12,492,pruned_before,nan,0.000000e+00,0.000000e+00,0.0000,0.0000,0
63,features.12,493,pruned_before,nan,0.000000e+00,0.000000e+00,0.0000,0.0000,0
63,features.12,494,pruned_before,nan,0.000000e+00,0.000000e+00,0.0000,0.0000,0
63,features.12,495,pruned_before,nan,0.000000e+00,0.000000e+00,0.0000,0.0000,0
63,features.12,496,pruned_before,nan,0.000000e+00,0.000000e+00,0.0000,0.0000,0
63,features.12,497,pruned_before,nan,0.000000e+00,0.000000e+00,0.0000,0.0000,0
63,features.12,498,pruned_before,nan,0.000000e+00,0.000000e+00,0.0000,0.0000,0
63,features.12,499,pruned_before,nan,0.000000e+00,0.000000e+00,0.0000,0.0000,0
63,features.12,500,pruned_before,nan,0.000000e+00,0.000000e+00,0.0000,0.0000,0
63,features.12,501,pruned_before,nan,0.000000e+00,0.000000e+00,0.0000,0.0000,0
63,features.12,502,pruned_before,nan,0.000000e+00,0.000000e+00,0.0000,0.0000,0
63,features.12,503,pruned_before,nan,0.000000e+00,0.000000e+00,0.0000,0.0000,0
63,features.12,504,pruned_before,nan,0.000000e+00,0.000000e+00,0.0000,0.0000,0
63,features.12,505,pruned_before,nan,0.000000e+00,0.000000e+00,0.0000,0.0000,0
63,features.12,506,active,0.276479,4.709038e-08,8.356320e-05,0.0970,0.3180,201
63,features.12,507,pruned_before,nan,0.000000e+00,0.000000e+00,0.0000,0.0000,0
63,features.12,508,pruned_before,nan,0.000000e+00,0.000000e+00,0.0000,0.0000,0
63,features.12,509,pruned_before,nan,0.000000e+00,0.000000e+00,0.0000,0.0000,0
63,features.12,510,pruned_before,nan,0.000000e+00,0.000000e+00,0.0000,0.0000,0
63,features.12,511,pruned_before,nan,0.000000e+00,0.000000e+00,0.0000,0.0000,0
63,features.12,512,active,0.003256,1.509289e-08,1.858236e-06,0.0311,0.0071,201
63,features.12,513,pruned_before,nan,0.000000e+00,0.000000e+00,0.0000,0.0000,0
63,features.12,514,pruned_before,nan,0.000000e+00,0.000000e+00,0.0000,0.0000,0
63,features.12,515,pruned_before,nan,0.000000e+00,0.000000e+00,0.0000,0.0000,0
63,features.12,516,pruned_before,nan,0.000000e+00,0.000000e+00,0.0000,0.0000,0
63,features.12,517,pruned_before,nan,0.000000e+00,0.000000e+00,0.0000,0.0000,0
63,features.12,518,pruned_before,nan,0.000000e+00,0.000000e+00,0.0000,0.0000,0
63,features.12,519,pruned_before,nan,0.000000e+00,0.000000e+00,0.0000,0.0000,0
63,features.12,520,pruned_before,nan,0.000000e+00,0.000000e+00,0.0000,0.0000,0
63,features.12,521,pruned_before,nan,0.000000e+00,0.000000e+00,0.0000,0.0000,0
63,features.12,522,pruned_before,nan,0.000000e+00,0.000000e+00,0.0000,0.0000,0
63,features.12,523,pruned_before,nan,0.000000e+00,0.000000e+00,0.0000,0.0000,0
63,features.12,524,active,0.020425,9.922072e-09,6.560623e-06,0.0204,0.0250,201
63,features.12,525,pruned_before,nan,0.000000e+00,0.000000e+00,0.0000,0.0000,0
63,features.12,526,pruned_before,nan,0.000000e+00,0.000000e+00,0.0000,0.0000,0
63,features.12,527,pruned_before,nan,0.000000e+00,0.000000e+00,0.0000,0.0000,0
63,features.12,528,pruned_before,nan,0.000000e+00,0.000000e+00,0.0000,0.0000,0
63,features.12,529,active,0.016273,5.778505e-08,8.225634e-06,0.1190,0.0313,201
63,features.12,530,pruned_before,nan,0.000000e+00,0.000000e+00,0.0000,0.0000,0
63,features.12,531,pruned_before,nan,0.000000e+00,0.000000e+00,0.0000,0.0000,0
63,features.12,532,pruned_before,nan,0.000000e+00,0.000000e+00,0.0000,0.0000,0
63,features.12,533,pruned_before,nan,0.000000e+00,0.000000e+00,0.0000,0.0000,0
63,features.12,534,pruned_before,nan,0.000000e+00,0.000000e+00,0.0000,0.0000,0
63,features.12,535,pruned_before,nan,0.000000e+00,0.000000e+00,0.0000,0.0000,0
63,features.12,536,pruned_before,nan,0.000000e+00,0.000000e+00,0.0000,0.0000,0
63,features.12,537,pruned_before,nan,0.000000e+00,0.000000e+00,0.0000,0.0000,0
63,features.12,538,pruned_before,nan,0.000000e+00,0.000000e+00,0.0000,0.0000,0
63,features.12,539,pruned_before,nan,0.000000e+00,0.000000e+00,0.0000,0.0000,0
63,features.12,540,pruned_before,nan,0.000000e+00,0.000000e+00,0.0000,0.0000,0
63,features.12,541,pruned_before,nan,0.000000e+00,0.000000e+00,0.0000,0.0000,0
63,features.12,542,pruned_before,nan,0.000000e+00,0.000000e+00,0.0000,0.0000,0
63,features.12,543,pruned_before,nan,0.000000e+00,0.000000e+00,0.0000,0.0000,0
63,features.12,544,pruned_before,nan,0.000000e+00,0.000000e+00,0.0000,0.0000,0
63,features.12,545,pruned_before,nan,0.000000e+00,0.000000e+00,0.0000,0.0000,0
63,features.12,546,pruned_before,nan,0.000000e+00,0.000000e+00,0.0000,0.0000,0
63,features.12,547,pruned_before,nan,0.000000e+00,0.000000e+00,0.0000,0.0000,0
63,features.12,548,pruned_before,nan,0.000000e+00,0.000000e+00,0.0000,0.0000,0
63,features.12,549,pruned_before,nan,0.000000e+00,0.000000e+00,0.0000,0.0000,0
63,features.12,550,active,0.059392,2.841723e-08,1.905104e-05,0.0585,0.0725,201
63,features.12,551,pruned_before,nan,0.000000e+00,0.000000e+00,0.0000,0.0000,0
63,features.12,552,pruned_before,nan,0.000000e+00,0.000000e+00,0.0000,0.0000,0
63,features.12,553,pruned_before,nan,0.000000e+00,0.000000e+00,0.0000,0.0000,0
63,features.12,554,active,0.041204,3.119658e-08,1.390728e-05,0.0642,0.0529,201
63,features.12,555,pruned_before,nan,0.000000e+00,0.000000e+00,0.0000,0.0000,0
63,features.12,556,pruned_before,nan,0.000000e+00,0.000000e+00,0.0000,0.0000,0
63,features.12,557,pruned_before,nan,0.000000e+00,0.000000e+00,0.0000,0.0000,0
63,features.12,558,pruned_before,nan,0.000000e+00,0.000000e+00,0.0000,0.0000,0
63,features.12,559,pruned_before,nan,0.000000e+00,0.000000e+00,0.0000,0.0000,0
63,features.12,560,pruned_before,nan,0.000000e+00,0.000000e+00,0.0000,0.0000,0
63,features.12,561,pruned_before,nan,0.000000e+00,0.000000e+00,0.0000,0.0000,0
63,features.12,562,pruned_before,nan,0.000000e+00,0.000000e+00,0.0000,0.0000,0
63,features.12,563,pruned_before,nan,0.000000e+00,0.000000e+00,0.0000,0.0000,0
63,features.12,564,pruned_now,-0.018558,4.856959e-07,2.378106e-05,1.0000,0.0905,201
63,features.12,565,pruned_before,nan,0.000000e+00,0.000000e+00,0.0000,0.0000,0
63,features.12,566,pruned_before,nan,0.000000e+00,0.000000e+00,0.0000,0.0000,0
63,features.12,567,pruned_before,nan,0.000000e+00,0.000000e+00,0.0000,0.0000,0
63,features.12,568,pruned_before,nan,0.000000e+00,0.000000e+00,0.0000,0.0000,0
63,features.12,569,pruned_before,nan,0.000000e+00,0.000000e+00,0.0000,0.0000,0
63,features.12,570,pruned_before,nan,0.000000e+00,0.000000e+00,0.0000,0.0000,0
63,features.12,571,pruned_before,nan,0.000000e+00,0.000000e+00,0.0000,0.0000,0
63,features.12,572,pruned_before,nan,0.000000e+00,0.000000e+00,0.0000,0.0000,0
63,features.12,573,pruned_before,nan,0.000000e+00,0.000000e+00,0.0000,0.0000,0
63,features.12,574,pruned_before,nan,0.000000e+00,0.000000e+00,0.0000,0.0000,0
63,features.12,575,pruned_before,nan,0.000000e+00,0.000000e+00,0.0000,0.0000,0
63,features.13,0,pruned_before,nan,0.000000e+00,0.000000e+00,0.0000,0.0000,0
63,features.13,1,pruned_before,nan,0.000000e+00,0.000000e+00,0.0000,0.0000,0
63,features.13,2,pruned_before,nan,0.000000e+00,0.000000e+00,0.0000,0.0000,0
63,features.13,3,pruned_before,nan,0.000000e+00,0.000000e+00,0.0000,0.0000,0
63,features.13,4,pruned_before,nan,0.000000e+00,0.000000e+00,0.0000,0.0000,0
63,features.13,5,pruned_before,nan,0.000000e+00,0.000000e+00,0.0000,0.0000,0
63,features.13,6,pruned_before,nan,0.000000e+00,0.000000e+00,0.0000,0.0000,0
63,features.13,7,pruned_before,nan,0.000000e+00,0.000000e+00,0.0000,0.0000,0
63,features.13,8,pruned_before,nan,0.000000e+00,0.000000e+00,0.0000,0.0000,0
63,features.13,9,pruned_before,nan,0.000000e+00,0.000000e+00,0.0000,0.0000,0
63,features.13,10,pruned_before,nan,0.000000e+00,0.000000e+00,0.0000,0.0000,0
63,features.13,11,pruned_before,nan,0.000000e+00,0.000000e+00,0.0000,0.0000,0
63,features.13,12,pruned_before,nan,0.000000e+00,0.000000e+00,0.0000,0.0000,0
63,features.13,13,pruned_before,nan,0.000000e+00,0.000000e+00,0.0000,0.0000,0
63,features.13,14,pruned_before,nan,0.000000e+00,0.000000e+00,0.0000,0.0000,0
63,features.13,15,pruned_before,nan,0.000000e+00,0.000000e+00,0.0000,0.0000,0
63,features.13,16,pruned_before,nan,0.000000e+00,0.000000e+00,0.0000,0.0000,0
63,features.13,17,active,0.126486,3.073011e-08,1.467399e-04,0.1031,0.1520,201
63,features.13,18,pruned_before,nan,0.000000e+00,0.000000e+00,0.0000,0.0000,0
63,features.13,19,pruned_before,nan,0.000000e+00,0.000000e+00,0.0000,0.0000,0
63,features.13,20,pruned_before,nan,0.000000e+00,0.000000e+00,0.0000,0.0000,0
63,features.13,21,active,-0.024224,9.667149e-08,8.822497e-06,0.3245,0.0091,201
63,features.13,22,pruned_before,nan,0.000000e+00,0.000000e+00,0.0000,0.0000,0
63,features.13,23,pruned_before,nan,0.000000e+00,0.000000e+00,0.0000,0.0000,0
63,features.13,24,pruned_before,nan,0.000000e+00,0.000000e+00,0.0000,0.0000,0
63,features.13,25,pruned_before,nan,0.000000e+00,0.000000e+00,0.0000,0.0000,0
63,features.13,26,pruned_before,nan,0.000000e+00,0.000000e+00,0.0000,0.0000,0
63,features.13,27,pruned_before,nan,0.000000e+00,0.000000e+00,0.0000,0.0000,0
63,features.13,28,pruned_before,nan,0.000000e+00,0.000000e+00,0.0000,0.0000,0
63,features.13,29,pruned_before,nan,0.000000e+00,0.000000e+00,0.0000,0.0000,0
63,features.13,30,pruned_before,nan,0.000000e+00,0.000000e+00,0.0000,0.0000,0
63,features.13,31,pruned_before,nan,0.000000e+00,0.000000e+00,0.0000,0.0000,0
63,features.13,32,pruned_before,nan,0.000000e+00,0.000000e+00,0.0000,0.0000,0
63,features.13,33,pruned_before,nan,0.000000e+00,0.000000e+00,0.0000,0.0000,0
63,features.13,34,pruned_before,nan,0.000000e+00,0.000000e+00,0.0000,0.0000,0
63,features.13,35,pruned_before,nan,0.000000e+00,0.000000e+00,0.0000,0.0000,0
63,features.13,36,pruned_before,nan,0.000000e+00,0.000000e+00,0.0000,0.0000,0
63,features.13,37,pruned_before,nan,0.000000e+00,0.000000e+00,0.0000,0.0000,0
63,features.13,38,pruned_before,nan,0.000000e+00,0.000000e+00,0.0000,0.0000,0
63,features.13,39,pruned_before,nan,0.000000e+00,0.000000e+00,0.0000,0.0000,0
63,features.13,40,pruned_before,nan,0.000000e+00,0.000000e+00,0.0000,0.0000,0
63,features.13,41,pruned_before,nan,0.000000e+00,0.000000e+00,0.0000,0.0000,0
63,features.13,42,pruned_before,nan,0.000000e+00,0.000000e+00,0.0000,0.0000,0
63,features.13,43,pruned_before,nan,0.000000e+00,0.000000e+00,0.0000,0.0000,0
63,features.13,44,pruned_before,nan,0.000000e+00,0.000000e+00,0.0000,0.0000,0
63,features.13,45,pruned_before,nan,0.000000e+00,0.000000e+00,0.0000,0.0000,0
63,features.13,46,pruned_before,nan,0.000000e+00,0.000000e+00,0.0000,0.0000,0
63,features.13,47,pruned_before,nan,0.000000e+00,0.000000e+00,0.0000,0.0000,0
63,features.13,48,pruned_before,nan,0.000000e+00,0.000000e+00,0.0000,0.0000,0
63,features.13,49,pruned_before,nan,0.000000e+00,0.000000e+00,0.0000,0.0000,0
63,features.13,50,pruned_before,nan,0.000000e+00,0.000000e+00,0.0000,0.0000,0
63,features.13,51,pruned_before,nan,0.000000e+00,0.000000e+00,0.0000,0.0000,0
63,features.13,52,pruned_before,nan,0.000000e+00,0.000000e+00,0.0000,0.0000,0
63,features.13,53,pruned_before,nan,0.000000e+00,0.000000e+00,0.0000,0.0000,0
63,features.13,54,pruned_before,nan,0.000000e+00,0.000000e+00,0.0000,0.0000,0
63,features.13,55,pruned_before,nan,0.000000e+00,0.000000e+00,0.0000,0.0000,0
63,features.13,56,pruned_before,nan,0.000000e+00,0.000000e+00,0.0000,0.0000,0
63,features.13,57,pruned_before,nan,0.000000e+00,0.000000e+00,0.0000,0.0000,0
63,features.13,58,pruned_before,nan,0.000000e+00,0.000000e+00,0.0000,0.0000,0
63,features.13,59,pruned_before,nan,0.000000e+00,0.000000e+00,0.0000,0.0000,0
63,features.13,60,pruned_before,nan,0.000000e+00,0.000000e+00,0.0000,0.0000,0
63,features.13,61,pruned_before,nan,0.000000e+00,0.000000e+00,0.0000,0.0000,0
63,features.13,62,pruned_before,nan,0.000000e+00,0.000000e+00,0.0000,0.0000,0
63,features.13,63,pruned_before,nan,0.000000e+00,0.000000e+00,0.0000,0.0000,0
63,features.13,64,pruned_before,nan,0.000000e+00,0.000000e+00,0.0000,0.0000,0
63,features.13,65,pruned_before,nan,0.000000e+00,0.000000e+00,0.0000,0.0000,0
63,features.13,66,pruned_before,nan,0.000000e+00,0.000000e+00,0.0000,0.0000,0
63,features.13,67,pruned_before,nan,0.000000e+00,0.000000e+00,0.0000,0.0000,0
63,features.13,68,pruned_before,nan,0.000000e+00,0.000000e+00,0.0000,0.0000,0
63,features.13,69,pruned_before,nan,0.000000e+00,0.000000e+00,0.0000,0.0000,0
63,features.13,70,pruned_before,nan,0.000000e+00,0.000000e+00,0.0000,0.0000,0
63,features.13,71,pruned_before,nan,0.000000e+00,0.000000e+00,0.0000,0.0000,0
63,features.13,72,pruned_before,nan,0.000000e+00,0.000000e+00,0.0000,0.0000,0
63,features.13,73,pruned_before,nan,0.000000e+00,0.000000e+00,0.0000,0.0000,0
63,features.13,74,pruned_before,nan,0.000000e+00,0.000000e+00,0.0000,0.0000,0
63,features.13,75,pruned_before,nan,0.000000e+00,0.000000e+00,0.0000,0.0000,0
63,features.13,76,pruned_before,nan,0.000000e+00,0.000000e+00,0.0000,0.0000,0
63,features.13,77,pruned_before,nan,0.000000e+00,0.000000e+00,0.0000,0.0000,0
63,features.13,78,pruned_before,nan,0.000000e+00,0.000000e+00,0.0000,0.0000,0
63,features.13,79,pruned_before,nan,0.000000e+00,0.000000e+00,0.0000,0.0000,0
63,features.13,80,pruned_before,nan,0.000000e+00,0.000000e+00,0.0000,0.0000,0
63,features.13,81,pruned_before,nan,0.000000e+00,0.000000e+00,0.0000,0.0000,0
63,features.13,82,pruned_before,nan,0.000000e+00,0.000000e+00,0.0000,0.0000,0
63,features.13,83,active,0.745388,9.453490e-08,8.335783e-04,0.3173,0.8635,201
63,features.13,84,pruned_before,nan,0.000000e+00,0.000000e+00,0.0000,0.0000,0
63,features.13,85,pruned_before,nan,0.000000e+00,0.000000e+00,0.0000,0.0000,0
63,features.13,86,pruned_before,nan,0.000000e+00,0.000000e+00,0.0000,0.0000,0
63,features.13,87,pruned_before,nan,0.000000e+00,0.000000e+00,0.0000,0.0000,0
63,features.13,88,pruned_before,nan,0.000000e+00,0.000000e+00,0.0000,0.0000,0
63,features.13,89,pruned_before,nan,0.000000e+00,0.000000e+00,0.0000,0.0000,0
63,features.13,90,pruned_before,nan,0.000000e+00,0.000000e+00,0.0000,0.0000,0
63,features.13,91,pruned_before,nan,0.000000e+00,0.000000e+00,0.0000,0.0000,0
63,features.13,92,pruned_before,nan,0.000000e+00,0.000000e+00,0.0000,0.0000,0
63,features.13,93,pruned_before,nan,0.000000e+00,0.000000e+00,0.0000,0.0000,0
63,features.13,94,pruned_before,nan,0.000000e+00,0.000000e+00,0.0000,0.0000,0
63,features.13,95,pruned_before,nan,0.000000e+00,0.000000e+00,0.0000,0.0000,0
63,features.13,96,pruned_before,nan,0.000000e+00,0.000000e+00,0.0000,0.0000,0
63,features.13,97,pruned_before,nan,0.000000e+00,0.000000e+00,0.0000,0.0000,0
63,features.13,98,pruned_before,nan,0.000000e+00,0.000000e+00,0.0000,0.0000,0
63,features.13,99,pruned_before,nan,0.000000e+00,0.000000e+00,0.0000,0.0000,0
63,features.13,100,pruned_before,nan,0.000000e+00,0.000000e+00,0.0000,0.0000,0
63,features.13,101,pruned_before,nan,0.000000e+00,0.000000e+00,0.0000,0.0000,0
63,features.13,102,pruned_before,nan,0.000000e+00,0.000000e+00,0.0000,0.0000,0
63,features.13,103,pruned_before,nan,0.000000e+00,0.000000e+00,0.0000,0.0000,0
63,features.13,104,pruned_before,nan,0.000000e+00,0.000000e+00,0.0000,0.0000,0
63,features.13,105,pruned_before,nan,0.000000e+00,0.000000e+00,0.0000,0.0000,0
63,features.13,106,pruned_before,nan,0.000000e+00,0.000000e+00,0.0000,0.0000,0
63,features.13,107,pruned_before,nan,0.000000e+00,0.000000e+00,0.0000,0.0000,0
63,features.13,108,pruned_before,nan,0.000000e+00,0.000000e+00,0.0000,0.0000,0
63,features.13,109,pruned_before,nan,0.000000e+00,0.000000e+00,0.0000,0.0000,0
63,features.13,110,pruned_before,nan,0.000000e+00,0.000000e+00,0.0000,0.0000,0
63,features.13,111,pruned_before,nan,0.000000e+00,0.000000e+00,0.0000,0.0000,0
63,features.13,112,pruned_before,nan,0.000000e+00,0.000000e+00,0.0000,0.0000,0
63,features.13,113,pruned_before,nan,0.000000e+00,0.000000e+00,0.0000,0.0000,0
63,features.13,114,pruned_before,nan,0.000000e+00,0.000000e+00,0.0000,0.0000,0
63,features.13,115,pruned_before,nan,0.000000e+00,0.000000e+00,0.0000,0.0000,0
63,features.13,116,pruned_before,nan,0.000000e+00,0.000000e+00,0.0000,0.0000,0
63,features.13,117,pruned_before,nan,0.000000e+00,0.000000e+00,0.0000,0.0000,0
63,features.13,118,pruned_before,nan,0.000000e+00,0.000000e+00,0.0000,0.0000,0
63,features.13,119,pruned_before,nan,0.000000e+00,0.000000e+00,0.0000,0.0000,0
63,features.13,120,pruned_before,nan,0.000000e+00,0.000000e+00,0.0000,0.0000,0
63,features.13,121,pruned_before,nan,0.000000e+00,0.000000e+00,0.0000,0.0000,0
63,features.13,122,pruned_before,nan,0.000000e+00,0.000000e+00,0.0000,0.0000,0
63,features.13,123,pruned_before,nan,0.000000e+00,0.000000e+00,0.0000,0.0000,0
63,features.13,124,pruned_before,nan,0.000000e+00,0.000000e+00,0.0000,0.0000,0
63,features.13,125,pruned_before,nan,0.000000e+00,0.000000e+00,0.0000,0.0000,0
63,features.13,126,pruned_before,nan,0.000000e+00,0.000000e+00,0.0000,0.0000,0
63,features.13,127,pruned_before,nan,0.000000e+00,0.000000e+00,0.0000,0.0000,0
63,features.13,128,pruned_before,nan,0.000000e+00,0.000000e+00,0.0000,0.0000,0
63,features.13,129,pruned_before,nan,0.000000e+00,0.000000e+00,0.0000,0.0000,0
63,features.13,130,pruned_before,nan,0.000000e+00,0.000000e+00,0.0000,0.0000,0
63,features.13,131,pruned_before,nan,0.000000e+00,0.000000e+00,0.0000,0.0000,0
63,features.13,132,pruned_before,nan,0.000000e+00,0.000000e+00,0.0000,0.0000,0
63,features.13,133,active,0.473022,8.182125e-08,5.368467e-04,0.2746,0.5561,201
63,features.13,134,pruned_before,nan,0.000000e+00,0.000000e+00,0.0000,0.0000,0
63,features.13,135,pruned_before,nan,0.000000e+00,0.000000e+00,0.0000,0.0000,0
63,features.13,136,pruned_before,nan,0.000000e+00,0.000000e+00,0.0000,0.0000,0
63,features.13,137,pruned_before,nan,0.000000e+00,0.000000e+00,0.0000,0.0000,0
63,features.13,138,pruned_before,nan,0.000000e+00,0.000000e+00,0.0000,0.0000,0
63,features.13,139,pruned_before,nan,0.000000e+00,0.000000e+00,0.0000,0.0000,0
63,features.13,140,pruned_before,nan,0.000000e+00,0.000000e+00,0.0000,0.0000,0
63,features.13,141,pruned_before,nan,0.000000e+00,0.000000e+00,0.0000,0.0000,0
63,features.13,142,pruned_before,nan,0.000000e+00,0.000000e+00,0.0000,0.0000,0
63,features.13,143,pruned_before,nan,0.000000e+00,0.000000e+00,0.0000,0.0000,0
63,features.13,144,pruned_before,nan,0.000000e+00,0.000000e+00,0.0000,0.0000,0
63,features.13,145,pruned_before,nan,0.000000e+00,0.000000e+00,0.0000,0.0000,0
63,features.13,146,pruned_before,nan,0.000000e+00,0.000000e+00,0.0000,0.0000,0
63,features.13,147,pruned_before,nan,0.000000e+00,0.000000e+00,0.0000,0.0000,0
63,features.13,148,pruned_before,nan,0.000000e+00,0.000000e+00,0.0000,0.0000,0
63,features.13,149,pruned_before,nan,0.000000e+00,0.000000e+00,0.0000,0.0000,0
63,features.13,150,pruned_before,nan,0.000000e+00,0.000000e+00,0.0000,0.0000,0
63,features.13,151,pruned_before,nan,0.000000e+00,0.000000e+00,0.0000,0.0000,0
63,features.13,152,pruned_before,nan,0.000000e+00,0.000000e+00,0.0000,0.0000,0
63,features.13,153,pruned_before,nan,0.000000e+00,0.000000e+00,0.0000,0.0000,0
63,features.13,154,pruned_before,nan,0.000000e+00,0.000000e+00,0.0000,0.0000,0
63,features.13,155,pruned_before,nan,0.000000e+00,0.000000e+00,0.0000,0.0000,0
63,features.13,156,pruned_before,nan,0.000000e+00,0.000000e+00,0.0000,0.0000,0
63,features.13,157,pruned_before,nan,0.000000e+00,0.000000e+00,0.0000,0.0000,0
63,features.13,158,pruned_before,nan,0.000000e+00,0.000000e+00,0.0000,0.0000,0
63,features.13,159,pruned_before,nan,0.000000e+00,0.000000e+00,0.0000,0.0000,0
63,features.13,160,pruned_before,nan,0.000000e+00,0.000000e+00,0.0000,0.0000,0
63,features.13,161,pruned_before,nan,0.000000e+00,0.000000e+00,0.0000,0.0000,0
63,features.13,162,pruned_before,nan,0.000000e+00,0.000000e+00,0.0000,0.0000,0
63,features.13,163,pruned_before,nan,0.000000e+00,0.000000e+00,0.0000,0.0000,0
63,features.13,164,pruned_before,nan,0.000000e+00,0.000000e+00,0.0000,0.0000,0
63,features.13,165,pruned_before,nan,0.000000e+00,0.000000e+00,0.0000,0.0000,0
63,features.13,166,pruned_before,nan,0.000000e+00,0.000000e+00,0.0000,0.0000,0
63,features.13,167,pruned_before,nan,0.000000e+00,0.000000e+00,0.0000,0.0000,0
63,features.13,168,pruned_before,nan,0.000000e+00,0.000000e+00,0.0000,0.0000,0
63,features.13,169,pruned_before,nan,0.000000e+00,0.000000e+00,0.0000,0.0000,0
63,features.13,170,pruned_before,nan,0.000000e+00,0.000000e+00,0.0000,0.0000,0
63,features.13,171,pruned_before,nan,0.000000e+00,0.000000e+00,0.0000,0.0000,0
63,features.13,172,pruned_before,nan,0.000000e+00,0.000000e+00,0.0000,0.0000,0
63,features.13,173,pruned_before,nan,0.000000e+00,0.000000e+00,0.0000,0.0000,0
63,features.13,174,pruned_before,nan,0.000000e+00,0.000000e+00,0.0000,0.0000,0
63,features.13,175,pruned_before,nan,0.000000e+00,0.000000e+00,0.0000,0.0000,0
63,features.13,176,pruned_before,nan,0.000000e+00,0.000000e+00,0.0000,0.0000,0
63,features.13,177,pruned_before,nan,0.000000e+00,0.000000e+00,0.0000,0.0000,0
63,features.13,178,pruned_before,nan,0.000000e+00,0.000000e+00,0.0000,0.0000,0
63,features.13,179,pruned_before,nan,0.000000e+00,0.000000e+00,0.0000,0.0000,0
63,features.13,180,pruned_before,nan,0.000000e+00,0.000000e+00,0.0000,0.0000,0
63,features.13,181,pruned_before,nan,0.000000e+00,0.000000e+00,0.0000,0.0000,0
63,features.13,182,pruned_before,nan,0.000000e+00,0.000000e+00,0.0000,0.0000,0
63,features.13,183,pruned_before,nan,0.000000e+00,0.000000e+00,0.0000,0.0000,0
63,features.13,184,pruned_before,nan,0.000000e+00,0.000000e+00,0.0000,0.0000,0
63,features.13,185,pruned_before,nan,0.000000e+00,0.000000e+00,0.0000,0.0000,0
63,features.13,186,pruned_before,nan,0.000000e+00,0.000000e+00,0.0000,0.0000,0
63,features.13,187,pruned_before,nan,0.000000e+00,0.000000e+00,0.0000,0.0000,0
63,features.13,188,active,0.270283,4.202641e-08,3.050509e-04,0.1411,0.3160,201
63,features.13,189,pruned_before,nan,0.000000e+00,0.000000e+00,0.0000,0.0000,0
63,features.13,190,pruned_before,nan,0.000000e+00,0.000000e+00,0.0000,0.0000,0
63,features.13,191,pruned_before,nan,0.000000e+00,0.000000e+00,0.0000,0.0000,0
63,features.13,192,pruned_before,nan,0.000000e+00,0.000000e+00,0.0000,0.0000,0
63,features.13,193,pruned_before,nan,0.000000e+00,0.000000e+00,0.0000,0.0000,0
63,features.13,194,pruned_before,nan,0.000000e+00,0.000000e+00,0.0000,0.0000,0
63,features.13,195,pruned_before,nan,0.000000e+00,0.000000e+00,0.0000,0.0000,0
63,features.13,196,pruned_before,nan,0.000000e+00,0.000000e+00,0.0000,0.0000,0
63,features.13,197,pruned_before,nan,0.000000e+00,0.000000e+00,0.0000,0.0000,0
63,features.13,198,pruned_before,nan,0.000000e+00,0.000000e+00,0.0000,0.0000,0
63,features.13,199,pruned_before,nan,0.000000e+00,0.000000e+00,0.0000,0.0000,0
63,features.13,200,pruned_before,nan,0.000000e+00,0.000000e+00,0.0000,0.0000,0
63,features.13,201,pruned_before,nan,0.000000e+00,0.000000e+00,0.0000,0.0000,0
63,features.13,202,pruned_before,nan,0.000000e+00,0.000000e+00,0.0000,0.0000,0
63,features.13,203,pruned_before,nan,0.000000e+00,0.000000e+00,0.0000,0.0000,0
63,features.13,204,pruned_before,nan,0.000000e+00,0.000000e+00,0.0000,0.0000,0
63,features.13,205,pruned_before,nan,0.000000e+00,0.000000e+00,0.0000,0.0000,0
63,features.13,206,pruned_before,nan,0.000000e+00,0.000000e+00,0.0000,0.0000,0
63,features.13,207,pruned_before,nan,0.000000e+00,0.000000e+00,0.0000,0.0000,0
63,features.13,208,pruned_before,nan,0.000000e+00,0.000000e+00,0.0000,0.0000,0
63,features.13,209,pruned_before,nan,0.000000e+00,0.000000e+00,0.0000,0.0000,0
63,features.13,210,pruned_before,nan,0.000000e+00,0.000000e+00,0.0000,0.0000,0
63,features.13,211,pruned_before,nan,0.000000e+00,0.000000e+00,0.0000,0.0000,0
63,features.13,212,pruned_before,nan,0.000000e+00,0.000000e+00,0.0000,0.0000,0
63,features.13,213,pruned_before,nan,0.000000e+00,0.000000e+00,0.0000,0.0000,0
63,features.13,214,pruned_before,nan,0.000000e+00,0.000000e+00,0.0000,0.0000,0
63,features.13,215,pruned_before,nan,0.000000e+00,0.000000e+00,0.0000,0.0000,0
63,features.13,216,pruned_before,nan,0.000000e+00,0.000000e+00,0.0000,0.0000,0
63,features.13,217,pruned_before,nan,0.000000e+00,0.000000e+00,0.0000,0.0000,0
63,features.13,218,pruned_before,nan,0.000000e+00,0.000000e+00,0.0000,0.0000,0
63,features.13,219,pruned_before,nan,0.000000e+00,0.000000e+00,0.0000,0.0000,0
63,features.13,220,pruned_before,nan,0.000000e+00,0.000000e+00,0.0000,0.0000,0
63,features.13,221,pruned_before,nan,0.000000e+00,0.000000e+00,0.0000,0.0000,0
63,features.13,222,pruned_before,nan,0.000000e+00,0.000000e+00,0.0000,0.0000,0
63,features.13,223,pruned_before,nan,0.000000e+00,0.000000e+00,0.0000,0.0000,0
63,features.13,224,pruned_before,nan,0.000000e+00,0.000000e+00,0.0000,0.0000,0
63,features.13,225,active,-0.000149,1.208598e-09,2.755366e-07,0.0041,0.0003,201
63,features.13,226,pruned_before,nan,0.000000e+00,0.000000e+00,0.0000,0.0000,0
63,features.13,227,pruned_before,nan,0.000000e+00,0.000000e+00,0.0000,0.0000,0
63,features.13,228,pruned_before,nan,0.000000e+00,0.000000e+00,0.0000,0.0000,0
63,features.13,229,pruned_before,nan,0.000000e+00,0.000000e+00,0.0000,0.0000,0
63,features.13,230,pruned_before,nan,0.000000e+00,0.000000e+00,0.0000,0.0000,0
63,features.13,231,pruned_before,nan,0.000000e+00,0.000000e+00,0.0000,0.0000,0
63,features.13,232,pruned_before,nan,0.000000e+00,0.000000e+00,0.0000,0.0000,0
63,features.13,233,pruned_before,nan,0.000000e+00,0.000000e+00,0.0000,0.0000,0
63,features.13,234,pruned_before,nan,0.000000e+00,0.000000e+00,0.0000,0.0000,0
63,features.13,235,pruned_before,nan,0.000000e+00,0.000000e+00,0.0000,0.0000,0
63,features.13,236,pruned_before,nan,0.000000e+00,0.000000e+00,0.0000,0.0000,0
63,features.13,237,pruned_before,nan,0.000000e+00,0.000000e+00,0.0000,0.0000,0
63,features.13,238,pruned_before,nan,0.000000e+00,0.000000e+00,0.0000,0.0000,0
63,features.13,239,active,0.077766,1.733182e-07,1.458179e-04,0.5818,0.1510,201
63,features.13,240,pruned_before,nan,0.000000e+00,0.000000e+00,0.0000,0.0000,0
63,features.13,241,pruned_before,nan,0.000000e+00,0.000000e+00,0.0000,0.0000,0
63,features.13,242,pruned_before,nan,0.000000e+00,0.000000e+00,0.0000,0.0000,0
63,features.13,243,pruned_before,nan,0.000000e+00,0.000000e+00,0.0000,0.0000,0
63,features.13,244,pruned_before,nan,0.000000e+00,0.000000e+00,0.0000,0.0000,0
63,features.13,245,pruned_before,nan,0.000000e+00,0.000000e+00,0.0000,0.0000,0
63,features.13,246,pruned_before,nan,0.000000e+00,0.000000e+00,0.0000,0.0000,0
63,features.13,247,pruned_before,nan,0.000000e+00,0.000000e+00,0.0000,0.0000,0
63,features.13,248,pruned_before,nan,0.000000e+00,0.000000e+00,0.0000,0.0000,0
63,features.13,249,pruned_before,nan,0.000000e+00,0.000000e+00,0.0000,0.0000,0
63,features.13,250,pruned_before,nan,0.000000e+00,0.000000e+00,0.0000,0.0000,0
63,features.13,251,pruned_before,nan,0.000000e+00,0.000000e+00,0.0000,0.0000,0
63,features.13,252,pruned_before,nan,0.000000e+00,0.000000e+00,0.0000,0.0000,0
63,features.13,253,pruned_before,nan,0.000000e+00,0.000000e+00,0.0000,0.0000,0
63,features.13,254,pruned_before,nan,0.000000e+00,0.000000e+00,0.0000,0.0000,0
63,features.13,255,pruned_before,nan,0.000000e+00,0.000000e+00,0.0000,0.0000,0
63,features.13,256,pruned_before,nan,0.000000e+00,0.000000e+00,0.0000,0.0000,0
63,features.13,257,pruned_before,nan,0.000000e+00,0.000000e+00,0.0000,0.0000,0
63,features.13,258,pruned_before,nan,0.000000e+00,0.000000e+00,0.0000,0.0000,0
63,features.13,259,pruned_before,nan,0.000000e+00,0.000000e+00,0.0000,0.0000,0
63,features.13,260,pruned_before,nan,0.000000e+00,0.000000e+00,0.0000,0.0000,0
63,features.13,261,pruned_before,nan,0.000000e+00,0.000000e+00,0.0000,0.0000,0
63,features.13,262,pruned_before,nan,0.000000e+00,0.000000e+00,0.0000,0.0000,0
63,features.13,263,pruned_before,nan,0.000000e+00,0.000000e+00,0.0000,0.0000,0
63,features.13,264,pruned_before,nan,0.000000e+00,0.000000e+00,0.0000,0.0000,0
63,features.13,265,pruned_before,nan,0.000000e+00,0.000000e+00,0.0000,0.0000,0
63,features.13,266,pruned_before,nan,0.000000e+00,0.000000e+00,0.0000,0.0000,0
63,features.13,267,pruned_before,nan,0.000000e+00,0.000000e+00,0.0000,0.0000,0
63,features.13,268,pruned_before,nan,0.000000e+00,0.000000e+00,0.0000,0.0000,0
63,features.13,269,pruned_before,nan,0.000000e+00,0.000000e+00,0.0000,0.0000,0
63,features.13,270,pruned_before,nan,0.000000e+00,0.000000e+00,0.0000,0.0000,0
63,features.13,271,pruned_before,nan,0.000000e+00,0.000000e+00,0.0000,0.0000,0
63,features.13,272,pruned_before,nan,0.000000e+00,0.000000e+00,0.0000,0.0000,0
63,features.13,273,pruned_before,nan,0.000000e+00,0.000000e+00,0.0000,0.0000,0
63,features.13,274,pruned_before,nan,0.000000e+00,0.000000e+00,0.0000,0.0000,0
63,features.13,275,pruned_before,nan,0.000000e+00,0.000000e+00,0.0000,0.0000,0
63,features.13,276,pruned_before,nan,0.000000e+00,0.000000e+00,0.0000,0.0000,0
63,features.13,277,pruned_before,nan,0.000000e+00,0.000000e+00,0.0000,0.0000,0
63,features.13,278,pruned_before,nan,0.000000e+00,0.000000e+00,0.0000,0.0000,0
63,features.13,279,active,0.079340,9.439545e-08,1.190908e-04,0.3168,0.1234,201
63,features.13,280,pruned_before,nan,0.000000e+00,0.000000e+00,0.0000,0.0000,0
63,features.13,281,pruned_before,nan,0.000000e+00,0.000000e+00,0.0000,0.0000,0
63,features.13,282,pruned_before,nan,0.000000e+00,0.000000e+00,0.0000,0.0000,0
63,features.13,283,pruned_before,nan,0.000000e+00,0.000000e+00,0.0000,0.0000,0
63,features.13,284,pruned_before,nan,0.000000e+00,0.000000e+00,0.0000,0.0000,0
63,features.13,285,pruned_before,nan,0.000000e+00,0.000000e+00,0.0000,0.0000,0
63,features.13,286,pruned_before,nan,0.000000e+00,0.000000e+00,0.0000,0.0000,0
63,features.13,287,pruned_before,nan,0.000000e+00,0.000000e+00,0.0000,0.0000,0
63,features.13,288,pruned_before,nan,0.000000e+00,0.000000e+00,0.0000,0.0000,0
63,features.13,289,pruned_before,nan,0.000000e+00,0.000000e+00,0.0000,0.0000,0
63,features.13,290,pruned_before,nan,0.000000e+00,0.000000e+00,0.0000,0.0000,0
63,features.13,291,pruned_before,nan,0.000000e+00,0.000000e+00,0.0000,0.0000,0
63,features.13,292,pruned_before,nan,0.000000e+00,0.000000e+00,0.0000,0.0000,0
63,features.13,293,pruned_before,nan,0.000000e+00,0.000000e+00,0.0000,0.0000,0
63,features.13,294,pruned_before,nan,0.000000e+00,0.000000e+00,0.0000,0.0000,0
63,features.13,295,pruned_before,nan,0.000000e+00,0.000000e+00,0.0000,0.0000,0
63,features.13,296,pruned_before,nan,0.000000e+00,0.000000e+00,0.0000,0.0000,0
63,features.13,297,pruned_before,nan,0.000000e+00,0.000000e+00,0.0000,0.0000,0
63,features.13,298,pruned_before,nan,0.000000e+00,0.000000e+00,0.0000,0.0000,0
63,features.13,299,pruned_before,nan,0.000000e+00,0.000000e+00,0.0000,0.0000,0
63,features.13,300,pruned_before,nan,0.000000e+00,0.000000e+00,0.0000,0.0000,0
63,features.13,301,pruned_before,nan,0.000000e+00,0.000000e+00,0.0000,0.0000,0
63,features.13,302,pruned_before,nan,0.000000e+00,0.000000e+00,0.0000,0.0000,0
63,features.13,303,pruned_before,nan,0.000000e+00,0.000000e+00,0.0000,0.0000,0
63,features.13,304,pruned_before,nan,0.000000e+00,0.000000e+00,0.0000,0.0000,0
63,features.13,305,pruned_before,nan,0.000000e+00,0.000000e+00,0.0000,0.0000,0
63,features.13,306,pruned_before,nan,0.000000e+00,0.000000e+00,0.0000,0.0000,0
63,features.13,307,pruned_before,nan,0.000000e+00,0.000000e+00,0.0000,0.0000,0
63,features.13,308,pruned_before,nan,0.000000e+00,0.000000e+00,0.0000,0.0000,0
63,features.13,309,pruned_before,nan,0.000000e+00,0.000000e+00,0.0000,0.0000,0
63,features.13,310,pruned_before,nan,0.000000e+00,0.000000e+00,0.0000,0.0000,0
63,features.13,311,pruned_before,nan,0.000000e+00,0.000000e+00,0.0000,0.0000,0
63,features.13,312,pruned_before,nan,0.000000e+00,0.000000e+00,0.0000,0.0000,0
63,features.13,313,pruned_before,nan,0.000000e+00,0.000000e+00,0.0000,0.0000,0
63,features.13,314,pruned_before,nan,0.000000e+00,0.000000e+00,0.0000,0.0000,0
63,features.13,315,pruned_before,nan,0.000000e+00,0.000000e+00,0.0000,0.0000,0
63,features.13,316,pruned_before,nan,0.000000e+00,0.000000e+00,0.0000,0.0000,0
63,features.13,317,pruned_before,nan,0.000000e+00,0.000000e+00,0.0000,0.0000,0
63,features.13,318,pruned_before,nan,0.000000e+00,0.000000e+00,0.0000,0.0000,0
63,features.13,319,pruned_before,nan,0.000000e+00,0.000000e+00,0.0000,0.0000,0
63,features.13,320,pruned_before,nan,0.000000e+00,0.000000e+00,0.0000,0.0000,0
63,features.13,321,pruned_before,nan,0.000000e+00,0.000000e+00,0.0000,0.0000,0
63,features.13,322,pruned_before,nan,0.000000e+00,0.000000e+00,0.0000,0.0000,0
63,features.13,323,pruned_before,nan,0.000000e+00,0.000000e+00,0.0000,0.0000,0
63,features.13,324,pruned_before,nan,0.000000e+00,0.000000e+00,0.0000,0.0000,0
63,features.13,325,pruned_before,nan,0.000000e+00,0.000000e+00,0.0000,0.0000,0
63,features.13,326,pruned_before,nan,0.000000e+00,0.000000e+00,0.0000,0.0000,0
63,features.13,327,pruned_before,nan,0.000000e+00,0.000000e+00,0.0000,0.0000,0
63,features.13,328,pruned_before,nan,0.000000e+00,0.000000e+00,0.0000,0.0000,0
63,features.13,329,pruned_before,nan,0.000000e+00,0.000000e+00,0.0000,0.0000,0
63,features.13,330,pruned_before,nan,0.000000e+00,0.000000e+00,0.0000,0.0000,0
63,features.13,331,pruned_before,nan,0.000000e+00,0.000000e+00,0.0000,0.0000,0
63,features.13,332,pruned_before,nan,0.000000e+00,0.000000e+00,0.0000,0.0000,0
63,features.13,333,pruned_before,nan,0.000000e+00,0.000000e+00,0.0000,0.0000,0
63,features.13,334,pruned_before,nan,0.000000e+00,0.000000e+00,0.0000,0.0000,0
63,features.13,335,pruned_before,nan,0.000000e+00,0.000000e+00,0.0000,0.0000,0
63,features.13,336,pruned_before,nan,0.000000e+00,0.000000e+00,0.0000,0.0000,0
63,features.13,337,pruned_before,nan,0.000000e+00,0.000000e+00,0.0000,0.0000,0
63,features.13,338,pruned_before,nan,0.000000e+00,0.000000e+00,0.0000,0.0000,0
63,features.13,339,pruned_before,nan,0.000000e+00,0.000000e+00,0.0000,0.0000,0
63,features.13,340,pruned_before,nan,0.000000e+00,0.000000e+00,0.0000,0.0000,0
63,features.13,341,active,0.135480,1.767524e-07,2.089614e-04,0.5933,0.2165,201
63,features.13,342,pruned_before,nan,0.000000e+00,0.000000e+00,0.0000,0.0000,0
63,features.13,343,pruned_before,nan,0.000000e+00,0.000000e+00,0.0000,0.0000,0
63,features.13,344,pruned_before,nan,0.000000e+00,0.000000e+00,0.0000,0.0000,0
63,features.13,345,pruned_before,nan,0.000000e+00,0.000000e+00,0.0000,0.0000,0
63,features.13,346,pruned_before,nan,0.000000e+00,0.000000e+00,0.0000,0.0000,0
63,features.13,347,pruned_before,nan,0.000000e+00,0.000000e+00,0.0000,0.0000,0
63,features.13,348,pruned_before,nan,0.000000e+00,0.000000e+00,0.0000,0.0000,0
63,features.13,349,pruned_before,nan,0.000000e+00,0.000000e+00,0.0000,0.0000,0
63,features.13,350,pruned_before,nan,0.000000e+00,0.000000e+00,0.0000,0.0000,0
63,features.13,351,pruned_before,nan,0.000000e+00,0.000000e+00,0.0000,0.0000,0
63,features.13,352,pruned_before,nan,0.000000e+00,0.000000e+00,0.0000,0.0000,0
63,features.13,353,pruned_before,nan,0.000000e+00,0.000000e+00,0.0000,0.0000,0
63,features.13,354,pruned_before,nan,0.000000e+00,0.000000e+00,0.0000,0.0000,0
63,features.13,355,pruned_before,nan,0.000000e+00,0.000000e+00,0.0000,0.0000,0
63,features.13,356,pruned_before,nan,0.000000e+00,0.000000e+00,0.0000,0.0000,0
63,features.13,357,protected,0.800000,2.979206e-07,9.653860e-04,1.0000,1.0000,201
63,features.13,358,pruned_before,nan,0.000000e+00,0.000000e+00,0.0000,0.0000,0
63,features.13,359,pruned_before,nan,0.000000e+00,0.000000e+00,0.0000,0.0000,0
63,features.13,360,pruned_before,nan,0.000000e+00,0.000000e+00,0.0000,0.0000,0
63,features.13,361,pruned_before,nan,0.000000e+00,0.000000e+00,0.0000,0.0000,0
63,features.13,362,pruned_before,nan,0.000000e+00,0.000000e+00,0.0000,0.0000,0
63,features.13,363,pruned_before,nan,0.000000e+00,0.000000e+00,0.0000,0.0000,0
63,features.13,364,pruned_before,nan,0.000000e+00,0.000000e+00,0.0000,0.0000,0
63,features.13,365,pruned_before,nan,0.000000e+00,0.000000e+00,0.0000,0.0000,0
63,features.13,366,pruned_before,nan,0.000000e+00,0.000000e+00,0.0000,0.0000,0
63,features.13,367,pruned_before,nan,0.000000e+00,0.000000e+00,0.0000,0.0000,0
63,features.13,368,pruned_before,nan,0.000000e+00,0.000000e+00,0.0000,0.0000,0
63,features.13,369,pruned_before,nan,0.000000e+00,0.000000e+00,0.0000,0.0000,0
63,features.13,370,pruned_before,nan,0.000000e+00,0.000000e+00,0.0000,0.0000,0
63,features.13,371,pruned_before,nan,0.000000e+00,0.000000e+00,0.0000,0.0000,0
63,features.13,372,active,0.095974,3.838988e-08,1.167692e-04,0.1289,0.1210,201
63,features.13,373,pruned_before,nan,0.000000e+00,0.000000e+00,0.0000,0.0000,0
63,features.13,374,pruned_before,nan,0.000000e+00,0.000000e+00,0.0000,0.0000,0
63,features.13,375,pruned_before,nan,0.000000e+00,0.000000e+00,0.0000,0.0000,0
63,features.13,376,pruned_before,nan,0.000000e+00,0.000000e+00,0.0000,0.0000,0
63,features.13,377,pruned_before,nan,0.000000e+00,0.000000e+00,0.0000,0.0000,0
63,features.13,378,pruned_before,nan,0.000000e+00,0.000000e+00,0.0000,0.0000,0
63,features.13,379,pruned_before,nan,0.000000e+00,0.000000e+00,0.0000,0.0000,0
63,features.13,380,pruned_before,nan,0.000000e+00,0.000000e+00,0.0000,0.0000,0
63,features.13,381,pruned_before,nan,0.000000e+00,0.000000e+00,0.0000,0.0000,0
63,features.13,382,pruned_before,nan,0.000000e+00,0.000000e+00,0.0000,0.0000,0
63,features.13,383,pruned_before,nan,0.000000e+00,0.000000e+00,0.0000,0.0000,0
63,features.13,384,pruned_before,nan,0.000000e+00,0.000000e+00,0.0000,0.0000,0
63,features.13,385,pruned_before,nan,0.000000e+00,0.000000e+00,0.0000,0.0000,0
63,features.13,386,pruned_before,nan,0.000000e+00,0.000000e+00,0.0000,0.0000,0
63,features.13,387,pruned_before,nan,0.000000e+00,0.000000e+00,0.0000,0.0000,0
63,features.13,388,pruned_before,nan,0.000000e+00,0.000000e+00,0.0000,0.0000,0
63,features.13,389,pruned_before,nan,0.000000e+00,0.000000e+00,0.0000,0.0000,0
63,features.13,390,pruned_before,nan,0.000000e+00,0.000000e+00,0.0000,0.0000,0
63,features.13,391,pruned_before,nan,0.000000e+00,0.000000e+00,0.0000,0.0000,0
63,features.13,392,pruned_before,nan,0.000000e+00,0.000000e+00,0.0000,0.0000,0
63,features.13,393,pruned_before,nan,0.000000e+00,0.000000e+00,0.0000,0.0000,0
63,features.13,394,pruned_before,nan,0.000000e+00,0.000000e+00,0.0000,0.0000,0
63,features.13,395,pruned_before,nan,0.000000e+00,0.000000e+00,0.0000,0.0000,0
63,features.13,396,pruned_before,nan,0.000000e+00,0.000000e+00,0.0000,0.0000,0
63,features.13,397,pruned_before,nan,0.000000e+00,0.000000e+00,0.0000,0.0000,0
63,features.13,398,pruned_before,nan,0.000000e+00,0.000000e+00,0.0000,0.0000,0
63,features.13,399,pruned_before,nan,0.000000e+00,0.000000e+00,0.0000,0.0000,0
63,features.13,400,pruned_before,nan,0.000000e+00,0.000000e+00,0.0000,0.0000,0
63,features.13,401,pruned_before,nan,0.000000e+00,0.000000e+00,0.0000,0.0000,0
63,features.13,402,pruned_before,nan,0.000000e+00,0.000000e+00,0.0000,0.0000,0
63,features.13,403,pruned_before,nan,0.000000e+00,0.000000e+00,0.0000,0.0000,0
63,features.13,404,pruned_before,nan,0.000000e+00,0.000000e+00,0.0000,0.0000,0
63,features.13,405,pruned_before,nan,0.000000e+00,0.000000e+00,0.0000,0.0000,0
63,features.13,406,pruned_before,nan,0.000000e+00,0.000000e+00,0.0000,0.0000,0
63,features.13,407,pruned_before,nan,0.000000e+00,0.000000e+00,0.0000,0.0000,0
63,features.13,408,pruned_before,nan,0.000000e+00,0.000000e+00,0.0000,0.0000,0
63,features.13,409,pruned_before,nan,0.000000e+00,0.000000e+00,0.0000,0.0000,0
63,features.13,410,pruned_before,nan,0.000000e+00,0.000000e+00,0.0000,0.0000,0
63,features.13,411,pruned_before,nan,0.000000e+00,0.000000e+00,0.0000,0.0000,0
63,features.13,412,pruned_before,nan,0.000000e+00,0.000000e+00,0.0000,0.0000,0
63,features.13,413,pruned_before,nan,0.000000e+00,0.000000e+00,0.0000,0.0000,0
63,features.13,414,pruned_before,nan,0.000000e+00,0.000000e+00,0.0000,0.0000,0
63,features.13,415,pruned_before,nan,0.000000e+00,0.000000e+00,0.0000,0.0000,0
63,features.13,416,pruned_before,nan,0.000000e+00,0.000000e+00,0.0000,0.0000,0
63,features.13,417,pruned_before,nan,0.000000e+00,0.000000e+00,0.0000,0.0000,0
63,features.13,418,pruned_before,nan,0.000000e+00,0.000000e+00,0.0000,0.0000,0
63,features.13,419,pruned_before,nan,0.000000e+00,0.000000e+00,0.0000,0.0000,0
63,features.13,420,active,0.021230,5.779897e-08,4.358249e-05,0.1940,0.0451,201
63,features.13,421,pruned_before,nan,0.000000e+00,0.000000e+00,0.0000,0.0000,0
63,features.13,422,pruned_before,nan,0.000000e+00,0.000000e+00,0.0000,0.0000,0
63,features.13,423,pruned_before,nan,0.000000e+00,0.000000e+00,0.0000,0.0000,0
63,features.13,424,pruned_before,nan,0.000000e+00,0.000000e+00,0.0000,0.0000,0
63,features.13,425,pruned_before,nan,0.000000e+00,0.000000e+00,0.0000,0.0000,0
63,features.13,426,pruned_before,nan,0.000000e+00,0.000000e+00,0.0000,0.0000,0
63,features.13,427,pruned_before,nan,0.000000e+00,0.000000e+00,0.0000,0.0000,0
63,features.13,428,pruned_before,nan,0.000000e+00,0.000000e+00,0.0000,0.0000,0
63,features.13,429,pruned_before,nan,0.000000e+00,0.000000e+00,0.0000,0.0000,0
63,features.13,430,pruned_before,nan,0.000000e+00,0.000000e+00,0.0000,0.0000,0
63,features.13,431,pruned_before,nan,0.000000e+00,0.000000e+00,0.0000,0.0000,0
63,features.13,432,pruned_before,nan,0.000000e+00,0.000000e+00,0.0000,0.0000,0
63,features.13,433,pruned_before,nan,0.000000e+00,0.000000e+00,0.0000,0.0000,0
63,features.13,434,pruned_before,nan,0.000000e+00,0.000000e+00,0.0000,0.0000,0
63,features.13,435,pruned_before,nan,0.000000e+00,0.000000e+00,0.0000,0.0000,0
63,features.13,436,pruned_before,nan,0.000000e+00,0.000000e+00,0.0000,0.0000,0
63,features.13,437,pruned_before,nan,0.000000e+00,0.000000e+00,0.0000,0.0000,0
63,features.13,438,pruned_before,nan,0.000000e+00,0.000000e+00,0.0000,0.0000,0
63,features.13,439,pruned_before,nan,0.000000e+00,0.000000e+00,0.0000,0.0000,0
63,features.13,440,pruned_before,nan,0.000000e+00,0.000000e+00,0.0000,0.0000,0
63,features.13,441,pruned_before,nan,0.000000e+00,0.000000e+00,0.0000,0.0000,0
63,features.13,442,pruned_before,nan,0.000000e+00,0.000000e+00,0.0000,0.0000,0
63,features.13,443,active,-0.001916,1.335918e-07,4.604331e-05,0.4484,0.0477,201
63,features.13,444,pruned_before,nan,0.000000e+00,0.000000e+00,0.0000,0.0000,0
63,features.13,445,pruned_before,nan,0.000000e+00,0.000000e+00,0.0000,0.0000,0
63,features.13,446,pruned_before,nan,0.000000e+00,0.000000e+00,0.0000,0.0000,0
63,features.13,447,pruned_before,nan,0.000000e+00,0.000000e+00,0.0000,0.0000,0
63,features.13,448,pruned_before,nan,0.000000e+00,0.000000e+00,0.0000,0.0000,0
63,features.13,449,pruned_before,nan,0.000000e+00,0.000000e+00,0.0000,0.0000,0
63,features.13,450,pruned_before,nan,0.000000e+00,0.000000e+00,0.0000,0.0000,0
63,features.13,451,active,0.263003,4.353369e-08,2.977847e-04,0.1461,0.3085,201
63,features.13,452,pruned_before,nan,0.000000e+00,0.000000e+00,0.0000,0.0000,0
63,features.13,453,pruned_before,nan,0.000000e+00,0.000000e+00,0.0000,0.0000,0
63,features.13,454,pruned_before,nan,0.000000e+00,0.000000e+00,0.0000,0.0000,0
63,features.13,455,pruned_before,nan,0.000000e+00,0.000000e+00,0.0000,0.0000,0
63,features.13,456,pruned_before,nan,0.000000e+00,0.000000e+00,0.0000,0.0000,0
63,features.13,457,pruned_before,nan,0.000000e+00,0.000000e+00,0.0000,0.0000,0
63,features.13,458,pruned_before,nan,0.000000e+00,0.000000e+00,0.0000,0.0000,0
63,features.13,459,pruned_before,nan,0.000000e+00,0.000000e+00,0.0000,0.0000,0
63,features.13,460,pruned_before,nan,0.000000e+00,0.000000e+00,0.0000,0.0000,0
63,features.13,461,pruned_before,nan,0.000000e+00,0.000000e+00,0.0000,0.0000,0
63,features.13,462,pruned_before,nan,0.000000e+00,0.000000e+00,0.0000,0.0000,0
63,features.13,463,pruned_before,nan,0.000000e+00,0.000000e+00,0.0000,0.0000,0
63,features.13,464,pruned_before,nan,0.000000e+00,0.000000e+00,0.0000,0.0000,0
63,features.13,465,pruned_before,nan,0.000000e+00,0.000000e+00,0.0000,0.0000,0
63,features.13,466,active,-0.003613,3.088571e-08,7.244801e-06,0.1037,0.0075,201
63,features.13,467,pruned_before,nan,0.000000e+00,0.000000e+00,0.0000,0.0000,0
63,features.13,468,pruned_before,nan,0.000000e+00,0.000000e+00,0.0000,0.0000,0
63,features.13,469,pruned_before,nan,0.000000e+00,0.000000e+00,0.0000,0.0000,0
63,features.13,470,pruned_before,nan,0.000000e+00,0.000000e+00,0.0000,0.0000,0
63,features.13,471,pruned_before,nan,0.000000e+00,0.000000e+00,0.0000,0.0000,0
63,features.13,472,pruned_before,nan,0.000000e+00,0.000000e+00,0.0000,0.0000,0
63,features.13,473,pruned_before,nan,0.000000e+00,0.000000e+00,0.0000,0.0000,0
63,features.13,474,pruned_before,nan,0.000000e+00,0.000000e+00,0.0000,0.0000,0
63,features.13,475,pruned_before,nan,0.000000e+00,0.000000e+00,0.0000,0.0000,0
63,features.13,476,pruned_before,nan,0.000000e+00,0.000000e+00,0.0000,0.0000,0
63,features.13,477,pruned_before,nan,0.000000e+00,0.000000e+00,0.0000,0.0000,0
63,features.13,478,pruned_before,nan,0.000000e+00,0.000000e+00,0.0000,0.0000,0
63,features.13,479,pruned_before,nan,0.000000e+00,0.000000e+00,0.0000,0.0000,0
63,features.13,480,pruned_before,nan,0.000000e+00,0.000000e+00,0.0000,0.0000,0
63,features.13,481,pruned_before,nan,0.000000e+00,0.000000e+00,0.0000,0.0000,0
63,features.13,482,pruned_before,nan,0.000000e+00,0.000000e+00,0.0000,0.0000,0
63,features.13,483,pruned_before,nan,0.000000e+00,0.000000e+00,0.0000,0.0000,0
63,features.13,484,pruned_before,nan,0.000000e+00,0.000000e+00,0.0000,0.0000,0
63,features.13,485,pruned_before,nan,0.000000e+00,0.000000e+00,0.0000,0.0000,0
63,features.13,486,pruned_before,nan,0.000000e+00,0.000000e+00,0.0000,0.0000,0
63,features.13,487,pruned_before,nan,0.000000e+00,0.000000e+00,0.0000,0.0000,0
63,features.13,488,pruned_before,nan,0.000000e+00,0.000000e+00,0.0000,0.0000,0
63,features.13,489,pruned_before,nan,0.000000e+00,0.000000e+00,0.0000,0.0000,0
63,features.13,490,active,-0.000305,2.039403e-09,4.069552e-07,0.0068,0.0004,201
63,features.13,491,pruned_before,nan,0.000000e+00,0.000000e+00,0.0000,0.0000,0
63,features.13,492,pruned_before,nan,0.000000e+00,0.000000e+00,0.0000,0.0000,0
63,features.13,493,pruned_before,nan,0.000000e+00,0.000000e+00,0.0000,0.0000,0
63,features.13,494,active,0.391330,1.065708e-07,4.581310e-04,0.3577,0.4746,201
63,features.13,495,pruned_before,nan,0.000000e+00,0.000000e+00,0.0000,0.0000,0
63,features.13,496,pruned_before,nan,0.000000e+00,0.000000e+00,0.0000,0.0000,0
63,features.13,497,pruned_before,nan,0.000000e+00,0.000000e+00,0.0000,0.0000,0
63,features.13,498,pruned_before,nan,0.000000e+00,0.000000e+00,0.0000,0.0000,0
63,features.13,499,pruned_before,nan,0.000000e+00,0.000000e+00,0.0000,0.0000,0
63,features.13,500,pruned_before,nan,0.000000e+00,0.000000e+00,0.0000,0.0000,0
63,features.13,501,pruned_before,nan,0.000000e+00,0.000000e+00,0.0000,0.0000,0
63,features.13,502,pruned_before,nan,0.000000e+00,0.000000e+00,0.0000,0.0000,0
63,features.13,503,pruned_before,nan,0.000000e+00,0.000000e+00,0.0000,0.0000,0
63,features.13,504,pruned_before,nan,0.000000e+00,0.000000e+00,0.0000,0.0000,0
63,features.13,505,pruned_before,nan,0.000000e+00,0.000000e+00,0.0000,0.0000,0
63,features.13,506,pruned_before,nan,0.000000e+00,0.000000e+00,0.0000,0.0000,0
63,features.13,507,pruned_before,nan,0.000000e+00,0.000000e+00,0.0000,0.0000,0
63,features.13,508,pruned_before,nan,0.000000e+00,0.000000e+00,0.0000,0.0000,0
63,features.13,509,pruned_before,nan,0.000000e+00,0.000000e+00,0.0000,0.0000,0
63,features.13,510,pruned_before,nan,0.000000e+00,0.000000e+00,0.0000,0.0000,0
63,features.13,511,pruned_before,nan,0.000000e+00,0.000000e+00,0.0000,0.0000,0
63,features.13,512,pruned_before,nan,0.000000e+00,0.000000e+00,0.0000,0.0000,0
63,features.13,513,pruned_before,nan,0.000000e+00,0.000000e+00,0.0000,0.0000,0
63,features.13,514,pruned_before,nan,0.000000e+00,0.000000e+00,0.0000,0.0000,0
63,features.13,515,pruned_before,nan,0.000000e+00,0.000000e+00,0.0000,0.0000,0
63,features.13,516,pruned_before,nan,0.000000e+00,0.000000e+00,0.0000,0.0000,0
63,features.13,517,pruned_before,nan,0.000000e+00,0.000000e+00,0.0000,0.0000,0
63,features.13,518,pruned_before,nan,0.000000e+00,0.000000e+00,0.0000,0.0000,0
63,features.13,519,pruned_before,nan,0.000000e+00,0.000000e+00,0.0000,0.0000,0
63,features.13,520,pruned_before,nan,0.000000e+00,0.000000e+00,0.0000,0.0000,0
63,features.13,521,pruned_before,nan,0.000000e+00,0.000000e+00,0.0000,0.0000,0
63,features.13,522,active,0.013997,2.579410e-07,1.078846e-04,0.8658,0.1118,201
63,features.13,523,pruned_before,nan,0.000000e+00,0.000000e+00,0.0000,0.0000,0
63,features.13,524,pruned_before,nan,0.000000e+00,0.000000e+00,0.0000,0.0000,0
63,features.13,525,pruned_before,nan,0.000000e+00,0.000000e+00,0.0000,0.0000,0
63,features.13,526,pruned_before,nan,0.000000e+00,0.000000e+00,0.0000,0.0000,0
63,features.13,527,pruned_before,nan,0.000000e+00,0.000000e+00,0.0000,0.0000,0
63,features.13,528,pruned_before,nan,0.000000e+00,0.000000e+00,0.0000,0.0000,0
63,features.13,529,pruned_before,nan,0.000000e+00,0.000000e+00,0.0000,0.0000,0
63,features.13,530,pruned_before,nan,0.000000e+00,0.000000e+00,0.0000,0.0000,0
63,features.13,531,pruned_before,nan,0.000000e+00,0.000000e+00,0.0000,0.0000,0
63,features.13,532,pruned_before,nan,0.000000e+00,0.000000e+00,0.0000,0.0000,0
63,features.13,533,pruned_before,nan,0.000000e+00,0.000000e+00,0.0000,0.0000,0
63,features.13,534,pruned_before,nan,0.000000e+00,0.000000e+00,0.0000,0.0000,0
63,features.13,535,pruned_before,nan,0.000000e+00,0.000000e+00,0.0000,0.0000,0
63,features.13,536,pruned_before,nan,0.000000e+00,0.000000e+00,0.0000,0.0000,0
63,features.13,537,pruned_before,nan,0.000000e+00,0.000000e+00,0.0000,0.0000,0
63,features.13,538,pruned_before,nan,0.000000e+00,0.000000e+00,0.0000,0.0000,0
63,features.13,539,pruned_before,nan,0.000000e+00,0.000000e+00,0.0000,0.0000,0
63,features.13,540,pruned_before,nan,0.000000e+00,0.000000e+00,0.0000,0.0000,0
63,features.13,541,pruned_before,nan,0.000000e+00,0.000000e+00,0.0000,0.0000,0
63,features.13,542,pruned_before,nan,0.000000e+00,0.000000e+00,0.0000,0.0000,0
63,features.13,543,pruned_before,nan,0.000000e+00,0.000000e+00,0.0000,0.0000,0
63,features.13,544,pruned_before,nan,0.000000e+00,0.000000e+00,0.0000,0.0000,0
63,features.13,545,pruned_before,nan,0.000000e+00,0.000000e+00,0.0000,0.0000,0
63,features.13,546,pruned_before,nan,0.000000e+00,0.000000e+00,0.0000,0.0000,0
63,features.13,547,pruned_before,nan,0.000000e+00,0.000000e+00,0.0000,0.0000,0
63,features.13,548,pruned_before,nan,0.000000e+00,0.000000e+00,0.0000,0.0000,0
63,features.13,549,pruned_before,nan,0.000000e+00,0.000000e+00,0.0000,0.0000,0
63,features.13,550,pruned_before,nan,0.000000e+00,0.000000e+00,0.0000,0.0000,0
63,features.13,551,pruned_before,nan,0.000000e+00,0.000000e+00,0.0000,0.0000,0
63,features.13,552,pruned_before,nan,0.000000e+00,0.000000e+00,0.0000,0.0000,0
63,features.13,553,pruned_before,nan,0.000000e+00,0.000000e+00,0.0000,0.0000,0
63,features.13,554,pruned_before,nan,0.000000e+00,0.000000e+00,0.0000,0.0000,0
63,features.13,555,pruned_before,nan,0.000000e+00,0.000000e+00,0.0000,0.0000,0
63,features.13,556,pruned_before,nan,0.000000e+00,0.000000e+00,0.0000,0.0000,0
63,features.13,557,pruned_before,nan,0.000000e+00,0.000000e+00,0.0000,0.0000,0
63,features.13,558,pruned_before,nan,0.000000e+00,0.000000e+00,0.0000,0.0000,0
63,features.13,559,pruned_before,nan,0.000000e+00,0.000000e+00,0.0000,0.0000,0
63,features.13,560,pruned_before,nan,0.000000e+00,0.000000e+00,0.0000,0.0000,0
63,features.13,561,pruned_before,nan,0.000000e+00,0.000000e+00,0.0000,0.0000,0
63,features.13,562,pruned_before,nan,0.000000e+00,0.000000e+00,0.0000,0.0000,0
63,features.13,563,pruned_before,nan,0.000000e+00,0.000000e+00,0.0000,0.0000,0
63,features.13,564,pruned_before,nan,0.000000e+00,0.000000e+00,0.0000,0.0000,0
63,features.13,565,pruned_before,nan,0.000000e+00,0.000000e+00,0.0000,0.0000,0
63,features.13,566,pruned_before,nan,0.000000e+00,0.000000e+00,0.0000,0.0000,0
63,features.13,567,pruned_before,nan,0.000000e+00,0.000000e+00,0.0000,0.0000,0
63,features.13,568,pruned_before,nan,0.000000e+00,0.000000e+00,0.0000,0.0000,0
63,features.13,569,pruned_before,nan,0.000000e+00,0.000000e+00,0.0000,0.0000,0
63,features.13,570,pruned_before,nan,0.000000e+00,0.000000e+00,0.0000,0.0000,0
63,features.13,571,pruned_before,nan,0.000000e+00,0.000000e+00,0.0000,0.0000,0
63,features.13,572,pruned_before,nan,0.000000e+00,0.000000e+00,0.0000,0.0000,0
63,features.13,573,pruned_before,nan,0.000000e+00,0.000000e+00,0.0000,0.0000,0
63,features.13,574,pruned_before,nan,0.000000e+00,0.000000e+00,0.0000,0.0000,0
63,features.13,575,pruned_before,nan,0.000000e+00,0.000000e+00,0.0000,0.0000,0
63,features.14,0,pruned_before,nan,0.000000e+00,0.000000e+00,0.0000,0.0000,0
63,features.14,1,pruned_before,nan,0.000000e+00,0.000000e+00,0.0000,0.0000,0
63,features.14,2,pruned_before,nan,0.000000e+00,0.000000e+00,0.0000,0.0000,0
63,features.14,3,pruned_before,nan,0.000000e+00,0.000000e+00,0.0000,0.0000,0
63,features.14,4,active,0.136216,7.089424e-07,2.006525e-06,0.1179,0.1644,265
63,features.14,5,pruned_before,nan,0.000000e+00,0.000000e+00,0.0000,0.0000,0
63,features.14,6,active,0.034875,7.138337e-07,6.337061e-07,0.1187,0.0519,265
63,features.14,7,active,0.209546,3.398073e-07,2.917489e-06,0.0565,0.2391,265
63,features.14,8,active,0.025408,8.465230e-08,3.635477e-07,0.0141,0.0298,265
63,features.14,9,pruned_before,nan,0.000000e+00,0.000000e+00,0.0000,0.0000,0
63,features.14,10,active,0.157304,4.094514e-07,2.224927e-06,0.0681,0.1823,265
63,features.14,11,pruned_before,nan,0.000000e+00,0.000000e+00,0.0000,0.0000,0
63,features.14,12,active,0.029524,4.470628e-08,4.103440e-07,0.0074,0.0336,265
63,features.14,13,pruned_before,nan,0.000000e+00,0.000000e+00,0.0000,0.0000,0
63,features.14,14,pruned_before,nan,0.000000e+00,0.000000e+00,0.0000,0.0000,0
63,features.14,15,active,0.061595,4.803509e-07,9.433322e-07,0.0799,0.0773,265
63,features.14,16,active,0.123615,7.473712e-07,1.844349e-06,0.1243,0.1512,265
63,features.14,17,active,0.074103,1.511489e-06,1.345325e-06,0.2513,0.1103,265
63,features.14,18,active,0.024419,9.778214e-07,5.514498e-07,0.1626,0.0452,265
63,features.14,19,pruned_before,nan,0.000000e+00,0.000000e+00,0.0000,0.0000,0
63,features.14,20,active,0.112202,5.786156e-07,1.651587e-06,0.0962,0.1354,265
63,features.14,21,pruned_before,nan,0.000000e+00,0.000000e+00,0.0000,0.0000,0
63,features.14,22,pruned_before,nan,0.000000e+00,0.000000e+00,0.0000,0.0000,0
63,features.14,23,pruned_before,nan,0.000000e+00,0.000000e+00,0.0000,0.0000,0
63,features.14,24,active,0.172993,1.326053e-06,2.644227e-06,0.2205,0.2167,265
63,features.14,25,active,0.131181,1.773973e-07,1.818457e-06,0.0295,0.1490,265
63,features.14,26,pruned_before,nan,0.000000e+00,0.000000e+00,0.0000,0.0000,0
63,features.14,27,active,0.034355,2.966571e-07,5.326240e-07,0.0493,0.0437,265
63,features.14,28,pruned_before,nan,0.000000e+00,0.000000e+00,0.0000,0.0000,0
63,features.14,29,pruned_before,nan,0.000000e+00,0.000000e+00,0.0000,0.0000,0
63,features.14,30,active,0.100485,2.807965e-07,1.425607e-06,0.0467,0.1168,265
63,features.14,31,active,0.037342,4.254230e-07,6.021519e-07,0.0707,0.0494,265
63,features.14,32,active,0.049373,8.710447e-07,8.656993e-07,0.1448,0.0709,265
63,features.14,33,pruned_before,nan,0.000000e+00,0.000000e+00,0.0000,0.0000,0
63,features.14,34,pruned_before,nan,0.000000e+00,0.000000e+00,0.0000,0.0000,0
63,features.14,35,active,0.175780,2.960101e-06,3.050306e-06,0.4921,0.2500,265
63,features.14,36,pruned_before,nan,0.000000e+00,0.000000e+00,0.0000,0.0000,0
63,features.14,37,pruned_before,nan,0.000000e+00,0.000000e+00,0.0000,0.0000,0
63,features.14,38,active,0.140262,2.508687e-07,1.958130e-06,0.0417,0.1605,265
63,features.14,39,pruned_before,nan,0.000000e+00,0.000000e+00,0.0000,0.0000,0
63,features.14,40,protected,0.703852,9.151154e-07,9.748660e-06,0.1521,0.7990,265
63,features.14,41,active,0.021385,7.676576e-07,4.629518e-07,0.1276,0.0379,265
63,features.14,42,pruned_before,nan,0.000000e+00,0.000000e+00,0.0000,0.0000,0
63,features.14,43,pruned_before,nan,0.000000e+00,0.000000e+00,0.0000,0.0000,0
63,features.14,44,pruned_before,nan,0.000000e+00,0.000000e+00,0.0000,0.0000,0
63,features.14,45,pruned_before,nan,0.000000e+00,0.000000e+00,0.0000,0.0000,0
63,features.14,46,active,0.030868,1.799213e-07,4.590480e-07,0.0299,0.0376,265
63,features.14,47,pruned_before,nan,0.000000e+00,0.000000e+00,0.0000,0.0000,0
63,features.14,48,pruned_before,nan,0.000000e+00,0.000000e+00,0.0000,0.0000,0
63,features.14,49,pruned_before,nan,0.000000e+00,0.000000e+00,0.0000,0.0000,0
63,features.14,50,active,0.042342,9.815340e-07,7.952826e-07,0.1632,0.0652,265
63,features.14,51,active,0.016194,1.748115e-07,2.589549e-07,0.0291,0.0212,265
63,features.14,52,active,0.059311,6.560993e-07,9.519777e-07,0.1091,0.0780,265
63,features.14,53,pruned_before,nan,0.000000e+00,0.000000e+00,0.0000,0.0000,0
63,features.14,54,active,0.057727,2.170610e-07,8.315564e-07,0.0361,0.0682,265
63,features.14,55,active,0.084225,2.296284e-06,1.659440e-06,0.3818,0.1360,265
63,features.14,56,pruned_before,nan,0.000000e+00,0.000000e+00,0.0000,0.0000,0
63,features.14,57,active,0.158472,1.838997e-06,2.562962e-06,0.3057,0.2101,265
63,features.14,58,pruned_before,nan,0.000000e+00,0.000000e+00,0.0000,0.0000,0
63,features.14,59,pruned_before,nan,0.000000e+00,0.000000e+00,0.0000,0.0000,0
63,features.14,60,active,0.090374,9.878848e-07,1.447899e-06,0.1642,0.1187,265
63,features.14,61,pruned_before,nan,0.000000e+00,0.000000e+00,0.0000,0.0000,0
63,features.14,62,pruned_before,nan,0.000000e+00,0.000000e+00,0.0000,0.0000,0
63,features.14,63,active,0.095711,2.787885e-07,1.360423e-06,0.0463,0.1115,265
63,features.14,64,pruned_before,nan,0.000000e+00,0.000000e+00,0.0000,0.0000,0
63,features.14,65,active,0.038287,6.343869e-07,6.620623e-07,0.1055,0.0543,265
63,features.14,66,pruned_before,nan,0.000000e+00,0.000000e+00,0.0000,0.0000,0
63,features.14,67,pruned_before,nan,0.000000e+00,0.000000e+00,0.0000,0.0000,0
63,features.14,68,pruned_before,nan,0.000000e+00,0.000000e+00,0.0000,0.0000,0
63,features.14,69,active,0.105183,5.182625e-07,1.542820e-06,0.0862,0.1264,265
63,features.14,70,active,0.111888,1.117329e-06,1.768746e-06,0.1858,0.1450,265
63,features.14,71,pruned_before,nan,0.000000e+00,0.000000e+00,0.0000,0.0000,0
63,features.14,72,pruned_before,nan,0.000000e+00,0.000000e+00,0.0000,0.0000,0
63,features.14,73,active,0.040446,8.916363e-07,7.493173e-07,0.1482,0.0614,265
63,features.14,74,pruned_before,nan,0.000000e+00,0.000000e+00,0.0000,0.0000,0
63,features.14,75,pruned_before,nan,0.000000e+00,0.000000e+00,0.0000,0.0000,0
63,features.14,76,active,0.097226,1.641172e-06,1.688044e-06,0.2728,0.1383,265
63,features.14,77,pruned_before,nan,0.000000e+00,0.000000e+00,0.0000,0.0000,0
63,features.14,78,active,0.228545,1.440974e-07,3.130958e-06,0.0240,0.2566,265
63,features.14,79,pruned_before,nan,0.000000e+00,0.000000e+00,0.0000,0.0000,0
63,features.14,80,pruned_before,nan,0.000000e+00,0.000000e+00,0.0000,0.0000,0
63,features.14,81,pruned_before,nan,0.000000e+00,0.000000e+00,0.0000,0.0000,0
63,features.14,82,pruned_before,nan,0.000000e+00,0.000000e+00,0.0000,0.0000,0
63,features.14,83,active,0.070620,1.924748e-07,1.000812e-06,0.0320,0.0820,265
63,features.14,84,active,0.010119,2.825411e-07,2.008720e-07,0.0470,0.0165,265
63,features.14,85,pruned_before,nan,0.000000e+00,0.000000e+00,0.0000,0.0000,0
63,features.14,86,pruned_before,nan,0.000000e+00,0.000000e+00,0.0000,0.0000,0
63,features.14,87,active,0.099945,5.239314e-07,1.473091e-06,0.0871,0.1207,265
63,features.14,88,active,0.067968,3.505665e-07,1.000479e-06,0.0583,0.0820,265
63,features.14,89,pruned_before,nan,0.000000e+00,0.000000e+00,0.0000,0.0000,0
63,features.14,90,pruned_before,nan,0.000000e+00,0.000000e+00,0.0000,0.0000,0
63,features.14,91,pruned_before,nan,0.000000e+00,0.000000e+00,0.0000,0.0000,0
63,features.14,92,pruned_before,nan,0.000000e+00,0.000000e+00,0.0000,0.0000,0
63,features.14,93,pruned_before,nan,0.000000e+00,0.000000e+00,0.0000,0.0000,0
63,features.14,94,pruned_before,nan,0.000000e+00,0.000000e+00,0.0000,0.0000,0
63,features.14,95,pruned_before,nan,0.000000e+00,0.000000e+00,0.0000,0.0000,0
63,features.14,96,pruned_before,nan,0.000000e+00,0.000000e+00,0.0000,0.0000,0
63,features.14,97,active,0.145414,1.234649e-06,2.249722e-06,0.2053,0.1844,265
63,features.14,98,pruned_before,nan,0.000000e+00,0.000000e+00,0.0000,0.0000,0
63,features.14,99,active,0.081667,3.774643e-07,1.192274e-06,0.0628,0.0977,265
63,features.14,100,pruned_before,nan,0.000000e+00,0.000000e+00,0.0000,0.0000,0
63,features.14,101,pruned_before,nan,0.000000e+00,0.000000e+00,0.0000,0.0000,0
63,features.14,102,pruned_before,nan,0.000000e+00,0.000000e+00,0.0000,0.0000,0
63,features.14,103,active,0.014180,1.195853e-07,2.192018e-07,0.0199,0.0180,265
63,features.14,104,pruned_before,nan,0.000000e+00,0.000000e+00,0.0000,0.0000,0
63,features.14,105,pruned_before,nan,0.000000e+00,0.000000e+00,0.0000,0.0000,0
63,features.14,106,active,0.089829,7.599710e-07,1.389140e-06,0.1263,0.1138,265
63,features.14,107,pruned_before,nan,0.000000e+00,0.000000e+00,0.0000,0.0000,0
63,features.14,108,pruned_before,nan,0.000000e+00,0.000000e+00,0.0000,0.0000,0
63,features.14,109,active,0.032861,1.476406e-07,4.787848e-07,0.0245,0.0392,265
63,features.14,110,pruned_before,nan,0.000000e+00,0.000000e+00,0.0000,0.0000,0
63,features.14,111,active,0.035825,2.226053e-07,5.358675e-07,0.0370,0.0439,265
63,features.14,112,active,0.013946,1.110608e-06,4.393985e-07,0.1846,0.0360,265
63,features.14,113,pruned_before,nan,0.000000e+00,0.000000e+00,0.0000,0.0000,0
63,features.14,114,active,0.101435,2.351425e-07,1.428190e-06,0.0391,0.1170,265
63,features.14,115,active,0.020855,1.712210e-07,3.213383e-07,0.0285,0.0263,265
63,features.14,116,active,0.109739,1.633469e-07,1.524594e-06,0.0272,0.1249,265
63,features.14,117,active,0.011243,7.263879e-08,1.687916e-07,0.0121,0.0138,265
63,features.14,118,pruned_before,nan,0.000000e+00,0.000000e+00,0.0000,0.0000,0
63,features.14,119,pruned_before,nan,0.000000e+00,0.000000e+00,0.0000,0.0000,0
63,features.14,120,pruned_before,nan,0.000000e+00,0.000000e+00,0.0000,0.0000,0
63,features.14,121,active,0.229685,2.380389e-07,3.167582e-06,0.0396,0.2596,265
63,features.14,122,active,0.026988,6.150622e-08,3.797442e-07,0.0102,0.0311,265
63,features.14,123,active,0.017351,1.441620e-07,2.677330e-07,0.0240,0.0219,265
63,features.14,124,pruned_before,nan,0.000000e+00,0.000000e+00,0.0000,0.0000,0
63,features.14,125,pruned_before,nan,0.000000e+00,0.000000e+00,0.0000,0.0000,0
63,features.14,126,pruned_before,nan,0.000000e+00,0.000000e+00,0.0000,0.0000,0
63,features.14,127,active,0.042565,5.408755e-07,6.989845e-07,0.0899,0.0573,265
63,features.14,128,pruned_before,nan,0.000000e+00,0.000000e+00,0.0000,0.0000,0
63,features.14,129,active,0.048007,3.861102e-07,7.378769e-07,0.0642,0.0605,265
63,features.14,130,pruned_before,nan,0.000000e+00,0.000000e+00,0.0000,0.0000,0
63,features.14,131,pruned_before,nan,0.000000e+00,0.000000e+00,0.0000,0.0000,0
63,features.14,132,active,0.063537,7.389477e-07,1.027954e-06,0.1229,0.0842,265
63,features.14,133,pruned_before,nan,0.000000e+00,0.000000e+00,0.0000,0.0000,0
63,features.14,134,pruned_before,nan,0.000000e+00,0.000000e+00,0.0000,0.0000,0
63,features.14,135,active,0.031099,5.438581e-07,5.442059e-07,0.0904,0.0446,265
63,features.14,136,pruned_before,nan,0.000000e+00,0.000000e+00,0.0000,0.0000,0
63,features.14,137,active,0.267507,1.836919e-06,4.040737e-06,0.3054,0.3312,265
63,features.14,138,pruned_before,nan,0.000000e+00,0.000000e+00,0.0000,0.0000,0
63,features.14,139,pruned_before,nan,0.000000e+00,0.000000e+00,0.0000,0.0000,0
63,features.14,140,pruned_before,nan,0.000000e+00,0.000000e+00,0.0000,0.0000,0
63,features.14,141,pruned_before,nan,0.000000e+00,0.000000e+00,0.0000,0.0000,0
63,features.14,142,active,0.008424,5.996991e-08,1.277282e-07,0.0100,0.0105,265
63,features.14,143,pruned_before,nan,0.000000e+00,0.000000e+00,0.0000,0.0000,0
63,features.14,144,active,0.018799,6.529623e-07,4.020357e-07,0.1086,0.0329,265
63,features.14,145,pruned_before,nan,0.000000e+00,0.000000e+00,0.0000,0.0000,0
63,features.14,146,active,0.040076,2.213260e-07,5.932101e-07,0.0368,0.0486,265
63,features.14,147,active,0.036366,6.719562e-07,6.444782e-07,0.1117,0.0528,265
63,features.14,148,active,0.031896,2.490447e-07,4.885644e-07,0.0414,0.0400,265
63,features.14,149,pruned_before,nan,0.000000e+00,0.000000e+00,0.0000,0.0000,0
63,features.14,150,active,0.011476,6.455193e-07,3.010848e-07,0.1073,0.0247,265
63,features.14,151,pruned_before,nan,0.000000e+00,0.000000e+00,0.0000,0.0000,0
63,features.14,152,pruned_before,nan,0.000000e+00,0.000000e+00,0.0000,0.0000,0
63,features.14,153,active,0.102543,1.829532e-06,1.802577e-06,0.3042,0.1477,265
63,features.14,154,active,0.055572,7.177667e-07,9.151933e-07,0.1193,0.0750,265
63,features.14,155,pruned_before,nan,0.000000e+00,0.000000e+00,0.0000,0.0000,0
63,features.14,156,active,0.038980,9.027513e-07,7.319487e-07,0.1501,0.0600,265
63,features.14,157,pruned_before,nan,0.000000e+00,0.000000e+00,0.0000,0.0000,0
63,features.14,158,pruned_before,nan,0.000000e+00,0.000000e+00,0.0000,0.0000,0
63,features.14,159,pruned_before,nan,0.000000e+00,0.000000e+00,0.0000,0.0000,0
63,features.14,160,active,0.096913,6.447800e-07,1.459213e-06,0.1072,0.1196,265
63,features.14,161,active,0.327115,2.427601e-06,4.981999e-06,0.4036,0.4083,265
63,features.14,162,pruned_before,nan,0.000000e+00,0.000000e+00,0.0000,0.0000,0
63,features.14,163,pruned_before,nan,0.000000e+00,0.000000e+00,0.0000,0.0000,0
63,features.14,164,pruned_before,nan,0.000000e+00,0.000000e+00,0.0000,0.0000,0
63,features.14,165,pruned_before,nan,0.000000e+00,0.000000e+00,0.0000,0.0000,0
63,features.14,166,active,0.043871,1.219221e-07,6.222523e-07,0.0203,0.0510,265
63,features.14,167,active,0.114539,7.063686e-07,1.712063e-06,0.1174,0.1403,265
63,features.14,168,active,0.111563,1.506229e-06,1.852004e-06,0.2504,0.1518,265
63,features.14,169,pruned_before,nan,0.000000e+00,0.000000e+00,0.0000,0.0000,0
63,features.14,170,pruned_before,nan,0.000000e+00,0.000000e+00,0.0000,0.0000,0
63,features.14,171,active,0.021907,2.012692e-08,3.015450e-07,0.0033,0.0247,265
63,features.14,172,active,0.003296,1.500503e-06,3.828848e-07,0.2495,0.0314,265
63,features.14,173,pruned_before,nan,0.000000e+00,0.000000e+00,0.0000,0.0000,0
63,features.14,174,pruned_before,nan,0.000000e+00,0.000000e+00,0.0000,0.0000,0
63,features.14,175,active,0.020198,9.543977e-07,4.889471e-07,0.1587,0.0401,265
63,features.14,176,pruned_before,nan,0.000000e+00,0.000000e+00,0.0000,0.0000,0
63,features.14,177,pruned_before,nan,0.000000e+00,0.000000e+00,0.0000,0.0000,0
63,features.14,178,active,0.097817,6.409533e-07,1.470607e-06,0.1066,0.1205,265
63,features.14,179,pruned_before,nan,0.000000e+00,0.000000e+00,0.0000,0.0000,0
63,features.14,180,active,0.063548,3.859556e-08,8.702467e-07,0.0064,0.0713,265
63,features.14,181,pruned_before,nan,0.000000e+00,0.000000e+00,0.0000,0.0000,0
63,features.14,182,active,0.029410,1.651712e-07,4.359524e-07,0.0275,0.0357,265
63,features.14,183,pruned_before,nan,0.000000e+00,0.000000e+00,0.0000,0.0000,0
63,features.14,184,pruned_before,nan,0.000000e+00,0.000000e+00,0.0000,0.0000,0
63,features.14,185,pruned_before,nan,0.000000e+00,0.000000e+00,0.0000,0.0000,0
63,features.14,186,active,0.070918,4.244430e-07,1.057137e-06,0.0706,0.0866,265
63,features.14,187,pruned_before,nan,0.000000e+00,0.000000e+00,0.0000,0.0000,0
63,features.14,188,pruned_before,nan,0.000000e+00,0.000000e+00,0.0000,0.0000,0
63,features.14,189,active,0.184909,1.051068e-06,2.743787e-06,0.1747,0.2249,265
63,features.14,190,pruned_before,nan,0.000000e+00,0.000000e+00,0.0000,0.0000,0
63,features.14,191,pruned_before,nan,0.000000e+00,0.000000e+00,0.0000,0.0000,0
63,features.14,192,pruned_before,nan,0.000000e+00,0.000000e+00,0.0000,0.0000,0
63,features.14,193,pruned_before,nan,0.000000e+00,0.000000e+00,0.0000,0.0000,0
63,features.14,194,pruned_before,nan,0.000000e+00,0.000000e+00,0.0000,0.0000,0
63,features.14,195,pruned_before,nan,0.000000e+00,0.000000e+00,0.0000,0.0000,0
63,features.14,196,active,0.053902,7.850196e-07,9.077138e-07,0.1305,0.0744,265
63,features.14,197,pruned_before,nan,0.000000e+00,0.000000e+00,0.0000,0.0000,0
63,features.14,198,active,0.265852,1.767592e-07,3.644101e-06,0.0294,0.2987,265
63,features.14,199,pruned_before,nan,0.000000e+00,0.000000e+00,0.0000,0.0000,0
63,features.14,200,active,0.096459,7.141285e-07,1.468693e-06,0.1187,0.1204,265
63,features.14,201,pruned_before,nan,0.000000e+00,0.000000e+00,0.0000,0.0000,0
63,features.14,202,active,0.130014,1.914610e-06,2.194193e-06,0.3183,0.1798,265
63,features.14,203,pruned_before,nan,0.000000e+00,0.000000e+00,0.0000,0.0000,0
63,features.14,204,pruned_before,nan,0.000000e+00,0.000000e+00,0.0000,0.0000,0
63,features.14,205,pruned_before,nan,0.000000e+00,0.000000e+00,0.0000,0.0000,0
63,features.14,206,pruned_before,nan,0.000000e+00,0.000000e+00,0.0000,0.0000,0
63,features.14,207,active,0.016290,6.225626e-07,3.611772e-07,0.1035,0.0296,265
63,features.14,208,pruned_before,nan,0.000000e+00,0.000000e+00,0.0000,0.0000,0
63,features.14,209,active,0.045510,2.014391e-06,1.071036e-06,0.3349,0.0878,265
63,features.14,210,pruned_before,nan,0.000000e+00,0.000000e+00,0.0000,0.0000,0
63,features.14,211,active,0.050200,1.523282e-07,7.149142e-07,0.0253,0.0586,265
63,features.14,212,pruned_before,nan,0.000000e+00,0.000000e+00,0.0000,0.0000,0
63,features.14,213,active,0.189876,2.624556e-07,2.633387e-06,0.0436,0.2158,265
63,features.14,214,pruned_before,nan,0.000000e+00,0.000000e+00,0.0000,0.0000,0
63,features.14,215,active,0.188344,4.509859e-07,2.655101e-06,0.0750,0.2176,265
63,features.14,216,pruned_before,nan,0.000000e+00,0.000000e+00,0.0000,0.0000,0
63,features.14,217,pruned_before,nan,0.000000e+00,0.000000e+00,0.0000,0.0000,0
63,features.14,218,active,0.096906,9.490193e-07,1.527699e-06,0.1578,0.1252,265
63,features.14,219,active,0.027733,1.460312e-07,4.088961e-07,0.0243,0.0335,265
63,features.14,220,pruned_before,nan,0.000000e+00,0.000000e+00,0.0000,0.0000,0
63,features.14,221,active,0.043254,1.902072e-07,6.292813e-07,0.0316,0.0516,265
63,features.14,222,active,0.038796,6.606426e-07,6.748761e-07,0.1098,0.0553,265
63,features.14,223,pruned_before,nan,0.000000e+00,0.000000e+00,0.0000,0.0000,0
63,features.14,224,pruned_before,nan,0.000000e+00,0.000000e+00,0.0000,0.0000,0
63,features.14,225,active,0.013280,6.674800e-07,3.304864e-07,0.1110,0.0271,265
63,features.14,226,pruned_before,nan,0.000000e+00,0.000000e+00,0.0000,0.0000,0
63,features.14,227,active,0.077240,3.918190e-07,1.135487e-06,0.0651,0.0931,265
63,features.14,228,pruned_before,nan,0.000000e+00,0.000000e+00,0.0000,0.0000,0
63,features.14,229,pruned_before,nan,0.000000e+00,0.000000e+00,0.0000,0.0000,0
63,features.14,230,pruned_before,nan,0.000000e+00,0.000000e+00,0.0000,0.0000,0
63,features.14,231,pruned_before,nan,0.000000e+00,0.000000e+00,0.0000,0.0000,0
63,features.14,232,active,0.589987,6.014953e-06,9.354422e-06,1.0000,0.7667,265
63,features.14,233,pruned_before,nan,0.000000e+00,0.000000e+00,0.0000,0.0000,0
63,features.14,234,pruned_before,nan,0.000000e+00,0.000000e+00,0.0000,0.0000,0
63,features.14,235,active,0.200414,2.272123e-06,3.229218e-06,0.3777,0.2647,265
63,features.14,236,active,0.034096,3.609367e-07,5.436046e-07,0.0600,0.0446,265
63,features.14,237,pruned_before,nan,0.000000e+00,0.000000e+00,0.0000,0.0000,0
63,features.14,238,active,0.179946,9.047722e-07,2.643528e-06,0.1504,0.2167,265
63,features.14,239,pruned_before,nan,0.000000e+00,0.000000e+00,0.0000,0.0000,0
63,features.14,240,pruned_before,nan,0.000000e+00,0.000000e+00,0.0000,0.0000,0
63,features.14,241,active,0.088024,1.256268e-06,1.476539e-06,0.2089,0.1210,265
63,features.14,242,active,0.037743,1.748423e-08,5.156433e-07,0.0029,0.0423,265
63,features.14,243,active,0.039727,4.573158e-07,6.416735e-07,0.0760,0.0526,265
63,features.14,244,pruned_before,nan,0.000000e+00,0.000000e+00,0.0000,0.0000,0
63,features.14,245,active,0.072561,9.470839e-07,1.197202e-06,0.1575,0.0981,265
63,features.14,246,pruned_before,nan,0.000000e+00,0.000000e+00,0.0000,0.0000,0
63,features.14,247,active,0.022427,5.850470e-07,4.359179e-07,0.0973,0.0357,265
63,features.14,248,active,0.050564,6.499213e-07,8.320060e-07,0.1081,0.0682,265
63,features.14,249,active,0.019274,1.263948e-06,5.461900e-07,0.2101,0.0448,265
63,features.14,250,pruned_before,nan,0.000000e+00,0.000000e+00,0.0000,0.0000,0
63,features.14,251,active,0.008462,1.193072e-06,3.836383e-07,0.1984,0.0314,265
63,features.14,252,pruned_before,nan,0.000000e+00,0.000000e+00,0.0000,0.0000,0
63,features.14,253,active,0.097520,4.857778e-07,1.431608e-06,0.0808,0.1173,265
63,features.14,254,active,0.009110,2.476816e-08,1.290963e-07,0.0041,0.0106,265
63,features.14,255,active,0.034076,7.729063e-07,6.361859e-07,0.1285,0.0521,265
63,features.14,256,active,0.009276,4.700345e-07,2.317071e-07,0.0781,0.0190,265
63,features.14,257,pruned_before,nan,0.000000e+00,0.000000e+00,0.0000,0.0000,0
63,features.14,258,pruned_before,nan,0.000000e+00,0.000000e+00,0.0000,0.0000,0
63,features.14,259,active,0.115724,6.777611e-08,1.584188e-06,0.0113,0.1298,265
63,features.14,260,active,0.038872,1.234342e-07,5.548293e-07,0.0205,0.0455,265
63,features.14,261,active,0.037782,2.195834e-07,5.617250e-07,0.0365,0.0460,265
63,features.14,262,active,0.101644,1.521917e-06,1.721058e-06,0.2530,0.1411,265
63,features.14,263,pruned_before,nan,0.000000e+00,0.000000e+00,0.0000,0.0000,0
63,features.14,264,active,0.533470,2.964044e-07,7.299273e-06,0.0493,0.5982,265
63,features.14,265,pruned_before,nan,0.000000e+00,0.000000e+00,0.0000,0.0000,0
63,features.14,266,pruned_before,nan,0.000000e+00,0.000000e+00,0.0000,0.0000,0
63,features.14,267,active,0.233198,3.136842e-07,3.232263e-06,0.0522,0.2649,265
63,features.14,268,active,0.013090,5.922175e-08,1.908101e-07,0.0098,0.0156,265
63,features.14,269,active,0.071104,2.299722e-07,1.015814e-06,0.0382,0.0833,265
63,features.14,270,pruned_before,nan,0.000000e+00,0.000000e+00,0.0000,0.0000,0
63,features.14,271,pruned_before,nan,0.000000e+00,0.000000e+00,0.0000,0.0000,0
63,features.14,272,pruned_before,nan,0.000000e+00,0.000000e+00,0.0000,0.0000,0
63,features.14,273,pruned_before,nan,0.000000e+00,0.000000e+00,0.0000,0.0000,0
63,features.14,274,pruned_before,nan,0.000000e+00,0.000000e+00,0.0000,0.0000,0
63,features.14,275,pruned_before,nan,0.000000e+00,0.000000e+00,0.0000,0.0000,0
63,features.14,276,pruned_before,nan,0.000000e+00,0.000000e+00,0.0000,0.0000,0
63,features.14,277,active,0.023604,9.092710e-07,5.249560e-07,0.1512,0.0430,265
63,features.14,278,pruned_before,nan,0.000000e+00,0.000000e+00,0.0000,0.0000,0
63,features.14,279,pruned_before,nan,0.000000e+00,0.000000e+00,0.0000,0.0000,0
63,features.14,280,active,0.040400,6.489471e-07,6.939910e-07,0.1079,0.0569,265
63,features.14,281,pruned_before,nan,0.000000e+00,0.000000e+00,0.0000,0.0000,0
63,features.14,282,pruned_before,nan,0.000000e+00,0.000000e+00,0.0000,0.0000,0
63,features.14,283,pruned_before,nan,0.000000e+00,0.000000e+00,0.0000,0.0000,0
63,features.14,284,pruned_before,nan,0.000000e+00,0.000000e+00,0.0000,0.0000,0
63,features.14,285,pruned_before,nan,0.000000e+00,0.000000e+00,0.0000,0.0000,0
63,features.14,286,pruned_before,nan,0.000000e+00,0.000000e+00,0.0000,0.0000,0
63,features.14,287,active,0.009734,3.017648e-08,1.387702e-07,0.0050,0.0114,265
63,features.14,288,pruned_before,nan,0.000000e+00,0.000000e+00,0.0000,0.0000,0
63,features.14,289,pruned_before,nan,0.000000e+00,0.000000e+00,0.0000,0.0000,0
63,features.14,290,active,0.025183,6.630839e-07,4.908655e-07,0.1102,0.0402,265
63,features.14,291,pruned_before,nan,0.000000e+00,0.000000e+00,0.0000,0.0000,0
63,features.14,292,active,0.266972,3.243522e-06,4.350518e-06,0.5392,0.3566,265
63,features.14,293,active,0.088067,3.108932e-07,1.264028e-06,0.0517,0.1036,265
63,features.14,294,pruned_before,nan,0.000000e+00,0.000000e+00,0.0000,0.0000,0
63,features.14,295,pruned_before,nan,0.000000e+00,0.000000e+00,0.0000,0.0000,0
63,features.14,296,pruned_before,nan,0.000000e+00,0.000000e+00,0.0000,0.0000,0
63,features.14,297,active,0.018961,2.174330e-07,3.060745e-07,0.0361,0.0251,265
63,features.14,298,pruned_before,nan,0.000000e+00,0.000000e+00,0.0000,0.0000,0
63,features.14,299,active,0.009057,7.045905e-07,2.815956e-07,0.1171,0.0231,265
63,features.14,300,pruned_before,nan,0.000000e+00,0.000000e+00,0.0000,0.0000,0
63,features.14,301,pruned_before,nan,0.000000e+00,0.000000e+00,0.0000,0.0000,0
63,features.14,302,pruned_before,nan,0.000000e+00,0.000000e+00,0.0000,0.0000,0
63,features.14,303,active,0.078741,1.410763e-07,1.099316e-06,0.0235,0.0901,265
63,features.14,304,pruned_before,nan,0.000000e+00,0.000000e+00,0.0000,0.0000,0
63,features.14,305,active,0.077841,8.062299e-07,1.237040e-06,0.1340,0.1014,265
63,features.14,306,pruned_before,nan,0.000000e+00,0.000000e+00,0.0000,0.0000,0
63,features.14,307,active,0.046345,4.516525e-07,7.301227e-07,0.0751,0.0598,265
63,features.14,308,active,0.060006,2.411899e-07,8.678932e-07,0.0401,0.0711,265
63,features.14,309,active,0.051020,3.292479e-07,7.659101e-07,0.0547,0.0628,265
63,features.14,310,active,0.127493,2.757259e-07,1.790614e-06,0.0458,0.1468,265
63,features.14,311,active,0.072544,5.670428e-07,1.111313e-06,0.0943,0.0911,265
63,features.14,312,active,0.014163,2.231736e-07,2.423104e-07,0.0371,0.0199,265
63,features.14,313,pruned_before,nan,0.000000e+00,0.000000e+00,0.0000,0.0000,0
63,features.14,314,pruned_before,nan,0.000000e+00,0.000000e+00,0.0000,0.0000,0
63,features.14,315,pruned_before,nan,0.000000e+00,0.000000e+00,0.0000,0.0000,0
63,features.14,316,active,0.119916,6.272712e-08,1.639893e-06,0.0104,0.1344,265
63,features.14,317,pruned_before,nan,0.000000e+00,0.000000e+00,0.0000,0.0000,0
63,features.14,318,pruned_before,nan,0.000000e+00,0.000000e+00,0.0000,0.0000,0
63,features.14,319,pruned_before,nan,0.000000e+00,0.000000e+00,0.0000,0.0000,0
63,features.14,320,pruned_before,nan,0.000000e+00,0.000000e+00,0.0000,0.0000,0
63,features.14,321,pruned_before,nan,0.000000e+00,0.000000e+00,0.0000,0.0000,0
63,features.14,322,active,0.074901,7.597183e-07,1.186703e-06,0.1263,0.0973,265
63,features.14,323,pruned_before,nan,0.000000e+00,0.000000e+00,0.0000,0.0000,0
63,features.14,324,active,0.042480,1.341907e-07,6.061679e-07,0.0223,0.0497,265
63,features.14,325,pruned_before,nan,0.000000e+00,0.000000e+00,0.0000,0.0000,0
63,features.14,326,active,0.024955,1.378294e-06,6.489801e-07,0.2291,0.0532,265
63,features.14,327,pruned_before,nan,0.000000e+00,0.000000e+00,0.0000,0.0000,0
63,features.14,328,active,0.156103,7.979002e-07,2.296191e-06,0.1327,0.1882,265
63,features.14,329,pruned_before,nan,0.000000e+00,0.000000e+00,0.0000,0.0000,0
63,features.14,330,pruned_before,nan,0.000000e+00,0.000000e+00,0.0000,0.0000,0
63,features.14,331,pruned_before,nan,0.000000e+00,0.000000e+00,0.0000,0.0000,0
63,features.14,332,pruned_before,nan,0.000000e+00,0.000000e+00,0.0000,0.0000,0
63,features.14,333,active,0.309317,1.091552e-07,4.218132e-06,0.0181,0.3457,265
63,features.14,334,active,0.054731,7.619160e-08,7.591886e-07,0.0127,0.0622,265
63,features.14,335,pruned_before,nan,0.000000e+00,0.000000e+00,0.0000,0.0000,0
63,features.14,336,pruned_before,nan,0.000000e+00,0.000000e+00,0.0000,0.0000,0
63,features.14,337,pruned_before,nan,0.000000e+00,0.000000e+00,0.0000,0.0000,0
63,features.14,338,active,0.001711,2.037969e-07,6.912678e-08,0.0339,0.0057,265
63,features.14,339,pruned_before,nan,0.000000e+00,0.000000e+00,0.0000,0.0000,0
63,features.14,340,pruned_before,nan,0.000000e+00,0.000000e+00,0.0000,0.0000,0
63,features.14,341,pruned_before,nan,0.000000e+00,0.000000e+00,0.0000,0.0000,0
63,features.14,342,pruned_before,nan,0.000000e+00,0.000000e+00,0.0000,0.0000,0
63,features.14,343,active,0.023178,7.993353e-07,4.944034e-07,0.1329,0.0405,265
63,features.14,344,pruned_before,nan,0.000000e+00,0.000000e+00,0.0000,0.0000,0
63,features.14,345,pruned_before,nan,0.000000e+00,0.000000e+00,0.0000,0.0000,0
63,features.14,346,active,0.124190,1.483028e-06,2.017960e-06,0.2466,0.1654,265
63,features.14,347,active,0.099715,1.929099e-07,1.395362e-06,0.0321,0.1144,265
63,features.14,348,pruned_before,nan,0.000000e+00,0.000000e+00,0.0000,0.0000,0
63,features.14,349,active,0.077220,3.673281e-07,1.129695e-06,0.0611,0.0926,265
63,features.14,350,pruned_before,nan,0.000000e+00,0.000000e+00,0.0000,0.0000,0
63,features.14,351,pruned_before,nan,0.000000e+00,0.000000e+00,0.0000,0.0000,0
63,features.14,352,active,0.140233,8.714891e-07,2.097630e-06,0.1449,0.1719,265
63,features.14,353,active,0.056149,3.432243e-07,8.385958e-07,0.0571,0.0687,265
63,features.14,354,active,0.031083,1.789423e-06,8.247328e-07,0.2975,0.0676,265
63,features.14,355,pruned_before,nan,0.000000e+00,0.000000e+00,0.0000,0.0000,0
63,features.14,356,active,0.156398,2.691510e-07,2.181017e-06,0.0447,0.1787,265
63,features.14,357,active,0.104295,1.259870e-06,1.697940e-06,0.2095,0.1392,265
63,features.14,358,pruned_before,nan,0.000000e+00,0.000000e+00,0.0000,0.0000,0
63,features.14,359,pruned_before,nan,0.000000e+00,0.000000e+00,0.0000,0.0000,0
63,features.14,360,pruned_before,nan,0.000000e+00,0.000000e+00,0.0000,0.0000,0
63,features.14,361,pruned_before,nan,0.000000e+00,0.000000e+00,0.0000,0.0000,0
63,features.14,362,pruned_before,nan,0.000000e+00,0.000000e+00,0.0000,0.0000,0
63,features.14,363,pruned_before,nan,0.000000e+00,0.000000e+00,0.0000,0.0000,0
63,features.14,364,pruned_before,nan,0.000000e+00,0.000000e+00,0.0000,0.0000,0
63,features.14,365,pruned_before,nan,0.000000e+00,0.000000e+00,0.0000,0.0000,0
63,features.14,366,pruned_before,nan,0.000000e+00,0.000000e+00,0.0000,0.0000,0
63,features.14,367,active,0.089305,3.900302e-07,1.298656e-06,0.0648,0.1064,265
63,features.14,368,active,0.150653,7.616364e-07,2.214134e-06,0.1266,0.1815,265
63,features.14,369,pruned_before,nan,0.000000e+00,0.000000e+00,0.0000,0.0000,0
63,features.14,370,protected,0.873196,1.612221e-06,1.220166e-05,0.2680,1.0000,265
63,features.14,371,pruned_before,nan,0.000000e+00,0.000000e+00,0.0000,0.0000,0
63,features.14,372,pruned_before,nan,0.000000e+00,0.000000e+00,0.0000,0.0000,0
63,features.14,373,pruned_before,nan,0.000000e+00,0.000000e+00,0.0000,0.0000,0
63,features.14,374,pruned_before,nan,0.000000e+00,0.000000e+00,0.0000,0.0000,0
63,features.14,375,pruned_before,nan,0.000000e+00,0.000000e+00,0.0000,0.0000,0
63,features.14,376,active,0.022249,1.535601e-06,6.477589e-07,0.2553,0.0531,265
63,features.14,377,pruned_before,nan,0.000000e+00,0.000000e+00,0.0000,0.0000,0
63,features.14,378,active,0.012497,1.338347e-07,1.995857e-07,0.0223,0.0164,265
63,features.14,379,active,0.052669,1.461089e-07,7.469874e-07,0.0243,0.0612,265
63,features.14,380,pruned_before,nan,0.000000e+00,0.000000e+00,0.0000,0.0000,0
63,features.14,381,pruned_before,nan,0.000000e+00,0.000000e+00,0.0000,0.0000,0
63,features.14,382,pruned_before,nan,0.000000e+00,0.000000e+00,0.0000,0.0000,0
63,features.14,383,pruned_before,nan,0.000000e+00,0.000000e+00,0.0000,0.0000,0
63,features.14,384,pruned_before,nan,0.000000e+00,0.000000e+00,0.0000,0.0000,0
63,features.14,385,pruned_before,nan,0.000000e+00,0.000000e+00,0.0000,0.0000,0
63,features.14,386,pruned_before,nan,0.000000e+00,0.000000e+00,0.0000,0.0000,0
63,features.14,387,pruned_before,nan,0.000000e+00,0.000000e+00,0.0000,0.0000,0
63,features.14,388,pruned_before,nan,0.000000e+00,0.000000e+00,0.0000,0.0000,0
63,features.14,389,pruned_before,nan,0.000000e+00,0.000000e+00,0.0000,0.0000,0
63,features.14,390,active,0.038028,8.055236e-07,6.971210e-07,0.1339,0.0571,265
63,features.14,391,pruned_before,nan,0.000000e+00,0.000000e+00,0.0000,0.0000,0
63,features.14,392,pruned_before,nan,0.000000e+00,0.000000e+00,0.0000,0.0000,0
63,features.14,393,pruned_before,nan,0.000000e+00,0.000000e+00,0.0000,0.0000,0
63,features.14,394,active,0.038752,7.679412e-07,6.984669e-07,0.1277,0.0572,265
63,features.14,395,active,0.014786,1.080092e-06,4.439074e-07,0.1796,0.0364,265
63,features.14,396,pruned_before,nan,0.000000e+00,0.000000e+00,0.0000,0.0000,0
63,features.14,397,active,0.112270,1.106884e-06,1.771581e-06,0.1840,0.1452,265
63,features.14,398,pruned_before,nan,0.000000e+00,0.000000e+00,0.0000,0.0000,0
63,features.14,399,active,0.071265,4.436710e-07,1.066173e-06,0.0738,0.0874,265
63,features.14,400,pruned_before,nan,0.000000e+00,0.000000e+00,0.0000,0.0000,0
63,features.14,401,pruned_before,nan,0.000000e+00,0.000000e+00,0.0000,0.0000,0
63,features.14,402,active,0.022335,1.949685e-08,3.072022e-07,0.0032,0.0252,265
63,features.14,403,pruned_before,nan,0.000000e+00,0.000000e+00,0.0000,0.0000,0
63,features.14,404,pruned_before,nan,0.000000e+00,0.000000e+00,0.0000,0.0000,0
63,features.14,405,pruned_before,nan,0.000000e+00,0.000000e+00,0.0000,0.0000,0
63,features.14,406,active,0.029935,7.997166e-07,5.860894e-07,0.1330,0.0480,265
63,features.14,407,active,0.060425,5.861955e-07,9.513328e-07,0.0975,0.0780,265
63,features.14,408,pruned_before,nan,0.000000e+00,0.000000e+00,0.0000,0.0000,0
63,features.14,409,pruned_before,nan,0.000000e+00,0.000000e+00,0.0000,0.0000,0
63,features.14,410,active,0.039950,1.065063e-06,7.816772e-07,0.1771,0.0641,265
63,features.14,411,active,0.088390,2.024401e-07,1.243969e-06,0.0337,0.1020,265
63,features.14,412,active,0.023770,5.488380e-07,4.459633e-07,0.0912,0.0365,265
63,features.14,413,pruned_before,nan,0.000000e+00,0.000000e+00,0.0000,0.0000,0
63,features.14,414,pruned_before,nan,0.000000e+00,0.000000e+00,0.0000,0.0000,0
63,features.14,415,active,0.001712,1.398742e-06,3.384772e-07,0.2325,0.0277,265
63,features.14,416,pruned_before,nan,0.000000e+00,0.000000e+00,0.0000,0.0000,0
63,features.14,417,pruned_before,nan,0.000000e+00,0.000000e+00,0.0000,0.0000,0
63,features.14,418,pruned_before,nan,0.000000e+00,0.000000e+00,0.0000,0.0000,0
63,features.14,419,pruned_before,nan,0.000000e+00,0.000000e+00,0.0000,0.0000,0
63,features.14,420,pruned_before,nan,0.000000e+00,0.000000e+00,0.0000,0.0000,0
63,features.14,421,pruned_before,nan,0.000000e+00,0.000000e+00,0.0000,0.0000,0
63,features.14,422,pruned_before,nan,0.000000e+00,0.000000e+00,0.0000,0.0000,0
63,features.14,423,active,0.599634,1.228431e-07,8.157160e-06,0.0204,0.6685,265
63,features.14,424,pruned_before,nan,0.000000e+00,0.000000e+00,0.0000,0.0000,0
63,features.14,425,active,0.013957,1.772412e-07,2.291651e-07,0.0295,0.0188,265
63,features.14,426,pruned_before,nan,0.000000e+00,0.000000e+00,0.0000,0.0000,0
63,features.14,427,pruned_before,nan,0.000000e+00,0.000000e+00,0.0000,0.0000,0
63,features.14,428,active,0.033956,1.575024e-07,4.958567e-07,0.0262,0.0406,265
63,features.14,429,pruned_before,nan,0.000000e+00,0.000000e+00,0.0000,0.0000,0
63,features.14,430,pruned_before,nan,0.000000e+00,0.000000e+00,0.0000,0.0000,0
63,features.14,431,active,0.058641,6.476416e-07,9.409999e-07,0.1077,0.0771,265
63,features.14,432,active,0.012913,5.744836e-08,1.880214e-07,0.0096,0.0154,265
63,features.14,433,pruned_before,nan,0.000000e+00,0.000000e+00,0.0000,0.0000,0
63,features.14,434,active,0.053095,1.676100e-06,1.097614e-06,0.2787,0.0900,265
63,features.14,435,pruned_before,nan,0.000000e+00,0.000000e+00,0.0000,0.0000,0
63,features.14,436,active,0.062300,4.831971e-07,9.535317e-07,0.0803,0.0781,265
63,features.14,437,pruned_before,nan,0.000000e+00,0.000000e+00,0.0000,0.0000,0
63,features.14,438,pruned_before,nan,0.000000e+00,0.000000e+00,0.0000,0.0000,0
63,features.14,439,active,0.202621,1.164491e-06,3.009488e-06,0.1936,0.2466,265
63,features.14,440,active,0.217427,4.898803e-07,3.058155e-06,0.0814,0.2506,265
63,features.14,441,active,0.042143,1.634975e-07,6.082059e-07,0.0272,0.0498,265
63,features.14,442,pruned_before,nan,0.000000e+00,0.000000e+00,0.0000,0.0000,0
63,features.14,443,pruned_before,nan,0.000000e+00,0.000000e+00,0.0000,0.0000,0
63,features.14,444,pruned_before,nan,0.000000e+00,0.000000e+00,0.0000,0.0000,0
63,features.14,445,active,0.051623,1.186081e-07,7.266091e-07,0.0197,0.0596,265
63,features.14,446,active,0.346580,1.507886e-06,5.038587e-06,0.2507,0.4129,265
63,features.14,447,active,0.171591,8.140461e-07,2.509811e-06,0.1353,0.2057,265
63,features.14,448,pruned_before,nan,0.000000e+00,0.000000e+00,0.0000,0.0000,0
63,features.14,449,pruned_before,nan,0.000000e+00,0.000000e+00,0.0000,0.0000,0
63,features.14,450,pruned_before,nan,0.000000e+00,0.000000e+00,0.0000,0.0000,0
63,features.14,451,pruned_before,nan,0.000000e+00,0.000000e+00,0.0000,0.0000,0
63,features.14,452,pruned_before,nan,0.000000e+00,0.000000e+00,0.0000,0.0000,0
63,features.14,453,active,0.030317,5.824784e-08,4.241443e-07,0.0097,0.0348,265
63,features.14,454,pruned_before,nan,0.000000e+00,0.000000e+00,0.0000,0.0000,0
63,features.14,455,active,0.044375,1.153160e-06,8.615222e-07,0.1917,0.0706,265
63,features.14,456,pruned_before,nan,0.000000e+00,0.000000e+00,0.0000,0.0000,0
63,features.14,457,pruned_before,nan,0.000000e+00,0.000000e+00,0.0000,0.0000,0
63,features.14,458,active,0.038144,5.426941e-07,6.394604e-07,0.0902,0.0524,265
63,features.14,459,pruned_before,nan,0.000000e+00,0.000000e+00,0.0000,0.0000,0
63,features.14,460,active,0.027499,6.692607e-07,5.236669e-07,0.1113,0.0429,265
63,features.14,461,pruned_before,nan,0.000000e+00,0.000000e+00,0.0000,0.0000,0
63,features.14,462,active,0.033252,7.655142e-07,6.233496e-07,0.1273,0.0511,265
63,features.14,463,pruned_before,nan,0.000000e+00,0.000000e+00,0.0000,0.0000,0
63,features.14,464,active,0.331661,4.312911e-07,4.593664e-06,0.0717,0.3765,265
63,features.14,465,pruned_before,nan,0.000000e+00,0.000000e+00,0.0000,0.0000,0
63,features.14,466,pruned_before,nan,0.000000e+00,0.000000e+00,0.0000,0.0000,0
63,features.14,467,pruned_before,nan,0.000000e+00,0.000000e+00,0.0000,0.0000,0
63,features.14,468,pruned_before,nan,0.000000e+00,0.000000e+00,0.0000,0.0000,0
63,features.14,469,pruned_before,nan,0.000000e+00,0.000000e+00,0.0000,0.0000,0
63,features.14,470,pruned_before,nan,0.000000e+00,0.000000e+00,0.0000,0.0000,0
63,features.14,471,active,0.134175,2.110381e-06,2.294739e-06,0.3509,0.1881,265
63,features.14,472,pruned_before,nan,0.000000e+00,0.000000e+00,0.0000,0.0000,0
63,features.14,473,pruned_before,nan,0.000000e+00,0.000000e+00,0.0000,0.0000,0
63,features.14,474,active,0.058419,2.147613e-07,8.404093e-07,0.0357,0.0689,265
63,features.14,475,active,0.031195,1.748974e-06,8.171318e-07,0.2908,0.0670,265
63,features.14,476,active,0.015091,1.844461e-07,2.461679e-07,0.0307,0.0202,265
63,features.14,477,pruned_before,nan,0.000000e+00,0.000000e+00,0.0000,0.0000,0
63,features.14,478,pruned_before,nan,0.000000e+00,0.000000e+00,0.0000,0.0000,0
63,features.14,479,active,0.018795,7.205327e-07,4.172183e-07,0.1198,0.0342,265
63,features.14,480,pruned_before,nan,0.000000e+00,0.000000e+00,0.0000,0.0000,0
63,features.14,481,pruned_before,nan,0.000000e+00,0.000000e+00,0.0000,0.0000,0
63,features.14,482,active,0.076093,3.767041e-07,1.116534e-06,0.0626,0.0915,265
63,features.14,483,active,0.076125,1.046846e-06,1.268015e-06,0.1740,0.1039,265
63,features.14,484,active,0.074221,4.657523e-07,1.111217e-06,0.0774,0.0911,265
63,features.14,485,pruned_before,nan,0.000000e+00,0.000000e+00,0.0000,0.0000,0
63,features.14,486,active,0.092840,1.504309e-07,1.292572e-06,0.0250,0.1059,265
63,features.14,487,pruned_before,nan,0.000000e+00,0.000000e+00,0.0000,0.0000,0
63,features.14,488,active,0.103203,1.825500e-07,1.440305e-06,0.0303,0.1180,265
63,features.14,489,pruned_before,nan,0.000000e+00,0.000000e+00,0.0000,0.0000,0
63,features.14,490,pruned_before,nan,0.000000e+00,0.000000e+00,0.0000,0.0000,0
63,features.14,491,active,0.217078,9.361084e-07,3.154008e-06,0.1556,0.2585,265
63,features.14,492,pruned_before,nan,0.000000e+00,0.000000e+00,0.0000,0.0000,0
63,features.14,493,pruned_before,nan,0.000000e+00,0.000000e+00,0.0000,0.0000,0
63,features.14,494,active,0.049331,1.866689e-06,1.089547e-06,0.3103,0.0893,265
63,features.14,495,active,0.102992,4.347000e-07,1.494283e-06,0.0723,0.1225,265
63,features.14,496,active,0.095341,1.632721e-06,1.660589e-06,0.2714,0.1361,265
63,features.14,497,pruned_before,nan,0.000000e+00,0.000000e+00,0.0000,0.0000,0
63,features.14,498,pruned_before,nan,0.000000e+00,0.000000e+00,0.0000,0.0000,0
63,features.14,499,pruned_before,nan,0.000000e+00,0.000000e+00,0.0000,0.0000,0
63,features.14,500,pruned_before,nan,0.000000e+00,0.000000e+00,0.0000,0.0000,0
63,features.14,501,pruned_before,nan,0.000000e+00,0.000000e+00,0.0000,0.0000,0
63,features.14,502,active,0.055251,4.232851e-07,8.444596e-07,0.0704,0.0692,265
63,features.14,503,pruned_before,nan,0.000000e+00,0.000000e+00,0.0000,0.0000,0
63,features.14,504,active,0.020847,1.638179e-07,3.195586e-07,0.0272,0.0262,265
63,features.14,505,active,0.069206,1.633606e-06,1.306463e-06,0.2716,0.1071,265
63,features.14,506,active,0.059496,1.153896e-06,1.066691e-06,0.1918,0.0874,265
63,features.14,507,active,0.414839,2.712141e-07,5.685271e-06,0.0451,0.4659,265
63,features.14,508,active,0.087066,1.705117e-08,1.184226e-06,0.0028,0.0971,265
63,features.14,509,active,0.033571,1.604646e-06,8.168201e-07,0.2668,0.0669,265
63,features.14,510,pruned_before,nan,0.000000e+00,0.000000e+00,0.0000,0.0000,0
63,features.14,511,active,0.034917,6.741669e-07,6.253345e-07,0.1121,0.0512,265
63,features.14,512,active,0.061726,2.054051e-06,1.299814e-06,0.3415,0.1065,265
63,features.14,513,active,0.010898,4.718522e-07,2.541067e-07,0.0784,0.0208,265
63,features.14,514,pruned_before,nan,0.000000e+00,0.000000e+00,0.0000,0.0000,0
63,features.14,515,pruned_before,nan,0.000000e+00,0.000000e+00,0.0000,0.0000,0
63,features.14,516,active,0.017006,9.159174e-08,2.512047e-07,0.0152,0.0206,265
63,features.14,517,pruned_before,nan,0.000000e+00,0.000000e+00,0.0000,0.0000,0
63,features.14,518,pruned_before,nan,0.000000e+00,0.000000e+00,0.0000,0.0000,0
63,features.14,519,active,0.102635,3.064929e-07,1.460548e-06,0.0510,0.1197,265
63,features.14,520,active,0.033736,1.131161e-06,7.123276e-07,0.1881,0.0584,265
63,features.14,521,pruned_before,nan,0.000000e+00,0.000000e+00,0.0000,0.0000,0
63,features.14,522,pruned_before,nan,0.000000e+00,0.000000e+00,0.0000,0.0000,0
63,features.14,523,active,0.080418,1.124191e-06,1.343644e-06,0.1869,0.1101,265
63,features.14,524,pruned_before,nan,0.000000e+00,0.000000e+00,0.0000,0.0000,0
63,features.14,525,pruned_before,nan,0.000000e+00,0.000000e+00,0.0000,0.0000,0
63,features.14,526,active,0.108533,8.363347e-07,1.659936e-06,0.1390,0.1360,265
63,features.14,527,active,0.108905,2.076898e-06,1.944595e-06,0.3453,0.1594,265
63,features.14,528,active,0.066659,9.039946e-07,1.107483e-06,0.1503,0.0908,265
63,features.14,529,active,0.120430,6.092156e-07,1.770029e-06,0.1013,0.1451,265
63,features.14,530,pruned_before,nan,0.000000e+00,0.000000e+00,0.0000,0.0000,0
63,features.14,531,pruned_before,nan,0.000000e+00,0.000000e+00,0.0000,0.0000,0
63,features.14,532,pruned_before,nan,0.000000e+00,0.000000e+00,0.0000,0.0000,0
63,features.14,533,pruned_before,nan,0.000000e+00,0.000000e+00,0.0000,0.0000,0
63,features.14,534,pruned_before,nan,0.000000e+00,0.000000e+00,0.0000,0.0000,0
63,features.14,535,active,0.036470,1.611006e-07,5.307550e-07,0.0268,0.0435,265
63,features.14,536,active,0.091089,1.031440e-06,1.467414e-06,0.1715,0.1203,265
63,features.14,537,pruned_before,nan,0.000000e+00,0.000000e+00,0.0000,0.0000,0
63,features.14,538,active,0.134613,3.388841e-07,1.901383e-06,0.0563,0.1558,265
63,features.14,539,pruned_before,nan,0.000000e+00,0.000000e+00,0.0000,0.0000,0
63,features.14,540,active,0.123579,7.764272e-07,1.850418e-06,0.1291,0.1517,265
63,features.14,541,pruned_before,nan,0.000000e+00,0.000000e+00,0.0000,0.0000,0
63,features.14,542,pruned_before,nan,0.000000e+00,0.000000e+00,0.0000,0.0000,0
63,features.14,543,pruned_before,nan,0.000000e+00,0.000000e+00,0.0000,0.0000,0
63,features.14,544,active,0.079988,9.220482e-07,1.292251e-06,0.1533,0.1059,265
63,features.14,545,active,0.011853,5.419014e-07,2.828423e-07,0.0901,0.0232,265
63,features.14,546,active,0.152206,9.131976e-07,2.269344e-06,0.1518,0.1860,265
63,features.14,547,pruned_before,nan,0.000000e+00,0.000000e+00,0.0000,0.0000,0
63,features.14,548,pruned_before,nan,0.000000e+00,0.000000e+00,0.0000,0.0000,0
63,features.14,549,active,0.040933,6.382671e-07,6.988043e-07,0.1061,0.0573,265
63,features.14,550,pruned_before,nan,0.000000e+00,0.000000e+00,0.0000,0.0000,0
63,features.14,551,pruned_before,nan,0.000000e+00,0.000000e+00,0.0000,0.0000,0
63,features.14,552,pruned_before,nan,0.000000e+00,0.000000e+00,0.0000,0.0000,0
63,features.14,553,active,0.061050,2.702489e-06,1.436806e-06,0.4493,0.1178,265
63,features.14,554,active,0.081413,7.190241e-07,1.265816e-06,0.1195,0.1037,265
63,features.14,555,pruned_before,nan,0.000000e+00,0.000000e+00,0.0000,0.0000,0
63,features.14,556,active,0.067325,9.567334e-07,1.128394e-06,0.1591,0.0925,265
63,features.14,557,pruned_before,nan,0.000000e+00,0.000000e+00,0.0000,0.0000,0
63,features.14,558,pruned_before,nan,0.000000e+00,0.000000e+00,0.0000,0.0000,0
63,features.14,559,active,0.133310,4.252521e-07,1.903193e-06,0.0707,0.1560,265
63,features.14,560,pruned_before,nan,0.000000e+00,0.000000e+00,0.0000,0.0000,0
63,features.14,561,active,0.010262,1.497867e-07,1.728901e-07,0.0249,0.0142,265
63,features.14,562,pruned_before,nan,0.000000e+00,0.000000e+00,0.0000,0.0000,0
63,features.14,563,pruned_before,nan,0.000000e+00,0.000000e+00,0.0000,0.0000,0
63,features.14,564,pruned_before,nan,0.000000e+00,0.000000e+00,0.0000,0.0000,0
63,features.14,565,active,0.054633,7.007794e-07,8.986277e-07,0.1165,0.0736,265
63,features.14,566,pruned_before,nan,0.000000e+00,0.000000e+00,0.0000,0.0000,0
63,features.14,567,pruned_before,nan,0.000000e+00,0.000000e+00,0.0000,0.0000,0
63,features.14,568,pruned_before,nan,0.000000e+00,0.000000e+00,0.0000,0.0000,0
63,features.14,569,pruned_before,nan,0.000000e+00,0.000000e+00,0.0000,0.0000,0
63,features.14,570,active,0.084363,9.750713e-07,1.363524e-06,0.1621,0.1117,265
63,features.14,571,pruned_before,nan,0.000000e+00,0.000000e+00,0.0000,0.0000,0
63,features.14,572,active,0.052018,2.921433e-07,7.710777e-07,0.0486,0.0632,265
63,features.14,573,active,0.045074,6.956258e-07,7.678699e-07,0.1156,0.0629,265
63,features.14,574,pruned_before,nan,0.000000e+00,0.000000e+00,0.0000,0.0000,0
63,features.14,575,pruned_before,nan,0.000000e+00,0.000000e+00,0.0000,0.0000,0
63,features.15,0,pruned_before,nan,0.000000e+00,0.000000e+00,0.0000,0.0000,0
63,features.15,1,pruned_before,nan,0.000000e+00,0.000000e+00,0.0000,0.0000,0
63,features.15,2,pruned_before,nan,0.000000e+00,0.000000e+00,0.0000,0.0000,0
63,features.15,3,pruned_before,nan,0.000000e+00,0.000000e+00,0.0000,0.0000,0
63,features.15,4,pruned_before,nan,0.000000e+00,0.000000e+00,0.0000,0.0000,0
63,features.15,5,pruned_before,nan,0.000000e+00,0.000000e+00,0.0000,0.0000,0
63,features.15,6,pruned_before,nan,0.000000e+00,0.000000e+00,0.0000,0.0000,0
63,features.15,7,active,0.301396,1.118756e-07,3.794241e-04,0.0563,0.3411,329
63,features.15,8,pruned_before,nan,0.000000e+00,0.000000e+00,0.0000,0.0000,0
63,features.15,9,pruned_before,nan,0.000000e+00,0.000000e+00,0.0000,0.0000,0
63,features.15,10,pruned_before,nan,0.000000e+00,0.000000e+00,0.0000,0.0000,0
63,features.15,11,pruned_before,nan,0.000000e+00,0.000000e+00,0.0000,0.0000,0
63,features.15,12,pruned_before,nan,0.000000e+00,0.000000e+00,0.0000,0.0000,0
63,features.15,13,pruned_before,nan,0.000000e+00,0.000000e+00,0.0000,0.0000,0
63,features.15,14,pruned_before,nan,0.000000e+00,0.000000e+00,0.0000,0.0000,0
63,features.15,15,pruned_before,nan,0.000000e+00,0.000000e+00,0.0000,0.0000,0
63,features.15,16,pruned_before,nan,0.000000e+00,0.000000e+00,0.0000,0.0000,0
63,features.15,17,pruned_before,nan,0.000000e+00,0.000000e+00,0.0000,0.0000,0
63,features.15,18,pruned_before,nan,0.000000e+00,0.000000e+00,0.0000,0.0000,0
63,features.15,19,pruned_before,nan,0.000000e+00,0.000000e+00,0.0000,0.0000,0
63,features.15,20,pruned_before,nan,0.000000e+00,0.000000e+00,0.0000,0.0000,0
63,features.15,21,pruned_before,nan,0.000000e+00,0.000000e+00,0.0000,0.0000,0
63,features.15,22,pruned_before,nan,0.000000e+00,0.000000e+00,0.0000,0.0000,0
63,features.15,23,pruned_before,nan,0.000000e+00,0.000000e+00,0.0000,0.0000,0
63,features.15,24,pruned_before,nan,0.000000e+00,0.000000e+00,0.0000,0.0000,0
63,features.15,25,pruned_before,nan,0.000000e+00,0.000000e+00,0.0000,0.0000,0
63,features.15,26,pruned_before,nan,0.000000e+00,0.000000e+00,0.0000,0.0000,0
63,features.15,27,pruned_before,nan,0.000000e+00,0.000000e+00,0.0000,0.0000,0
63,features.15,28,pruned_before,nan,0.000000e+00,0.000000e+00,0.0000,0.0000,0
63,features.15,29,pruned_before,nan,0.000000e+00,0.000000e+00,0.0000,0.0000,0
63,features.15,30,pruned_before,nan,0.000000e+00,0.000000e+00,0.0000,0.0000,0
63,features.15,31,pruned_before,nan,0.000000e+00,0.000000e+00,0.0000,0.0000,0
63,features.15,32,pruned_before,nan,0.000000e+00,0.000000e+00,0.0000,0.0000,0
63,features.15,33,pruned_before,nan,0.000000e+00,0.000000e+00,0.0000,0.0000,0
63,features.15,34,pruned_before,nan,0.000000e+00,0.000000e+00,0.0000,0.0000,0
63,features.15,35,pruned_before,nan,0.000000e+00,0.000000e+00,0.0000,0.0000,0
63,features.15,36,pruned_before,nan,0.000000e+00,0.000000e+00,0.0000,0.0000,0
63,features.15,37,pruned_before,nan,0.000000e+00,0.000000e+00,0.0000,0.0000,0
63,features.15,38,pruned_before,nan,0.000000e+00,0.000000e+00,0.0000,0.0000,0
63,features.15,39,pruned_before,nan,0.000000e+00,0.000000e+00,0.0000,0.0000,0
63,features.15,40,pruned_before,nan,0.000000e+00,0.000000e+00,0.0000,0.0000,0
63,features.15,41,pruned_before,nan,0.000000e+00,0.000000e+00,0.0000,0.0000,0
63,features.15,42,pruned_before,nan,0.000000e+00,0.000000e+00,0.0000,0.0000,0
63,features.15,43,pruned_before,nan,0.000000e+00,0.000000e+00,0.0000,0.0000,0
63,features.15,44,pruned_before,nan,0.000000e+00,0.000000e+00,0.0000,0.0000,0
63,features.15,45,pruned_before,nan,0.000000e+00,0.000000e+00,0.0000,0.0000,0
63,features.15,46,pruned_before,nan,0.000000e+00,0.000000e+00,0.0000,0.0000,0
63,features.15,47,pruned_before,nan,0.000000e+00,0.000000e+00,0.0000,0.0000,0
63,features.15,48,pruned_before,nan,0.000000e+00,0.000000e+00,0.0000,0.0000,0
63,features.15,49,pruned_before,nan,0.000000e+00,0.000000e+00,0.0000,0.0000,0
63,features.15,50,pruned_before,nan,0.000000e+00,0.000000e+00,0.0000,0.0000,0
63,features.15,51,pruned_before,nan,0.000000e+00,0.000000e+00,0.0000,0.0000,0
63,features.15,52,pruned_before,nan,0.000000e+00,0.000000e+00,0.0000,0.0000,0
63,features.15,53,pruned_before,nan,0.000000e+00,0.000000e+00,0.0000,0.0000,0
63,features.15,54,pruned_before,nan,0.000000e+00,0.000000e+00,0.0000,0.0000,0
63,features.15,55,pruned_before,nan,0.000000e+00,0.000000e+00,0.0000,0.0000,0
63,features.15,56,pruned_before,nan,0.000000e+00,0.000000e+00,0.0000,0.0000,0
63,features.15,57,pruned_before,nan,0.000000e+00,0.000000e+00,0.0000,0.0000,0
63,features.15,58,pruned_before,nan,0.000000e+00,0.000000e+00,0.0000,0.0000,0
63,features.15,59,pruned_before,nan,0.000000e+00,0.000000e+00,0.0000,0.0000,0
63,features.15,60,pruned_before,nan,0.000000e+00,0.000000e+00,0.0000,0.0000,0
63,features.15,61,pruned_before,nan,0.000000e+00,0.000000e+00,0.0000,0.0000,0
63,features.15,62,active,0.050547,1.735213e-07,7.325375e-05,0.0873,0.0659,329
63,features.15,63,pruned_before,nan,0.000000e+00,0.000000e+00,0.0000,0.0000,0
63,features.15,64,pruned_before,nan,0.000000e+00,0.000000e+00,0.0000,0.0000,0
63,features.15,65,pruned_before,nan,0.000000e+00,0.000000e+00,0.0000,0.0000,0
63,features.15,66,pruned_before,nan,0.000000e+00,0.000000e+00,0.0000,0.0000,0
63,features.15,67,pruned_before,nan,0.000000e+00,0.000000e+00,0.0000,0.0000,0
63,features.15,68,pruned_before,nan,0.000000e+00,0.000000e+00,0.0000,0.0000,0
63,features.15,69,pruned_before,nan,0.000000e+00,0.000000e+00,0.0000,0.0000,0
63,features.15,70,pruned_before,nan,0.000000e+00,0.000000e+00,0.0000,0.0000,0
63,features.15,71,pruned_before,nan,0.000000e+00,0.000000e+00,0.0000,0.0000,0
63,features.15,72,pruned_before,nan,0.000000e+00,0.000000e+00,0.0000,0.0000,0
63,features.15,73,pruned_before,nan,0.000000e+00,0.000000e+00,0.0000,0.0000,0
63,features.15,74,pruned_before,nan,0.000000e+00,0.000000e+00,0.0000,0.0000,0
63,features.15,75,pruned_before,nan,0.000000e+00,0.000000e+00,0.0000,0.0000,0
63,features.15,76,pruned_before,nan,0.000000e+00,0.000000e+00,0.0000,0.0000,0
63,features.15,77,pruned_before,nan,0.000000e+00,0.000000e+00,0.0000,0.0000,0
63,features.15,78,pruned_before,nan,0.000000e+00,0.000000e+00,0.0000,0.0000,0
63,features.15,79,pruned_before,nan,0.000000e+00,0.000000e+00,0.0000,0.0000,0
63,features.15,80,pruned_before,nan,0.000000e+00,0.000000e+00,0.0000,0.0000,0
63,features.15,81,pruned_before,nan,0.000000e+00,0.000000e+00,0.0000,0.0000,0
63,features.15,82,pruned_before,nan,0.000000e+00,0.000000e+00,0.0000,0.0000,0
63,features.15,83,pruned_before,nan,0.000000e+00,0.000000e+00,0.0000,0.0000,0
63,features.15,84,pruned_before,nan,0.000000e+00,0.000000e+00,0.0000,0.0000,0
63,features.15,85,pruned_before,nan,0.000000e+00,0.000000e+00,0.0000,0.0000,0
63,features.15,86,pruned_before,nan,0.000000e+00,0.000000e+00,0.0000,0.0000,0
63,features.15,87,pruned_before,nan,0.000000e+00,0.000000e+00,0.0000,0.0000,0
63,features.15,88,pruned_before,nan,0.000000e+00,0.000000e+00,0.0000,0.0000,0
63,features.15,89,pruned_before,nan,0.000000e+00,0.000000e+00,0.0000,0.0000,0
63,features.15,90,pruned_before,nan,0.000000e+00,0.000000e+00,0.0000,0.0000,0
63,features.15,91,pruned_before,nan,0.000000e+00,0.000000e+00,0.0000,0.0000,0
63,features.15,92,pruned_before,nan,0.000000e+00,0.000000e+00,0.0000,0.0000,0
63,features.15,93,pruned_before,nan,0.000000e+00,0.000000e+00,0.0000,0.0000,0
63,features.15,94,pruned_before,nan,0.000000e+00,0.000000e+00,0.0000,0.0000,0
63,features.15,95,pruned_before,nan,0.000000e+00,0.000000e+00,0.0000,0.0000,0
63,features.15,96,pruned_before,nan,0.000000e+00,0.000000e+00,0.0000,0.0000,0
63,features.15,97,pruned_before,nan,0.000000e+00,0.000000e+00,0.0000,0.0000,0
63,features.15,98,pruned_before,nan,0.000000e+00,0.000000e+00,0.0000,0.0000,0
63,features.15,99,pruned_before,nan,0.000000e+00,0.000000e+00,0.0000,0.0000,0
63,features.15,100,pruned_before,nan,0.000000e+00,0.000000e+00,0.0000,0.0000,0
63,features.15,101,pruned_before,nan,0.000000e+00,0.000000e+00,0.0000,0.0000,0
63,features.15,102,pruned_before,nan,0.000000e+00,0.000000e+00,0.0000,0.0000,0
63,features.15,103,pruned_before,nan,0.000000e+00,0.000000e+00,0.0000,0.0000,0
63,features.15,104,pruned_before,nan,0.000000e+00,0.000000e+00,0.0000,0.0000,0
63,features.15,105,pruned_before,nan,0.000000e+00,0.000000e+00,0.0000,0.0000,0
63,features.15,106,pruned_before,nan,0.000000e+00,0.000000e+00,0.0000,0.0000,0
63,features.15,107,pruned_before,nan,0.000000e+00,0.000000e+00,0.0000,0.0000,0
63,features.15,108,pruned_before,nan,0.000000e+00,0.000000e+00,0.0000,0.0000,0
63,features.15,109,pruned_before,nan,0.000000e+00,0.000000e+00,0.0000,0.0000,0
63,features.15,110,pruned_before,nan,0.000000e+00,0.000000e+00,0.0000,0.0000,0
63,features.15,111,pruned_before,nan,0.000000e+00,0.000000e+00,0.0000,0.0000,0
63,features.15,112,pruned_before,nan,0.000000e+00,0.000000e+00,0.0000,0.0000,0
63,features.15,113,pruned_before,nan,0.000000e+00,0.000000e+00,0.0000,0.0000,0
63,features.15,114,pruned_before,nan,0.000000e+00,0.000000e+00,0.0000,0.0000,0
63,features.15,115,pruned_before,nan,0.000000e+00,0.000000e+00,0.0000,0.0000,0
63,features.15,116,active,0.013565,3.203262e-07,3.667792e-05,0.1611,0.0330,329
63,features.15,117,pruned_before,nan,0.000000e+00,0.000000e+00,0.0000,0.0000,0
63,features.15,118,pruned_before,nan,0.000000e+00,0.000000e+00,0.0000,0.0000,0
63,features.15,119,pruned_before,nan,0.000000e+00,0.000000e+00,0.0000,0.0000,0
63,features.15,120,pruned_before,nan,0.000000e+00,0.000000e+00,0.0000,0.0000,0
63,features.15,121,pruned_before,nan,0.000000e+00,0.000000e+00,0.0000,0.0000,0
63,features.15,122,pruned_before,nan,0.000000e+00,0.000000e+00,0.0000,0.0000,0
63,features.15,123,pruned_before,nan,0.000000e+00,0.000000e+00,0.0000,0.0000,0
63,features.15,124,pruned_before,nan,0.000000e+00,0.000000e+00,0.0000,0.0000,0
63,features.15,125,pruned_before,nan,0.000000e+00,0.000000e+00,0.0000,0.0000,0
63,features.15,126,pruned_before,nan,0.000000e+00,0.000000e+00,0.0000,0.0000,0
63,features.15,127,pruned_before,nan,0.000000e+00,0.000000e+00,0.0000,0.0000,0
63,features.15,128,pruned_before,nan,0.000000e+00,0.000000e+00,0.0000,0.0000,0
63,features.15,129,pruned_before,nan,0.000000e+00,0.000000e+00,0.0000,0.0000,0
63,features.15,130,pruned_before,nan,0.000000e+00,0.000000e+00,0.0000,0.0000,0
63,features.15,131,pruned_before,nan,0.000000e+00,0.000000e+00,0.0000,0.0000,0
63,features.15,132,pruned_before,nan,0.000000e+00,0.000000e+00,0.0000,0.0000,0
63,features.15,133,pruned_before,nan,0.000000e+00,0.000000e+00,0.0000,0.0000,0
63,features.15,134,pruned_before,nan,0.000000e+00,0.000000e+00,0.0000,0.0000,0
63,features.15,135,pruned_before,nan,0.000000e+00,0.000000e+00,0.0000,0.0000,0
63,features.15,136,pruned_before,nan,0.000000e+00,0.000000e+00,0.0000,0.0000,0
63,features.15,137,pruned_before,nan,0.000000e+00,0.000000e+00,0.0000,0.0000,0
63,features.15,138,pruned_before,nan,0.000000e+00,0.000000e+00,0.0000,0.0000,0
63,features.15,139,pruned_before,nan,0.000000e+00,0.000000e+00,0.0000,0.0000,0
63,features.15,140,pruned_before,nan,0.000000e+00,0.000000e+00,0.0000,0.0000,0
63,features.15,141,pruned_before,nan,0.000000e+00,0.000000e+00,0.0000,0.0000,0
63,features.15,142,pruned_before,nan,0.000000e+00,0.000000e+00,0.0000,0.0000,0
63,features.15,143,pruned_before,nan,0.000000e+00,0.000000e+00,0.0000,0.0000,0
63,features.15,144,pruned_before,nan,0.000000e+00,0.000000e+00,0.0000,0.0000,0
63,features.15,145,pruned_before,nan,0.000000e+00,0.000000e+00,0.0000,0.0000,0
63,features.15,146,pruned_before,nan,0.000000e+00,0.000000e+00,0.0000,0.0000,0
63,features.15,147,pruned_before,nan,0.000000e+00,0.000000e+00,0.0000,0.0000,0
63,features.15,148,pruned_before,nan,0.000000e+00,0.000000e+00,0.0000,0.0000,0
63,features.15,149,pruned_before,nan,0.000000e+00,0.000000e+00,0.0000,0.0000,0
63,features.15,150,pruned_before,nan,0.000000e+00,0.000000e+00,0.0000,0.0000,0
63,features.15,151,pruned_before,nan,0.000000e+00,0.000000e+00,0.0000,0.0000,0
63,features.15,152,pruned_before,nan,0.000000e+00,0.000000e+00,0.0000,0.0000,0
63,features.15,153,pruned_before,nan,0.000000e+00,0.000000e+00,0.0000,0.0000,0
63,features.15,154,pruned_before,nan,0.000000e+00,0.000000e+00,0.0000,0.0000,0
63,features.15,155,pruned_before,nan,0.000000e+00,0.000000e+00,0.0000,0.0000,0
63,features.15,156,pruned_before,nan,0.000000e+00,0.000000e+00,0.0000,0.0000,0
63,features.15,157,pruned_before,nan,0.000000e+00,0.000000e+00,0.0000,0.0000,0
63,features.15,158,pruned_before,nan,0.000000e+00,0.000000e+00,0.0000,0.0000,0
63,features.15,159,pruned_before,nan,0.000000e+00,0.000000e+00,0.0000,0.0000,0
63,features.15,160,pruned_before,nan,0.000000e+00,0.000000e+00,0.0000,0.0000,0
63,features.15,161,pruned_before,nan,0.000000e+00,0.000000e+00,0.0000,0.0000,0
63,features.15,162,pruned_before,nan,0.000000e+00,0.000000e+00,0.0000,0.0000,0
63,features.15,163,pruned_before,nan,0.000000e+00,0.000000e+00,0.0000,0.0000,0
63,features.15,164,pruned_before,nan,0.000000e+00,0.000000e+00,0.0000,0.0000,0
63,features.15,165,pruned_before,nan,0.000000e+00,0.000000e+00,0.0000,0.0000,0
63,features.15,166,pruned_before,nan,0.000000e+00,0.000000e+00,0.0000,0.0000,0
63,features.15,167,pruned_before,nan,0.000000e+00,0.000000e+00,0.0000,0.0000,0
63,features.15,168,pruned_before,nan,0.000000e+00,0.000000e+00,0.0000,0.0000,0
63,features.15,169,pruned_before,nan,0.000000e+00,0.000000e+00,0.0000,0.0000,0
63,features.15,170,pruned_before,nan,0.000000e+00,0.000000e+00,0.0000,0.0000,0
63,features.15,171,pruned_before,nan,0.000000e+00,0.000000e+00,0.0000,0.0000,0
63,features.15,172,pruned_before,nan,0.000000e+00,0.000000e+00,0.0000,0.0000,0
63,features.15,173,pruned_before,nan,0.000000e+00,0.000000e+00,0.0000,0.0000,0
63,features.15,174,pruned_before,nan,0.000000e+00,0.000000e+00,0.0000,0.0000,0
63,features.15,175,pruned_before,nan,0.000000e+00,0.000000e+00,0.0000,0.0000,0
63,features.15,176,pruned_before,nan,0.000000e+00,0.000000e+00,0.0000,0.0000,0
63,features.15,177,pruned_before,nan,0.000000e+00,0.000000e+00,0.0000,0.0000,0
63,features.15,178,pruned_before,nan,0.000000e+00,0.000000e+00,0.0000,0.0000,0
63,features.15,179,pruned_before,nan,0.000000e+00,0.000000e+00,0.0000,0.0000,0
63,features.15,180,pruned_before,nan,0.000000e+00,0.000000e+00,0.0000,0.0000,0
63,features.15,181,pruned_before,nan,0.000000e+00,0.000000e+00,0.0000,0.0000,0
63,features.15,182,pruned_before,nan,0.000000e+00,0.000000e+00,0.0000,0.0000,0
63,features.15,183,pruned_before,nan,0.000000e+00,0.000000e+00,0.0000,0.0000,0
63,features.15,184,pruned_before,nan,0.000000e+00,0.000000e+00,0.0000,0.0000,0
63,features.15,185,pruned_before,nan,0.000000e+00,0.000000e+00,0.0000,0.0000,0
63,features.15,186,pruned_before,nan,0.000000e+00,0.000000e+00,0.0000,0.0000,0
63,features.15,187,pruned_before,nan,0.000000e+00,0.000000e+00,0.0000,0.0000,0
63,features.15,188,active,0.022028,1.934902e-07,3.925187e-05,0.0973,0.0353,329
63,features.15,189,pruned_before,nan,0.000000e+00,0.000000e+00,0.0000,0.0000,0
63,features.15,190,pruned_before,nan,0.000000e+00,0.000000e+00,0.0000,0.0000,0
63,features.15,191,pruned_before,nan,0.000000e+00,0.000000e+00,0.0000,0.0000,0
63,features.15,192,pruned_before,nan,0.000000e+00,0.000000e+00,0.0000,0.0000,0
63,features.15,193,pruned_before,nan,0.000000e+00,0.000000e+00,0.0000,0.0000,0
63,features.15,194,pruned_before,nan,0.000000e+00,0.000000e+00,0.0000,0.0000,0
63,features.15,195,pruned_before,nan,0.000000e+00,0.000000e+00,0.0000,0.0000,0
63,features.15,196,pruned_before,nan,0.000000e+00,0.000000e+00,0.0000,0.0000,0
63,features.15,197,pruned_before,nan,0.000000e+00,0.000000e+00,0.0000,0.0000,0
63,features.15,198,pruned_before,nan,0.000000e+00,0.000000e+00,0.0000,0.0000,0
63,features.15,199,pruned_before,nan,0.000000e+00,0.000000e+00,0.0000,0.0000,0
63,features.15,200,pruned_before,nan,0.000000e+00,0.000000e+00,0.0000,0.0000,0
63,features.15,201,pruned_before,nan,0.000000e+00,0.000000e+00,0.0000,0.0000,0
63,features.15,202,pruned_before,nan,0.000000e+00,0.000000e+00,0.0000,0.0000,0
63,features.15,203,pruned_before,nan,0.000000e+00,0.000000e+00,0.0000,0.0000,0
63,features.15,204,pruned_before,nan,0.000000e+00,0.000000e+00,0.0000,0.0000,0
63,features.15,205,active,0.006326,1.515963e-08,8.760010e-06,0.0076,0.0079,329
63,features.15,206,pruned_before,nan,0.000000e+00,0.000000e+00,0.0000,0.0000,0
63,features.15,207,pruned_before,nan,0.000000e+00,0.000000e+00,0.0000,0.0000,0
63,features.15,208,pruned_before,nan,0.000000e+00,0.000000e+00,0.0000,0.0000,0
63,features.15,209,pruned_before,nan,0.000000e+00,0.000000e+00,0.0000,0.0000,0
63,features.15,210,pruned_before,nan,0.000000e+00,0.000000e+00,0.0000,0.0000,0
63,features.15,211,pruned_before,nan,0.000000e+00,0.000000e+00,0.0000,0.0000,0
63,features.15,212,pruned_before,nan,0.000000e+00,0.000000e+00,0.0000,0.0000,0
63,features.15,213,pruned_before,nan,0.000000e+00,0.000000e+00,0.0000,0.0000,0
63,features.15,214,pruned_before,nan,0.000000e+00,0.000000e+00,0.0000,0.0000,0
63,features.15,215,pruned_before,nan,0.000000e+00,0.000000e+00,0.0000,0.0000,0
63,features.15,216,pruned_before,nan,0.000000e+00,0.000000e+00,0.0000,0.0000,0
63,features.15,217,pruned_before,nan,0.000000e+00,0.000000e+00,0.0000,0.0000,0
63,features.15,218,pruned_before,nan,0.000000e+00,0.000000e+00,0.0000,0.0000,0
63,features.15,219,pruned_before,nan,0.000000e+00,0.000000e+00,0.0000,0.0000,0
63,features.15,220,pruned_before,nan,0.000000e+00,0.000000e+00,0.0000,0.0000,0
63,features.15,221,pruned_before,nan,0.000000e+00,0.000000e+00,0.0000,0.0000,0
63,features.15,222,pruned_before,nan,0.000000e+00,0.000000e+00,0.0000,0.0000,0
63,features.15,223,pruned_before,nan,0.000000e+00,0.000000e+00,0.0000,0.0000,0
63,features.15,224,pruned_before,nan,0.000000e+00,0.000000e+00,0.0000,0.0000,0
63,features.15,225,pruned_before,nan,0.000000e+00,0.000000e+00,0.0000,0.0000,0
63,features.15,226,pruned_before,nan,0.000000e+00,0.000000e+00,0.0000,0.0000,0
63,features.15,227,pruned_before,nan,0.000000e+00,0.000000e+00,0.0000,0.0000,0
63,features.15,228,pruned_before,nan,0.000000e+00,0.000000e+00,0.0000,0.0000,0
63,features.15,229,pruned_before,nan,0.000000e+00,0.000000e+00,0.0000,0.0000,0
63,features.15,230,pruned_before,nan,0.000000e+00,0.000000e+00,0.0000,0.0000,0
63,features.15,231,pruned_before,nan,0.000000e+00,0.000000e+00,0.0000,0.0000,0
63,features.15,232,pruned_before,nan,0.000000e+00,0.000000e+00,0.0000,0.0000,0
63,features.15,233,pruned_before,nan,0.000000e+00,0.000000e+00,0.0000,0.0000,0
63,features.15,234,pruned_before,nan,0.000000e+00,0.000000e+00,0.0000,0.0000,0
63,features.15,235,pruned_before,nan,0.000000e+00,0.000000e+00,0.0000,0.0000,0
63,features.15,236,pruned_before,nan,0.000000e+00,0.000000e+00,0.0000,0.0000,0
63,features.15,237,pruned_before,nan,0.000000e+00,0.000000e+00,0.0000,0.0000,0
63,features.15,238,pruned_before,nan,0.000000e+00,0.000000e+00,0.0000,0.0000,0
63,features.15,239,pruned_before,nan,0.000000e+00,0.000000e+00,0.0000,0.0000,0
63,features.15,240,pruned_before,nan,0.000000e+00,0.000000e+00,0.0000,0.0000,0
63,features.15,241,pruned_before,nan,0.000000e+00,0.000000e+00,0.0000,0.0000,0
63,features.15,242,pruned_before,nan,0.000000e+00,0.000000e+00,0.0000,0.0000,0
63,features.15,243,pruned_before,nan,0.000000e+00,0.000000e+00,0.0000,0.0000,0
63,features.15,244,pruned_before,nan,0.000000e+00,0.000000e+00,0.0000,0.0000,0
63,features.15,245,pruned_before,nan,0.000000e+00,0.000000e+00,0.0000,0.0000,0
63,features.15,246,active,0.067858,3.041971e-07,1.027709e-04,0.1530,0.0924,329
63,features.15,247,pruned_before,nan,0.000000e+00,0.000000e+00,0.0000,0.0000,0
63,features.15,248,pruned_before,nan,0.000000e+00,0.000000e+00,0.0000,0.0000,0
63,features.15,249,pruned_before,nan,0.000000e+00,0.000000e+00,0.0000,0.0000,0
63,features.15,250,pruned_before,nan,0.000000e+00,0.000000e+00,0.0000,0.0000,0
63,features.15,251,pruned_before,nan,0.000000e+00,0.000000e+00,0.0000,0.0000,0
63,features.15,252,pruned_before,nan,0.000000e+00,0.000000e+00,0.0000,0.0000,0
63,features.15,253,pruned_before,nan,0.000000e+00,0.000000e+00,0.0000,0.0000,0
63,features.15,254,pruned_before,nan,0.000000e+00,0.000000e+00,0.0000,0.0000,0
63,features.15,255,pruned_before,nan,0.000000e+00,0.000000e+00,0.0000,0.0000,0
63,features.15,256,pruned_before,nan,0.000000e+00,0.000000e+00,0.0000,0.0000,0
63,features.15,257,pruned_before,nan,0.000000e+00,0.000000e+00,0.0000,0.0000,0
63,features.15,258,pruned_before,nan,0.000000e+00,0.000000e+00,0.0000,0.0000,0
63,features.15,259,pruned_before,nan,0.000000e+00,0.000000e+00,0.0000,0.0000,0
63,features.15,260,pruned_before,nan,0.000000e+00,0.000000e+00,0.0000,0.0000,0
63,features.15,261,pruned_before,nan,0.000000e+00,0.000000e+00,0.0000,0.0000,0
63,features.15,262,pruned_before,nan,0.000000e+00,0.000000e+00,0.0000,0.0000,0
63,features.15,263,pruned_before,nan,0.000000e+00,0.000000e+00,0.0000,0.0000,0
63,features.15,264,pruned_before,nan,0.000000e+00,0.000000e+00,0.0000,0.0000,0
63,features.15,265,pruned_before,nan,0.000000e+00,0.000000e+00,0.0000,0.0000,0
63,features.15,266,pruned_before,nan,0.000000e+00,0.000000e+00,0.0000,0.0000,0
63,features.15,267,pruned_before,nan,0.000000e+00,0.000000e+00,0.0000,0.0000,0
63,features.15,268,pruned_before,nan,0.000000e+00,0.000000e+00,0.0000,0.0000,0
63,features.15,269,pruned_before,nan,0.000000e+00,0.000000e+00,0.0000,0.0000,0
63,features.15,270,pruned_before,nan,0.000000e+00,0.000000e+00,0.0000,0.0000,0
63,features.15,271,pruned_before,nan,0.000000e+00,0.000000e+00,0.0000,0.0000,0
63,features.15,272,active,-0.023979,5.977341e-07,7.526960e-06,0.3007,0.0068,329
63,features.15,273,pruned_before,nan,0.000000e+00,0.000000e+00,0.0000,0.0000,0
63,features.15,274,pruned_before,nan,0.000000e+00,0.000000e+00,0.0000,0.0000,0
63,features.15,275,pruned_before,nan,0.000000e+00,0.000000e+00,0.0000,0.0000,0
63,features.15,276,pruned_before,nan,0.000000e+00,0.000000e+00,0.0000,0.0000,0
63,features.15,277,pruned_before,nan,0.000000e+00,0.000000e+00,0.0000,0.0000,0
63,features.15,278,pruned_before,nan,0.000000e+00,0.000000e+00,0.0000,0.0000,0
63,features.15,279,pruned_before,nan,0.000000e+00,0.000000e+00,0.0000,0.0000,0
63,features.15,280,pruned_before,nan,0.000000e+00,0.000000e+00,0.0000,0.0000,0
63,features.15,281,pruned_before,nan,0.000000e+00,0.000000e+00,0.0000,0.0000,0
63,features.15,282,pruned_before,nan,0.000000e+00,0.000000e+00,0.0000,0.0000,0
63,features.15,283,pruned_before,nan,0.000000e+00,0.000000e+00,0.0000,0.0000,0
63,features.15,284,active,0.085987,6.454570e-07,1.463909e-04,0.3247,0.1316,329
63,features.15,285,pruned_before,nan,0.000000e+00,0.000000e+00,0.0000,0.0000,0
63,features.15,286,pruned_before,nan,0.000000e+00,0.000000e+00,0.0000,0.0000,0
63,features.15,287,pruned_before,nan,0.000000e+00,0.000000e+00,0.0000,0.0000,0
63,features.15,288,pruned_before,nan,0.000000e+00,0.000000e+00,0.0000,0.0000,0
63,features.15,289,pruned_before,nan,0.000000e+00,0.000000e+00,0.0000,0.0000,0
63,features.15,290,pruned_before,nan,0.000000e+00,0.000000e+00,0.0000,0.0000,0
63,features.15,291,pruned_before,nan,0.000000e+00,0.000000e+00,0.0000,0.0000,0
63,features.15,292,pruned_before,nan,0.000000e+00,0.000000e+00,0.0000,0.0000,0
63,features.15,293,pruned_before,nan,0.000000e+00,0.000000e+00,0.0000,0.0000,0
63,features.15,294,pruned_before,nan,0.000000e+00,0.000000e+00,0.0000,0.0000,0
63,features.15,295,pruned_before,nan,0.000000e+00,0.000000e+00,0.0000,0.0000,0
63,features.15,296,pruned_before,nan,0.000000e+00,0.000000e+00,0.0000,0.0000,0
63,features.15,297,pruned_before,nan,0.000000e+00,0.000000e+00,0.0000,0.0000,0
63,features.15,298,pruned_before,nan,0.000000e+00,0.000000e+00,0.0000,0.0000,0
63,features.15,299,pruned_before,nan,0.000000e+00,0.000000e+00,0.0000,0.0000,0
63,features.15,300,pruned_before,nan,0.000000e+00,0.000000e+00,0.0000,0.0000,0
63,features.15,301,pruned_before,nan,0.000000e+00,0.000000e+00,0.0000,0.0000,0
63,features.15,302,pruned_before,nan,0.000000e+00,0.000000e+00,0.0000,0.0000,0
63,features.15,303,pruned_before,nan,0.000000e+00,0.000000e+00,0.0000,0.0000,0
63,features.15,304,pruned_before,nan,0.000000e+00,0.000000e+00,0.0000,0.0000,0
63,features.15,305,active,0.002543,1.441510e-07,1.210453e-05,0.0725,0.0109,329
63,features.15,306,pruned_before,nan,0.000000e+00,0.000000e+00,0.0000,0.0000,0
63,features.15,307,pruned_before,nan,0.000000e+00,0.000000e+00,0.0000,0.0000,0
63,features.15,308,pruned_before,nan,0.000000e+00,0.000000e+00,0.0000,0.0000,0
63,features.15,309,pruned_before,nan,0.000000e+00,0.000000e+00,0.0000,0.0000,0
63,features.15,310,pruned_before,nan,0.000000e+00,0.000000e+00,0.0000,0.0000,0
63,features.15,311,pruned_before,nan,0.000000e+00,0.000000e+00,0.0000,0.0000,0
63,features.15,312,pruned_before,nan,0.000000e+00,0.000000e+00,0.0000,0.0000,0
63,features.15,313,pruned_before,nan,0.000000e+00,0.000000e+00,0.0000,0.0000,0
63,features.15,314,pruned_before,nan,0.000000e+00,0.000000e+00,0.0000,0.0000,0
63,features.15,315,pruned_before,nan,0.000000e+00,0.000000e+00,0.0000,0.0000,0
63,features.15,316,pruned_before,nan,0.000000e+00,0.000000e+00,0.0000,0.0000,0
63,features.15,317,active,0.023212,5.181479e-07,6.089849e-05,0.2607,0.0548,329
63,features.15,318,pruned_before,nan,0.000000e+00,0.000000e+00,0.0000,0.0000,0
63,features.15,319,pruned_before,nan,0.000000e+00,0.000000e+00,0.0000,0.0000,0
63,features.15,320,pruned_before,nan,0.000000e+00,0.000000e+00,0.0000,0.0000,0
63,features.15,321,pruned_before,nan,0.000000e+00,0.000000e+00,0.0000,0.0000,0
63,features.15,322,pruned_before,nan,0.000000e+00,0.000000e+00,0.0000,0.0000,0
63,features.15,323,pruned_before,nan,0.000000e+00,0.000000e+00,0.0000,0.0000,0
63,features.15,324,pruned_before,nan,0.000000e+00,0.000000e+00,0.0000,0.0000,0
63,features.15,325,pruned_before,nan,0.000000e+00,0.000000e+00,0.0000,0.0000,0
63,features.15,326,pruned_before,nan,0.000000e+00,0.000000e+00,0.0000,0.0000,0
63,features.15,327,pruned_before,nan,0.000000e+00,0.000000e+00,0.0000,0.0000,0
63,features.15,328,pruned_before,nan,0.000000e+00,0.000000e+00,0.0000,0.0000,0
63,features.15,329,pruned_before,nan,0.000000e+00,0.000000e+00,0.0000,0.0000,0
63,features.15,330,pruned_before,nan,0.000000e+00,0.000000e+00,0.0000,0.0000,0
63,features.15,331,pruned_before,nan,0.000000e+00,0.000000e+00,0.0000,0.0000,0
63,features.15,332,pruned_before,nan,0.000000e+00,0.000000e+00,0.0000,0.0000,0
63,features.15,333,pruned_before,nan,0.000000e+00,0.000000e+00,0.0000,0.0000,0
63,features.15,334,pruned_before,nan,0.000000e+00,0.000000e+00,0.0000,0.0000,0
63,features.15,335,pruned_before,nan,0.000000e+00,0.000000e+00,0.0000,0.0000,0
63,features.15,336,pruned_before,nan,0.000000e+00,0.000000e+00,0.0000,0.0000,0
63,features.15,337,pruned_before,nan,0.000000e+00,0.000000e+00,0.0000,0.0000,0
63,features.15,338,pruned_before,nan,0.000000e+00,0.000000e+00,0.0000,0.0000,0
63,features.15,339,pruned_before,nan,0.000000e+00,0.000000e+00,0.0000,0.0000,0
63,features.15,340,pruned_before,nan,0.000000e+00,0.000000e+00,0.0000,0.0000,0
63,features.15,341,pruned_before,nan,0.000000e+00,0.000000e+00,0.0000,0.0000,0
63,features.15,342,pruned_before,nan,0.000000e+00,0.000000e+00,0.0000,0.0000,0
63,features.15,343,pruned_before,nan,0.000000e+00,0.000000e+00,0.0000,0.0000,0
63,features.15,344,pruned_before,nan,0.000000e+00,0.000000e+00,0.0000,0.0000,0
63,features.15,345,pruned_before,nan,0.000000e+00,0.000000e+00,0.0000,0.0000,0
63,features.15,346,pruned_before,nan,0.000000e+00,0.000000e+00,0.0000,0.0000,0
63,features.15,347,pruned_before,nan,0.000000e+00,0.000000e+00,0.0000,0.0000,0
63,features.15,348,pruned_before,nan,0.000000e+00,0.000000e+00,0.0000,0.0000,0
63,features.15,349,pruned_before,nan,0.000000e+00,0.000000e+00,0.0000,0.0000,0
63,features.15,350,pruned_before,nan,0.000000e+00,0.000000e+00,0.0000,0.0000,0
63,features.15,351,pruned_before,nan,0.000000e+00,0.000000e+00,0.0000,0.0000,0
63,features.15,352,pruned_before,nan,0.000000e+00,0.000000e+00,0.0000,0.0000,0
63,features.15,353,pruned_before,nan,0.000000e+00,0.000000e+00,0.0000,0.0000,0
63,features.15,354,pruned_before,nan,0.000000e+00,0.000000e+00,0.0000,0.0000,0
63,features.15,355,pruned_before,nan,0.000000e+00,0.000000e+00,0.0000,0.0000,0
63,features.15,356,pruned_before,nan,0.000000e+00,0.000000e+00,0.0000,0.0000,0
63,features.15,357,pruned_before,nan,0.000000e+00,0.000000e+00,0.0000,0.0000,0
63,features.15,358,pruned_before,nan,0.000000e+00,0.000000e+00,0.0000,0.0000,0
63,features.15,359,active,0.018281,8.556043e-07,7.578417e-05,0.4304,0.0681,329
63,features.15,360,pruned_before,nan,0.000000e+00,0.000000e+00,0.0000,0.0000,0
63,features.15,361,pruned_before,nan,0.000000e+00,0.000000e+00,0.0000,0.0000,0
63,features.15,362,pruned_before,nan,0.000000e+00,0.000000e+00,0.0000,0.0000,0
63,features.15,363,pruned_before,nan,0.000000e+00,0.000000e+00,0.0000,0.0000,0
63,features.15,364,pruned_before,nan,0.000000e+00,0.000000e+00,0.0000,0.0000,0
63,features.15,365,pruned_before,nan,0.000000e+00,0.000000e+00,0.0000,0.0000,0
63,features.15,366,pruned_before,nan,0.000000e+00,0.000000e+00,0.0000,0.0000,0
63,features.15,367,pruned_before,nan,0.000000e+00,0.000000e+00,0.0000,0.0000,0
63,features.15,368,active,0.152235,2.305295e-07,2.024661e-04,0.1160,0.1820,329
63,features.15,369,pruned_before,nan,0.000000e+00,0.000000e+00,0.0000,0.0000,0
63,features.15,370,pruned_before,nan,0.000000e+00,0.000000e+00,0.0000,0.0000,0
63,features.15,371,pruned_before,nan,0.000000e+00,0.000000e+00,0.0000,0.0000,0
63,features.15,372,active,0.027206,4.298045e-07,6.034220e-05,0.2162,0.0543,329
63,features.15,373,pruned_before,nan,0.000000e+00,0.000000e+00,0.0000,0.0000,0
63,features.15,374,pruned_before,nan,0.000000e+00,0.000000e+00,0.0000,0.0000,0
63,features.15,375,pruned_before,nan,0.000000e+00,0.000000e+00,0.0000,0.0000,0
63,features.15,376,pruned_before,nan,0.000000e+00,0.000000e+00,0.0000,0.0000,0
63,features.15,377,pruned_before,nan,0.000000e+00,0.000000e+00,0.0000,0.0000,0
63,features.15,378,pruned_before,nan,0.000000e+00,0.000000e+00,0.0000,0.0000,0
63,features.15,379,pruned_before,nan,0.000000e+00,0.000000e+00,0.0000,0.0000,0
63,features.15,380,pruned_before,nan,0.000000e+00,0.000000e+00,0.0000,0.0000,0
63,features.15,381,pruned_before,nan,0.000000e+00,0.000000e+00,0.0000,0.0000,0
63,features.15,382,pruned_before,nan,0.000000e+00,0.000000e+00,0.0000,0.0000,0
63,features.15,383,pruned_before,nan,0.000000e+00,0.000000e+00,0.0000,0.0000,0
63,features.15,384,pruned_before,nan,0.000000e+00,0.000000e+00,0.0000,0.0000,0
63,features.15,385,pruned_before,nan,0.000000e+00,0.000000e+00,0.0000,0.0000,0
63,features.15,386,pruned_before,nan,0.000000e+00,0.000000e+00,0.0000,0.0000,0
63,features.15,387,pruned_before,nan,0.000000e+00,0.000000e+00,0.0000,0.0000,0
63,features.15,388,pruned_before,nan,0.000000e+00,0.000000e+00,0.0000,0.0000,0
63,features.15,389,pruned_before,nan,0.000000e+00,0.000000e+00,0.0000,0.0000,0
63,features.15,390,pruned_before,nan,0.000000e+00,0.000000e+00,0.0000,0.0000,0
63,features.15,391,pruned_before,nan,0.000000e+00,0.000000e+00,0.0000,0.0000,0
63,features.15,392,pruned_before,nan,0.000000e+00,0.000000e+00,0.0000,0.0000,0
63,features.15,393,pruned_before,nan,0.000000e+00,0.000000e+00,0.0000,0.0000,0
63,features.15,394,pruned_before,nan,0.000000e+00,0.000000e+00,0.0000,0.0000,0
63,features.15,395,pruned_before,nan,0.000000e+00,0.000000e+00,0.0000,0.0000,0
63,features.15,396,pruned_before,nan,0.000000e+00,0.000000e+00,0.0000,0.0000,0
63,features.15,397,pruned_before,nan,0.000000e+00,0.000000e+00,0.0000,0.0000,0
63,features.15,398,pruned_before,nan,0.000000e+00,0.000000e+00,0.0000,0.0000,0
63,features.15,399,pruned_before,nan,0.000000e+00,0.000000e+00,0.0000,0.0000,0
63,features.15,400,pruned_before,nan,0.000000e+00,0.000000e+00,0.0000,0.0000,0
63,features.15,401,pruned_before,nan,0.000000e+00,0.000000e+00,0.0000,0.0000,0
63,features.15,402,pruned_before,nan,0.000000e+00,0.000000e+00,0.0000,0.0000,0
63,features.15,403,pruned_before,nan,0.000000e+00,0.000000e+00,0.0000,0.0000,0
63,features.15,404,pruned_before,nan,0.000000e+00,0.000000e+00,0.0000,0.0000,0
63,features.15,405,pruned_before,nan,0.000000e+00,0.000000e+00,0.0000,0.0000,0
63,features.15,406,pruned_before,nan,0.000000e+00,0.000000e+00,0.0000,0.0000,0
63,features.15,407,pruned_before,nan,0.000000e+00,0.000000e+00,0.0000,0.0000,0
63,features.15,408,pruned_before,nan,0.000000e+00,0.000000e+00,0.0000,0.0000,0
63,features.15,409,pruned_before,nan,0.000000e+00,0.000000e+00,0.0000,0.0000,0
63,features.15,410,pruned_before,nan,0.000000e+00,0.000000e+00,0.0000,0.0000,0
63,features.15,411,pruned_before,nan,0.000000e+00,0.000000e+00,0.0000,0.0000,0
63,features.15,412,pruned_before,nan,0.000000e+00,0.000000e+00,0.0000,0.0000,0
63,features.15,413,pruned_before,nan,0.000000e+00,0.000000e+00,0.0000,0.0000,0
63,features.15,414,pruned_before,nan,0.000000e+00,0.000000e+00,0.0000,0.0000,0
63,features.15,415,pruned_before,nan,0.000000e+00,0.000000e+00,0.0000,0.0000,0
63,features.15,416,pruned_before,nan,0.000000e+00,0.000000e+00,0.0000,0.0000,0
63,features.15,417,pruned_before,nan,0.000000e+00,0.000000e+00,0.0000,0.0000,0
63,features.15,418,pruned_before,nan,0.000000e+00,0.000000e+00,0.0000,0.0000,0
63,features.15,419,pruned_before,nan,0.000000e+00,0.000000e+00,0.0000,0.0000,0
63,features.15,420,pruned_before,nan,0.000000e+00,0.000000e+00,0.0000,0.0000,0
63,features.15,421,pruned_before,nan,0.000000e+00,0.000000e+00,0.0000,0.0000,0
63,features.15,422,pruned_before,nan,0.000000e+00,0.000000e+00,0.0000,0.0000,0
63,features.15,423,pruned_before,nan,0.000000e+00,0.000000e+00,0.0000,0.0000,0
63,features.15,424,pruned_before,nan,0.000000e+00,0.000000e+00,0.0000,0.0000,0
63,features.15,425,pruned_before,nan,0.000000e+00,0.000000e+00,0.0000,0.0000,0
63,features.15,426,pruned_before,nan,0.000000e+00,0.000000e+00,0.0000,0.0000,0
63,features.15,427,pruned_before,nan,0.000000e+00,0.000000e+00,0.0000,0.0000,0
63,features.15,428,pruned_before,nan,0.000000e+00,0.000000e+00,0.0000,0.0000,0
63,features.15,429,pruned_before,nan,0.000000e+00,0.000000e+00,0.0000,0.0000,0
63,features.15,430,pruned_before,nan,0.000000e+00,0.000000e+00,0.0000,0.0000,0
63,features.15,431,pruned_before,nan,0.000000e+00,0.000000e+00,0.0000,0.0000,0
63,features.15,432,pruned_before,nan,0.000000e+00,0.000000e+00,0.0000,0.0000,0
63,features.15,433,pruned_before,nan,0.000000e+00,0.000000e+00,0.0000,0.0000,0
63,features.15,434,pruned_before,nan,0.000000e+00,0.000000e+00,0.0000,0.0000,0
63,features.15,435,pruned_before,nan,0.000000e+00,0.000000e+00,0.0000,0.0000,0
63,features.15,436,pruned_before,nan,0.000000e+00,0.000000e+00,0.0000,0.0000,0
63,features.15,437,pruned_before,nan,0.000000e+00,0.000000e+00,0.0000,0.0000,0
63,features.15,438,pruned_before,nan,0.000000e+00,0.000000e+00,0.0000,0.0000,0
63,features.15,439,pruned_before,nan,0.000000e+00,0.000000e+00,0.0000,0.0000,0
63,features.15,440,pruned_before,nan,0.000000e+00,0.000000e+00,0.0000,0.0000,0
63,features.15,441,pruned_before,nan,0.000000e+00,0.000000e+00,0.0000,0.0000,0
63,features.15,442,pruned_before,nan,0.000000e+00,0.000000e+00,0.0000,0.0000,0
63,features.15,443,pruned_before,nan,0.000000e+00,0.000000e+00,0.0000,0.0000,0
63,features.15,444,pruned_before,nan,0.000000e+00,0.000000e+00,0.0000,0.0000,0
63,features.15,445,pruned_before,nan,0.000000e+00,0.000000e+00,0.0000,0.0000,0
63,features.15,446,pruned_before,nan,0.000000e+00,0.000000e+00,0.0000,0.0000,0
63,features.15,447,pruned_before,nan,0.000000e+00,0.000000e+00,0.0000,0.0000,0
63,features.15,448,pruned_before,nan,0.000000e+00,0.000000e+00,0.0000,0.0000,0
63,features.15,449,pruned_before,nan,0.000000e+00,0.000000e+00,0.0000,0.0000,0
63,features.15,450,pruned_before,nan,0.000000e+00,0.000000e+00,0.0000,0.0000,0
63,features.15,451,pruned_before,nan,0.000000e+00,0.000000e+00,0.0000,0.0000,0
63,features.15,452,pruned_before,nan,0.000000e+00,0.000000e+00,0.0000,0.0000,0
63,features.15,453,pruned_before,nan,0.000000e+00,0.000000e+00,0.0000,0.0000,0
63,features.15,454,pruned_before,nan,0.000000e+00,0.000000e+00,0.0000,0.0000,0
63,features.15,455,pruned_before,nan,0.000000e+00,0.000000e+00,0.0000,0.0000,0
63,features.15,456,pruned_before,nan,0.000000e+00,0.000000e+00,0.0000,0.0000,0
63,features.15,457,pruned_before,nan,0.000000e+00,0.000000e+00,0.0000,0.0000,0
63,features.15,458,pruned_before,nan,0.000000e+00,0.000000e+00,0.0000,0.0000,0
63,features.15,459,pruned_before,nan,0.000000e+00,0.000000e+00,0.0000,0.0000,0
63,features.15,460,pruned_before,nan,0.000000e+00,0.000000e+00,0.0000,0.0000,0
63,features.15,461,active,-0.014725,5.690177e-07,1.717715e-05,0.2862,0.0154,329
63,features.15,462,pruned_before,nan,0.000000e+00,0.000000e+00,0.0000,0.0000,0
63,features.15,463,pruned_before,nan,0.000000e+00,0.000000e+00,0.0000,0.0000,0
63,features.15,464,pruned_before,nan,0.000000e+00,0.000000e+00,0.0000,0.0000,0
63,features.15,465,pruned_before,nan,0.000000e+00,0.000000e+00,0.0000,0.0000,0
63,features.15,466,pruned_before,nan,0.000000e+00,0.000000e+00,0.0000,0.0000,0
63,features.15,467,pruned_before,nan,0.000000e+00,0.000000e+00,0.0000,0.0000,0
63,features.15,468,pruned_before,nan,0.000000e+00,0.000000e+00,0.0000,0.0000,0
63,features.15,469,pruned_before,nan,0.000000e+00,0.000000e+00,0.0000,0.0000,0
63,features.15,470,pruned_before,nan,0.000000e+00,0.000000e+00,0.0000,0.0000,0
63,features.15,471,pruned_before,nan,0.000000e+00,0.000000e+00,0.0000,0.0000,0
63,features.15,472,pruned_before,nan,0.000000e+00,0.000000e+00,0.0000,0.0000,0
63,features.15,473,pruned_before,nan,0.000000e+00,0.000000e+00,0.0000,0.0000,0
63,features.15,474,pruned_before,nan,0.000000e+00,0.000000e+00,0.0000,0.0000,0
63,features.15,475,pruned_before,nan,0.000000e+00,0.000000e+00,0.0000,0.0000,0
63,features.15,476,pruned_before,nan,0.000000e+00,0.000000e+00,0.0000,0.0000,0
63,features.15,477,pruned_before,nan,0.000000e+00,0.000000e+00,0.0000,0.0000,0
63,features.15,478,active,0.047935,1.134893e-07,6.629460e-05,0.0571,0.0596,329
63,features.15,479,pruned_before,nan,0.000000e+00,0.000000e+00,0.0000,0.0000,0
63,features.15,480,pruned_before,nan,0.000000e+00,0.000000e+00,0.0000,0.0000,0
63,features.15,481,pruned_before,nan,0.000000e+00,0.000000e+00,0.0000,0.0000,0
63,features.15,482,pruned_before,nan,0.000000e+00,0.000000e+00,0.0000,0.0000,0
63,features.15,483,pruned_before,nan,0.000000e+00,0.000000e+00,0.0000,0.0000,0
63,features.15,484,pruned_before,nan,0.000000e+00,0.000000e+00,0.0000,0.0000,0
63,features.15,485,pruned_before,nan,0.000000e+00,0.000000e+00,0.0000,0.0000,0
63,features.15,486,pruned_before,nan,0.000000e+00,0.000000e+00,0.0000,0.0000,0
63,features.15,487,pruned_before,nan,0.000000e+00,0.000000e+00,0.0000,0.0000,0
63,features.15,488,pruned_before,nan,0.000000e+00,0.000000e+00,0.0000,0.0000,0
63,features.15,489,pruned_before,nan,0.000000e+00,0.000000e+00,0.0000,0.0000,0
63,features.15,490,pruned_before,nan,0.000000e+00,0.000000e+00,0.0000,0.0000,0
63,features.15,491,pruned_before,nan,0.000000e+00,0.000000e+00,0.0000,0.0000,0
63,features.15,492,pruned_before,nan,0.000000e+00,0.000000e+00,0.0000,0.0000,0
63,features.15,493,pruned_before,nan,0.000000e+00,0.000000e+00,0.0000,0.0000,0
63,features.15,494,pruned_before,nan,0.000000e+00,0.000000e+00,0.0000,0.0000,0
63,features.15,495,pruned_before,nan,0.000000e+00,0.000000e+00,0.0000,0.0000,0
63,features.15,496,pruned_before,nan,0.000000e+00,0.000000e+00,0.0000,0.0000,0
63,features.15,497,pruned_before,nan,0.000000e+00,0.000000e+00,0.0000,0.0000,0
63,features.15,498,pruned_before,nan,0.000000e+00,0.000000e+00,0.0000,0.0000,0
63,features.15,499,pruned_before,nan,0.000000e+00,0.000000e+00,0.0000,0.0000,0
63,features.15,500,pruned_before,nan,0.000000e+00,0.000000e+00,0.0000,0.0000,0
63,features.15,501,pruned_before,nan,0.000000e+00,0.000000e+00,0.0000,0.0000,0
63,features.15,502,pruned_before,nan,0.000000e+00,0.000000e+00,0.0000,0.0000,0
63,features.15,503,pruned_before,nan,0.000000e+00,0.000000e+00,0.0000,0.0000,0
63,features.15,504,pruned_before,nan,0.000000e+00,0.000000e+00,0.0000,0.0000,0
63,features.15,505,active,0.031494,9.887909e-08,4.506732e-05,0.0497,0.0405,329
63,features.15,506,pruned_before,nan,0.000000e+00,0.000000e+00,0.0000,0.0000,0
63,features.15,507,pruned_before,nan,0.000000e+00,0.000000e+00,0.0000,0.0000,0
63,features.15,508,pruned_before,nan,0.000000e+00,0.000000e+00,0.0000,0.0000,0
63,features.15,509,pruned_before,nan,0.000000e+00,0.000000e+00,0.0000,0.0000,0
63,features.15,510,pruned_before,nan,0.000000e+00,0.000000e+00,0.0000,0.0000,0
63,features.15,511,pruned_before,nan,0.000000e+00,0.000000e+00,0.0000,0.0000,0
63,features.15,512,pruned_before,nan,0.000000e+00,0.000000e+00,0.0000,0.0000,0
63,features.15,513,pruned_before,nan,0.000000e+00,0.000000e+00,0.0000,0.0000,0
63,features.15,514,pruned_before,nan,0.000000e+00,0.000000e+00,0.0000,0.0000,0
63,features.15,515,pruned_before,nan,0.000000e+00,0.000000e+00,0.0000,0.0000,0
63,features.15,516,pruned_before,nan,0.000000e+00,0.000000e+00,0.0000,0.0000,0
63,features.15,517,pruned_before,nan,0.000000e+00,0.000000e+00,0.0000,0.0000,0
63,features.15,518,pruned_before,nan,0.000000e+00,0.000000e+00,0.0000,0.0000,0
63,features.15,519,pruned_before,nan,0.000000e+00,0.000000e+00,0.0000,0.0000,0
63,features.15,520,pruned_before,nan,0.000000e+00,0.000000e+00,0.0000,0.0000,0
63,features.15,521,pruned_before,nan,0.000000e+00,0.000000e+00,0.0000,0.0000,0
63,features.15,522,pruned_before,nan,0.000000e+00,0.000000e+00,0.0000,0.0000,0
63,features.15,523,pruned_before,nan,0.000000e+00,0.000000e+00,0.0000,0.0000,0
63,features.15,524,pruned_before,nan,0.000000e+00,0.000000e+00,0.0000,0.0000,0
63,features.15,525,pruned_before,nan,0.000000e+00,0.000000e+00,0.0000,0.0000,0
63,features.15,526,pruned_before,nan,0.000000e+00,0.000000e+00,0.0000,0.0000,0
63,features.15,527,pruned_before,nan,0.000000e+00,0.000000e+00,0.0000,0.0000,0
63,features.15,528,pruned_before,nan,0.000000e+00,0.000000e+00,0.0000,0.0000,0
63,features.15,529,pruned_before,nan,0.000000e+00,0.000000e+00,0.0000,0.0000,0
63,features.15,530,pruned_before,nan,0.000000e+00,0.000000e+00,0.0000,0.0000,0
63,features.15,531,pruned_before,nan,0.000000e+00,0.000000e+00,0.0000,0.0000,0
63,features.15,532,pruned_before,nan,0.000000e+00,0.000000e+00,0.0000,0.0000,0
63,features.15,533,pruned_before,nan,0.000000e+00,0.000000e+00,0.0000,0.0000,0
63,features.15,534,pruned_before,nan,0.000000e+00,0.000000e+00,0.0000,0.0000,0
63,features.15,535,pruned_before,nan,0.000000e+00,0.000000e+00,0.0000,0.0000,0
63,features.15,536,pruned_before,nan,0.000000e+00,0.000000e+00,0.0000,0.0000,0
63,features.15,537,pruned_before,nan,0.000000e+00,0.000000e+00,0.0000,0.0000,0
63,features.15,538,pruned_before,nan,0.000000e+00,0.000000e+00,0.0000,0.0000,0
63,features.15,539,active,0.072336,6.862448e-07,1.320563e-04,0.3452,0.1187,329
63,features.15,540,pruned_before,nan,0.000000e+00,0.000000e+00,0.0000,0.0000,0
63,features.15,541,pruned_before,nan,0.000000e+00,0.000000e+00,0.0000,0.0000,0
63,features.15,542,pruned_before,nan,0.000000e+00,0.000000e+00,0.0000,0.0000,0
63,features.15,543,pruned_before,nan,0.000000e+00,0.000000e+00,0.0000,0.0000,0
63,features.15,544,pruned_before,nan,0.000000e+00,0.000000e+00,0.0000,0.0000,0
63,features.15,545,pruned_before,nan,0.000000e+00,0.000000e+00,0.0000,0.0000,0
63,features.15,546,pruned_before,nan,0.000000e+00,0.000000e+00,0.0000,0.0000,0
63,features.15,547,pruned_before,nan,0.000000e+00,0.000000e+00,0.0000,0.0000,0
63,features.15,548,pruned_before,nan,0.000000e+00,0.000000e+00,0.0000,0.0000,0
63,features.15,549,pruned_before,nan,0.000000e+00,0.000000e+00,0.0000,0.0000,0
63,features.15,550,pruned_before,nan,0.000000e+00,0.000000e+00,0.0000,0.0000,0
63,features.15,551,pruned_before,nan,0.000000e+00,0.000000e+00,0.0000,0.0000,0
63,features.15,552,pruned_before,nan,0.000000e+00,0.000000e+00,0.0000,0.0000,0
63,features.15,553,pruned_before,nan,0.000000e+00,0.000000e+00,0.0000,0.0000,0
63,features.15,554,pruned_before,nan,0.000000e+00,0.000000e+00,0.0000,0.0000,0
63,features.15,555,pruned_before,nan,0.000000e+00,0.000000e+00,0.0000,0.0000,0
63,features.15,556,pruned_before,nan,0.000000e+00,0.000000e+00,0.0000,0.0000,0
63,features.15,557,pruned_before,nan,0.000000e+00,0.000000e+00,0.0000,0.0000,0
63,features.15,558,pruned_before,nan,0.000000e+00,0.000000e+00,0.0000,0.0000,0
63,features.15,559,pruned_before,nan,0.000000e+00,0.000000e+00,0.0000,0.0000,0
63,features.15,560,pruned_before,nan,0.000000e+00,0.000000e+00,0.0000,0.0000,0
63,features.15,561,pruned_before,nan,0.000000e+00,0.000000e+00,0.0000,0.0000,0
63,features.15,562,pruned_before,nan,0.000000e+00,0.000000e+00,0.0000,0.0000,0
63,features.15,563,pruned_before,nan,0.000000e+00,0.000000e+00,0.0000,0.0000,0
63,features.15,564,pruned_before,nan,0.000000e+00,0.000000e+00,0.0000,0.0000,0
63,features.15,565,pruned_before,nan,0.000000e+00,0.000000e+00,0.0000,0.0000,0
63,features.15,566,pruned_before,nan,0.000000e+00,0.000000e+00,0.0000,0.0000,0
63,features.15,567,pruned_before,nan,0.000000e+00,0.000000e+00,0.0000,0.0000,0
63,features.15,568,pruned_before,nan,0.000000e+00,0.000000e+00,0.0000,0.0000,0
63,features.15,569,pruned_before,nan,0.000000e+00,0.000000e+00,0.0000,0.0000,0
63,features.15,570,pruned_before,nan,0.000000e+00,0.000000e+00,0.0000,0.0000,0
63,features.15,571,pruned_before,nan,0.000000e+00,0.000000e+00,0.0000,0.0000,0
63,features.15,572,pruned_before,nan,0.000000e+00,0.000000e+00,0.0000,0.0000,0
63,features.15,573,pruned_before,nan,0.000000e+00,0.000000e+00,0.0000,0.0000,0
63,features.15,574,pruned_before,nan,0.000000e+00,0.000000e+00,0.0000,0.0000,0
63,features.15,575,pruned_before,nan,0.000000e+00,0.000000e+00,0.0000,0.0000,0
63,features.15,576,pruned_before,nan,0.000000e+00,0.000000e+00,0.0000,0.0000,0
63,features.15,577,pruned_before,nan,0.000000e+00,0.000000e+00,0.0000,0.0000,0
63,features.15,578,pruned_before,nan,0.000000e+00,0.000000e+00,0.0000,0.0000,0
63,features.15,579,pruned_before,nan,0.000000e+00,0.000000e+00,0.0000,0.0000,0
63,features.15,580,pruned_before,nan,0.000000e+00,0.000000e+00,0.0000,0.0000,0
63,features.15,581,pruned_before,nan,0.000000e+00,0.000000e+00,0.0000,0.0000,0
63,features.15,582,pruned_before,nan,0.000000e+00,0.000000e+00,0.0000,0.0000,0
63,features.15,583,pruned_before,nan,0.000000e+00,0.000000e+00,0.0000,0.0000,0
63,features.15,584,pruned_before,nan,0.000000e+00,0.000000e+00,0.0000,0.0000,0
63,features.15,585,pruned_before,nan,0.000000e+00,0.000000e+00,0.0000,0.0000,0
63,features.15,586,pruned_before,nan,0.000000e+00,0.000000e+00,0.0000,0.0000,0
63,features.15,587,pruned_before,nan,0.000000e+00,0.000000e+00,0.0000,0.0000,0
63,features.15,588,pruned_before,nan,0.000000e+00,0.000000e+00,0.0000,0.0000,0
63,features.15,589,pruned_before,nan,0.000000e+00,0.000000e+00,0.0000,0.0000,0
63,features.15,590,pruned_before,nan,0.000000e+00,0.000000e+00,0.0000,0.0000,0
63,features.15,591,pruned_before,nan,0.000000e+00,0.000000e+00,0.0000,0.0000,0
63,features.15,592,pruned_before,nan,0.000000e+00,0.000000e+00,0.0000,0.0000,0
63,features.15,593,pruned_before,nan,0.000000e+00,0.000000e+00,0.0000,0.0000,0
63,features.15,594,pruned_before,nan,0.000000e+00,0.000000e+00,0.0000,0.0000,0
63,features.15,595,pruned_before,nan,0.000000e+00,0.000000e+00,0.0000,0.0000,0
63,features.15,596,pruned_before,nan,0.000000e+00,0.000000e+00,0.0000,0.0000,0
63,features.15,597,pruned_before,nan,0.000000e+00,0.000000e+00,0.0000,0.0000,0
63,features.15,598,pruned_before,nan,0.000000e+00,0.000000e+00,0.0000,0.0000,0
63,features.15,599,pruned_before,nan,0.000000e+00,0.000000e+00,0.0000,0.0000,0
63,features.15,600,pruned_before,nan,0.000000e+00,0.000000e+00,0.0000,0.0000,0
63,features.15,601,pruned_before,nan,0.000000e+00,0.000000e+00,0.0000,0.0000,0
63,features.15,602,pruned_before,nan,0.000000e+00,0.000000e+00,0.0000,0.0000,0
63,features.15,603,pruned_before,nan,0.000000e+00,0.000000e+00,0.0000,0.0000,0
63,features.15,604,pruned_before,nan,0.000000e+00,0.000000e+00,0.0000,0.0000,0
63,features.15,605,pruned_before,nan,0.000000e+00,0.000000e+00,0.0000,0.0000,0
63,features.15,606,pruned_before,nan,0.000000e+00,0.000000e+00,0.0000,0.0000,0
63,features.15,607,pruned_before,nan,0.000000e+00,0.000000e+00,0.0000,0.0000,0
63,features.15,608,pruned_before,nan,0.000000e+00,0.000000e+00,0.0000,0.0000,0
63,features.15,609,pruned_before,nan,0.000000e+00,0.000000e+00,0.0000,0.0000,0
63,features.15,610,pruned_before,nan,0.000000e+00,0.000000e+00,0.0000,0.0000,0
63,features.15,611,pruned_before,nan,0.000000e+00,0.000000e+00,0.0000,0.0000,0
63,features.15,612,pruned_before,nan,0.000000e+00,0.000000e+00,0.0000,0.0000,0
63,features.15,613,pruned_before,nan,0.000000e+00,0.000000e+00,0.0000,0.0000,0
63,features.15,614,pruned_before,nan,0.000000e+00,0.000000e+00,0.0000,0.0000,0
63,features.15,615,pruned_before,nan,0.000000e+00,0.000000e+00,0.0000,0.0000,0
63,features.15,616,pruned_before,nan,0.000000e+00,0.000000e+00,0.0000,0.0000,0
63,features.15,617,pruned_before,nan,0.000000e+00,0.000000e+00,0.0000,0.0000,0
63,features.15,618,pruned_before,nan,0.000000e+00,0.000000e+00,0.0000,0.0000,0
63,features.15,619,pruned_before,nan,0.000000e+00,0.000000e+00,0.0000,0.0000,0
63,features.15,620,pruned_before,nan,0.000000e+00,0.000000e+00,0.0000,0.0000,0
63,features.15,621,pruned_before,nan,0.000000e+00,0.000000e+00,0.0000,0.0000,0
63,features.15,622,pruned_before,nan,0.000000e+00,0.000000e+00,0.0000,0.0000,0
63,features.15,623,pruned_before,nan,0.000000e+00,0.000000e+00,0.0000,0.0000,0
63,features.15,624,pruned_before,nan,0.000000e+00,0.000000e+00,0.0000,0.0000,0
63,features.15,625,pruned_before,nan,0.000000e+00,0.000000e+00,0.0000,0.0000,0
63,features.15,626,pruned_before,nan,0.000000e+00,0.000000e+00,0.0000,0.0000,0
63,features.15,627,pruned_before,nan,0.000000e+00,0.000000e+00,0.0000,0.0000,0
63,features.15,628,pruned_before,nan,0.000000e+00,0.000000e+00,0.0000,0.0000,0
63,features.15,629,pruned_before,nan,0.000000e+00,0.000000e+00,0.0000,0.0000,0
63,features.15,630,pruned_before,nan,0.000000e+00,0.000000e+00,0.0000,0.0000,0
63,features.15,631,pruned_before,nan,0.000000e+00,0.000000e+00,0.0000,0.0000,0
63,features.15,632,pruned_before,nan,0.000000e+00,0.000000e+00,0.0000,0.0000,0
63,features.15,633,pruned_before,nan,0.000000e+00,0.000000e+00,0.0000,0.0000,0
63,features.15,634,pruned_before,nan,0.000000e+00,0.000000e+00,0.0000,0.0000,0
63,features.15,635,pruned_before,nan,0.000000e+00,0.000000e+00,0.0000,0.0000,0
63,features.15,636,pruned_before,nan,0.000000e+00,0.000000e+00,0.0000,0.0000,0
63,features.15,637,pruned_before,nan,0.000000e+00,0.000000e+00,0.0000,0.0000,0
63,features.15,638,pruned_before,nan,0.000000e+00,0.000000e+00,0.0000,0.0000,0
63,features.15,639,pruned_before,nan,0.000000e+00,0.000000e+00,0.0000,0.0000,0
63,features.15,640,pruned_before,nan,0.000000e+00,0.000000e+00,0.0000,0.0000,0
63,features.15,641,pruned_before,nan,0.000000e+00,0.000000e+00,0.0000,0.0000,0
63,features.15,642,pruned_before,nan,0.000000e+00,0.000000e+00,0.0000,0.0000,0
63,features.15,643,pruned_before,nan,0.000000e+00,0.000000e+00,0.0000,0.0000,0
63,features.15,644,pruned_before,nan,0.000000e+00,0.000000e+00,0.0000,0.0000,0
63,features.15,645,pruned_before,nan,0.000000e+00,0.000000e+00,0.0000,0.0000,0
63,features.15,646,pruned_before,nan,0.000000e+00,0.000000e+00,0.0000,0.0000,0
63,features.15,647,pruned_before,nan,0.000000e+00,0.000000e+00,0.0000,0.0000,0
63,features.15,648,pruned_before,nan,0.000000e+00,0.000000e+00,0.0000,0.0000,0
63,features.15,649,pruned_before,nan,0.000000e+00,0.000000e+00,0.0000,0.0000,0
63,features.15,650,pruned_before,nan,0.000000e+00,0.000000e+00,0.0000,0.0000,0
63,features.15,651,pruned_before,nan,0.000000e+00,0.000000e+00,0.0000,0.0000,0
63,features.15,652,pruned_before,nan,0.000000e+00,0.000000e+00,0.0000,0.0000,0
63,features.15,653,pruned_before,nan,0.000000e+00,0.000000e+00,0.0000,0.0000,0
63,features.15,654,pruned_before,nan,0.000000e+00,0.000000e+00,0.0000,0.0000,0
63,features.15,655,pruned_before,nan,0.000000e+00,0.000000e+00,0.0000,0.0000,0
63,features.15,656,pruned_before,nan,0.000000e+00,0.000000e+00,0.0000,0.0000,0
63,features.15,657,pruned_before,nan,0.000000e+00,0.000000e+00,0.0000,0.0000,0
63,features.15,658,pruned_before,nan,0.000000e+00,0.000000e+00,0.0000,0.0000,0
63,features.15,659,pruned_before,nan,0.000000e+00,0.000000e+00,0.0000,0.0000,0
63,features.15,660,pruned_before,nan,0.000000e+00,0.000000e+00,0.0000,0.0000,0
63,features.15,661,pruned_before,nan,0.000000e+00,0.000000e+00,0.0000,0.0000,0
63,features.15,662,pruned_before,nan,0.000000e+00,0.000000e+00,0.0000,0.0000,0
63,features.15,663,pruned_before,nan,0.000000e+00,0.000000e+00,0.0000,0.0000,0
63,features.15,664,pruned_before,nan,0.000000e+00,0.000000e+00,0.0000,0.0000,0
63,features.15,665,pruned_before,nan,0.000000e+00,0.000000e+00,0.0000,0.0000,0
63,features.15,666,pruned_before,nan,0.000000e+00,0.000000e+00,0.0000,0.0000,0
63,features.15,667,pruned_before,nan,0.000000e+00,0.000000e+00,0.0000,0.0000,0
63,features.15,668,pruned_before,nan,0.000000e+00,0.000000e+00,0.0000,0.0000,0
63,features.15,669,pruned_before,nan,0.000000e+00,0.000000e+00,0.0000,0.0000,0
63,features.15,670,pruned_before,nan,0.000000e+00,0.000000e+00,0.0000,0.0000,0
63,features.15,671,pruned_before,nan,0.000000e+00,0.000000e+00,0.0000,0.0000,0
63,features.15,672,pruned_before,nan,0.000000e+00,0.000000e+00,0.0000,0.0000,0
63,features.15,673,pruned_before,nan,0.000000e+00,0.000000e+00,0.0000,0.0000,0
63,features.15,674,pruned_before,nan,0.000000e+00,0.000000e+00,0.0000,0.0000,0
63,features.15,675,pruned_before,nan,0.000000e+00,0.000000e+00,0.0000,0.0000,0
63,features.15,676,pruned_before,nan,0.000000e+00,0.000000e+00,0.0000,0.0000,0
63,features.15,677,pruned_before,nan,0.000000e+00,0.000000e+00,0.0000,0.0000,0
63,features.15,678,pruned_before,nan,0.000000e+00,0.000000e+00,0.0000,0.0000,0
63,features.15,679,pruned_before,nan,0.000000e+00,0.000000e+00,0.0000,0.0000,0
63,features.15,680,pruned_before,nan,0.000000e+00,0.000000e+00,0.0000,0.0000,0
63,features.15,681,active,0.021957,6.016456e-07,6.453840e-05,0.3027,0.0580,329
63,features.15,682,pruned_before,nan,0.000000e+00,0.000000e+00,0.0000,0.0000,0
63,features.15,683,active,0.013961,6.120044e-07,5.530063e-05,0.3079,0.0497,329
63,features.15,684,pruned_before,nan,0.000000e+00,0.000000e+00,0.0000,0.0000,0
63,features.15,685,pruned_before,nan,0.000000e+00,0.000000e+00,0.0000,0.0000,0
63,features.15,686,pruned_before,nan,0.000000e+00,0.000000e+00,0.0000,0.0000,0
63,features.15,687,pruned_before,nan,0.000000e+00,0.000000e+00,0.0000,0.0000,0
63,features.15,688,pruned_before,nan,0.000000e+00,0.000000e+00,0.0000,0.0000,0
63,features.15,689,pruned_before,nan,0.000000e+00,0.000000e+00,0.0000,0.0000,0
63,features.15,690,pruned_before,nan,0.000000e+00,0.000000e+00,0.0000,0.0000,0
63,features.15,691,pruned_before,nan,0.000000e+00,0.000000e+00,0.0000,0.0000,0
63,features.15,692,pruned_before,nan,0.000000e+00,0.000000e+00,0.0000,0.0000,0
63,features.15,693,pruned_before,nan,0.000000e+00,0.000000e+00,0.0000,0.0000,0
63,features.15,694,pruned_before,nan,0.000000e+00,0.000000e+00,0.0000,0.0000,0
63,features.15,695,pruned_before,nan,0.000000e+00,0.000000e+00,0.0000,0.0000,0
63,features.15,696,pruned_before,nan,0.000000e+00,0.000000e+00,0.0000,0.0000,0
63,features.15,697,pruned_before,nan,0.000000e+00,0.000000e+00,0.0000,0.0000,0
63,features.15,698,pruned_before,nan,0.000000e+00,0.000000e+00,0.0000,0.0000,0
63,features.15,699,pruned_before,nan,0.000000e+00,0.000000e+00,0.0000,0.0000,0
63,features.15,700,active,0.059892,9.924702e-08,8.018531e-05,0.0499,0.0721,329
63,features.15,701,pruned_before,nan,0.000000e+00,0.000000e+00,0.0000,0.0000,0
63,features.15,702,pruned_before,nan,0.000000e+00,0.000000e+00,0.0000,0.0000,0
63,features.15,703,pruned_before,nan,0.000000e+00,0.000000e+00,0.0000,0.0000,0
63,features.15,704,pruned_before,nan,0.000000e+00,0.000000e+00,0.0000,0.0000,0
63,features.15,705,pruned_before,nan,0.000000e+00,0.000000e+00,0.0000,0.0000,0
63,features.15,706,pruned_before,nan,0.000000e+00,0.000000e+00,0.0000,0.0000,0
63,features.15,707,pruned_before,nan,0.000000e+00,0.000000e+00,0.0000,0.0000,0
63,features.15,708,pruned_before,nan,0.000000e+00,0.000000e+00,0.0000,0.0000,0
63,features.15,709,pruned_before,nan,0.000000e+00,0.000000e+00,0.0000,0.0000,0
63,features.15,710,pruned_before,nan,0.000000e+00,0.000000e+00,0.0000,0.0000,0
63,features.15,711,pruned_before,nan,0.000000e+00,0.000000e+00,0.0000,0.0000,0
63,features.15,712,pruned_before,nan,0.000000e+00,0.000000e+00,0.0000,0.0000,0
63,features.15,713,pruned_before,nan,0.000000e+00,0.000000e+00,0.0000,0.0000,0
63,features.15,714,pruned_before,nan,0.000000e+00,0.000000e+00,0.0000,0.0000,0
63,features.15,715,pruned_before,nan,0.000000e+00,0.000000e+00,0.0000,0.0000,0
63,features.15,716,pruned_before,nan,0.000000e+00,0.000000e+00,0.0000,0.0000,0
63,features.15,717,pruned_before,nan,0.000000e+00,0.000000e+00,0.0000,0.0000,0
63,features.15,718,active,0.011422,2.713477e-07,3.098503e-05,0.1365,0.0279,329
63,features.15,719,pruned_before,nan,0.000000e+00,0.000000e+00,0.0000,0.0000,0
63,features.15,720,pruned_before,nan,0.000000e+00,0.000000e+00,0.0000,0.0000,0
63,features.15,721,pruned_before,nan,0.000000e+00,0.000000e+00,0.0000,0.0000,0
63,features.15,722,pruned_before,nan,0.000000e+00,0.000000e+00,0.0000,0.0000,0
63,features.15,723,pruned_before,nan,0.000000e+00,0.000000e+00,0.0000,0.0000,0
63,features.15,724,pruned_before,nan,0.000000e+00,0.000000e+00,0.0000,0.0000,0
63,features.15,725,pruned_before,nan,0.000000e+00,0.000000e+00,0.0000,0.0000,0
63,features.15,726,pruned_before,nan,0.000000e+00,0.000000e+00,0.0000,0.0000,0
63,features.15,727,pruned_before,nan,0.000000e+00,0.000000e+00,0.0000,0.0000,0
63,features.15,728,pruned_before,nan,0.000000e+00,0.000000e+00,0.0000,0.0000,0
63,features.15,729,pruned_before,nan,0.000000e+00,0.000000e+00,0.0000,0.0000,0
63,features.15,730,pruned_before,nan,0.000000e+00,0.000000e+00,0.0000,0.0000,0
63,features.15,731,pruned_before,nan,0.000000e+00,0.000000e+00,0.0000,0.0000,0
63,features.15,732,pruned_before,nan,0.000000e+00,0.000000e+00,0.0000,0.0000,0
63,features.15,733,pruned_before,nan,0.000000e+00,0.000000e+00,0.0000,0.0000,0
63,features.15,734,pruned_before,nan,0.000000e+00,0.000000e+00,0.0000,0.0000,0
63,features.15,735,pruned_before,nan,0.000000e+00,0.000000e+00,0.0000,0.0000,0
63,features.15,736,pruned_before,nan,0.000000e+00,0.000000e+00,0.0000,0.0000,0
63,features.15,737,pruned_before,nan,0.000000e+00,0.000000e+00,0.0000,0.0000,0
63,features.15,738,pruned_before,nan,0.000000e+00,0.000000e+00,0.0000,0.0000,0
63,features.15,739,active,0.015110,2.877546e-07,3.656190e-05,0.1448,0.0329,329
63,features.15,740,pruned_before,nan,0.000000e+00,0.000000e+00,0.0000,0.0000,0
63,features.15,741,pruned_before,nan,0.000000e+00,0.000000e+00,0.0000,0.0000,0
63,features.15,742,pruned_before,nan,0.000000e+00,0.000000e+00,0.0000,0.0000,0
63,features.15,743,pruned_before,nan,0.000000e+00,0.000000e+00,0.0000,0.0000,0
63,features.15,744,pruned_before,nan,0.000000e+00,0.000000e+00,0.0000,0.0000,0
63,features.15,745,pruned_before,nan,0.000000e+00,0.000000e+00,0.0000,0.0000,0
63,features.15,746,pruned_before,nan,0.000000e+00,0.000000e+00,0.0000,0.0000,0
63,features.15,747,pruned_before,nan,0.000000e+00,0.000000e+00,0.0000,0.0000,0
63,features.15,748,pruned_before,nan,0.000000e+00,0.000000e+00,0.0000,0.0000,0
63,features.15,749,pruned_before,nan,0.000000e+00,0.000000e+00,0.0000,0.0000,0
63,features.15,750,pruned_before,nan,0.000000e+00,0.000000e+00,0.0000,0.0000,0
63,features.15,751,pruned_before,nan,0.000000e+00,0.000000e+00,0.0000,0.0000,0
63,features.15,752,pruned_before,nan,0.000000e+00,0.000000e+00,0.0000,0.0000,0
63,features.15,753,pruned_before,nan,0.000000e+00,0.000000e+00,0.0000,0.0000,0
63,features.15,754,pruned_before,nan,0.000000e+00,0.000000e+00,0.0000,0.0000,0
63,features.15,755,pruned_before,nan,0.000000e+00,0.000000e+00,0.0000,0.0000,0
63,features.15,756,pruned_before,nan,0.000000e+00,0.000000e+00,0.0000,0.0000,0
63,features.15,757,protected,0.800000,1.987838e-06,1.112231e-03,1.0000,1.0000,329
63,features.15,758,pruned_before,nan,0.000000e+00,0.000000e+00,0.0000,0.0000,0
63,features.15,759,pruned_before,nan,0.000000e+00,0.000000e+00,0.0000,0.0000,0
63,features.15,760,pruned_before,nan,0.000000e+00,0.000000e+00,0.0000,0.0000,0
63,features.15,761,pruned_before,nan,0.000000e+00,0.000000e+00,0.0000,0.0000,0
63,features.15,762,pruned_before,nan,0.000000e+00,0.000000e+00,0.0000,0.0000,0
63,features.15,763,pruned_before,nan,0.000000e+00,0.000000e+00,0.0000,0.0000,0
63,features.15,764,pruned_before,nan,0.000000e+00,0.000000e+00,0.0000,0.0000,0
63,features.15,765,pruned_before,nan,0.000000e+00,0.000000e+00,0.0000,0.0000,0
63,features.15,766,pruned_before,nan,0.000000e+00,0.000000e+00,0.0000,0.0000,0
63,features.15,767,pruned_before,nan,0.000000e+00,0.000000e+00,0.0000,0.0000,0
63,features.15,768,pruned_before,nan,0.000000e+00,0.000000e+00,0.0000,0.0000,0
63,features.15,769,pruned_before,nan,0.000000e+00,0.000000e+00,0.0000,0.0000,0
63,features.15,770,pruned_before,nan,0.000000e+00,0.000000e+00,0.0000,0.0000,0
63,features.15,771,active,0.004708,1.709544e-07,1.644631e-05,0.0860,0.0148,329
63,features.15,772,pruned_before,nan,0.000000e+00,0.000000e+00,0.0000,0.0000,0
63,features.15,773,pruned_before,nan,0.000000e+00,0.000000e+00,0.0000,0.0000,0
63,features.15,774,pruned_before,nan,0.000000e+00,0.000000e+00,0.0000,0.0000,0
63,features.15,775,pruned_before,nan,0.000000e+00,0.000000e+00,0.0000,0.0000,0
63,features.15,776,pruned_before,nan,0.000000e+00,0.000000e+00,0.0000,0.0000,0
63,features.15,777,pruned_before,nan,0.000000e+00,0.000000e+00,0.0000,0.0000,0
63,features.15,778,pruned_before,nan,0.000000e+00,0.000000e+00,0.0000,0.0000,0
63,features.15,779,pruned_before,nan,0.000000e+00,0.000000e+00,0.0000,0.0000,0
63,features.15,780,pruned_before,nan,0.000000e+00,0.000000e+00,0.0000,0.0000,0
63,features.15,781,pruned_before,nan,0.000000e+00,0.000000e+00,0.0000,0.0000,0
63,features.15,782,pruned_before,nan,0.000000e+00,0.000000e+00,0.0000,0.0000,0
63,features.15,783,pruned_before,nan,0.000000e+00,0.000000e+00,0.0000,0.0000,0
63,features.15,784,pruned_before,nan,0.000000e+00,0.000000e+00,0.0000,0.0000,0
63,features.15,785,pruned_before,nan,0.000000e+00,0.000000e+00,0.0000,0.0000,0
63,features.15,786,pruned_before,nan,0.000000e+00,0.000000e+00,0.0000,0.0000,0
63,features.15,787,pruned_before,nan,0.000000e+00,0.000000e+00,0.0000,0.0000,0
63,features.15,788,pruned_before,nan,0.000000e+00,0.000000e+00,0.0000,0.0000,0
63,features.15,789,pruned_before,nan,0.000000e+00,0.000000e+00,0.0000,0.0000,0
63,features.15,790,pruned_before,nan,0.000000e+00,0.000000e+00,0.0000,0.0000,0
63,features.15,791,pruned_before,nan,0.000000e+00,0.000000e+00,0.0000,0.0000,0
63,features.15,792,pruned_before,nan,0.000000e+00,0.000000e+00,0.0000,0.0000,0
63,features.15,793,pruned_before,nan,0.000000e+00,0.000000e+00,0.0000,0.0000,0
63,features.15,794,pruned_before,nan,0.000000e+00,0.000000e+00,0.0000,0.0000,0
63,features.15,795,pruned_before,nan,0.000000e+00,0.000000e+00,0.0000,0.0000,0
63,features.15,796,pruned_before,nan,0.000000e+00,0.000000e+00,0.0000,0.0000,0
63,features.15,797,pruned_before,nan,0.000000e+00,0.000000e+00,0.0000,0.0000,0
63,features.15,798,pruned_before,nan,0.000000e+00,0.000000e+00,0.0000,0.0000,0
63,features.15,799,pruned_before,nan,0.000000e+00,0.000000e+00,0.0000,0.0000,0
63,features.15,800,pruned_before,nan,0.000000e+00,0.000000e+00,0.0000,0.0000,0
63,features.15,801,pruned_before,nan,0.000000e+00,0.000000e+00,0.0000,0.0000,0
63,features.15,802,pruned_before,nan,0.000000e+00,0.000000e+00,0.0000,0.0000,0
63,features.15,803,pruned_before,nan,0.000000e+00,0.000000e+00,0.0000,0.0000,0
63,features.15,804,pruned_before,nan,0.000000e+00,0.000000e+00,0.0000,0.0000,0
63,features.15,805,pruned_before,nan,0.000000e+00,0.000000e+00,0.0000,0.0000,0
63,features.15,806,pruned_before,nan,0.000000e+00,0.000000e+00,0.0000,0.0000,0
63,features.15,807,pruned_before,nan,0.000000e+00,0.000000e+00,0.0000,0.0000,0
63,features.15,808,pruned_before,nan,0.000000e+00,0.000000e+00,0.0000,0.0000,0
63,features.15,809,pruned_before,nan,0.000000e+00,0.000000e+00,0.0000,0.0000,0
63,features.15,810,pruned_before,nan,0.000000e+00,0.000000e+00,0.0000,0.0000,0
63,features.15,811,pruned_before,nan,0.000000e+00,0.000000e+00,0.0000,0.0000,0
63,features.15,812,pruned_before,nan,0.000000e+00,0.000000e+00,0.0000,0.0000,0
63,features.15,813,pruned_before,nan,0.000000e+00,0.000000e+00,0.0000,0.0000,0
63,features.15,814,pruned_before,nan,0.000000e+00,0.000000e+00,0.0000,0.0000,0
63,features.15,815,pruned_before,nan,0.000000e+00,0.000000e+00,0.0000,0.0000,0
63,features.15,816,pruned_before,nan,0.000000e+00,0.000000e+00,0.0000,0.0000,0
63,features.15,817,pruned_before,nan,0.000000e+00,0.000000e+00,0.0000,0.0000,0
63,features.15,818,pruned_before,nan,0.000000e+00,0.000000e+00,0.0000,0.0000,0
63,features.15,819,pruned_before,nan,0.000000e+00,0.000000e+00,0.0000,0.0000,0
63,features.15,820,pruned_before,nan,0.000000e+00,0.000000e+00,0.0000,0.0000,0
63,features.15,821,pruned_before,nan,0.000000e+00,0.000000e+00,0.0000,0.0000,0
63,features.15,822,pruned_before,nan,0.000000e+00,0.000000e+00,0.0000,0.0000,0
63,features.15,823,pruned_before,nan,0.000000e+00,0.000000e+00,0.0000,0.0000,0
63,features.15,824,pruned_before,nan,0.000000e+00,0.000000e+00,0.0000,0.0000,0
63,features.15,825,pruned_before,nan,0.000000e+00,0.000000e+00,0.0000,0.0000,0
63,features.15,826,pruned_before,nan,0.000000e+00,0.000000e+00,0.0000,0.0000,0
63,features.15,827,pruned_before,nan,0.000000e+00,0.000000e+00,0.0000,0.0000,0
63,features.15,828,pruned_before,nan,0.000000e+00,0.000000e+00,0.0000,0.0000,0
63,features.15,829,pruned_before,nan,0.000000e+00,0.000000e+00,0.0000,0.0000,0
63,features.15,830,pruned_before,nan,0.000000e+00,0.000000e+00,0.0000,0.0000,0
63,features.15,831,pruned_before,nan,0.000000e+00,0.000000e+00,0.0000,0.0000,0
63,features.15,832,pruned_before,nan,0.000000e+00,0.000000e+00,0.0000,0.0000,0
63,features.15,833,pruned_before,nan,0.000000e+00,0.000000e+00,0.0000,0.0000,0
63,features.15,834,pruned_before,nan,0.000000e+00,0.000000e+00,0.0000,0.0000,0
63,features.15,835,pruned_before,nan,0.000000e+00,0.000000e+00,0.0000,0.0000,0
63,features.15,836,pruned_before,nan,0.000000e+00,0.000000e+00,0.0000,0.0000,0
63,features.15,837,pruned_before,nan,0.000000e+00,0.000000e+00,0.0000,0.0000,0
63,features.15,838,pruned_before,nan,0.000000e+00,0.000000e+00,0.0000,0.0000,0
63,features.15,839,pruned_before,nan,0.000000e+00,0.000000e+00,0.0000,0.0000,0
63,features.15,840,pruned_before,nan,0.000000e+00,0.000000e+00,0.0000,0.0000,0
63,features.15,841,pruned_before,nan,0.000000e+00,0.000000e+00,0.0000,0.0000,0
63,features.15,842,active,-0.020663,5.098557e-07,6.161646e-06,0.2565,0.0055,329
63,features.15,843,pruned_before,nan,0.000000e+00,0.000000e+00,0.0000,0.0000,0
63,features.15,844,pruned_before,nan,0.000000e+00,0.000000e+00,0.0000,0.0000,0
63,features.15,845,pruned_before,nan,0.000000e+00,0.000000e+00,0.0000,0.0000,0
63,features.15,846,pruned_before,nan,0.000000e+00,0.000000e+00,0.0000,0.0000,0
63,features.15,847,pruned_before,nan,0.000000e+00,0.000000e+00,0.0000,0.0000,0
63,features.15,848,pruned_before,nan,0.000000e+00,0.000000e+00,0.0000,0.0000,0
63,features.15,849,pruned_before,nan,0.000000e+00,0.000000e+00,0.0000,0.0000,0
63,features.15,850,pruned_before,nan,0.000000e+00,0.000000e+00,0.0000,0.0000,0
63,features.15,851,pruned_before,nan,0.000000e+00,0.000000e+00,0.0000,0.0000,0
63,features.15,852,pruned_before,nan,0.000000e+00,0.000000e+00,0.0000,0.0000,0
63,features.15,853,pruned_before,nan,0.000000e+00,0.000000e+00,0.0000,0.0000,0
63,features.15,854,pruned_before,nan,0.000000e+00,0.000000e+00,0.0000,0.0000,0
63,features.15,855,pruned_before,nan,0.000000e+00,0.000000e+00,0.0000,0.0000,0
63,features.15,856,pruned_before,nan,0.000000e+00,0.000000e+00,0.0000,0.0000,0
63,features.15,857,pruned_before,nan,0.000000e+00,0.000000e+00,0.0000,0.0000,0
63,features.15,858,active,0.013445,3.781355e-07,4.012397e-05,0.1902,0.0361,329
63,features.15,859,pruned_before,nan,0.000000e+00,0.000000e+00,0.0000,0.0000,0
63,features.15,860,pruned_before,nan,0.000000e+00,0.000000e+00,0.0000,0.0000,0
63,features.15,861,pruned_before,nan,0.000000e+00,0.000000e+00,0.0000,0.0000,0
63,features.15,862,pruned_before,nan,0.000000e+00,0.000000e+00,0.0000,0.0000,0
63,features.15,863,pruned_before,nan,0.000000e+00,0.000000e+00,0.0000,0.0000,0
63,features.15,864,pruned_before,nan,0.000000e+00,0.000000e+00,0.0000,0.0000,0
63,features.15,865,pruned_before,nan,0.000000e+00,0.000000e+00,0.0000,0.0000,0
63,features.15,866,pruned_before,nan,0.000000e+00,0.000000e+00,0.0000,0.0000,0
63,features.15,867,pruned_before,nan,0.000000e+00,0.000000e+00,0.0000,0.0000,0
63,features.15,868,pruned_before,nan,0.000000e+00,0.000000e+00,0.0000,0.0000,0
63,features.15,869,pruned_before,nan,0.000000e+00,0.000000e+00,0.0000,0.0000,0
63,features.15,870,pruned_before,nan,0.000000e+00,0.000000e+00,0.0000,0.0000,0
63,features.15,871,pruned_before,nan,0.000000e+00,0.000000e+00,0.0000,0.0000,0
63,features.15,872,pruned_before,nan,0.000000e+00,0.000000e+00,0.0000,0.0000,0
63,features.15,873,pruned_before,nan,0.000000e+00,0.000000e+00,0.0000,0.0000,0
63,features.15,874,pruned_before,nan,0.000000e+00,0.000000e+00,0.0000,0.0000,0
63,features.15,875,pruned_before,nan,0.000000e+00,0.000000e+00,0.0000,0.0000,0
63,features.15,876,pruned_before,nan,0.000000e+00,0.000000e+00,0.0000,0.0000,0
63,features.15,877,pruned_before,nan,0.000000e+00,0.000000e+00,0.0000,0.0000,0
63,features.15,878,pruned_before,nan,0.000000e+00,0.000000e+00,0.0000,0.0000,0
63,features.15,879,pruned_before,nan,0.000000e+00,0.000000e+00,0.0000,0.0000,0
63,features.15,880,pruned_before,nan,0.000000e+00,0.000000e+00,0.0000,0.0000,0
63,features.15,881,pruned_before,nan,0.000000e+00,0.000000e+00,0.0000,0.0000,0
63,features.15,882,pruned_before,nan,0.000000e+00,0.000000e+00,0.0000,0.0000,0
63,features.15,883,pruned_before,nan,0.000000e+00,0.000000e+00,0.0000,0.0000,0
63,features.15,884,pruned_before,nan,0.000000e+00,0.000000e+00,0.0000,0.0000,0
63,features.15,885,pruned_before,nan,0.000000e+00,0.000000e+00,0.0000,0.0000,0
63,features.15,886,pruned_before,nan,0.000000e+00,0.000000e+00,0.0000,0.0000,0
63,features.15,887,pruned_before,nan,0.000000e+00,0.000000e+00,0.0000,0.0000,0
63,features.15,888,pruned_before,nan,0.000000e+00,0.000000e+00,0.0000,0.0000,0
63,features.15,889,active,-0.038268,1.539958e-06,4.844522e-05,0.7747,0.0436,329
63,features.15,890,pruned_before,nan,0.000000e+00,0.000000e+00,0.0000,0.0000,0
63,features.15,891,pruned_before,nan,0.000000e+00,0.000000e+00,0.0000,0.0000,0
63,features.15,892,pruned_before,nan,0.000000e+00,0.000000e+00,0.0000,0.0000,0
63,features.15,893,pruned_before,nan,0.000000e+00,0.000000e+00,0.0000,0.0000,0
63,features.15,894,pruned_before,nan,0.000000e+00,0.000000e+00,0.0000,0.0000,0
63,features.15,895,pruned_before,nan,0.000000e+00,0.000000e+00,0.0000,0.0000,0
63,features.15,896,pruned_before,nan,0.000000e+00,0.000000e+00,0.0000,0.0000,0
63,features.15,897,pruned_before,nan,0.000000e+00,0.000000e+00,0.0000,0.0000,0
63,features.15,898,pruned_before,nan,0.000000e+00,0.000000e+00,0.0000,0.0000,0
63,features.15,899,pruned_before,nan,0.000000e+00,0.000000e+00,0.0000,0.0000,0
63,features.15,900,pruned_before,nan,0.000000e+00,0.000000e+00,0.0000,0.0000,0
63,features.15,901,active,0.013710,2.298107e-07,3.123029e-05,0.1156,0.0281,329
63,features.15,902,pruned_before,nan,0.000000e+00,0.000000e+00,0.0000,0.0000,0
63,features.15,903,pruned_before,nan,0.000000e+00,0.000000e+00,0.0000,0.0000,0
63,features.15,904,pruned_before,nan,0.000000e+00,0.000000e+00,0.0000,0.0000,0
63,features.15,905,pruned_before,nan,0.000000e+00,0.000000e+00,0.0000,0.0000,0
63,features.15,906,pruned_before,nan,0.000000e+00,0.000000e+00,0.0000,0.0000,0
63,features.15,907,pruned_before,nan,0.000000e+00,0.000000e+00,0.0000,0.0000,0
63,features.15,908,pruned_before,nan,0.000000e+00,0.000000e+00,0.0000,0.0000,0
63,features.15,909,pruned_before,nan,0.000000e+00,0.000000e+00,0.0000,0.0000,0
63,features.15,910,pruned_before,nan,0.000000e+00,0.000000e+00,0.0000,0.0000,0
63,features.15,911,pruned_before,nan,0.000000e+00,0.000000e+00,0.0000,0.0000,0
63,features.15,912,pruned_before,nan,0.000000e+00,0.000000e+00,0.0000,0.0000,0
63,features.15,913,pruned_before,nan,0.000000e+00,0.000000e+00,0.0000,0.0000,0
63,features.15,914,pruned_before,nan,0.000000e+00,0.000000e+00,0.0000,0.0000,0
63,features.15,915,pruned_before,nan,0.000000e+00,0.000000e+00,0.0000,0.0000,0
63,features.15,916,pruned_before,nan,0.000000e+00,0.000000e+00,0.0000,0.0000,0
63,features.15,917,pruned_before,nan,0.000000e+00,0.000000e+00,0.0000,0.0000,0
63,features.15,918,pruned_before,nan,0.000000e+00,0.000000e+00,0.0000,0.0000,0
63,features.15,919,pruned_before,nan,0.000000e+00,0.000000e+00,0.0000,0.0000,0
63,features.15,920,pruned_before,nan,0.000000e+00,0.000000e+00,0.0000,0.0000,0
63,features.15,921,pruned_before,nan,0.000000e+00,0.000000e+00,0.0000,0.0000,0
63,features.15,922,pruned_before,nan,0.000000e+00,0.000000e+00,0.0000,0.0000,0
63,features.15,923,pruned_before,nan,0.000000e+00,0.000000e+00,0.0000,0.0000,0
63,features.15,924,pruned_before,nan,0.000000e+00,0.000000e+00,0.0000,0.0000,0
63,features.15,925,pruned_before,nan,0.000000e+00,0.000000e+00,0.0000,0.0000,0
63,features.15,926,pruned_before,nan,0.000000e+00,0.000000e+00,0.0000,0.0000,0
63,features.15,927,pruned_before,nan,0.000000e+00,0.000000e+00,0.0000,0.0000,0
63,features.15,928,pruned_before,nan,0.000000e+00,0.000000e+00,0.0000,0.0000,0
63,features.15,929,pruned_before,nan,0.000000e+00,0.000000e+00,0.0000,0.0000,0
63,features.15,930,pruned_before,nan,0.000000e+00,0.000000e+00,0.0000,0.0000,0
63,features.15,931,pruned_before,nan,0.000000e+00,0.000000e+00,0.0000,0.0000,0
63,features.15,932,pruned_before,nan,0.000000e+00,0.000000e+00,0.0000,0.0000,0
63,features.15,933,pruned_before,nan,0.000000e+00,0.000000e+00,0.0000,0.0000,0
63,features.15,934,pruned_before,nan,0.000000e+00,0.000000e+00,0.0000,0.0000,0
63,features.15,935,pruned_before,nan,0.000000e+00,0.000000e+00,0.0000,0.0000,0
63,features.15,936,pruned_before,nan,0.000000e+00,0.000000e+00,0.0000,0.0000,0
63,features.15,937,pruned_before,nan,0.000000e+00,0.000000e+00,0.0000,0.0000,0
63,features.15,938,pruned_before,nan,0.000000e+00,0.000000e+00,0.0000,0.0000,0
63,features.15,939,active,0.064921,1.870950e-07,9.186190e-05,0.0941,0.0826,329
63,features.15,940,pruned_before,nan,0.000000e+00,0.000000e+00,0.0000,0.0000,0
63,features.15,941,pruned_before,nan,0.000000e+00,0.000000e+00,0.0000,0.0000,0
63,features.15,942,pruned_before,nan,0.000000e+00,0.000000e+00,0.0000,0.0000,0
63,features.15,943,pruned_before,nan,0.000000e+00,0.000000e+00,0.0000,0.0000,0
63,features.15,944,pruned_before,nan,0.000000e+00,0.000000e+00,0.0000,0.0000,0
63,features.15,945,pruned_before,nan,0.000000e+00,0.000000e+00,0.0000,0.0000,0
63,features.15,946,pruned_before,nan,0.000000e+00,0.000000e+00,0.0000,0.0000,0
63,features.15,947,pruned_before,nan,0.000000e+00,0.000000e+00,0.0000,0.0000,0
63,features.15,948,pruned_before,nan,0.000000e+00,0.000000e+00,0.0000,0.0000,0
63,features.15,949,pruned_before,nan,0.000000e+00,0.000000e+00,0.0000,0.0000,0
63,features.15,950,pruned_before,nan,0.000000e+00,0.000000e+00,0.0000,0.0000,0
63,features.15,951,pruned_before,nan,0.000000e+00,0.000000e+00,0.0000,0.0000,0
63,features.15,952,pruned_before,nan,0.000000e+00,0.000000e+00,0.0000,0.0000,0
63,features.15,953,pruned_before,nan,0.000000e+00,0.000000e+00,0.0000,0.0000,0
63,features.15,954,pruned_before,nan,0.000000e+00,0.000000e+00,0.0000,0.0000,0
63,features.15,955,pruned_before,nan,0.000000e+00,0.000000e+00,0.0000,0.0000,0
63,features.15,956,pruned_before,nan,0.000000e+00,0.000000e+00,0.0000,0.0000,0
63,features.15,957,pruned_before,nan,0.000000e+00,0.000000e+00,0.0000,0.0000,0
63,features.15,958,pruned_before,nan,0.000000e+00,0.000000e+00,0.0000,0.0000,0
63,features.15,959,pruned_before,nan,0.000000e+00,0.000000e+00,0.0000,0.0000,0
63,features.16,0,pruned_before,nan,0.000000e+00,0.000000e+00,0.0000,0.0000,0
63,features.16,1,pruned_before,nan,0.000000e+00,0.000000e+00,0.0000,0.0000,0
63,features.16,2,pruned_before,nan,0.000000e+00,0.000000e+00,0.0000,0.0000,0
63,features.16,3,pruned_before,nan,0.000000e+00,0.000000e+00,0.0000,0.0000,0
63,features.16,4,pruned_before,nan,0.000000e+00,0.000000e+00,0.0000,0.0000,0
63,features.16,5,pruned_before,nan,0.000000e+00,0.000000e+00,0.0000,0.0000,0
63,features.16,6,pruned_before,nan,0.000000e+00,0.000000e+00,0.0000,0.0000,0
63,features.16,7,pruned_before,nan,0.000000e+00,0.000000e+00,0.0000,0.0000,0
63,features.16,8,pruned_before,nan,0.000000e+00,0.000000e+00,0.0000,0.0000,0
63,features.16,9,pruned_before,nan,0.000000e+00,0.000000e+00,0.0000,0.0000,0
63,features.16,10,pruned_before,nan,0.000000e+00,0.000000e+00,0.0000,0.0000,0
63,features.16,11,pruned_before,nan,0.000000e+00,0.000000e+00,0.0000,0.0000,0
63,features.16,12,pruned_before,nan,0.000000e+00,0.000000e+00,0.0000,0.0000,0
63,features.16,13,pruned_before,nan,0.000000e+00,0.000000e+00,0.0000,0.0000,0
63,features.16,14,pruned_before,nan,0.000000e+00,0.000000e+00,0.0000,0.0000,0
63,features.16,15,pruned_before,nan,0.000000e+00,0.000000e+00,0.0000,0.0000,0
63,features.16,16,pruned_before,nan,0.000000e+00,0.000000e+00,0.0000,0.0000,0
63,features.16,17,pruned_before,nan,0.000000e+00,0.000000e+00,0.0000,0.0000,0
63,features.16,18,pruned_before,nan,0.000000e+00,0.000000e+00,0.0000,0.0000,0
63,features.16,19,pruned_before,nan,0.000000e+00,0.000000e+00,0.0000,0.0000,0
63,features.16,20,pruned_before,nan,0.000000e+00,0.000000e+00,0.0000,0.0000,0
63,features.16,21,pruned_before,nan,0.000000e+00,0.000000e+00,0.0000,0.0000,0
63,features.16,22,pruned_before,nan,0.000000e+00,0.000000e+00,0.0000,0.0000,0
63,features.16,23,pruned_before,nan,0.000000e+00,0.000000e+00,0.0000,0.0000,0
63,features.16,24,pruned_before,nan,0.000000e+00,0.000000e+00,0.0000,0.0000,0
63,features.16,25,pruned_before,nan,0.000000e+00,0.000000e+00,0.0000,0.0000,0
63,features.16,26,pruned_before,nan,0.000000e+00,0.000000e+00,0.0000,0.0000,0
63,features.16,27,pruned_before,nan,0.000000e+00,0.000000e+00,0.0000,0.0000,0
63,features.16,28,pruned_before,nan,0.000000e+00,0.000000e+00,0.0000,0.0000,0
63,features.16,29,pruned_before,nan,0.000000e+00,0.000000e+00,0.0000,0.0000,0
63,features.16,30,pruned_before,nan,0.000000e+00,0.000000e+00,0.0000,0.0000,0
63,features.16,31,pruned_before,nan,0.000000e+00,0.000000e+00,0.0000,0.0000,0
63,features.16,32,pruned_before,nan,0.000000e+00,0.000000e+00,0.0000,0.0000,0
63,features.16,33,pruned_before,nan,0.000000e+00,0.000000e+00,0.0000,0.0000,0
63,features.16,34,active,0.005601,1.814103e-07,1.661387e-05,0.0167,0.0081,329
63,features.16,35,pruned_before,nan,0.000000e+00,0.000000e+00,0.0000,0.0000,0
63,features.16,36,pruned_before,nan,0.000000e+00,0.000000e+00,0.0000,0.0000,0
63,features.16,37,pruned_before,nan,0.000000e+00,0.000000e+00,0.0000,0.0000,0
63,features.16,38,pruned_before,nan,0.000000e+00,0.000000e+00,0.0000,0.0000,0
63,features.16,39,pruned_before,nan,0.000000e+00,0.000000e+00,0.0000,0.0000,0
63,features.16,40,pruned_before,nan,0.000000e+00,0.000000e+00,0.0000,0.0000,0
63,features.16,41,pruned_before,nan,0.000000e+00,0.000000e+00,0.0000,0.0000,0
63,features.16,42,pruned_before,nan,0.000000e+00,0.000000e+00,0.0000,0.0000,0
63,features.16,43,pruned_before,nan,0.000000e+00,0.000000e+00,0.0000,0.0000,0
63,features.16,44,pruned_before,nan,0.000000e+00,0.000000e+00,0.0000,0.0000,0
63,features.16,45,pruned_before,nan,0.000000e+00,0.000000e+00,0.0000,0.0000,0
63,features.16,46,pruned_before,nan,0.000000e+00,0.000000e+00,0.0000,0.0000,0
63,features.16,47,pruned_before,nan,0.000000e+00,0.000000e+00,0.0000,0.0000,0
63,features.16,48,pruned_before,nan,0.000000e+00,0.000000e+00,0.0000,0.0000,0
63,features.16,49,pruned_before,nan,0.000000e+00,0.000000e+00,0.0000,0.0000,0
63,features.16,50,pruned_before,nan,0.000000e+00,0.000000e+00,0.0000,0.0000,0
63,features.16,51,pruned_before,nan,0.000000e+00,0.000000e+00,0.0000,0.0000,0
63,features.16,52,pruned_before,nan,0.000000e+00,0.000000e+00,0.0000,0.0000,0
63,features.16,53,pruned_before,nan,0.000000e+00,0.000000e+00,0.0000,0.0000,0
63,features.16,54,pruned_before,nan,0.000000e+00,0.000000e+00,0.0000,0.0000,0
63,features.16,55,pruned_before,nan,0.000000e+00,0.000000e+00,0.0000,0.0000,0
63,features.16,56,pruned_before,nan,0.000000e+00,0.000000e+00,0.0000,0.0000,0
63,features.16,57,pruned_before,nan,0.000000e+00,0.000000e+00,0.0000,0.0000,0
63,features.16,58,pruned_before,nan,0.000000e+00,0.000000e+00,0.0000,0.0000,0
63,features.16,59,pruned_before,nan,0.000000e+00,0.000000e+00,0.0000,0.0000,0
63,features.16,60,pruned_before,nan,0.000000e+00,0.000000e+00,0.0000,0.0000,0
63,features.16,61,pruned_before,nan,0.000000e+00,0.000000e+00,0.0000,0.0000,0
63,features.16,62,pruned_before,nan,0.000000e+00,0.000000e+00,0.0000,0.0000,0
63,features.16,63,pruned_before,nan,0.000000e+00,0.000000e+00,0.0000,0.0000,0
63,features.16,64,pruned_before,nan,0.000000e+00,0.000000e+00,0.0000,0.0000,0
63,features.16,65,pruned_before,nan,0.000000e+00,0.000000e+00,0.0000,0.0000,0
63,features.16,66,pruned_before,nan,0.000000e+00,0.000000e+00,0.0000,0.0000,0
63,features.16,67,pruned_before,nan,0.000000e+00,0.000000e+00,0.0000,0.0000,0
63,features.16,68,pruned_before,nan,0.000000e+00,0.000000e+00,0.0000,0.0000,0
63,features.16,69,pruned_before,nan,0.000000e+00,0.000000e+00,0.0000,0.0000,0
63,features.16,70,pruned_before,nan,0.000000e+00,0.000000e+00,0.0000,0.0000,0
63,features.16,71,active,0.014055,8.334758e-08,3.385589e-05,0.0077,0.0165,329
63,features.16,72,pruned_before,nan,0.000000e+00,0.000000e+00,0.0000,0.0000,0
63,features.16,73,pruned_before,nan,0.000000e+00,0.000000e+00,0.0000,0.0000,0
63,features.16,74,pruned_before,nan,0.000000e+00,0.000000e+00,0.0000,0.0000,0
63,features.16,75,pruned_before,nan,0.000000e+00,0.000000e+00,0.0000,0.0000,0
63,features.16,76,pruned_before,nan,0.000000e+00,0.000000e+00,0.0000,0.0000,0
63,features.16,77,pruned_before,nan,0.000000e+00,0.000000e+00,0.0000,0.0000,0
63,features.16,78,pruned_before,nan,0.000000e+00,0.000000e+00,0.0000,0.0000,0
63,features.16,79,pruned_before,nan,0.000000e+00,0.000000e+00,0.0000,0.0000,0
63,features.16,80,pruned_before,nan,0.000000e+00,0.000000e+00,0.0000,0.0000,0
63,features.16,81,pruned_before,nan,0.000000e+00,0.000000e+00,0.0000,0.0000,0
63,features.16,82,pruned_before,nan,0.000000e+00,0.000000e+00,0.0000,0.0000,0
63,features.16,83,pruned_before,nan,0.000000e+00,0.000000e+00,0.0000,0.0000,0
63,features.16,84,pruned_before,nan,0.000000e+00,0.000000e+00,0.0000,0.0000,0
63,features.16,85,pruned_before,nan,0.000000e+00,0.000000e+00,0.0000,0.0000,0
63,features.16,86,pruned_before,nan,0.000000e+00,0.000000e+00,0.0000,0.0000,0
63,features.16,87,pruned_before,nan,0.000000e+00,0.000000e+00,0.0000,0.0000,0
63,features.16,88,pruned_before,nan,0.000000e+00,0.000000e+00,0.0000,0.0000,0
63,features.16,89,pruned_before,nan,0.000000e+00,0.000000e+00,0.0000,0.0000,0
63,features.16,90,pruned_before,nan,0.000000e+00,0.000000e+00,0.0000,0.0000,0
63,features.16,91,pruned_before,nan,0.000000e+00,0.000000e+00,0.0000,0.0000,0
63,features.16,92,pruned_before,nan,0.000000e+00,0.000000e+00,0.0000,0.0000,0
63,features.16,93,pruned_before,nan,0.000000e+00,0.000000e+00,0.0000,0.0000,0
63,features.16,94,pruned_before,nan,0.000000e+00,0.000000e+00,0.0000,0.0000,0
63,features.16,95,pruned_before,nan,0.000000e+00,0.000000e+00,0.0000,0.0000,0
63,features.16,96,pruned_before,nan,0.000000e+00,0.000000e+00,0.0000,0.0000,0
63,features.16,97,pruned_before,nan,0.000000e+00,0.000000e+00,0.0000,0.0000,0
63,features.16,98,pruned_before,nan,0.000000e+00,0.000000e+00,0.0000,0.0000,0
63,features.16,99,pruned_before,nan,0.000000e+00,0.000000e+00,0.0000,0.0000,0
63,features.16,100,pruned_before,nan,0.000000e+00,0.000000e+00,0.0000,0.0000,0
63,features.16,101,pruned_before,nan,0.000000e+00,0.000000e+00,0.0000,0.0000,0
63,features.16,102,pruned_before,nan,0.000000e+00,0.000000e+00,0.0000,0.0000,0
63,features.16,103,pruned_before,nan,0.000000e+00,0.000000e+00,0.0000,0.0000,0
63,features.16,104,pruned_before,nan,0.000000e+00,0.000000e+00,0.0000,0.0000,0
63,features.16,105,pruned_before,nan,0.000000e+00,0.000000e+00,0.0000,0.0000,0
63,features.16,106,pruned_before,nan,0.000000e+00,0.000000e+00,0.0000,0.0000,0
63,features.16,107,pruned_before,nan,0.000000e+00,0.000000e+00,0.0000,0.0000,0
63,features.16,108,pruned_before,nan,0.000000e+00,0.000000e+00,0.0000,0.0000,0
63,features.16,109,pruned_before,nan,0.000000e+00,0.000000e+00,0.0000,0.0000,0
63,features.16,110,pruned_before,nan,0.000000e+00,0.000000e+00,0.0000,0.0000,0
63,features.16,111,pruned_before,nan,0.000000e+00,0.000000e+00,0.0000,0.0000,0
63,features.16,112,pruned_before,nan,0.000000e+00,0.000000e+00,0.0000,0.0000,0
63,features.16,113,pruned_before,nan,0.000000e+00,0.000000e+00,0.0000,0.0000,0
63,features.16,114,pruned_before,nan,0.000000e+00,0.000000e+00,0.0000,0.0000,0
63,features.16,115,active,0.031662,2.084828e-07,7.670096e-05,0.0192,0.0373,329
63,features.16,116,active,0.000428,1.082751e-06,2.378350e-05,0.0999,0.0116,329
63,features.16,117,pruned_before,nan,0.000000e+00,0.000000e+00,0.0000,0.0000,0
63,features.16,118,pruned_before,nan,0.000000e+00,0.000000e+00,0.0000,0.0000,0
63,features.16,119,pruned_before,nan,0.000000e+00,0.000000e+00,0.0000,0.0000,0
63,features.16,120,pruned_before,nan,0.000000e+00,0.000000e+00,0.0000,0.0000,0
63,features.16,121,pruned_before,nan,0.000000e+00,0.000000e+00,0.0000,0.0000,0
63,features.16,122,pruned_before,nan,0.000000e+00,0.000000e+00,0.0000,0.0000,0
63,features.16,123,pruned_before,nan,0.000000e+00,0.000000e+00,0.0000,0.0000,0
63,features.16,124,pruned_before,nan,0.000000e+00,0.000000e+00,0.0000,0.0000,0
63,features.16,125,pruned_before,nan,0.000000e+00,0.000000e+00,0.0000,0.0000,0
63,features.16,126,pruned_before,nan,0.000000e+00,0.000000e+00,0.0000,0.0000,0
63,features.16,127,pruned_before,nan,0.000000e+00,0.000000e+00,0.0000,0.0000,0
63,features.16,128,pruned_before,nan,0.000000e+00,0.000000e+00,0.0000,0.0000,0
63,features.16,129,pruned_before,nan,0.000000e+00,0.000000e+00,0.0000,0.0000,0
63,features.16,130,pruned_before,nan,0.000000e+00,0.000000e+00,0.0000,0.0000,0
63,features.16,131,pruned_before,nan,0.000000e+00,0.000000e+00,0.0000,0.0000,0
63,features.16,132,pruned_before,nan,0.000000e+00,0.000000e+00,0.0000,0.0000,0
63,features.16,133,pruned_before,nan,0.000000e+00,0.000000e+00,0.0000,0.0000,0
63,features.16,134,pruned_before,nan,0.000000e+00,0.000000e+00,0.0000,0.0000,0
63,features.16,135,pruned_before,nan,0.000000e+00,0.000000e+00,0.0000,0.0000,0
63,features.16,136,pruned_before,nan,0.000000e+00,0.000000e+00,0.0000,0.0000,0
63,features.16,137,pruned_before,nan,0.000000e+00,0.000000e+00,0.0000,0.0000,0
63,features.16,138,pruned_before,nan,0.000000e+00,0.000000e+00,0.0000,0.0000,0
63,features.16,139,pruned_before,nan,0.000000e+00,0.000000e+00,0.0000,0.0000,0
63,features.16,140,pruned_before,nan,0.000000e+00,0.000000e+00,0.0000,0.0000,0
63,features.16,141,pruned_before,nan,0.000000e+00,0.000000e+00,0.0000,0.0000,0
63,features.16,142,pruned_before,nan,0.000000e+00,0.000000e+00,0.0000,0.0000,0
63,features.16,143,pruned_before,nan,0.000000e+00,0.000000e+00,0.0000,0.0000,0
63,features.16,144,pruned_before,nan,0.000000e+00,0.000000e+00,0.0000,0.0000,0
63,features.16,145,pruned_before,nan,0.000000e+00,0.000000e+00,0.0000,0.0000,0
63,features.16,146,pruned_before,nan,0.000000e+00,0.000000e+00,0.0000,0.0000,0
63,features.16,147,pruned_before,nan,0.000000e+00,0.000000e+00,0.0000,0.0000,0
63,features.16,148,pruned_before,nan,0.000000e+00,0.000000e+00,0.0000,0.0000,0
63,features.16,149,pruned_before,nan,0.000000e+00,0.000000e+00,0.0000,0.0000,0
63,features.16,150,pruned_before,nan,0.000000e+00,0.000000e+00,0.0000,0.0000,0
63,features.16,151,pruned_before,nan,0.000000e+00,0.000000e+00,0.0000,0.0000,0
63,features.16,152,pruned_before,nan,0.000000e+00,0.000000e+00,0.0000,0.0000,0
63,features.16,153,pruned_before,nan,0.000000e+00,0.000000e+00,0.0000,0.0000,0
63,features.16,154,pruned_before,nan,0.000000e+00,0.000000e+00,0.0000,0.0000,0
63,features.16,155,pruned_before,nan,0.000000e+00,0.000000e+00,0.0000,0.0000,0
63,features.16,156,pruned_before,nan,0.000000e+00,0.000000e+00,0.0000,0.0000,0
63,features.16,157,pruned_before,nan,0.000000e+00,0.000000e+00,0.0000,0.0000,0
63,features.16,158,pruned_before,nan,0.000000e+00,0.000000e+00,0.0000,0.0000,0
63,features.16,159,pruned_before,nan,0.000000e+00,0.000000e+00,0.0000,0.0000,0
63,features.16,160,pruned_before,nan,0.000000e+00,0.000000e+00,0.0000,0.0000,0
63,features.16,161,pruned_before,nan,0.000000e+00,0.000000e+00,0.0000,0.0000,0
63,features.16,162,pruned_before,nan,0.000000e+00,0.000000e+00,0.0000,0.0000,0
63,features.16,163,pruned_before,nan,0.000000e+00,0.000000e+00,0.0000,0.0000,0
63,features.16,164,pruned_before,nan,0.000000e+00,0.000000e+00,0.0000,0.0000,0
63,features.16,165,pruned_before,nan,0.000000e+00,0.000000e+00,0.0000,0.0000,0
63,features.16,166,pruned_before,nan,0.000000e+00,0.000000e+00,0.0000,0.0000,0
63,features.16,167,pruned_before,nan,0.000000e+00,0.000000e+00,0.0000,0.0000,0
63,features.16,168,pruned_before,nan,0.000000e+00,0.000000e+00,0.0000,0.0000,0
63,features.16,169,pruned_before,nan,0.000000e+00,0.000000e+00,0.0000,0.0000,0
63,features.16,170,pruned_before,nan,0.000000e+00,0.000000e+00,0.0000,0.0000,0
63,features.16,171,pruned_before,nan,0.000000e+00,0.000000e+00,0.0000,0.0000,0
63,features.16,172,pruned_before,nan,0.000000e+00,0.000000e+00,0.0000,0.0000,0
63,features.16,173,pruned_before,nan,0.000000e+00,0.000000e+00,0.0000,0.0000,0
63,features.16,174,pruned_before,nan,0.000000e+00,0.000000e+00,0.0000,0.0000,0
63,features.16,175,pruned_before,nan,0.000000e+00,0.000000e+00,0.0000,0.0000,0
63,features.16,176,pruned_before,nan,0.000000e+00,0.000000e+00,0.0000,0.0000,0
63,features.16,177,pruned_before,nan,0.000000e+00,0.000000e+00,0.0000,0.0000,0
63,features.16,178,pruned_before,nan,0.000000e+00,0.000000e+00,0.0000,0.0000,0
63,features.16,179,pruned_before,nan,0.000000e+00,0.000000e+00,0.0000,0.0000,0
63,features.16,180,pruned_before,nan,0.000000e+00,0.000000e+00,0.0000,0.0000,0
63,features.16,181,pruned_before,nan,0.000000e+00,0.000000e+00,0.0000,0.0000,0
63,features.16,182,pruned_before,nan,0.000000e+00,0.000000e+00,0.0000,0.0000,0
63,features.16,183,pruned_before,nan,0.000000e+00,0.000000e+00,0.0000,0.0000,0
63,features.16,184,pruned_before,nan,0.000000e+00,0.000000e+00,0.0000,0.0000,0
63,features.16,185,pruned_before,nan,0.000000e+00,0.000000e+00,0.0000,0.0000,0
63,features.16,186,pruned_before,nan,0.000000e+00,0.000000e+00,0.0000,0.0000,0
63,features.16,187,pruned_before,nan,0.000000e+00,0.000000e+00,0.0000,0.0000,0
63,features.16,188,pruned_before,nan,0.000000e+00,0.000000e+00,0.0000,0.0000,0
63,features.16,189,pruned_before,nan,0.000000e+00,0.000000e+00,0.0000,0.0000,0
63,features.16,190,pruned_before,nan,0.000000e+00,0.000000e+00,0.0000,0.0000,0
63,features.16,191,pruned_before,nan,0.000000e+00,0.000000e+00,0.0000,0.0000,0
63,features.16,192,pruned_before,nan,0.000000e+00,0.000000e+00,0.0000,0.0000,0
63,features.16,193,pruned_before,nan,0.000000e+00,0.000000e+00,0.0000,0.0000,0
63,features.16,194,pruned_before,nan,0.000000e+00,0.000000e+00,0.0000,0.0000,0
63,features.16,195,pruned_before,nan,0.000000e+00,0.000000e+00,0.0000,0.0000,0
63,features.16,196,pruned_before,nan,0.000000e+00,0.000000e+00,0.0000,0.0000,0
63,features.16,197,pruned_before,nan,0.000000e+00,0.000000e+00,0.0000,0.0000,0
63,features.16,198,pruned_before,nan,0.000000e+00,0.000000e+00,0.0000,0.0000,0
63,features.16,199,pruned_before,nan,0.000000e+00,0.000000e+00,0.0000,0.0000,0
63,features.16,200,pruned_before,nan,0.000000e+00,0.000000e+00,0.0000,0.0000,0
63,features.16,201,pruned_before,nan,0.000000e+00,0.000000e+00,0.0000,0.0000,0
63,features.16,202,pruned_before,nan,0.000000e+00,0.000000e+00,0.0000,0.0000,0
63,features.16,203,pruned_before,nan,0.000000e+00,0.000000e+00,0.0000,0.0000,0
63,features.16,204,pruned_before,nan,0.000000e+00,0.000000e+00,0.0000,0.0000,0
63,features.16,205,pruned_before,nan,0.000000e+00,0.000000e+00,0.0000,0.0000,0
63,features.16,206,pruned_before,nan,0.000000e+00,0.000000e+00,0.0000,0.0000,0
63,features.16,207,pruned_before,nan,0.000000e+00,0.000000e+00,0.0000,0.0000,0
63,features.16,208,pruned_before,nan,0.000000e+00,0.000000e+00,0.0000,0.0000,0
63,features.16,209,pruned_before,nan,0.000000e+00,0.000000e+00,0.0000,0.0000,0
63,features.16,210,pruned_before,nan,0.000000e+00,0.000000e+00,0.0000,0.0000,0
63,features.16,211,pruned_before,nan,0.000000e+00,0.000000e+00,0.0000,0.0000,0
63,features.16,212,pruned_before,nan,0.000000e+00,0.000000e+00,0.0000,0.0000,0
63,features.16,213,pruned_before,nan,0.000000e+00,0.000000e+00,0.0000,0.0000,0
63,features.16,214,pruned_before,nan,0.000000e+00,0.000000e+00,0.0000,0.0000,0
63,features.16,215,pruned_before,nan,0.000000e+00,0.000000e+00,0.0000,0.0000,0
63,features.16,216,pruned_before,nan,0.000000e+00,0.000000e+00,0.0000,0.0000,0
63,features.16,217,pruned_before,nan,0.000000e+00,0.000000e+00,0.0000,0.0000,0
63,features.16,218,pruned_before,nan,0.000000e+00,0.000000e+00,0.0000,0.0000,0
63,features.16,219,pruned_before,nan,0.000000e+00,0.000000e+00,0.0000,0.0000,0
63,features.16,220,pruned_before,nan,0.000000e+00,0.000000e+00,0.0000,0.0000,0
63,features.16,221,active,0.010031,1.239457e-07,2.552044e-05,0.0114,0.0124,329
63,features.16,222,pruned_before,nan,0.000000e+00,0.000000e+00,0.0000,0.0000,0
63,features.16,223,pruned_before,nan,0.000000e+00,0.000000e+00,0.0000,0.0000,0
63,features.16,224,pruned_before,nan,0.000000e+00,0.000000e+00,0.0000,0.0000,0
63,features.16,225,pruned_before,nan,0.000000e+00,0.000000e+00,0.0000,0.0000,0
63,features.16,226,pruned_before,nan,0.000000e+00,0.000000e+00,0.0000,0.0000,0
63,features.16,227,pruned_before,nan,0.000000e+00,0.000000e+00,0.0000,0.0000,0
63,features.16,228,pruned_before,nan,0.000000e+00,0.000000e+00,0.0000,0.0000,0
63,features.16,229,pruned_before,nan,0.000000e+00,0.000000e+00,0.0000,0.0000,0
63,features.16,230,pruned_before,nan,0.000000e+00,0.000000e+00,0.0000,0.0000,0
63,features.16,231,pruned_before,nan,0.000000e+00,0.000000e+00,0.0000,0.0000,0
63,features.16,232,active,0.001672,2.608420e-07,9.311748e-06,0.0241,0.0045,329
63,features.16,233,pruned_before,nan,0.000000e+00,0.000000e+00,0.0000,0.0000,0
63,features.16,234,pruned_before,nan,0.000000e+00,0.000000e+00,0.0000,0.0000,0
63,features.16,235,pruned_before,nan,0.000000e+00,0.000000e+00,0.0000,0.0000,0
63,features.16,236,pruned_before,nan,0.000000e+00,0.000000e+00,0.0000,0.0000,0
63,features.16,237,pruned_before,nan,0.000000e+00,0.000000e+00,0.0000,0.0000,0
63,features.16,238,pruned_before,nan,0.000000e+00,0.000000e+00,0.0000,0.0000,0
63,features.16,239,pruned_before,nan,0.000000e+00,0.000000e+00,0.0000,0.0000,0
63,features.16,240,pruned_before,nan,0.000000e+00,0.000000e+00,0.0000,0.0000,0
63,features.16,241,pruned_before,nan,0.000000e+00,0.000000e+00,0.0000,0.0000,0
63,features.16,242,pruned_before,nan,0.000000e+00,0.000000e+00,0.0000,0.0000,0
63,features.16,243,pruned_before,nan,0.000000e+00,0.000000e+00,0.0000,0.0000,0
63,features.16,244,pruned_before,nan,0.000000e+00,0.000000e+00,0.0000,0.0000,0
63,features.16,245,pruned_before,nan,0.000000e+00,0.000000e+00,0.0000,0.0000,0
63,features.16,246,pruned_before,nan,0.000000e+00,0.000000e+00,0.0000,0.0000,0
63,features.16,247,pruned_before,nan,0.000000e+00,0.000000e+00,0.0000,0.0000,0
63,features.16,248,pruned_before,nan,0.000000e+00,0.000000e+00,0.0000,0.0000,0
63,features.16,249,pruned_before,nan,0.000000e+00,0.000000e+00,0.0000,0.0000,0
63,features.16,250,pruned_before,nan,0.000000e+00,0.000000e+00,0.0000,0.0000,0
63,features.16,251,pruned_before,nan,0.000000e+00,0.000000e+00,0.0000,0.0000,0
63,features.16,252,pruned_before,nan,0.000000e+00,0.000000e+00,0.0000,0.0000,0
63,features.16,253,pruned_before,nan,0.000000e+00,0.000000e+00,0.0000,0.0000,0
63,features.16,254,pruned_before,nan,0.000000e+00,0.000000e+00,0.0000,0.0000,0
63,features.16,255,pruned_before,nan,0.000000e+00,0.000000e+00,0.0000,0.0000,0
63,features.16,256,pruned_before,nan,0.000000e+00,0.000000e+00,0.0000,0.0000,0
63,features.16,257,pruned_before,nan,0.000000e+00,0.000000e+00,0.0000,0.0000,0
63,features.16,258,pruned_before,nan,0.000000e+00,0.000000e+00,0.0000,0.0000,0
63,features.16,259,pruned_before,nan,0.000000e+00,0.000000e+00,0.0000,0.0000,0
63,features.16,260,pruned_before,nan,0.000000e+00,0.000000e+00,0.0000,0.0000,0
63,features.16,261,pruned_before,nan,0.000000e+00,0.000000e+00,0.0000,0.0000,0
63,features.16,262,pruned_before,nan,0.000000e+00,0.000000e+00,0.0000,0.0000,0
63,features.16,263,pruned_before,nan,0.000000e+00,0.000000e+00,0.0000,0.0000,0
63,features.16,264,pruned_before,nan,0.000000e+00,0.000000e+00,0.0000,0.0000,0
63,features.16,265,pruned_before,nan,0.000000e+00,0.000000e+00,0.0000,0.0000,0
63,features.16,266,pruned_before,nan,0.000000e+00,0.000000e+00,0.0000,0.0000,0
63,features.16,267,pruned_before,nan,0.000000e+00,0.000000e+00,0.0000,0.0000,0
63,features.16,268,pruned_before,nan,0.000000e+00,0.000000e+00,0.0000,0.0000,0
63,features.16,269,pruned_before,nan,0.000000e+00,0.000000e+00,0.0000,0.0000,0
63,features.16,270,pruned_before,nan,0.000000e+00,0.000000e+00,0.0000,0.0000,0
63,features.16,271,pruned_before,nan,0.000000e+00,0.000000e+00,0.0000,0.0000,0
63,features.16,272,pruned_before,nan,0.000000e+00,0.000000e+00,0.0000,0.0000,0
63,features.16,273,pruned_before,nan,0.000000e+00,0.000000e+00,0.0000,0.0000,0
63,features.16,274,pruned_before,nan,0.000000e+00,0.000000e+00,0.0000,0.0000,0
63,features.16,275,pruned_before,nan,0.000000e+00,0.000000e+00,0.0000,0.0000,0
63,features.16,276,pruned_before,nan,0.000000e+00,0.000000e+00,0.0000,0.0000,0
63,features.16,277,pruned_before,nan,0.000000e+00,0.000000e+00,0.0000,0.0000,0
63,features.16,278,pruned_before,nan,0.000000e+00,0.000000e+00,0.0000,0.0000,0
63,features.16,279,pruned_before,nan,0.000000e+00,0.000000e+00,0.0000,0.0000,0
63,features.16,280,pruned_before,nan,0.000000e+00,0.000000e+00,0.0000,0.0000,0
63,features.16,281,pruned_before,nan,0.000000e+00,0.000000e+00,0.0000,0.0000,0
63,features.16,282,pruned_before,nan,0.000000e+00,0.000000e+00,0.0000,0.0000,0
63,features.16,283,pruned_before,nan,0.000000e+00,0.000000e+00,0.0000,0.0000,0
63,features.16,284,pruned_before,nan,0.000000e+00,0.000000e+00,0.0000,0.0000,0
63,features.16,285,pruned_before,nan,0.000000e+00,0.000000e+00,0.0000,0.0000,0
63,features.16,286,active,0.027831,5.024815e-07,7.414535e-05,0.0463,0.0361,329
63,features.16,287,pruned_before,nan,0.000000e+00,0.000000e+00,0.0000,0.0000,0
63,features.16,288,pruned_before,nan,0.000000e+00,0.000000e+00,0.0000,0.0000,0
63,features.16,289,pruned_before,nan,0.000000e+00,0.000000e+00,0.0000,0.0000,0
63,features.16,290,pruned_before,nan,0.000000e+00,0.000000e+00,0.0000,0.0000,0
63,features.16,291,pruned_before,nan,0.000000e+00,0.000000e+00,0.0000,0.0000,0
63,features.16,292,pruned_before,nan,0.000000e+00,0.000000e+00,0.0000,0.0000,0
63,features.16,293,pruned_before,nan,0.000000e+00,0.000000e+00,0.0000,0.0000,0
63,features.16,294,pruned_before,nan,0.000000e+00,0.000000e+00,0.0000,0.0000,0
63,features.16,295,pruned_before,nan,0.000000e+00,0.000000e+00,0.0000,0.0000,0
63,features.16,296,pruned_before,nan,0.000000e+00,0.000000e+00,0.0000,0.0000,0
63,features.16,297,pruned_before,nan,0.000000e+00,0.000000e+00,0.0000,0.0000,0
63,features.16,298,pruned_before,nan,0.000000e+00,0.000000e+00,0.0000,0.0000,0
63,features.16,299,pruned_before,nan,0.000000e+00,0.000000e+00,0.0000,0.0000,0
63,features.16,300,pruned_before,nan,0.000000e+00,0.000000e+00,0.0000,0.0000,0
63,features.16,301,pruned_before,nan,0.000000e+00,0.000000e+00,0.0000,0.0000,0
63,features.16,302,pruned_before,nan,0.000000e+00,0.000000e+00,0.0000,0.0000,0
63,features.16,303,pruned_before,nan,0.000000e+00,0.000000e+00,0.0000,0.0000,0
63,features.16,304,pruned_before,nan,0.000000e+00,0.000000e+00,0.0000,0.0000,0
63,features.16,305,pruned_before,nan,0.000000e+00,0.000000e+00,0.0000,0.0000,0
63,features.16,306,pruned_before,nan,0.000000e+00,0.000000e+00,0.0000,0.0000,0
63,features.16,307,pruned_before,nan,0.000000e+00,0.000000e+00,0.0000,0.0000,0
63,features.16,308,pruned_before,nan,0.000000e+00,0.000000e+00,0.0000,0.0000,0
63,features.16,309,pruned_before,nan,0.000000e+00,0.000000e+00,0.0000,0.0000,0
63,features.16,310,pruned_before,nan,0.000000e+00,0.000000e+00,0.0000,0.0000,0
63,features.16,311,pruned_before,nan,0.000000e+00,0.000000e+00,0.0000,0.0000,0
63,features.16,312,pruned_before,nan,0.000000e+00,0.000000e+00,0.0000,0.0000,0
63,features.16,313,pruned_before,nan,0.000000e+00,0.000000e+00,0.0000,0.0000,0
63,features.16,314,active,0.000979,8.478789e-08,4.021169e-06,0.0078,0.0020,329
63,features.16,315,pruned_before,nan,0.000000e+00,0.000000e+00,0.0000,0.0000,0
63,features.16,316,pruned_before,nan,0.000000e+00,0.000000e+00,0.0000,0.0000,0
63,features.16,317,pruned_before,nan,0.000000e+00,0.000000e+00,0.0000,0.0000,0
63,features.16,318,pruned_before,nan,0.000000e+00,0.000000e+00,0.0000,0.0000,0
63,features.16,319,pruned_before,nan,0.000000e+00,0.000000e+00,0.0000,0.0000,0
63,features.16,320,pruned_before,nan,0.000000e+00,0.000000e+00,0.0000,0.0000,0
63,features.16,321,pruned_before,nan,0.000000e+00,0.000000e+00,0.0000,0.0000,0
63,features.16,322,pruned_before,nan,0.000000e+00,0.000000e+00,0.0000,0.0000,0
63,features.16,323,pruned_before,nan,0.000000e+00,0.000000e+00,0.0000,0.0000,0
63,features.16,324,pruned_before,nan,0.000000e+00,0.000000e+00,0.0000,0.0000,0
63,features.16,325,pruned_before,nan,0.000000e+00,0.000000e+00,0.0000,0.0000,0
63,features.16,326,pruned_before,nan,0.000000e+00,0.000000e+00,0.0000,0.0000,0
63,features.16,327,pruned_before,nan,0.000000e+00,0.000000e+00,0.0000,0.0000,0
63,features.16,328,pruned_before,nan,0.000000e+00,0.000000e+00,0.0000,0.0000,0
63,features.16,329,pruned_before,nan,0.000000e+00,0.000000e+00,0.0000,0.0000,0
63,features.16,330,pruned_before,nan,0.000000e+00,0.000000e+00,0.0000,0.0000,0
63,features.16,331,pruned_before,nan,0.000000e+00,0.000000e+00,0.0000,0.0000,0
63,features.16,332,pruned_before,nan,0.000000e+00,0.000000e+00,0.0000,0.0000,0
63,features.16,333,pruned_before,nan,0.000000e+00,0.000000e+00,0.0000,0.0000,0
63,features.16,334,pruned_before,nan,0.000000e+00,0.000000e+00,0.0000,0.0000,0
63,features.16,335,pruned_before,nan,0.000000e+00,0.000000e+00,0.0000,0.0000,0
63,features.16,336,pruned_before,nan,0.000000e+00,0.000000e+00,0.0000,0.0000,0
63,features.16,337,pruned_before,nan,0.000000e+00,0.000000e+00,0.0000,0.0000,0
63,features.16,338,pruned_before,nan,0.000000e+00,0.000000e+00,0.0000,0.0000,0
63,features.16,339,pruned_before,nan,0.000000e+00,0.000000e+00,0.0000,0.0000,0
63,features.16,340,pruned_before,nan,0.000000e+00,0.000000e+00,0.0000,0.0000,0
63,features.16,341,pruned_before,nan,0.000000e+00,0.000000e+00,0.0000,0.0000,0
63,features.16,342,pruned_before,nan,0.000000e+00,0.000000e+00,0.0000,0.0000,0
63,features.16,343,pruned_before,nan,0.000000e+00,0.000000e+00,0.0000,0.0000,0
63,features.16,344,pruned_before,nan,0.000000e+00,0.000000e+00,0.0000,0.0000,0
63,features.16,345,pruned_before,nan,0.000000e+00,0.000000e+00,0.0000,0.0000,0
63,features.16,346,pruned_before,nan,0.000000e+00,0.000000e+00,0.0000,0.0000,0
63,features.16,347,pruned_before,nan,0.000000e+00,0.000000e+00,0.0000,0.0000,0
63,features.16,348,pruned_before,nan,0.000000e+00,0.000000e+00,0.0000,0.0000,0
63,features.16,349,active,0.019348,4.243940e-07,5.312690e-05,0.0391,0.0258,329
63,features.16,350,pruned_before,nan,0.000000e+00,0.000000e+00,0.0000,0.0000,0
63,features.16,351,pruned_before,nan,0.000000e+00,0.000000e+00,0.0000,0.0000,0
63,features.16,352,pruned_before,nan,0.000000e+00,0.000000e+00,0.0000,0.0000,0
63,features.16,353,pruned_before,nan,0.000000e+00,0.000000e+00,0.0000,0.0000,0
63,features.16,354,pruned_before,nan,0.000000e+00,0.000000e+00,0.0000,0.0000,0
63,features.16,355,pruned_before,nan,0.000000e+00,0.000000e+00,0.0000,0.0000,0
63,features.16,356,active,0.008028,1.927920e-07,2.239581e-05,0.0178,0.0109,329
63,features.16,357,pruned_before,nan,0.000000e+00,0.000000e+00,0.0000,0.0000,0
63,features.16,358,pruned_before,nan,0.000000e+00,0.000000e+00,0.0000,0.0000,0
63,features.16,359,pruned_before,nan,0.000000e+00,0.000000e+00,0.0000,0.0000,0
63,features.16,360,pruned_before,nan,0.000000e+00,0.000000e+00,0.0000,0.0000,0
63,features.16,361,pruned_before,nan,0.000000e+00,0.000000e+00,0.0000,0.0000,0
63,features.16,362,pruned_before,nan,0.000000e+00,0.000000e+00,0.0000,0.0000,0
63,features.16,363,pruned_before,nan,0.000000e+00,0.000000e+00,0.0000,0.0000,0
63,features.16,364,pruned_before,nan,0.000000e+00,0.000000e+00,0.0000,0.0000,0
63,features.16,365,pruned_before,nan,0.000000e+00,0.000000e+00,0.0000,0.0000,0
63,features.16,366,pruned_before,nan,0.000000e+00,0.000000e+00,0.0000,0.0000,0
63,features.16,367,pruned_before,nan,0.000000e+00,0.000000e+00,0.0000,0.0000,0
63,features.16,368,pruned_before,nan,0.000000e+00,0.000000e+00,0.0000,0.0000,0
63,features.16,369,pruned_before,nan,0.000000e+00,0.000000e+00,0.0000,0.0000,0
63,features.16,370,pruned_before,nan,0.000000e+00,0.000000e+00,0.0000,0.0000,0
63,features.16,371,pruned_before,nan,0.000000e+00,0.000000e+00,0.0000,0.0000,0
63,features.16,372,pruned_before,nan,0.000000e+00,0.000000e+00,0.0000,0.0000,0
63,features.16,373,pruned_before,nan,0.000000e+00,0.000000e+00,0.0000,0.0000,0
63,features.16,374,pruned_before,nan,0.000000e+00,0.000000e+00,0.0000,0.0000,0
63,features.16,375,pruned_before,nan,0.000000e+00,0.000000e+00,0.0000,0.0000,0
63,features.16,376,pruned_before,nan,0.000000e+00,0.000000e+00,0.0000,0.0000,0
63,features.16,377,pruned_before,nan,0.000000e+00,0.000000e+00,0.0000,0.0000,0
63,features.16,378,pruned_before,nan,0.000000e+00,0.000000e+00,0.0000,0.0000,0
63,features.16,379,pruned_before,nan,0.000000e+00,0.000000e+00,0.0000,0.0000,0
63,features.16,380,pruned_before,nan,0.000000e+00,0.000000e+00,0.0000,0.0000,0
63,features.16,381,pruned_before,nan,0.000000e+00,0.000000e+00,0.0000,0.0000,0
63,features.16,382,pruned_before,nan,0.000000e+00,0.000000e+00,0.0000,0.0000,0
63,features.16,383,pruned_before,nan,0.000000e+00,0.000000e+00,0.0000,0.0000,0
63,features.16,384,pruned_before,nan,0.000000e+00,0.000000e+00,0.0000,0.0000,0
63,features.16,385,pruned_before,nan,0.000000e+00,0.000000e+00,0.0000,0.0000,0
63,features.16,386,active,0.018937,4.130040e-07,5.194897e-05,0.0381,0.0253,329
63,features.16,387,pruned_before,nan,0.000000e+00,0.000000e+00,0.0000,0.0000,0
63,features.16,388,pruned_before,nan,0.000000e+00,0.000000e+00,0.0000,0.0000,0
63,features.16,389,pruned_before,nan,0.000000e+00,0.000000e+00,0.0000,0.0000,0
63,features.16,390,pruned_before,nan,0.000000e+00,0.000000e+00,0.0000,0.0000,0
63,features.16,391,pruned_before,nan,0.000000e+00,0.000000e+00,0.0000,0.0000,0
63,features.16,392,pruned_before,nan,0.000000e+00,0.000000e+00,0.0000,0.0000,0
63,features.16,393,pruned_before,nan,0.000000e+00,0.000000e+00,0.0000,0.0000,0
63,features.16,394,pruned_before,nan,0.000000e+00,0.000000e+00,0.0000,0.0000,0
63,features.16,395,pruned_before,nan,0.000000e+00,0.000000e+00,0.0000,0.0000,0
63,features.16,396,pruned_before,nan,0.000000e+00,0.000000e+00,0.0000,0.0000,0
63,features.16,397,pruned_before,nan,0.000000e+00,0.000000e+00,0.0000,0.0000,0
63,features.16,398,pruned_before,nan,0.000000e+00,0.000000e+00,0.0000,0.0000,0
63,features.16,399,pruned_before,nan,0.000000e+00,0.000000e+00,0.0000,0.0000,0
63,features.16,400,pruned_before,nan,0.000000e+00,0.000000e+00,0.0000,0.0000,0
63,features.16,401,pruned_before,nan,0.000000e+00,0.000000e+00,0.0000,0.0000,0
63,features.16,402,pruned_before,nan,0.000000e+00,0.000000e+00,0.0000,0.0000,0
63,features.16,403,pruned_before,nan,0.000000e+00,0.000000e+00,0.0000,0.0000,0
63,features.16,404,pruned_before,nan,0.000000e+00,0.000000e+00,0.0000,0.0000,0
63,features.16,405,pruned_before,nan,0.000000e+00,0.000000e+00,0.0000,0.0000,0
63,features.16,406,protected,0.800000,1.084268e-05,2.055449e-03,1.0000,1.0000,329
63,features.16,407,pruned_before,nan,0.000000e+00,0.000000e+00,0.0000,0.0000,0
63,features.16,408,pruned_before,nan,0.000000e+00,0.000000e+00,0.0000,0.0000,0
63,features.16,409,pruned_before,nan,0.000000e+00,0.000000e+00,0.0000,0.0000,0
63,features.16,410,pruned_before,nan,0.000000e+00,0.000000e+00,0.0000,0.0000,0
63,features.16,411,pruned_before,nan,0.000000e+00,0.000000e+00,0.0000,0.0000,0
63,features.16,412,pruned_before,nan,0.000000e+00,0.000000e+00,0.0000,0.0000,0
63,features.16,413,pruned_before,nan,0.000000e+00,0.000000e+00,0.0000,0.0000,0
63,features.16,414,pruned_before,nan,0.000000e+00,0.000000e+00,0.0000,0.0000,0
63,features.16,415,pruned_before,nan,0.000000e+00,0.000000e+00,0.0000,0.0000,0
63,features.16,416,pruned_before,nan,0.000000e+00,0.000000e+00,0.0000,0.0000,0
63,features.16,417,pruned_before,nan,0.000000e+00,0.000000e+00,0.0000,0.0000,0
63,features.16,418,pruned_before,nan,0.000000e+00,0.000000e+00,0.0000,0.0000,0
63,features.16,419,pruned_before,nan,0.000000e+00,0.000000e+00,0.0000,0.0000,0
63,features.16,420,pruned_before,nan,0.000000e+00,0.000000e+00,0.0000,0.0000,0
63,features.16,421,pruned_before,nan,0.000000e+00,0.000000e+00,0.0000,0.0000,0
63,features.16,422,pruned_before,nan,0.000000e+00,0.000000e+00,0.0000,0.0000,0
63,features.16,423,pruned_before,nan,0.000000e+00,0.000000e+00,0.0000,0.0000,0
63,features.16,424,pruned_before,nan,0.000000e+00,0.000000e+00,0.0000,0.0000,0
63,features.16,425,pruned_before,nan,0.000000e+00,0.000000e+00,0.0000,0.0000,0
63,features.16,426,pruned_before,nan,0.000000e+00,0.000000e+00,0.0000,0.0000,0
63,features.16,427,pruned_before,nan,0.000000e+00,0.000000e+00,0.0000,0.0000,0
63,features.16,428,pruned_before,nan,0.000000e+00,0.000000e+00,0.0000,0.0000,0
63,features.16,429,pruned_before,nan,0.000000e+00,0.000000e+00,0.0000,0.0000,0
63,features.16,430,pruned_before,nan,0.000000e+00,0.000000e+00,0.0000,0.0000,0
63,features.16,431,pruned_before,nan,0.000000e+00,0.000000e+00,0.0000,0.0000,0
63,features.16,432,pruned_before,nan,0.000000e+00,0.000000e+00,0.0000,0.0000,0
63,features.16,433,pruned_before,nan,0.000000e+00,0.000000e+00,0.0000,0.0000,0
63,features.16,434,pruned_before,nan,0.000000e+00,0.000000e+00,0.0000,0.0000,0
63,features.16,435,pruned_before,nan,0.000000e+00,0.000000e+00,0.0000,0.0000,0
63,features.16,436,pruned_before,nan,0.000000e+00,0.000000e+00,0.0000,0.0000,0
63,features.16,437,pruned_before,nan,0.000000e+00,0.000000e+00,0.0000,0.0000,0
63,features.16,438,pruned_before,nan,0.000000e+00,0.000000e+00,0.0000,0.0000,0
63,features.16,439,pruned_before,nan,0.000000e+00,0.000000e+00,0.0000,0.0000,0
63,features.16,440,pruned_before,nan,0.000000e+00,0.000000e+00,0.0000,0.0000,0
63,features.16,441,pruned_before,nan,0.000000e+00,0.000000e+00,0.0000,0.0000,0
63,features.16,442,pruned_before,nan,0.000000e+00,0.000000e+00,0.0000,0.0000,0
63,features.16,443,pruned_before,nan,0.000000e+00,0.000000e+00,0.0000,0.0000,0
63,features.16,444,pruned_before,nan,0.000000e+00,0.000000e+00,0.0000,0.0000,0
63,features.16,445,pruned_before,nan,0.000000e+00,0.000000e+00,0.0000,0.0000,0
63,features.16,446,pruned_before,nan,0.000000e+00,0.000000e+00,0.0000,0.0000,0
63,features.16,447,pruned_before,nan,0.000000e+00,0.000000e+00,0.0000,0.0000,0
63,features.16,448,pruned_before,nan,0.000000e+00,0.000000e+00,0.0000,0.0000,0
63,features.16,449,pruned_before,nan,0.000000e+00,0.000000e+00,0.0000,0.0000,0
63,features.16,450,pruned_before,nan,0.000000e+00,0.000000e+00,0.0000,0.0000,0
63,features.16,451,pruned_before,nan,0.000000e+00,0.000000e+00,0.0000,0.0000,0
63,features.16,452,pruned_before,nan,0.000000e+00,0.000000e+00,0.0000,0.0000,0
63,features.16,453,pruned_before,nan,0.000000e+00,0.000000e+00,0.0000,0.0000,0
63,features.16,454,pruned_before,nan,0.000000e+00,0.000000e+00,0.0000,0.0000,0
63,features.16,455,pruned_before,nan,0.000000e+00,0.000000e+00,0.0000,0.0000,0
63,features.16,456,pruned_before,nan,0.000000e+00,0.000000e+00,0.0000,0.0000,0
63,features.16,457,pruned_before,nan,0.000000e+00,0.000000e+00,0.0000,0.0000,0
63,features.16,458,pruned_before,nan,0.000000e+00,0.000000e+00,0.0000,0.0000,0
63,features.16,459,pruned_before,nan,0.000000e+00,0.000000e+00,0.0000,0.0000,0
63,features.16,460,pruned_before,nan,0.000000e+00,0.000000e+00,0.0000,0.0000,0
63,features.16,461,pruned_before,nan,0.000000e+00,0.000000e+00,0.0000,0.0000,0
63,features.16,462,pruned_before,nan,0.000000e+00,0.000000e+00,0.0000,0.0000,0
63,features.16,463,pruned_before,nan,0.000000e+00,0.000000e+00,0.0000,0.0000,0
63,features.16,464,pruned_before,nan,0.000000e+00,0.000000e+00,0.0000,0.0000,0
63,features.16,465,pruned_before,nan,0.000000e+00,0.000000e+00,0.0000,0.0000,0
63,features.16,466,pruned_before,nan,0.000000e+00,0.000000e+00,0.0000,0.0000,0
63,features.16,467,pruned_before,nan,0.000000e+00,0.000000e+00,0.0000,0.0000,0
63,features.16,468,pruned_before,nan,0.000000e+00,0.000000e+00,0.0000,0.0000,0
63,features.16,469,pruned_before,nan,0.000000e+00,0.000000e+00,0.0000,0.0000,0
63,features.16,470,pruned_before,nan,0.000000e+00,0.000000e+00,0.0000,0.0000,0
63,features.16,471,pruned_before,nan,0.000000e+00,0.000000e+00,0.0000,0.0000,0
63,features.16,472,pruned_before,nan,0.000000e+00,0.000000e+00,0.0000,0.0000,0
63,features.16,473,pruned_before,nan,0.000000e+00,0.000000e+00,0.0000,0.0000,0
63,features.16,474,pruned_before,nan,0.000000e+00,0.000000e+00,0.0000,0.0000,0
63,features.16,475,pruned_before,nan,0.000000e+00,0.000000e+00,0.0000,0.0000,0
63,features.16,476,pruned_before,nan,0.000000e+00,0.000000e+00,0.0000,0.0000,0
63,features.16,477,pruned_before,nan,0.000000e+00,0.000000e+00,0.0000,0.0000,0
63,features.16,478,pruned_before,nan,0.000000e+00,0.000000e+00,0.0000,0.0000,0
63,features.16,479,pruned_before,nan,0.000000e+00,0.000000e+00,0.0000,0.0000,0
63,features.16,480,pruned_before,nan,0.000000e+00,0.000000e+00,0.0000,0.0000,0
63,features.16,481,pruned_before,nan,0.000000e+00,0.000000e+00,0.0000,0.0000,0
63,features.16,482,pruned_before,nan,0.000000e+00,0.000000e+00,0.0000,0.0000,0
63,features.16,483,pruned_before,nan,0.000000e+00,0.000000e+00,0.0000,0.0000,0
63,features.16,484,pruned_before,nan,0.000000e+00,0.000000e+00,0.0000,0.0000,0
63,features.16,485,pruned_before,nan,0.000000e+00,0.000000e+00,0.0000,0.0000,0
63,features.16,486,pruned_before,nan,0.000000e+00,0.000000e+00,0.0000,0.0000,0
63,features.16,487,pruned_before,nan,0.000000e+00,0.000000e+00,0.0000,0.0000,0
63,features.16,488,pruned_before,nan,0.000000e+00,0.000000e+00,0.0000,0.0000,0
63,features.16,489,pruned_before,nan,0.000000e+00,0.000000e+00,0.0000,0.0000,0
63,features.16,490,pruned_before,nan,0.000000e+00,0.000000e+00,0.0000,0.0000,0
63,features.16,491,pruned_before,nan,0.000000e+00,0.000000e+00,0.0000,0.0000,0
63,features.16,492,pruned_before,nan,0.000000e+00,0.000000e+00,0.0000,0.0000,0
63,features.16,493,pruned_before,nan,0.000000e+00,0.000000e+00,0.0000,0.0000,0
63,features.16,494,pruned_before,nan,0.000000e+00,0.000000e+00,0.0000,0.0000,0
63,features.16,495,pruned_before,nan,0.000000e+00,0.000000e+00,0.0000,0.0000,0
63,features.16,496,pruned_before,nan,0.000000e+00,0.000000e+00,0.0000,0.0000,0
63,features.16,497,pruned_before,nan,0.000000e+00,0.000000e+00,0.0000,0.0000,0
63,features.16,498,pruned_before,nan,0.000000e+00,0.000000e+00,0.0000,0.0000,0
63,features.16,499,pruned_before,nan,0.000000e+00,0.000000e+00,0.0000,0.0000,0
63,features.16,500,pruned_before,nan,0.000000e+00,0.000000e+00,0.0000,0.0000,0
63,features.16,501,pruned_before,nan,0.000000e+00,0.000000e+00,0.0000,0.0000,0
63,features.16,502,pruned_before,nan,0.000000e+00,0.000000e+00,0.0000,0.0000,0
63,features.16,503,pruned_before,nan,0.000000e+00,0.000000e+00,0.0000,0.0000,0
63,features.16,504,pruned_before,nan,0.000000e+00,0.000000e+00,0.0000,0.0000,0
63,features.16,505,pruned_before,nan,0.000000e+00,0.000000e+00,0.0000,0.0000,0
63,features.16,506,pruned_before,nan,0.000000e+00,0.000000e+00,0.0000,0.0000,0
63,features.16,507,pruned_before,nan,0.000000e+00,0.000000e+00,0.0000,0.0000,0
63,features.16,508,pruned_before,nan,0.000000e+00,0.000000e+00,0.0000,0.0000,0
63,features.16,509,pruned_before,nan,0.000000e+00,0.000000e+00,0.0000,0.0000,0
63,features.16,510,pruned_before,nan,0.000000e+00,0.000000e+00,0.0000,0.0000,0
63,features.16,511,pruned_before,nan,0.000000e+00,0.000000e+00,0.0000,0.0000,0
63,features.16,512,pruned_before,nan,0.000000e+00,0.000000e+00,0.0000,0.0000,0
63,features.16,513,pruned_before,nan,0.000000e+00,0.000000e+00,0.0000,0.0000,0
63,features.16,514,pruned_before,nan,0.000000e+00,0.000000e+00,0.0000,0.0000,0
63,features.16,515,pruned_before,nan,0.000000e+00,0.000000e+00,0.0000,0.0000,0
63,features.16,516,pruned_before,nan,0.000000e+00,0.000000e+00,0.0000,0.0000,0
63,features.16,517,pruned_before,nan,0.000000e+00,0.000000e+00,0.0000,0.0000,0
63,features.16,518,pruned_before,nan,0.000000e+00,0.000000e+00,0.0000,0.0000,0
63,features.16,519,pruned_before,nan,0.000000e+00,0.000000e+00,0.0000,0.0000,0
63,features.16,520,pruned_before,nan,0.000000e+00,0.000000e+00,0.0000,0.0000,0
63,features.16,521,pruned_before,nan,0.000000e+00,0.000000e+00,0.0000,0.0000,0
63,features.16,522,pruned_before,nan,0.000000e+00,0.000000e+00,0.0000,0.0000,0
63,features.16,523,pruned_before,nan,0.000000e+00,0.000000e+00,0.0000,0.0000,0
63,features.16,524,pruned_before,nan,0.000000e+00,0.000000e+00,0.0000,0.0000,0
63,features.16,525,pruned_before,nan,0.000000e+00,0.000000e+00,0.0000,0.0000,0
63,features.16,526,pruned_before,nan,0.000000e+00,0.000000e+00,0.0000,0.0000,0
63,features.16,527,pruned_before,nan,0.000000e+00,0.000000e+00,0.0000,0.0000,0
63,features.16,528,pruned_before,nan,0.000000e+00,0.000000e+00,0.0000,0.0000,0
63,features.16,529,pruned_before,nan,0.000000e+00,0.000000e+00,0.0000,0.0000,0
63,features.16,530,pruned_before,nan,0.000000e+00,0.000000e+00,0.0000,0.0000,0
63,features.16,531,pruned_before,nan,0.000000e+00,0.000000e+00,0.0000,0.0000,0
63,features.16,532,pruned_before,nan,0.000000e+00,0.000000e+00,0.0000,0.0000,0
63,features.16,533,pruned_before,nan,0.000000e+00,0.000000e+00,0.0000,0.0000,0
63,features.16,534,pruned_before,nan,0.000000e+00,0.000000e+00,0.0000,0.0000,0
63,features.16,535,pruned_before,nan,0.000000e+00,0.000000e+00,0.0000,0.0000,0
63,features.16,536,pruned_before,nan,0.000000e+00,0.000000e+00,0.0000,0.0000,0
63,features.16,537,pruned_before,nan,0.000000e+00,0.000000e+00,0.0000,0.0000,0
63,features.16,538,pruned_before,nan,0.000000e+00,0.000000e+00,0.0000,0.0000,0
63,features.16,539,pruned_before,nan,0.000000e+00,0.000000e+00,0.0000,0.0000,0
63,features.16,540,pruned_before,nan,0.000000e+00,0.000000e+00,0.0000,0.0000,0
63,features.16,541,pruned_before,nan,0.000000e+00,0.000000e+00,0.0000,0.0000,0
63,features.16,542,pruned_before,nan,0.000000e+00,0.000000e+00,0.0000,0.0000,0
63,features.16,543,pruned_before,nan,0.000000e+00,0.000000e+00,0.0000,0.0000,0
63,features.16,544,pruned_before,nan,0.000000e+00,0.000000e+00,0.0000,0.0000,0
63,features.16,545,active,0.025116,5.087421e-07,6.807717e-05,0.0469,0.0331,329
63,features.16,546,pruned_before,nan,0.000000e+00,0.000000e+00,0.0000,0.0000,0
63,features.16,547,pruned_before,nan,0.000000e+00,0.000000e+00,0.0000,0.0000,0
63,features.16,548,pruned_before,nan,0.000000e+00,0.000000e+00,0.0000,0.0000,0
63,features.16,549,pruned_before,nan,0.000000e+00,0.000000e+00,0.0000,0.0000,0
63,features.16,550,pruned_before,nan,0.000000e+00,0.000000e+00,0.0000,0.0000,0
63,features.16,551,pruned_before,nan,0.000000e+00,0.000000e+00,0.0000,0.0000,0
63,features.16,552,pruned_before,nan,0.000000e+00,0.000000e+00,0.0000,0.0000,0
63,features.16,553,pruned_before,nan,0.000000e+00,0.000000e+00,0.0000,0.0000,0
63,features.16,554,pruned_before,nan,0.000000e+00,0.000000e+00,0.0000,0.0000,0
63,features.16,555,pruned_before,nan,0.000000e+00,0.000000e+00,0.0000,0.0000,0
63,features.16,556,pruned_before,nan,0.000000e+00,0.000000e+00,0.0000,0.0000,0
63,features.16,557,pruned_before,nan,0.000000e+00,0.000000e+00,0.0000,0.0000,0
63,features.16,558,pruned_before,nan,0.000000e+00,0.000000e+00,0.0000,0.0000,0
63,features.16,559,active,0.002902,6.409595e-07,2.012789e-05,0.0591,0.0098,329
63,features.16,560,pruned_before,nan,0.000000e+00,0.000000e+00,0.0000,0.0000,0
63,features.16,561,pruned_before,nan,0.000000e+00,0.000000e+00,0.0000,0.0000,0
63,features.16,562,pruned_before,nan,0.000000e+00,0.000000e+00,0.0000,0.0000,0
63,features.16,563,pruned_before,nan,0.000000e+00,0.000000e+00,0.0000,0.0000,0
63,features.16,564,pruned_before,nan,0.000000e+00,0.000000e+00,0.0000,0.0000,0
63,features.16,565,pruned_before,nan,0.000000e+00,0.000000e+00,0.0000,0.0000,0
63,features.16,566,pruned_before,nan,0.000000e+00,0.000000e+00,0.0000,0.0000,0
63,features.16,567,active,0.006445,3.156371e-07,2.136776e-05,0.0291,0.0104,329
63,features.16,568,pruned_before,nan,0.000000e+00,0.000000e+00,0.0000,0.0000,0
63,features.16,569,pruned_before,nan,0.000000e+00,0.000000e+00,0.0000,0.0000,0
63,features.16,570,pruned_before,nan,0.000000e+00,0.000000e+00,0.0000,0.0000,0
63,features.16,571,pruned_before,nan,0.000000e+00,0.000000e+00,0.0000,0.0000,0
63,features.16,572,pruned_before,nan,0.000000e+00,0.000000e+00,0.0000,0.0000,0
63,features.16,573,active,0.031610,3.739513e-07,8.006931e-05,0.0345,0.0390,329
63,features.16,574,pruned_before,nan,0.000000e+00,0.000000e+00,0.0000,0.0000,0
63,features.16,575,pruned_before,nan,0.000000e+00,0.000000e+00,0.0000,0.0000,0
63,features.16,576,pruned_before,nan,0.000000e+00,0.000000e+00,0.0000,0.0000,0
63,features.16,577,pruned_before,nan,0.000000e+00,0.000000e+00,0.0000,0.0000,0
63,features.16,578,pruned_before,nan,0.000000e+00,0.000000e+00,0.0000,0.0000,0
63,features.16,579,pruned_before,nan,0.000000e+00,0.000000e+00,0.0000,0.0000,0
63,features.16,580,pruned_before,nan,0.000000e+00,0.000000e+00,0.0000,0.0000,0
63,features.16,581,pruned_before,nan,0.000000e+00,0.000000e+00,0.0000,0.0000,0
63,features.16,582,pruned_before,nan,0.000000e+00,0.000000e+00,0.0000,0.0000,0
63,features.16,583,pruned_before,nan,0.000000e+00,0.000000e+00,0.0000,0.0000,0
63,features.16,584,pruned_before,nan,0.000000e+00,0.000000e+00,0.0000,0.0000,0
63,features.16,585,pruned_before,nan,0.000000e+00,0.000000e+00,0.0000,0.0000,0
63,features.16,586,pruned_before,nan,0.000000e+00,0.000000e+00,0.0000,0.0000,0
63,features.16,587,pruned_before,nan,0.000000e+00,0.000000e+00,0.0000,0.0000,0
63,features.16,588,pruned_before,nan,0.000000e+00,0.000000e+00,0.0000,0.0000,0
63,features.16,589,pruned_before,nan,0.000000e+00,0.000000e+00,0.0000,0.0000,0
63,features.16,590,pruned_before,nan,0.000000e+00,0.000000e+00,0.0000,0.0000,0
63,features.16,591,pruned_before,nan,0.000000e+00,0.000000e+00,0.0000,0.0000,0
63,features.16,592,pruned_before,nan,0.000000e+00,0.000000e+00,0.0000,0.0000,0
63,features.16,593,pruned_before,nan,0.000000e+00,0.000000e+00,0.0000,0.0000,0
63,features.16,594,pruned_before,nan,0.000000e+00,0.000000e+00,0.0000,0.0000,0
63,features.16,595,pruned_before,nan,0.000000e+00,0.000000e+00,0.0000,0.0000,0
63,features.16,596,pruned_before,nan,0.000000e+00,0.000000e+00,0.0000,0.0000,0
63,features.16,597,pruned_before,nan,0.000000e+00,0.000000e+00,0.0000,0.0000,0
63,features.16,598,pruned_before,nan,0.000000e+00,0.000000e+00,0.0000,0.0000,0
63,features.16,599,pruned_before,nan,0.000000e+00,0.000000e+00,0.0000,0.0000,0
63,features.16,600,pruned_before,nan,0.000000e+00,0.000000e+00,0.0000,0.0000,0
63,features.16,601,pruned_before,nan,0.000000e+00,0.000000e+00,0.0000,0.0000,0
63,features.16,602,pruned_before,nan,0.000000e+00,0.000000e+00,0.0000,0.0000,0
63,features.16,603,pruned_before,nan,0.000000e+00,0.000000e+00,0.0000,0.0000,0
63,features.16,604,pruned_before,nan,0.000000e+00,0.000000e+00,0.0000,0.0000,0
63,features.16,605,pruned_before,nan,0.000000e+00,0.000000e+00,0.0000,0.0000,0
63,features.16,606,pruned_before,nan,0.000000e+00,0.000000e+00,0.0000,0.0000,0
63,features.16,607,pruned_before,nan,0.000000e+00,0.000000e+00,0.0000,0.0000,0
63,features.16,608,pruned_before,nan,0.000000e+00,0.000000e+00,0.0000,0.0000,0
63,features.16,609,pruned_before,nan,0.000000e+00,0.000000e+00,0.0000,0.0000,0
63,features.16,610,pruned_before,nan,0.000000e+00,0.000000e+00,0.0000,0.0000,0
63,features.16,611,pruned_before,nan,0.000000e+00,0.000000e+00,0.0000,0.0000,0
63,features.16,612,pruned_before,nan,0.000000e+00,0.000000e+00,0.0000,0.0000,0
63,features.16,613,pruned_before,nan,0.000000e+00,0.000000e+00,0.0000,0.0000,0
63,features.16,614,pruned_before,nan,0.000000e+00,0.000000e+00,0.0000,0.0000,0
63,features.16,615,pruned_before,nan,0.000000e+00,0.000000e+00,0.0000,0.0000,0
63,features.16,616,pruned_before,nan,0.000000e+00,0.000000e+00,0.0000,0.0000,0
63,features.16,617,pruned_before,nan,0.000000e+00,0.000000e+00,0.0000,0.0000,0
63,features.16,618,pruned_before,nan,0.000000e+00,0.000000e+00,0.0000,0.0000,0
63,features.16,619,pruned_before,nan,0.000000e+00,0.000000e+00,0.0000,0.0000,0
63,features.16,620,pruned_before,nan,0.000000e+00,0.000000e+00,0.0000,0.0000,0
63,features.16,621,pruned_before,nan,0.000000e+00,0.000000e+00,0.0000,0.0000,0
63,features.16,622,pruned_before,nan,0.000000e+00,0.000000e+00,0.0000,0.0000,0
63,features.16,623,pruned_before,nan,0.000000e+00,0.000000e+00,0.0000,0.0000,0
63,features.16,624,pruned_before,nan,0.000000e+00,0.000000e+00,0.0000,0.0000,0
63,features.16,625,pruned_before,nan,0.000000e+00,0.000000e+00,0.0000,0.0000,0
63,features.16,626,pruned_before,nan,0.000000e+00,0.000000e+00,0.0000,0.0000,0
63,features.16,627,pruned_before,nan,0.000000e+00,0.000000e+00,0.0000,0.0000,0
63,features.16,628,active,0.008210,1.772527e-07,2.248328e-05,0.0163,0.0109,329
63,features.16,629,pruned_before,nan,0.000000e+00,0.000000e+00,0.0000,0.0000,0
63,features.16,630,pruned_before,nan,0.000000e+00,0.000000e+00,0.0000,0.0000,0
63,features.16,631,pruned_before,nan,0.000000e+00,0.000000e+00,0.0000,0.0000,0
63,features.16,632,pruned_before,nan,0.000000e+00,0.000000e+00,0.0000,0.0000,0
63,features.16,633,pruned_before,nan,0.000000e+00,0.000000e+00,0.0000,0.0000,0
63,features.16,634,active,0.003124,1.037409e-06,2.898610e-05,0.0957,0.0141,329
63,features.16,635,pruned_before,nan,0.000000e+00,0.000000e+00,0.0000,0.0000,0
63,features.16,636,pruned_before,nan,0.000000e+00,0.000000e+00,0.0000,0.0000,0
63,features.16,637,pruned_before,nan,0.000000e+00,0.000000e+00,0.0000,0.0000,0
63,features.16,638,pruned_before,nan,0.000000e+00,0.000000e+00,0.0000,0.0000,0
63,features.16,639,pruned_before,nan,0.000000e+00,0.000000e+00,0.0000,0.0000,0
63,features.16,640,pruned_before,nan,0.000000e+00,0.000000e+00,0.0000,0.0000,0
63,features.16,641,pruned_before,nan,0.000000e+00,0.000000e+00,0.0000,0.0000,0
63,features.16,642,pruned_before,nan,0.000000e+00,0.000000e+00,0.0000,0.0000,0
63,features.16,643,pruned_before,nan,0.000000e+00,0.000000e+00,0.0000,0.0000,0
63,features.16,644,pruned_before,nan,0.000000e+00,0.000000e+00,0.0000,0.0000,0
63,features.16,645,pruned_before,nan,0.000000e+00,0.000000e+00,0.0000,0.0000,0
63,features.16,646,pruned_before,nan,0.000000e+00,0.000000e+00,0.0000,0.0000,0
63,features.16,647,pruned_before,nan,0.000000e+00,0.000000e+00,0.0000,0.0000,0
63,features.16,648,pruned_before,nan,0.000000e+00,0.000000e+00,0.0000,0.0000,0
63,features.16,649,pruned_before,nan,0.000000e+00,0.000000e+00,0.0000,0.0000,0
63,features.16,650,pruned_before,nan,0.000000e+00,0.000000e+00,0.0000,0.0000,0
63,features.16,651,pruned_before,nan,0.000000e+00,0.000000e+00,0.0000,0.0000,0
63,features.16,652,pruned_before,nan,0.000000e+00,0.000000e+00,0.0000,0.0000,0
63,features.16,653,pruned_before,nan,0.000000e+00,0.000000e+00,0.0000,0.0000,0
63,features.16,654,pruned_before,nan,0.000000e+00,0.000000e+00,0.0000,0.0000,0
63,features.16,655,pruned_before,nan,0.000000e+00,0.000000e+00,0.0000,0.0000,0
63,features.16,656,pruned_before,nan,0.000000e+00,0.000000e+00,0.0000,0.0000,0
63,features.16,657,pruned_before,nan,0.000000e+00,0.000000e+00,0.0000,0.0000,0
63,features.16,658,pruned_before,nan,0.000000e+00,0.000000e+00,0.0000,0.0000,0
63,features.16,659,pruned_before,nan,0.000000e+00,0.000000e+00,0.0000,0.0000,0
63,features.16,660,pruned_before,nan,0.000000e+00,0.000000e+00,0.0000,0.0000,0
63,features.16,661,pruned_before,nan,0.000000e+00,0.000000e+00,0.0000,0.0000,0
63,features.16,662,pruned_before,nan,0.000000e+00,0.000000e+00,0.0000,0.0000,0
63,features.16,663,pruned_before,nan,0.000000e+00,0.000000e+00,0.0000,0.0000,0
63,features.16,664,pruned_before,nan,0.000000e+00,0.000000e+00,0.0000,0.0000,0
63,features.16,665,pruned_before,nan,0.000000e+00,0.000000e+00,0.0000,0.0000,0
63,features.16,666,pruned_before,nan,0.000000e+00,0.000000e+00,0.0000,0.0000,0
63,features.16,667,pruned_before,nan,0.000000e+00,0.000000e+00,0.0000,0.0000,0
63,features.16,668,pruned_before,nan,0.000000e+00,0.000000e+00,0.0000,0.0000,0
63,features.16,669,pruned_before,nan,0.000000e+00,0.000000e+00,0.0000,0.0000,0
63,features.16,670,pruned_before,nan,0.000000e+00,0.000000e+00,0.0000,0.0000,0
63,features.16,671,pruned_before,nan,0.000000e+00,0.000000e+00,0.0000,0.0000,0
63,features.16,672,pruned_before,nan,0.000000e+00,0.000000e+00,0.0000,0.0000,0
63,features.16,673,pruned_before,nan,0.000000e+00,0.000000e+00,0.0000,0.0000,0
63,features.16,674,pruned_before,nan,0.000000e+00,0.000000e+00,0.0000,0.0000,0
63,features.16,675,pruned_before,nan,0.000000e+00,0.000000e+00,0.0000,0.0000,0
63,features.16,676,pruned_before,nan,0.000000e+00,0.000000e+00,0.0000,0.0000,0
63,features.16,677,pruned_before,nan,0.000000e+00,0.000000e+00,0.0000,0.0000,0
63,features.16,678,pruned_before,nan,0.000000e+00,0.000000e+00,0.0000,0.0000,0
63,features.16,679,pruned_before,nan,0.000000e+00,0.000000e+00,0.0000,0.0000,0
63,features.16,680,pruned_before,nan,0.000000e+00,0.000000e+00,0.0000,0.0000,0
63,features.16,681,pruned_before,nan,0.000000e+00,0.000000e+00,0.0000,0.0000,0
63,features.16,682,pruned_before,nan,0.000000e+00,0.000000e+00,0.0000,0.0000,0
63,features.16,683,pruned_before,nan,0.000000e+00,0.000000e+00,0.0000,0.0000,0
63,features.16,684,pruned_before,nan,0.000000e+00,0.000000e+00,0.0000,0.0000,0
63,features.16,685,pruned_before,nan,0.000000e+00,0.000000e+00,0.0000,0.0000,0
63,features.16,686,active,0.001357,1.276077e-07,5.787642e-06,0.0118,0.0028,329
63,features.16,687,pruned_before,nan,0.000000e+00,0.000000e+00,0.0000,0.0000,0
63,features.16,688,pruned_before,nan,0.000000e+00,0.000000e+00,0.0000,0.0000,0
63,features.16,689,pruned_before,nan,0.000000e+00,0.000000e+00,0.0000,0.0000,0
63,features.16,690,pruned_before,nan,0.000000e+00,0.000000e+00,0.0000,0.0000,0
63,features.16,691,pruned_before,nan,0.000000e+00,0.000000e+00,0.0000,0.0000,0
63,features.16,692,pruned_before,nan,0.000000e+00,0.000000e+00,0.0000,0.0000,0
63,features.16,693,pruned_before,nan,0.000000e+00,0.000000e+00,0.0000,0.0000,0
63,features.16,694,pruned_before,nan,0.000000e+00,0.000000e+00,0.0000,0.0000,0
63,features.16,695,pruned_before,nan,0.000000e+00,0.000000e+00,0.0000,0.0000,0
63,features.16,696,pruned_before,nan,0.000000e+00,0.000000e+00,0.0000,0.0000,0
63,features.16,697,pruned_before,nan,0.000000e+00,0.000000e+00,0.0000,0.0000,0
63,features.16,698,pruned_before,nan,0.000000e+00,0.000000e+00,0.0000,0.0000,0
63,features.16,699,pruned_before,nan,0.000000e+00,0.000000e+00,0.0000,0.0000,0
63,features.16,700,pruned_before,nan,0.000000e+00,0.000000e+00,0.0000,0.0000,0
63,features.16,701,pruned_before,nan,0.000000e+00,0.000000e+00,0.0000,0.0000,0
63,features.16,702,pruned_before,nan,0.000000e+00,0.000000e+00,0.0000,0.0000,0
63,features.16,703,pruned_before,nan,0.000000e+00,0.000000e+00,0.0000,0.0000,0
63,features.16,704,pruned_before,nan,0.000000e+00,0.000000e+00,0.0000,0.0000,0
63,features.16,705,active,0.010000,4.969210e-07,3.330607e-05,0.0458,0.0162,329
63,features.16,706,pruned_before,nan,0.000000e+00,0.000000e+00,0.0000,0.0000,0
63,features.16,707,pruned_before,nan,0.000000e+00,0.000000e+00,0.0000,0.0000,0
63,features.16,708,pruned_before,nan,0.000000e+00,0.000000e+00,0.0000,0.0000,0
63,features.16,709,pruned_before,nan,0.000000e+00,0.000000e+00,0.0000,0.0000,0
63,features.16,710,pruned_before,nan,0.000000e+00,0.000000e+00,0.0000,0.0000,0
63,features.16,711,pruned_before,nan,0.000000e+00,0.000000e+00,0.0000,0.0000,0
63,features.16,712,pruned_before,nan,0.000000e+00,0.000000e+00,0.0000,0.0000,0
63,features.16,713,pruned_before,nan,0.000000e+00,0.000000e+00,0.0000,0.0000,0
63,features.16,714,pruned_before,nan,0.000000e+00,0.000000e+00,0.0000,0.0000,0
63,features.16,715,pruned_before,nan,0.000000e+00,0.000000e+00,0.0000,0.0000,0
63,features.16,716,pruned_before,nan,0.000000e+00,0.000000e+00,0.0000,0.0000,0
63,features.16,717,active,0.003462,6.088345e-08,9.189244e-06,0.0056,0.0045,329
63,features.16,718,pruned_before,nan,0.000000e+00,0.000000e+00,0.0000,0.0000,0
63,features.16,719,pruned_before,nan,0.000000e+00,0.000000e+00,0.0000,0.0000,0
63,features.16,720,pruned_before,nan,0.000000e+00,0.000000e+00,0.0000,0.0000,0
63,features.16,721,pruned_before,nan,0.000000e+00,0.000000e+00,0.0000,0.0000,0
63,features.16,722,pruned_before,nan,0.000000e+00,0.000000e+00,0.0000,0.0000,0
63,features.16,723,active,0.347750,3.871821e-06,8.757556e-04,0.3571,0.4261,329
63,features.16,724,pruned_before,nan,0.000000e+00,0.000000e+00,0.0000,0.0000,0
63,features.16,725,active,0.012565,1.174392e-06,5.343255e-05,0.1083,0.0260,329
63,features.16,726,pruned_before,nan,0.000000e+00,0.000000e+00,0.0000,0.0000,0
63,features.16,727,pruned_before,nan,0.000000e+00,0.000000e+00,0.0000,0.0000,0
63,features.16,728,pruned_before,nan,0.000000e+00,0.000000e+00,0.0000,0.0000,0
63,features.16,729,pruned_before,nan,0.000000e+00,0.000000e+00,0.0000,0.0000,0
63,features.16,730,pruned_before,nan,0.000000e+00,0.000000e+00,0.0000,0.0000,0
63,features.16,731,pruned_before,nan,0.000000e+00,0.000000e+00,0.0000,0.0000,0
63,features.16,732,pruned_before,nan,0.000000e+00,0.000000e+00,0.0000,0.0000,0
63,features.16,733,pruned_before,nan,0.000000e+00,0.000000e+00,0.0000,0.0000,0
63,features.16,734,pruned_before,nan,0.000000e+00,0.000000e+00,0.0000,0.0000,0
63,features.16,735,active,0.005917,4.412738e-08,1.444218e-05,0.0041,0.0070,329
63,features.16,736,pruned_before,nan,0.000000e+00,0.000000e+00,0.0000,0.0000,0
63,features.16,737,pruned_before,nan,0.000000e+00,0.000000e+00,0.0000,0.0000,0
63,features.16,738,pruned_before,nan,0.000000e+00,0.000000e+00,0.0000,0.0000,0
63,features.16,739,pruned_before,nan,0.000000e+00,0.000000e+00,0.0000,0.0000,0
63,features.16,740,pruned_before,nan,0.000000e+00,0.000000e+00,0.0000,0.0000,0
63,features.16,741,pruned_before,nan,0.000000e+00,0.000000e+00,0.0000,0.0000,0
63,features.16,742,pruned_before,nan,0.000000e+00,0.000000e+00,0.0000,0.0000,0
63,features.16,743,pruned_before,nan,0.000000e+00,0.000000e+00,0.0000,0.0000,0
63,features.16,744,pruned_before,nan,0.000000e+00,0.000000e+00,0.0000,0.0000,0
63,features.16,745,pruned_before,nan,0.000000e+00,0.000000e+00,0.0000,0.0000,0
63,features.16,746,pruned_before,nan,0.000000e+00,0.000000e+00,0.0000,0.0000,0
63,features.16,747,pruned_before,nan,0.000000e+00,0.000000e+00,0.0000,0.0000,0
63,features.16,748,pruned_before,nan,0.000000e+00,0.000000e+00,0.0000,0.0000,0
63,features.16,749,pruned_before,nan,0.000000e+00,0.000000e+00,0.0000,0.0000,0
63,features.16,750,pruned_before,nan,0.000000e+00,0.000000e+00,0.0000,0.0000,0
63,features.16,751,pruned_before,nan,0.000000e+00,0.000000e+00,0.0000,0.0000,0
63,features.16,752,pruned_before,nan,0.000000e+00,0.000000e+00,0.0000,0.0000,0
63,features.16,753,pruned_before,nan,0.000000e+00,0.000000e+00,0.0000,0.0000,0
63,features.16,754,pruned_before,nan,0.000000e+00,0.000000e+00,0.0000,0.0000,0
63,features.16,755,pruned_before,nan,0.000000e+00,0.000000e+00,0.0000,0.0000,0
63,features.16,756,pruned_before,nan,0.000000e+00,0.000000e+00,0.0000,0.0000,0
63,features.16,757,pruned_before,nan,0.000000e+00,0.000000e+00,0.0000,0.0000,0
63,features.16,758,pruned_before,nan,0.000000e+00,0.000000e+00,0.0000,0.0000,0
63,features.16,759,pruned_before,nan,0.000000e+00,0.000000e+00,0.0000,0.0000,0
63,features.16,760,pruned_before,nan,0.000000e+00,0.000000e+00,0.0000,0.0000,0
63,features.16,761,pruned_before,nan,0.000000e+00,0.000000e+00,0.0000,0.0000,0
63,features.16,762,pruned_before,nan,0.000000e+00,0.000000e+00,0.0000,0.0000,0
63,features.16,763,pruned_before,nan,0.000000e+00,0.000000e+00,0.0000,0.0000,0
63,features.16,764,pruned_before,nan,0.000000e+00,0.000000e+00,0.0000,0.0000,0
63,features.16,765,pruned_before,nan,0.000000e+00,0.000000e+00,0.0000,0.0000,0
63,features.16,766,active,0.011835,1.021953e-07,2.918202e-05,0.0094,0.0142,329
63,features.16,767,pruned_before,nan,0.000000e+00,0.000000e+00,0.0000,0.0000,0
63,features.16,768,pruned_before,nan,0.000000e+00,0.000000e+00,0.0000,0.0000,0
63,features.16,769,pruned_before,nan,0.000000e+00,0.000000e+00,0.0000,0.0000,0
63,features.16,770,pruned_before,nan,0.000000e+00,0.000000e+00,0.0000,0.0000,0
63,features.16,771,pruned_before,nan,0.000000e+00,0.000000e+00,0.0000,0.0000,0
63,features.16,772,pruned_before,nan,0.000000e+00,0.000000e+00,0.0000,0.0000,0
63,features.16,773,pruned_before,nan,0.000000e+00,0.000000e+00,0.0000,0.0000,0
63,features.16,774,pruned_before,nan,0.000000e+00,0.000000e+00,0.0000,0.0000,0
63,features.16,775,pruned_before,nan,0.000000e+00,0.000000e+00,0.0000,0.0000,0
63,features.16,776,pruned_before,nan,0.000000e+00,0.000000e+00,0.0000,0.0000,0
63,features.16,777,pruned_before,nan,0.000000e+00,0.000000e+00,0.0000,0.0000,0
63,features.16,778,pruned_before,nan,0.000000e+00,0.000000e+00,0.0000,0.0000,0
63,features.16,779,pruned_before,nan,0.000000e+00,0.000000e+00,0.0000,0.0000,0
63,features.16,780,pruned_before,nan,0.000000e+00,0.000000e+00,0.0000,0.0000,0
63,features.16,781,pruned_before,nan,0.000000e+00,0.000000e+00,0.0000,0.0000,0
63,features.16,782,pruned_before,nan,0.000000e+00,0.000000e+00,0.0000,0.0000,0
63,features.16,783,pruned_before,nan,0.000000e+00,0.000000e+00,0.0000,0.0000,0
63,features.16,784,pruned_before,nan,0.000000e+00,0.000000e+00,0.0000,0.0000,0
63,features.16,785,pruned_before,nan,0.000000e+00,0.000000e+00,0.0000,0.0000,0
63,features.16,786,pruned_before,nan,0.000000e+00,0.000000e+00,0.0000,0.0000,0
63,features.16,787,pruned_before,nan,0.000000e+00,0.000000e+00,0.0000,0.0000,0
63,features.16,788,pruned_before,nan,0.000000e+00,0.000000e+00,0.0000,0.0000,0
63,features.16,789,pruned_before,nan,0.000000e+00,0.000000e+00,0.0000,0.0000,0
63,features.16,790,pruned_before,nan,0.000000e+00,0.000000e+00,0.0000,0.0000,0
63,features.16,791,pruned_before,nan,0.000000e+00,0.000000e+00,0.0000,0.0000,0
63,features.16,792,pruned_before,nan,0.000000e+00,0.000000e+00,0.0000,0.0000,0
63,features.16,793,pruned_before,nan,0.000000e+00,0.000000e+00,0.0000,0.0000,0
63,features.16,794,pruned_before,nan,0.000000e+00,0.000000e+00,0.0000,0.0000,0
63,features.16,795,pruned_before,nan,0.000000e+00,0.000000e+00,0.0000,0.0000,0
63,features.16,796,pruned_before,nan,0.000000e+00,0.000000e+00,0.0000,0.0000,0
63,features.16,797,pruned_before,nan,0.000000e+00,0.000000e+00,0.0000,0.0000,0
63,features.16,798,pruned_before,nan,0.000000e+00,0.000000e+00,0.0000,0.0000,0
63,features.16,799,active,0.050506,4.380312e-07,1.245728e-04,0.0404,0.0606,329
63,features.16,800,pruned_before,nan,0.000000e+00,0.000000e+00,0.0000,0.0000,0
63,features.16,801,pruned_before,nan,0.000000e+00,0.000000e+00,0.0000,0.0000,0
63,features.16,802,pruned_before,nan,0.000000e+00,0.000000e+00,0.0000,0.0000,0
63,features.16,803,pruned_before,nan,0.000000e+00,0.000000e+00,0.0000,0.0000,0
63,features.16,804,pruned_before,nan,0.000000e+00,0.000000e+00,0.0000,0.0000,0
63,features.16,805,pruned_before,nan,0.000000e+00,0.000000e+00,0.0000,0.0000,0
63,features.16,806,pruned_before,nan,0.000000e+00,0.000000e+00,0.0000,0.0000,0
63,features.16,807,pruned_before,nan,0.000000e+00,0.000000e+00,0.0000,0.0000,0
63,features.16,808,pruned_before,nan,0.000000e+00,0.000000e+00,0.0000,0.0000,0
63,features.16,809,pruned_before,nan,0.000000e+00,0.000000e+00,0.0000,0.0000,0
63,features.16,810,pruned_before,nan,0.000000e+00,0.000000e+00,0.0000,0.0000,0
63,features.16,811,pruned_before,nan,0.000000e+00,0.000000e+00,0.0000,0.0000,0
63,features.16,812,pruned_before,nan,0.000000e+00,0.000000e+00,0.0000,0.0000,0
63,features.16,813,pruned_before,nan,0.000000e+00,0.000000e+00,0.0000,0.0000,0
63,features.16,814,pruned_before,nan,0.000000e+00,0.000000e+00,0.0000,0.0000,0
63,features.16,815,pruned_before,nan,0.000000e+00,0.000000e+00,0.0000,0.0000,0
63,features.16,816,pruned_before,nan,0.000000e+00,0.000000e+00,0.0000,0.0000,0
63,features.16,817,pruned_before,nan,0.000000e+00,0.000000e+00,0.0000,0.0000,0
63,features.16,818,pruned_before,nan,0.000000e+00,0.000000e+00,0.0000,0.0000,0
63,features.16,819,pruned_before,nan,0.000000e+00,0.000000e+00,0.0000,0.0000,0
63,features.16,820,pruned_before,nan,0.000000e+00,0.000000e+00,0.0000,0.0000,0
63,features.16,821,pruned_before,nan,0.000000e+00,0.000000e+00,0.0000,0.0000,0
63,features.16,822,pruned_before,nan,0.000000e+00,0.000000e+00,0.0000,0.0000,0
63,features.16,823,pruned_before,nan,0.000000e+00,0.000000e+00,0.0000,0.0000,0
63,features.16,824,pruned_before,nan,0.000000e+00,0.000000e+00,0.0000,0.0000,0
63,features.16,825,pruned_before,nan,0.000000e+00,0.000000e+00,0.0000,0.0000,0
63,features.16,826,pruned_before,nan,0.000000e+00,0.000000e+00,0.0000,0.0000,0
63,features.16,827,pruned_before,nan,0.000000e+00,0.000000e+00,0.0000,0.0000,0
63,features.16,828,pruned_before,nan,0.000000e+00,0.000000e+00,0.0000,0.0000,0
63,features.16,829,pruned_before,nan,0.000000e+00,0.000000e+00,0.0000,0.0000,0
63,features.16,830,pruned_before,nan,0.000000e+00,0.000000e+00,0.0000,0.0000,0
63,features.16,831,pruned_before,nan,0.000000e+00,0.000000e+00,0.0000,0.0000,0
63,features.16,832,pruned_before,nan,0.000000e+00,0.000000e+00,0.0000,0.0000,0
63,features.16,833,pruned_before,nan,0.000000e+00,0.000000e+00,0.0000,0.0000,0
63,features.16,834,pruned_before,nan,0.000000e+00,0.000000e+00,0.0000,0.0000,0
63,features.16,835,pruned_before,nan,0.000000e+00,0.000000e+00,0.0000,0.0000,0
63,features.16,836,pruned_before,nan,0.000000e+00,0.000000e+00,0.0000,0.0000,0
63,features.16,837,pruned_before,nan,0.000000e+00,0.000000e+00,0.0000,0.0000,0
63,features.16,838,pruned_before,nan,0.000000e+00,0.000000e+00,0.0000,0.0000,0
63,features.16,839,pruned_before,nan,0.000000e+00,0.000000e+00,0.0000,0.0000,0
63,features.16,840,pruned_before,nan,0.000000e+00,0.000000e+00,0.0000,0.0000,0
63,features.16,841,pruned_before,nan,0.000000e+00,0.000000e+00,0.0000,0.0000,0
63,features.16,842,pruned_before,nan,0.000000e+00,0.000000e+00,0.0000,0.0000,0
63,features.16,843,pruned_before,nan,0.000000e+00,0.000000e+00,0.0000,0.0000,0
63,features.16,844,pruned_before,nan,0.000000e+00,0.000000e+00,0.0000,0.0000,0
63,features.16,845,pruned_before,nan,0.000000e+00,0.000000e+00,0.0000,0.0000,0
63,features.16,846,pruned_before,nan,0.000000e+00,0.000000e+00,0.0000,0.0000,0
63,features.16,847,pruned_before,nan,0.000000e+00,0.000000e+00,0.0000,0.0000,0
63,features.16,848,pruned_before,nan,0.000000e+00,0.000000e+00,0.0000,0.0000,0
63,features.16,849,pruned_before,nan,0.000000e+00,0.000000e+00,0.0000,0.0000,0
63,features.16,850,pruned_before,nan,0.000000e+00,0.000000e+00,0.0000,0.0000,0
63,features.16,851,pruned_before,nan,0.000000e+00,0.000000e+00,0.0000,0.0000,0
63,features.16,852,pruned_before,nan,0.000000e+00,0.000000e+00,0.0000,0.0000,0
63,features.16,853,pruned_before,nan,0.000000e+00,0.000000e+00,0.0000,0.0000,0
63,features.16,854,pruned_before,nan,0.000000e+00,0.000000e+00,0.0000,0.0000,0
63,features.16,855,pruned_before,nan,0.000000e+00,0.000000e+00,0.0000,0.0000,0
63,features.16,856,pruned_before,nan,0.000000e+00,0.000000e+00,0.0000,0.0000,0
63,features.16,857,pruned_before,nan,0.000000e+00,0.000000e+00,0.0000,0.0000,0
63,features.16,858,pruned_before,nan,0.000000e+00,0.000000e+00,0.0000,0.0000,0
63,features.16,859,pruned_before,nan,0.000000e+00,0.000000e+00,0.0000,0.0000,0
63,features.16,860,pruned_before,nan,0.000000e+00,0.000000e+00,0.0000,0.0000,0
63,features.16,861,pruned_before,nan,0.000000e+00,0.000000e+00,0.0000,0.0000,0
63,features.16,862,pruned_before,nan,0.000000e+00,0.000000e+00,0.0000,0.0000,0
63,features.16,863,pruned_before,nan,0.000000e+00,0.000000e+00,0.0000,0.0000,0
63,features.16,864,pruned_before,nan,0.000000e+00,0.000000e+00,0.0000,0.0000,0
63,features.16,865,pruned_before,nan,0.000000e+00,0.000000e+00,0.0000,0.0000,0
63,features.16,866,pruned_before,nan,0.000000e+00,0.000000e+00,0.0000,0.0000,0
63,features.16,867,pruned_before,nan,0.000000e+00,0.000000e+00,0.0000,0.0000,0
63,features.16,868,pruned_before,nan,0.000000e+00,0.000000e+00,0.0000,0.0000,0
63,features.16,869,pruned_before,nan,0.000000e+00,0.000000e+00,0.0000,0.0000,0
63,features.16,870,pruned_before,nan,0.000000e+00,0.000000e+00,0.0000,0.0000,0
63,features.16,871,pruned_before,nan,0.000000e+00,0.000000e+00,0.0000,0.0000,0
63,features.16,872,pruned_before,nan,0.000000e+00,0.000000e+00,0.0000,0.0000,0
63,features.16,873,pruned_before,nan,0.000000e+00,0.000000e+00,0.0000,0.0000,0
63,features.16,874,pruned_before,nan,0.000000e+00,0.000000e+00,0.0000,0.0000,0
63,features.16,875,pruned_before,nan,0.000000e+00,0.000000e+00,0.0000,0.0000,0
63,features.16,876,pruned_before,nan,0.000000e+00,0.000000e+00,0.0000,0.0000,0
63,features.16,877,pruned_before,nan,0.000000e+00,0.000000e+00,0.0000,0.0000,0
63,features.16,878,pruned_before,nan,0.000000e+00,0.000000e+00,0.0000,0.0000,0
63,features.16,879,pruned_before,nan,0.000000e+00,0.000000e+00,0.0000,0.0000,0
63,features.16,880,pruned_before,nan,0.000000e+00,0.000000e+00,0.0000,0.0000,0
63,features.16,881,pruned_before,nan,0.000000e+00,0.000000e+00,0.0000,0.0000,0
63,features.16,882,pruned_before,nan,0.000000e+00,0.000000e+00,0.0000,0.0000,0
63,features.16,883,pruned_before,nan,0.000000e+00,0.000000e+00,0.0000,0.0000,0
63,features.16,884,pruned_before,nan,0.000000e+00,0.000000e+00,0.0000,0.0000,0
63,features.16,885,pruned_before,nan,0.000000e+00,0.000000e+00,0.0000,0.0000,0
63,features.16,886,pruned_before,nan,0.000000e+00,0.000000e+00,0.0000,0.0000,0
63,features.16,887,active,0.003671,3.254509e-07,1.523919e-05,0.0300,0.0074,329
63,features.16,888,pruned_before,nan,0.000000e+00,0.000000e+00,0.0000,0.0000,0
63,features.16,889,pruned_before,nan,0.000000e+00,0.000000e+00,0.0000,0.0000,0
63,features.16,890,pruned_before,nan,0.000000e+00,0.000000e+00,0.0000,0.0000,0
63,features.16,891,pruned_before,nan,0.000000e+00,0.000000e+00,0.0000,0.0000,0
63,features.16,892,pruned_before,nan,0.000000e+00,0.000000e+00,0.0000,0.0000,0
63,features.16,893,pruned_before,nan,0.000000e+00,0.000000e+00,0.0000,0.0000,0
63,features.16,894,pruned_before,nan,0.000000e+00,0.000000e+00,0.0000,0.0000,0
63,features.16,895,pruned_before,nan,0.000000e+00,0.000000e+00,0.0000,0.0000,0
63,features.16,896,pruned_before,nan,0.000000e+00,0.000000e+00,0.0000,0.0000,0
63,features.16,897,pruned_before,nan,0.000000e+00,0.000000e+00,0.0000,0.0000,0
63,features.16,898,pruned_before,nan,0.000000e+00,0.000000e+00,0.0000,0.0000,0
63,features.16,899,pruned_before,nan,0.000000e+00,0.000000e+00,0.0000,0.0000,0
63,features.16,900,active,0.031216,2.554695e-07,7.667380e-05,0.0236,0.0373,329
63,features.16,901,pruned_before,nan,0.000000e+00,0.000000e+00,0.0000,0.0000,0
63,features.16,902,pruned_before,nan,0.000000e+00,0.000000e+00,0.0000,0.0000,0
63,features.16,903,pruned_before,nan,0.000000e+00,0.000000e+00,0.0000,0.0000,0
63,features.16,904,pruned_before,nan,0.000000e+00,0.000000e+00,0.0000,0.0000,0
63,features.16,905,pruned_before,nan,0.000000e+00,0.000000e+00,0.0000,0.0000,0
63,features.16,906,pruned_before,nan,0.000000e+00,0.000000e+00,0.0000,0.0000,0
63,features.16,907,pruned_before,nan,0.000000e+00,0.000000e+00,0.0000,0.0000,0
63,features.16,908,pruned_before,nan,0.000000e+00,0.000000e+00,0.0000,0.0000,0
63,features.16,909,pruned_before,nan,0.000000e+00,0.000000e+00,0.0000,0.0000,0
63,features.16,910,pruned_before,nan,0.000000e+00,0.000000e+00,0.0000,0.0000,0
63,features.16,911,pruned_before,nan,0.000000e+00,0.000000e+00,0.0000,0.0000,0
63,features.16,912,pruned_before,nan,0.000000e+00,0.000000e+00,0.0000,0.0000,0
63,features.16,913,pruned_before,nan,0.000000e+00,0.000000e+00,0.0000,0.0000,0
63,features.16,914,pruned_before,nan,0.000000e+00,0.000000e+00,0.0000,0.0000,0
63,features.16,915,pruned_before,nan,0.000000e+00,0.000000e+00,0.0000,0.0000,0
63,features.16,916,pruned_before,nan,0.000000e+00,0.000000e+00,0.0000,0.0000,0
63,features.16,917,pruned_before,nan,0.000000e+00,0.000000e+00,0.0000,0.0000,0
63,features.16,918,pruned_before,nan,0.000000e+00,0.000000e+00,0.0000,0.0000,0
63,features.16,919,pruned_before,nan,0.000000e+00,0.000000e+00,0.0000,0.0000,0
63,features.16,920,pruned_before,nan,0.000000e+00,0.000000e+00,0.0000,0.0000,0
63,features.16,921,pruned_before,nan,0.000000e+00,0.000000e+00,0.0000,0.0000,0
63,features.16,922,pruned_before,nan,0.000000e+00,0.000000e+00,0.0000,0.0000,0
63,features.16,923,pruned_before,nan,0.000000e+00,0.000000e+00,0.0000,0.0000,0
63,features.16,924,pruned_before,nan,0.000000e+00,0.000000e+00,0.0000,0.0000,0
63,features.16,925,pruned_before,nan,0.000000e+00,0.000000e+00,0.0000,0.0000,0
63,features.16,926,pruned_before,nan,0.000000e+00,0.000000e+00,0.0000,0.0000,0
63,features.16,927,pruned_before,nan,0.000000e+00,0.000000e+00,0.0000,0.0000,0
63,features.16,928,pruned_before,nan,0.000000e+00,0.000000e+00,0.0000,0.0000,0
63,features.16,929,pruned_before,nan,0.000000e+00,0.000000e+00,0.0000,0.0000,0
63,features.16,930,pruned_before,nan,0.000000e+00,0.000000e+00,0.0000,0.0000,0
63,features.16,931,pruned_before,nan,0.000000e+00,0.000000e+00,0.0000,0.0000,0
63,features.16,932,active,0.006294,1.717244e-07,1.799045e-05,0.0158,0.0088,329
63,features.16,933,pruned_before,nan,0.000000e+00,0.000000e+00,0.0000,0.0000,0
63,features.16,934,pruned_before,nan,0.000000e+00,0.000000e+00,0.0000,0.0000,0
63,features.16,935,pruned_before,nan,0.000000e+00,0.000000e+00,0.0000,0.0000,0
63,features.16,936,pruned_before,nan,0.000000e+00,0.000000e+00,0.0000,0.0000,0
63,features.16,937,pruned_before,nan,0.000000e+00,0.000000e+00,0.0000,0.0000,0
63,features.16,938,pruned_before,nan,0.000000e+00,0.000000e+00,0.0000,0.0000,0
63,features.16,939,pruned_before,nan,0.000000e+00,0.000000e+00,0.0000,0.0000,0
63,features.16,940,pruned_before,nan,0.000000e+00,0.000000e+00,0.0000,0.0000,0
63,features.16,941,pruned_before,nan,0.000000e+00,0.000000e+00,0.0000,0.0000,0
63,features.16,942,pruned_before,nan,0.000000e+00,0.000000e+00,0.0000,0.0000,0
63,features.16,943,pruned_before,nan,0.000000e+00,0.000000e+00,0.0000,0.0000,0
63,features.16,944,pruned_before,nan,0.000000e+00,0.000000e+00,0.0000,0.0000,0
63,features.16,945,pruned_before,nan,0.000000e+00,0.000000e+00,0.0000,0.0000,0
63,features.16,946,pruned_before,nan,0.000000e+00,0.000000e+00,0.0000,0.0000,0
63,features.16,947,pruned_before,nan,0.000000e+00,0.000000e+00,0.0000,0.0000,0
63,features.16,948,pruned_before,nan,0.000000e+00,0.000000e+00,0.0000,0.0000,0
63,features.16,949,pruned_before,nan,0.000000e+00,0.000000e+00,0.0000,0.0000,0
63,features.16,950,pruned_before,nan,0.000000e+00,0.000000e+00,0.0000,0.0000,0
63,features.16,951,pruned_before,nan,0.000000e+00,0.000000e+00,0.0000,0.0000,0
63,features.16,952,pruned_before,nan,0.000000e+00,0.000000e+00,0.0000,0.0000,0
63,features.16,953,pruned_before,nan,0.000000e+00,0.000000e+00,0.0000,0.0000,0
63,features.16,954,pruned_before,nan,0.000000e+00,0.000000e+00,0.0000,0.0000,0
63,features.16,955,pruned_before,nan,0.000000e+00,0.000000e+00,0.0000,0.0000,0
63,features.16,956,pruned_before,nan,0.000000e+00,0.000000e+00,0.0000,0.0000,0
63,features.16,957,pruned_before,nan,0.000000e+00,0.000000e+00,0.0000,0.0000,0
63,features.16,958,pruned_before,nan,0.000000e+00,0.000000e+00,0.0000,0.0000,0
63,features.16,959,pruned_before,nan,0.000000e+00,0.000000e+00,0.0000,0.0000,0
63,features.17,0,active,0.046778,1.228068e-08,1.824701e-07,0.0048,0.0525,489
63,features.17,1,pruned_before,nan,0.000000e+00,0.000000e+00,0.0000,0.0000,0
63,features.17,2,pruned_before,nan,0.000000e+00,0.000000e+00,0.0000,0.0000,0
63,features.17,3,active,0.063834,6.379003e-07,3.418927e-07,0.2470,0.0984,489
63,features.17,4,active,0.118157,2.017154e-07,4.864289e-07,0.0781,0.1400,489
63,features.17,5,pruned_before,nan,0.000000e+00,0.000000e+00,0.0000,0.0000,0
63,features.17,6,active,0.158735,6.630257e-07,7.121096e-07,0.2568,0.2049,489
63,features.17,7,pruned_before,nan,0.000000e+00,0.000000e+00,0.0000,0.0000,0
63,features.17,8,pruned_before,nan,0.000000e+00,0.000000e+00,0.0000,0.0000,0
63,features.17,9,pruned_before,nan,0.000000e+00,0.000000e+00,0.0000,0.0000,0
63,features.17,10,pruned_before,nan,0.000000e+00,0.000000e+00,0.0000,0.0000,0
63,features.17,11,pruned_before,nan,0.000000e+00,0.000000e+00,0.0000,0.0000,0
63,features.17,12,active,0.124922,3.994247e-07,5.421209e-07,0.1547,0.1560,489
63,features.17,13,active,0.123997,1.901119e-07,5.072461e-07,0.0736,0.1460,489
63,features.17,14,active,0.026792,8.757913e-08,1.165553e-07,0.0339,0.0335,489
63,features.17,15,pruned_before,nan,0.000000e+00,0.000000e+00,0.0000,0.0000,0
63,features.17,16,active,0.124924,2.876401e-07,5.254106e-07,0.1114,0.1512,489
63,features.17,17,pruned_before,nan,0.000000e+00,0.000000e+00,0.0000,0.0000,0
63,features.17,18,pruned_before,nan,0.000000e+00,0.000000e+00,0.0000,0.0000,0
63,features.17,19,active,0.010437,1.946700e-07,6.941654e-08,0.0754,0.0200,489
63,features.17,20,pruned_before,nan,0.000000e+00,0.000000e+00,0.0000,0.0000,0
63,features.17,21,active,0.007436,7.849199e-07,1.460967e-07,0.3040,0.0420,489
63,features.17,22,pruned_before,nan,0.000000e+00,0.000000e+00,0.0000,0.0000,0
63,features.17,23,pruned_before,nan,0.000000e+00,0.000000e+00,0.0000,0.0000,0
63,features.17,24,pruned_before,nan,0.000000e+00,0.000000e+00,0.0000,0.0000,0
63,features.17,25,pruned_before,nan,0.000000e+00,0.000000e+00,0.0000,0.0000,0
63,features.17,26,pruned_before,nan,0.000000e+00,0.000000e+00,0.0000,0.0000,0
63,features.17,27,active,0.007399,1.582016e-07,5.222991e-08,0.0613,0.0150,489
63,features.17,28,active,0.028815,1.318983e-06,3.085213e-07,0.5108,0.0888,489
63,features.17,29,pruned_before,nan,0.000000e+00,0.000000e+00,0.0000,0.0000,0
63,features.17,30,active,0.221517,8.004128e-07,9.750894e-07,0.3100,0.2806,489
63,features.17,31,pruned_before,nan,0.000000e+00,0.000000e+00,0.0000,0.0000,0
63,features.17,32,active,0.013872,1.248379e-07,7.223532e-08,0.0483,0.0208,489
63,features.17,33,pruned_before,nan,0.000000e+00,0.000000e+00,0.0000,0.0000,0
63,features.17,34,pruned_before,nan,0.000000e+00,0.000000e+00,0.0000,0.0000,0
63,features.17,35,active,0.008924,2.927590e-07,7.824332e-08,0.1134,0.0225,489
63,features.17,36,pruned_before,nan,0.000000e+00,0.000000e+00,0.0000,0.0000,0
63,features.17,37,active,0.104091,2.140144e-07,4.339528e-07,0.0829,0.1249,489
63,features.17,38,pruned_before,nan,0.000000e+00,0.000000e+00,0.0000,0.0000,0
63,features.17,39,pruned_before,nan,0.000000e+00,0.000000e+00,0.0000,0.0000,0
63,features.17,40,pruned_before,nan,0.000000e+00,0.000000e+00,0.0000,0.0000,0
63,features.17,41,pruned_before,nan,0.000000e+00,0.000000e+00,0.0000,0.0000,0
63,features.17,42,active,0.037629,1.229875e-07,1.636963e-07,0.0476,0.0471,489
63,features.17,43,active,0.009665,7.917562e-08,4.916353e-08,0.0307,0.0141,489
63,features.17,44,pruned_before,nan,0.000000e+00,0.000000e+00,0.0000,0.0000,0
63,features.17,45,pruned_before,nan,0.000000e+00,0.000000e+00,0.0000,0.0000,0
63,features.17,46,active,0.022484,7.388277e-07,1.973132e-07,0.2861,0.0568,489
63,features.17,47,pruned_before,nan,0.000000e+00,0.000000e+00,0.0000,0.0000,0
63,features.17,48,pruned_before,nan,0.000000e+00,0.000000e+00,0.0000,0.0000,0
63,features.17,49,active,0.012180,6.663029e-07,1.466796e-07,0.2580,0.0422,489
63,features.17,50,pruned_before,nan,0.000000e+00,0.000000e+00,0.0000,0.0000,0
63,features.17,51,active,0.008995,1.359500e-08,3.676918e-08,0.0053,0.0106,489
63,features.17,52,active,0.041158,1.377353e-07,1.795285e-07,0.0533,0.0517,489
63,features.17,53,active,0.681551,3.923709e-07,2.690481e-06,0.1520,0.7742,489
63,features.17,54,pruned_before,nan,0.000000e+00,0.000000e+00,0.0000,0.0000,0
63,features.17,55,active,0.165241,9.552849e-07,7.809397e-07,0.3700,0.2247,489
63,features.17,56,pruned_before,nan,0.000000e+00,0.000000e+00,0.0000,0.0000,0
63,features.17,57,pruned_before,nan,0.000000e+00,0.000000e+00,0.0000,0.0000,0
63,features.17,58,pruned_before,nan,0.000000e+00,0.000000e+00,0.0000,0.0000,0
63,features.17,59,active,0.151960,1.730178e-06,8.455418e-07,0.6701,0.2433,489
63,features.17,60,pruned_before,nan,0.000000e+00,0.000000e+00,0.0000,0.0000,0
63,features.17,61,active,0.165663,6.647237e-07,7.391154e-07,0.2574,0.2127,489
63,features.17,62,pruned_before,nan,0.000000e+00,0.000000e+00,0.0000,0.0000,0
63,features.17,63,pruned_before,nan,0.000000e+00,0.000000e+00,0.0000,0.0000,0
63,features.17,64,active,0.077659,1.293579e-07,3.192246e-07,0.0501,0.0919,489
63,features.17,65,active,0.003806,1.860512e-07,4.251995e-08,0.0721,0.0122,489
63,features.17,66,pruned_before,nan,0.000000e+00,0.000000e+00,0.0000,0.0000,0
63,features.17,67,pruned_before,nan,0.000000e+00,0.000000e+00,0.0000,0.0000,0
63,features.17,68,pruned_before,nan,0.000000e+00,0.000000e+00,0.0000,0.0000,0
63,features.17,69,active,0.063623,4.875064e-07,3.185880e-07,0.1888,0.0917,489
63,features.17,70,active,0.010548,9.397740e-09,4.213627e-08,0.0036,0.0121,489
63,features.17,71,active,0.306941,6.917548e-07,1.288701e-06,0.2679,0.3708,489
63,features.17,72,active,0.013521,2.287419e-07,8.641929e-08,0.0886,0.0249,489
63,features.17,73,active,0.067733,2.548294e-07,2.996587e-07,0.0987,0.0862,489
63,features.17,74,pruned_before,nan,0.000000e+00,0.000000e+00,0.0000,0.0000,0
63,features.17,75,active,0.086753,9.471605e-07,4.766446e-07,0.3668,0.1372,489
63,features.17,76,pruned_before,nan,0.000000e+00,0.000000e+00,0.0000,0.0000,0
63,features.17,77,active,0.008108,3.740178e-07,8.724319e-08,0.1449,0.0251,489
63,features.17,78,active,0.022401,1.942852e-07,1.155573e-07,0.0752,0.0333,489
63,features.17,79,pruned_before,nan,0.000000e+00,0.000000e+00,0.0000,0.0000,0
63,features.17,80,active,0.000901,2.095139e-07,3.481117e-08,0.0811,0.0100,489
63,features.17,81,active,0.258748,1.837269e-06,1.273915e-06,0.7115,0.3666,489
63,features.17,82,active,0.006684,1.511150e-07,4.841029e-08,0.0585,0.0139,489
63,features.17,83,pruned_before,nan,0.000000e+00,0.000000e+00,0.0000,0.0000,0
63,features.17,84,active,0.004429,5.709030e-07,1.024819e-07,0.2211,0.0295,489
63,features.17,85,active,0.073136,1.227851e-06,4.660387e-07,0.4755,0.1341,489
63,features.17,86,active,0.004359,2.555809e-07,5.505474e-08,0.0990,0.0158,489
63,features.17,87,pruned_before,nan,0.000000e+00,0.000000e+00,0.0000,0.0000,0
63,features.17,88,pruned_before,nan,0.000000e+00,0.000000e+00,0.0000,0.0000,0
63,features.17,89,pruned_before,nan,0.000000e+00,0.000000e+00,0.0000,0.0000,0
63,features.17,90,pruned_before,nan,0.000000e+00,0.000000e+00,0.0000,0.0000,0
63,features.17,91,pruned_before,nan,0.000000e+00,0.000000e+00,0.0000,0.0000,0
63,features.17,92,active,0.050726,1.838937e-07,2.233781e-07,0.0712,0.0643,489
63,features.17,93,active,0.041336,4.461317e-07,2.263370e-07,0.1728,0.0651,489
63,features.17,94,pruned_before,nan,0.000000e+00,0.000000e+00,0.0000,0.0000,0
63,features.17,95,active,0.033279,2.704250e-07,1.689470e-07,0.1047,0.0486,489
63,features.17,96,active,0.012523,1.137269e-07,6.536674e-08,0.0440,0.0188,489
63,features.17,97,pruned_before,nan,0.000000e+00,0.000000e+00,0.0000,0.0000,0
63,features.17,98,pruned_before,nan,0.000000e+00,0.000000e+00,0.0000,0.0000,0
63,features.17,99,pruned_before,nan,0.000000e+00,0.000000e+00,0.0000,0.0000,0
63,features.17,100,active,0.045158,5.093391e-07,2.505495e-07,0.1973,0.0721,489
63,features.17,101,pruned_before,nan,0.000000e+00,0.000000e+00,0.0000,0.0000,0
63,features.17,102,active,0.017713,2.941167e-07,1.123822e-07,0.1139,0.0323,489
63,features.17,103,active,0.008860,2.910810e-07,7.774209e-08,0.1127,0.0224,489
63,features.17,104,pruned_before,nan,0.000000e+00,0.000000e+00,0.0000,0.0000,0
63,features.17,105,active,0.107109,1.506382e-06,6.388811e-07,0.5834,0.1838,489
63,features.17,106,pruned_before,nan,0.000000e+00,0.000000e+00,0.0000,0.0000,0
63,features.17,107,pruned_before,nan,0.000000e+00,0.000000e+00,0.0000,0.0000,0
63,features.17,108,active,0.071360,6.335786e-07,3.703064e-07,0.2454,0.1066,489
63,features.17,109,pruned_before,nan,0.000000e+00,0.000000e+00,0.0000,0.0000,0
63,features.17,110,active,0.054921,1.918908e-07,2.407742e-07,0.0743,0.0693,489
63,features.17,111,pruned_before,nan,0.000000e+00,0.000000e+00,0.0000,0.0000,0
63,features.17,112,pruned_before,nan,0.000000e+00,0.000000e+00,0.0000,0.0000,0
63,features.17,113,active,0.026920,3.520158e-07,1.565942e-07,0.1363,0.0451,489
63,features.17,114,active,0.046621,2.540598e-07,2.180211e-07,0.0984,0.0627,489
63,features.17,115,active,0.174416,6.695261e-07,7.736332e-07,0.2593,0.2226,489
63,features.17,116,pruned_before,nan,0.000000e+00,0.000000e+00,0.0000,0.0000,0
63,features.17,117,active,0.007741,6.501737e-08,3.961657e-08,0.0252,0.0114,489
63,features.17,118,active,0.016212,2.173878e-07,9.511432e-08,0.0842,0.0274,489
63,features.17,119,pruned_before,nan,0.000000e+00,0.000000e+00,0.0000,0.0000,0
63,features.17,120,pruned_before,nan,0.000000e+00,0.000000e+00,0.0000,0.0000,0
63,features.17,121,pruned_before,nan,0.000000e+00,0.000000e+00,0.0000,0.0000,0
63,features.17,122,pruned_before,nan,0.000000e+00,0.000000e+00,0.0000,0.0000,0
63,features.17,123,active,0.007814,1.728029e-07,5.601584e-08,0.0669,0.0161,489
63,features.17,124,active,0.131411,9.243886e-07,6.456835e-07,0.3580,0.1858,489
63,features.17,125,pruned_before,nan,0.000000e+00,0.000000e+00,0.0000,0.0000,0
63,features.17,126,active,0.170975,1.273574e-06,8.506821e-07,0.4932,0.2448,489
63,features.17,127,active,0.027919,5.636067e-08,1.162379e-07,0.0218,0.0334,489
63,features.17,128,active,0.167467,9.128397e-07,7.831864e-07,0.3535,0.2254,489
63,features.17,129,pruned_before,nan,0.000000e+00,0.000000e+00,0.0000,0.0000,0
63,features.17,130,pruned_before,nan,0.000000e+00,0.000000e+00,0.0000,0.0000,0
63,features.17,131,pruned_before,nan,0.000000e+00,0.000000e+00,0.0000,0.0000,0
63,features.17,132,active,0.021323,2.587019e-07,1.210292e-07,0.1002,0.0348,489
63,features.17,133,active,0.062679,3.543373e-07,2.950264e-07,0.1372,0.0849,489
63,features.17,134,active,0.010580,8.430721e-08,5.346127e-08,0.0327,0.0154,489
63,features.17,135,active,0.035507,1.290561e-08,1.390399e-07,0.0050,0.0400,489
63,features.17,136,active,0.013648,4.584619e-07,1.212640e-07,0.1776,0.0349,489
63,features.17,137,pruned_before,nan,0.000000e+00,0.000000e+00,0.0000,0.0000,0
63,features.17,138,active,0.017993,2.914095e-08,7.383959e-08,0.0113,0.0212,489
63,features.17,139,pruned_before,nan,0.000000e+00,0.000000e+00,0.0000,0.0000,0
63,features.17,140,pruned_before,nan,0.000000e+00,0.000000e+00,0.0000,0.0000,0
63,features.17,141,pruned_before,nan,0.000000e+00,0.000000e+00,0.0000,0.0000,0
63,features.17,142,pruned_before,nan,0.000000e+00,0.000000e+00,0.0000,0.0000,0
63,features.17,143,active,0.100450,3.040526e-07,4.333587e-07,0.1178,0.1247,489
63,features.17,144,active,0.039885,2.513799e-07,1.916092e-07,0.0974,0.0551,489
63,features.17,145,pruned_before,nan,0.000000e+00,0.000000e+00,0.0000,0.0000,0
63,features.17,146,pruned_before,nan,0.000000e+00,0.000000e+00,0.0000,0.0000,0
63,features.17,147,pruned_before,nan,0.000000e+00,0.000000e+00,0.0000,0.0000,0
63,features.17,148,active,0.004060,1.496294e-07,3.805555e-08,0.0579,0.0110,489
63,features.17,149,active,0.030172,1.402338e-07,1.374811e-07,0.0543,0.0396,489
63,features.17,150,active,0.123168,1.808035e-06,7.460043e-07,0.7002,0.2147,489
63,features.17,151,active,0.031463,1.412902e-07,1.426245e-07,0.0547,0.0410,489
63,features.17,152,pruned_before,nan,0.000000e+00,0.000000e+00,0.0000,0.0000,0
63,features.17,153,active,0.042645,6.656222e-07,2.642165e-07,0.2578,0.0760,489
63,features.17,154,active,0.203496,4.823331e-07,8.579319e-07,0.1868,0.2469,489
63,features.17,155,pruned_before,nan,0.000000e+00,0.000000e+00,0.0000,0.0000,0
63,features.17,156,pruned_before,nan,0.000000e+00,0.000000e+00,0.0000,0.0000,0
63,features.17,157,active,0.231075,1.844829e-07,9.198830e-07,0.0714,0.2647,489
63,features.17,158,active,0.039145,8.415980e-07,2.770172e-07,0.3259,0.0797,489
63,features.17,159,active,0.392595,1.663466e-06,1.764775e-06,0.6442,0.5078,489
63,features.17,160,active,0.087563,7.388110e-07,4.486146e-07,0.2861,0.1291,489
63,features.17,161,pruned_before,nan,0.000000e+00,0.000000e+00,0.0000,0.0000,0
63,features.17,162,pruned_before,nan,0.000000e+00,0.000000e+00,0.0000,0.0000,0
63,features.17,163,pruned_before,nan,0.000000e+00,0.000000e+00,0.0000,0.0000,0
63,features.17,164,active,0.035475,4.525731e-07,2.046694e-07,0.1753,0.0589,489
63,features.17,165,pruned_before,nan,0.000000e+00,0.000000e+00,0.0000,0.0000,0
63,features.17,166,pruned_before,nan,0.000000e+00,0.000000e+00,0.0000,0.0000,0
63,features.17,167,pruned_before,nan,0.000000e+00,0.000000e+00,0.0000,0.0000,0
63,features.17,168,active,0.025715,1.691562e-07,1.245966e-07,0.0655,0.0359,489
63,features.17,169,pruned_now,-0.001515,2.153922e-07,2.636283e-08,0.0834,0.0076,489
63,features.17,170,pruned_before,nan,0.000000e+00,0.000000e+00,0.0000,0.0000,0
63,features.17,171,active,0.011472,8.782252e-07,1.756385e-07,0.3401,0.0505,489
63,features.17,172,pruned_before,nan,0.000000e+00,0.000000e+00,0.0000,0.0000,0
63,features.17,173,pruned_before,nan,0.000000e+00,0.000000e+00,0.0000,0.0000,0
63,features.17,174,pruned_before,nan,0.000000e+00,0.000000e+00,0.0000,0.0000,0
63,features.17,175,active,0.035268,1.146039e-07,1.533242e-07,0.0444,0.0441,489
63,features.17,176,pruned_before,nan,0.000000e+00,0.000000e+00,0.0000,0.0000,0
63,features.17,177,pruned_before,nan,0.000000e+00,0.000000e+00,0.0000,0.0000,0
63,features.17,178,pruned_before,nan,0.000000e+00,0.000000e+00,0.0000,0.0000,0
63,features.17,179,pruned_before,nan,0.000000e+00,0.000000e+00,0.0000,0.0000,0
63,features.17,180,pruned_before,nan,0.000000e+00,0.000000e+00,0.0000,0.0000,0
63,features.17,181,active,0.081536,2.103072e-07,3.463029e-07,0.0814,0.0996,489
63,features.17,182,active,0.071687,3.392007e-07,3.275478e-07,0.1314,0.0942,489
63,features.17,183,pruned_before,nan,0.000000e+00,0.000000e+00,0.0000,0.0000,0
63,features.17,184,pruned_before,nan,0.000000e+00,0.000000e+00,0.0000,0.0000,0
63,features.17,185,pruned_before,nan,0.000000e+00,0.000000e+00,0.0000,0.0000,0
63,features.17,186,pruned_before,nan,0.000000e+00,0.000000e+00,0.0000,0.0000,0
63,features.17,187,pruned_now,-0.009550,5.418654e-07,4.415775e-08,0.2099,0.0127,489
63,features.17,188,active,0.079580,2.686367e-07,3.474736e-07,0.1040,0.1000,489
63,features.17,189,pruned_before,nan,0.000000e+00,0.000000e+00,0.0000,0.0000,0
63,features.17,190,active,0.078092,2.931998e-07,3.453985e-07,0.1136,0.0994,489
63,features.17,191,active,0.030080,6.898750e-08,1.264713e-07,0.0267,0.0364,489
63,features.17,192,active,0.025952,1.690338e-07,1.254927e-07,0.0655,0.0361,489
63,features.17,193,pruned_now,-0.002937,3.280596e-07,3.771818e-08,0.1271,0.0109,489
63,features.17,194,active,0.033805,6.705081e-07,2.308137e-07,0.2597,0.0664,489
63,features.17,195,active,0.112902,6.158139e-07,5.280646e-07,0.2385,0.1519,489
63,features.17,196,active,0.028753,1.291742e-07,1.303474e-07,0.0500,0.0375,489
63,features.17,197,active,0.011022,1.107611e-07,5.912727e-08,0.0429,0.0170,489
63,features.17,198,pruned_before,nan,0.000000e+00,0.000000e+00,0.0000,0.0000,0
63,features.17,199,active,0.005017,1.078033e-07,3.549577e-08,0.0418,0.0102,489
63,features.17,200,pruned_before,nan,0.000000e+00,0.000000e+00,0.0000,0.0000,0
63,features.17,201,active,0.035704,1.555951e-07,1.611383e-07,0.0603,0.0464,489
63,features.17,202,active,0.023392,4.012284e-08,9.632968e-08,0.0155,0.0277,489
63,features.17,203,pruned_before,nan,0.000000e+00,0.000000e+00,0.0000,0.0000,0
63,features.17,204,pruned_before,nan,0.000000e+00,0.000000e+00,0.0000,0.0000,0
63,features.17,205,active,0.196985,1.099767e-06,9.251255e-07,0.4259,0.2662,489
63,features.17,206,active,0.194832,5.260180e-07,8.310087e-07,0.2037,0.2391,489
63,features.17,207,pruned_before,nan,0.000000e+00,0.000000e+00,0.0000,0.0000,0
63,features.17,208,active,0.179454,2.155600e-06,1.015331e-06,0.8348,0.2922,489
63,features.17,209,active,0.033975,7.505084e-08,1.424180e-07,0.0291,0.0410,489
63,features.17,210,active,0.089016,3.833634e-07,4.010673e-07,0.1485,0.1154,489
63,features.17,211,active,0.046404,2.569525e-07,2.176158e-07,0.0995,0.0626,489
63,features.17,212,pruned_before,nan,0.000000e+00,0.000000e+00,0.0000,0.0000,0
63,features.17,213,active,0.026768,3.689924e-07,1.585458e-07,0.1429,0.0456,489
63,features.17,214,pruned_before,nan,0.000000e+00,0.000000e+00,0.0000,0.0000,0
63,features.17,215,active,0.032416,1.758434e-08,1.278028e-07,0.0068,0.0368,489
63,features.17,216,pruned_before,nan,0.000000e+00,0.000000e+00,0.0000,0.0000,0
63,features.17,217,pruned_before,nan,0.000000e+00,0.000000e+00,0.0000,0.0000,0
63,features.17,218,active,0.008696,3.233173e-07,8.193235e-08,0.1252,0.0236,489
63,features.17,219,pruned_before,nan,0.000000e+00,0.000000e+00,0.0000,0.0000,0
63,features.17,220,active,0.033477,6.024310e-07,2.193639e-07,0.2333,0.0631,489
63,features.17,221,active,0.042798,2.640536e-07,2.047527e-07,0.1023,0.0589,489
63,features.17,222,pruned_before,nan,0.000000e+00,0.000000e+00,0.0000,0.0000,0
63,features.17,223,pruned_before,nan,0.000000e+00,0.000000e+00,0.0000,0.0000,0
63,features.17,224,pruned_before,nan,0.000000e+00,0.000000e+00,0.0000,0.0000,0
63,features.17,225,pruned_before,nan,0.000000e+00,0.000000e+00,0.0000,0.0000,0
63,features.17,226,pruned_before,nan,0.000000e+00,0.000000e+00,0.0000,0.0000,0
63,features.17,227,pruned_before,nan,0.000000e+00,0.000000e+00,0.0000,0.0000,0
63,features.17,228,active,0.014774,2.677268e-07,9.708972e-08,0.1037,0.0279,489
63,features.17,229,pruned_before,nan,0.000000e+00,0.000000e+00,0.0000,0.0000,0
63,features.17,230,active,0.191198,1.250861e-06,9.253765e-07,0.4844,0.2663,489
63,features.17,231,pruned_before,nan,0.000000e+00,0.000000e+00,0.0000,0.0000,0
63,features.17,232,pruned_before,nan,0.000000e+00,0.000000e+00,0.0000,0.0000,0
63,features.17,233,pruned_before,nan,0.000000e+00,0.000000e+00,0.0000,0.0000,0
63,features.17,234,active,-0.000628,2.996320e-07,4.238399e-08,0.1160,0.0122,489
63,features.17,235,active,0.197148,7.112719e-07,8.676543e-07,0.2755,0.2497,489
63,features.17,236,pruned_before,nan,0.000000e+00,0.000000e+00,0.0000,0.0000,0
63,features.17,237,active,0.005624,7.020021e-08,3.221718e-08,0.0272,0.0093,489
63,features.17,238,pruned_before,nan,0.000000e+00,0.000000e+00,0.0000,0.0000,0
63,features.17,239,active,0.096037,1.199195e-07,3.887801e-07,0.0464,0.1119,489
63,features.17,240,active,0.065830,8.460174e-07,3.807240e-07,0.3276,0.1096,489
63,features.17,241,pruned_before,nan,0.000000e+00,0.000000e+00,0.0000,0.0000,0
63,features.17,242,pruned_before,nan,0.000000e+00,0.000000e+00,0.0000,0.0000,0
63,features.17,243,pruned_before,nan,0.000000e+00,0.000000e+00,0.0000,0.0000,0
63,features.17,244,pruned_before,nan,0.000000e+00,0.000000e+00,0.0000,0.0000,0
63,features.17,245,active,0.180377,7.942966e-07,8.153094e-07,0.3076,0.2346,489
63,features.17,246,active,0.062328,1.836127e-07,2.681385e-07,0.0711,0.0772,489
63,features.17,247,pruned_before,nan,0.000000e+00,0.000000e+00,0.0000,0.0000,0
63,features.17,248,active,0.097164,4.549616e-08,3.820030e-07,0.0176,0.1099,489
63,features.17,249,pruned_before,nan,0.000000e+00,0.000000e+00,0.0000,0.0000,0
63,features.17,250,pruned_before,nan,0.000000e+00,0.000000e+00,0.0000,0.0000,0
63,features.17,251,active,0.135369,3.009048e-07,5.677264e-07,0.1165,0.1634,489
63,features.17,252,pruned_before,nan,0.000000e+00,0.000000e+00,0.0000,0.0000,0
63,features.17,253,pruned_before,nan,0.000000e+00,0.000000e+00,0.0000,0.0000,0
63,features.17,254,pruned_before,nan,0.000000e+00,0.000000e+00,0.0000,0.0000,0
63,features.17,255,active,0.043157,6.757680e-07,2.677126e-07,0.2617,0.0770,489
63,features.17,256,active,0.099047,4.656254e-08,3.894336e-07,0.0180,0.1121,489
63,features.17,257,active,0.014163,3.988879e-07,1.143443e-07,0.1545,0.0329,489
63,features.17,258,pruned_before,nan,0.000000e+00,0.000000e+00,0.0000,0.0000,0
63,features.17,259,pruned_before,nan,0.000000e+00,0.000000e+00,0.0000,0.0000,0
63,features.17,260,pruned_before,nan,0.000000e+00,0.000000e+00,0.0000,0.0000,0
63,features.17,261,pruned_before,nan,0.000000e+00,0.000000e+00,0.0000,0.0000,0
63,features.17,262,active,0.034046,3.348124e-07,1.815377e-07,0.1297,0.0522,489
63,features.17,263,pruned_before,nan,0.000000e+00,0.000000e+00,0.0000,0.0000,0
63,features.17,264,pruned_before,nan,0.000000e+00,0.000000e+00,0.0000,0.0000,0
63,features.17,265,pruned_before,nan,0.000000e+00,0.000000e+00,0.0000,0.0000,0
63,features.17,266,pruned_before,nan,0.000000e+00,0.000000e+00,0.0000,0.0000,0
63,features.17,267,active,0.180131,1.566268e-06,9.298088e-07,0.6066,0.2675,489
63,features.17,268,pruned_before,nan,0.000000e+00,0.000000e+00,0.0000,0.0000,0
63,features.17,269,pruned_before,nan,0.000000e+00,0.000000e+00,0.0000,0.0000,0
63,features.17,270,pruned_before,nan,0.000000e+00,0.000000e+00,0.0000,0.0000,0
63,features.17,271,pruned_before,nan,0.000000e+00,0.000000e+00,0.0000,0.0000,0
63,features.17,272,pruned_before,nan,0.000000e+00,0.000000e+00,0.0000,0.0000,0
63,features.17,273,active,0.042109,1.634458e-07,1.870454e-07,0.0633,0.0538,489
63,features.17,274,pruned_before,nan,0.000000e+00,0.000000e+00,0.0000,0.0000,0
63,features.17,275,active,0.003555,4.187286e-08,1.998919e-08,0.0162,0.0058,489
63,features.17,276,active,0.002082,2.506000e-07,4.551629e-08,0.0971,0.0131,489
63,features.17,277,pruned_before,nan,0.000000e+00,0.000000e+00,0.0000,0.0000,0
63,features.17,278,pruned_before,nan,0.000000e+00,0.000000e+00,0.0000,0.0000,0
63,features.17,279,pruned_before,nan,0.000000e+00,0.000000e+00,0.0000,0.0000,0
63,features.17,280,pruned_before,nan,0.000000e+00,0.000000e+00,0.0000,0.0000,0
63,features.17,281,active,0.014716,3.933838e-07,1.156560e-07,0.1524,0.0333,489
63,features.17,282,active,0.182701,2.336376e-07,7.404394e-07,0.0905,0.2131,489
63,features.17,283,active,0.238321,3.818212e-07,9.773752e-07,0.1479,0.2812,489
63,features.17,284,pruned_before,nan,0.000000e+00,0.000000e+00,0.0000,0.0000,0
63,features.17,285,pruned_before,nan,0.000000e+00,0.000000e+00,0.0000,0.0000,0
63,features.17,286,pruned_before,nan,0.000000e+00,0.000000e+00,0.0000,0.0000,0
63,features.17,287,active,0.019337,1.056222e-06,2.326281e-07,0.4091,0.0669,489
63,features.17,288,active,0.035869,1.311744e-08,1.404696e-07,0.0051,0.0404,489
63,features.17,289,pruned_before,nan,0.000000e+00,0.000000e+00,0.0000,0.0000,0
63,features.17,290,pruned_before,nan,0.000000e+00,0.000000e+00,0.0000,0.0000,0
63,features.17,291,pruned_before,nan,0.000000e+00,0.000000e+00,0.0000,0.0000,0
63,features.17,292,pruned_before,nan,0.000000e+00,0.000000e+00,0.0000,0.0000,0
63,features.17,293,pruned_before,nan,0.000000e+00,0.000000e+00,0.0000,0.0000,0
63,features.17,294,pruned_before,nan,0.000000e+00,0.000000e+00,0.0000,0.0000,0
63,features.17,295,active,0.010651,2.498591e-07,7.849692e-08,0.0968,0.0226,489
63,features.17,296,pruned_before,nan,0.000000e+00,0.000000e+00,0.0000,0.0000,0
63,features.17,297,active,0.013317,5.235459e-07,1.297178e-07,0.2028,0.0373,489
63,features.17,298,pruned_before,nan,0.000000e+00,0.000000e+00,0.0000,0.0000,0
63,features.17,299,pruned_before,nan,0.000000e+00,0.000000e+00,0.0000,0.0000,0
63,features.17,300,pruned_before,nan,0.000000e+00,0.000000e+00,0.0000,0.0000,0
63,features.17,301,pruned_before,nan,0.000000e+00,0.000000e+00,0.0000,0.0000,0
63,features.17,302,pruned_before,nan,0.000000e+00,0.000000e+00,0.0000,0.0000,0
63,features.17,303,pruned_before,nan,0.000000e+00,0.000000e+00,0.0000,0.0000,0
63,features.17,304,pruned_before,nan,0.000000e+00,0.000000e+00,0.0000,0.0000,0
63,features.17,305,pruned_before,nan,0.000000e+00,0.000000e+00,0.0000,0.0000,0
63,features.17,306,pruned_before,nan,0.000000e+00,0.000000e+00,0.0000,0.0000,0
63,features.17,307,active,0.102821,1.442913e-06,6.128292e-07,0.5588,0.1763,489
63,features.17,308,active,0.258359,2.582078e-06,1.383800e-06,1.0000,0.3982,489
63,features.17,309,active,0.173286,1.684940e-06,9.211266e-07,0.6526,0.2650,489
63,features.17,310,active,0.047219,5.502669e-07,2.646284e-07,0.2131,0.0761,489
63,features.17,311,pruned_before,nan,0.000000e+00,0.000000e+00,0.0000,0.0000,0
63,features.17,312,pruned_before,nan,0.000000e+00,0.000000e+00,0.0000,0.0000,0
63,features.17,313,active,0.014986,5.447425e-08,6.601631e-08,0.0211,0.0190,489
63,features.17,314,pruned_before,nan,0.000000e+00,0.000000e+00,0.0000,0.0000,0
63,features.17,315,pruned_before,nan,0.000000e+00,0.000000e+00,0.0000,0.0000,0
63,features.17,316,pruned_before,nan,0.000000e+00,0.000000e+00,0.0000,0.0000,0
63,features.17,317,active,0.021698,3.291057e-07,1.330057e-07,0.1275,0.0383,489
63,features.17,318,active,0.008097,8.448442e-08,4.390066e-08,0.0327,0.0126,489
63,features.17,319,pruned_now,-0.007150,1.129981e-06,1.413774e-07,0.4376,0.0407,489
63,features.17,320,active,0.208047,1.598630e-06,1.042446e-06,0.6191,0.3000,489
63,features.17,321,pruned_before,nan,0.000000e+00,0.000000e+00,0.0000,0.0000,0
63,features.17,322,active,0.067962,7.683485e-08,2.739240e-07,0.0298,0.0788,489
63,features.17,323,pruned_before,nan,0.000000e+00,0.000000e+00,0.0000,0.0000,0
63,features.17,324,active,0.025114,1.011168e-07,1.120980e-07,0.0392,0.0323,489
63,features.17,325,pruned_before,nan,0.000000e+00,0.000000e+00,0.0000,0.0000,0
63,features.17,326,active,0.020504,6.956946e-07,1.832156e-07,0.2694,0.0527,489
63,features.17,327,pruned_before,nan,0.000000e+00,0.000000e+00,0.0000,0.0000,0
63,features.17,328,active,0.050875,2.615504e-07,2.355676e-07,0.1013,0.0678,489
63,features.17,329,pruned_before,nan,0.000000e+00,0.000000e+00,0.0000,0.0000,0
63,features.17,330,pruned_before,nan,0.000000e+00,0.000000e+00,0.0000,0.0000,0
63,features.17,331,pruned_before,nan,0.000000e+00,0.000000e+00,0.0000,0.0000,0
63,features.17,332,pruned_before,nan,0.000000e+00,0.000000e+00,0.0000,0.0000,0
63,features.17,333,pruned_before,nan,0.000000e+00,0.000000e+00,0.0000,0.0000,0
63,features.17,334,pruned_before,nan,0.000000e+00,0.000000e+00,0.0000,0.0000,0
63,features.17,335,pruned_before,nan,0.000000e+00,0.000000e+00,0.0000,0.0000,0
63,features.17,336,active,0.030084,1.985332e-07,1.458581e-07,0.0769,0.0420,489
63,features.17,337,active,0.037678,8.092084e-08,1.575941e-07,0.0313,0.0453,489
63,features.17,338,active,0.036618,1.716014e-07,1.670641e-07,0.0665,0.0481,489
63,features.17,339,pruned_before,nan,0.000000e+00,0.000000e+00,0.0000,0.0000,0
63,features.17,340,pruned_before,nan,0.000000e+00,0.000000e+00,0.0000,0.0000,0
63,features.17,341,pruned_before,nan,0.000000e+00,0.000000e+00,0.0000,0.0000,0
63,features.17,342,pruned_before,nan,0.000000e+00,0.000000e+00,0.0000,0.0000,0
63,features.17,343,pruned_before,nan,0.000000e+00,0.000000e+00,0.0000,0.0000,0
63,features.17,344,active,0.005219,1.422820e-07,4.143221e-08,0.0551,0.0119,489
63,features.17,345,pruned_before,nan,0.000000e+00,0.000000e+00,0.0000,0.0000,0
63,features.17,346,active,0.034936,4.007429e-07,1.948366e-07,0.1552,0.0561,489
63,features.17,347,pruned_before,nan,0.000000e+00,0.000000e+00,0.0000,0.0000,0
63,features.17,348,active,0.007076,3.566028e-07,8.065550e-08,0.1381,0.0232,489
63,features.17,349,active,0.001235,1.453577e-07,2.650778e-08,0.0563,0.0076,489
63,features.17,350,pruned_before,nan,0.000000e+00,0.000000e+00,0.0000,0.0000,0
63,features.17,351,pruned_before,nan,0.000000e+00,0.000000e+00,0.0000,0.0000,0
63,features.17,352,pruned_before,nan,0.000000e+00,0.000000e+00,0.0000,0.0000,0
63,features.17,353,active,0.095784,6.175432e-07,4.622229e-07,0.2392,0.1330,489
63,features.17,354,pruned_before,nan,0.000000e+00,0.000000e+00,0.0000,0.0000,0
63,features.17,355,active,0.432598,1.516902e-06,1.897327e-06,0.5875,0.5459,489
63,features.17,356,active,0.083730,5.626083e-07,4.074613e-07,0.2179,0.1172,489
63,features.17,357,pruned_before,nan,0.000000e+00,0.000000e+00,0.0000,0.0000,0
63,features.17,358,active,0.155128,3.660919e-07,6.537745e-07,0.1418,0.1881,489
63,features.17,359,active,0.060345,1.168248e-06,4.077343e-07,0.4524,0.1173,489
63,features.17,360,active,0.029746,2.072005e-07,1.458520e-07,0.0802,0.0420,489
63,features.17,361,active,0.097267,4.429712e-07,4.418432e-07,0.1716,0.1271,489
63,features.17,362,active,0.043755,4.031957e-07,2.292578e-07,0.1562,0.0660,489
63,features.17,363,active,0.046390,2.540227e-07,2.171221e-07,0.0984,0.0625,489
63,features.17,364,pruned_before,nan,0.000000e+00,0.000000e+00,0.0000,0.0000,0
63,features.17,365,pruned_before,nan,0.000000e+00,0.000000e+00,0.0000,0.0000,0
63,features.17,366,active,0.030562,1.506616e-07,1.405451e-07,0.0583,0.0404,489
63,features.17,367,pruned_before,nan,0.000000e+00,0.000000e+00,0.0000,0.0000,0
63,features.17,368,pruned_before,nan,0.000000e+00,0.000000e+00,0.0000,0.0000,0
63,features.17,369,pruned_before,nan,0.000000e+00,0.000000e+00,0.0000,0.0000,0
63,features.17,370,active,0.160359,2.202039e-08,6.225172e-07,0.0085,0.1791,489
63,features.17,371,pruned_before,nan,0.000000e+00,0.000000e+00,0.0000,0.0000,0
63,features.17,372,pruned_before,nan,0.000000e+00,0.000000e+00,0.0000,0.0000,0
63,features.17,373,active,0.131582,1.480927e-06,7.295764e-07,0.5735,0.2099,489
63,features.17,374,active,0.030242,4.041841e-07,1.772265e-07,0.1565,0.0510,489
63,features.17,375,active,0.223570,1.560251e-07,8.866480e-07,0.0604,0.2551,489
63,features.17,376,active,0.118008,4.656291e-07,5.253225e-07,0.1803,0.1512,489
63,features.17,377,pruned_before,nan,0.000000e+00,0.000000e+00,0.0000,0.0000,0
63,features.17,378,pruned_before,nan,0.000000e+00,0.000000e+00,0.0000,0.0000,0
63,features.17,379,pruned_before,nan,0.000000e+00,0.000000e+00,0.0000,0.0000,0
63,features.17,380,active,0.184428,5.338781e-07,7.920083e-07,0.2068,0.2279,489
63,features.17,381,pruned_before,nan,0.000000e+00,0.000000e+00,0.0000,0.0000,0
63,features.17,382,active,0.019353,2.351774e-07,1.099040e-07,0.0911,0.0316,489
63,features.17,383,pruned_before,nan,0.000000e+00,0.000000e+00,0.0000,0.0000,0
63,features.17,384,pruned_before,nan,0.000000e+00,0.000000e+00,0.0000,0.0000,0
63,features.17,385,pruned_before,nan,0.000000e+00,0.000000e+00,0.0000,0.0000,0
63,features.17,386,active,0.272270,2.346888e-06,1.402344e-06,0.9089,0.4035,489
63,features.17,387,pruned_before,nan,0.000000e+00,0.000000e+00,0.0000,0.0000,0
63,features.17,388,active,0.008762,1.321900e-07,5.360306e-08,0.0512,0.0154,489
63,features.17,389,pruned_before,nan,0.000000e+00,0.000000e+00,0.0000,0.0000,0
63,features.17,390,pruned_before,nan,0.000000e+00,0.000000e+00,0.0000,0.0000,0
63,features.17,391,pruned_before,nan,0.000000e+00,0.000000e+00,0.0000,0.0000,0
63,features.17,392,active,0.005326,2.505398e-08,2.431432e-08,0.0097,0.0070,489
63,features.17,393,pruned_before,nan,0.000000e+00,0.000000e+00,0.0000,0.0000,0
63,features.17,394,pruned_before,nan,0.000000e+00,0.000000e+00,0.0000,0.0000,0
63,features.17,395,active,0.018430,7.118970e-07,1.776302e-07,0.2757,0.0511,489
63,features.17,396,pruned_before,nan,0.000000e+00,0.000000e+00,0.0000,0.0000,0
63,features.17,397,pruned_before,nan,0.000000e+00,0.000000e+00,0.0000,0.0000,0
63,features.17,398,pruned_before,nan,0.000000e+00,0.000000e+00,0.0000,0.0000,0
63,features.17,399,active,0.072028,1.961641e-07,3.074717e-07,0.0760,0.0885,489
63,features.17,400,pruned_before,nan,0.000000e+00,0.000000e+00,0.0000,0.0000,0
63,features.17,401,pruned_before,nan,0.000000e+00,0.000000e+00,0.0000,0.0000,0
63,features.17,402,active,0.111803,8.668885e-07,5.613710e-07,0.3357,0.1615,489
63,features.17,403,active,0.077291,1.850380e-07,3.261293e-07,0.0717,0.0938,489
63,features.17,404,pruned_before,nan,0.000000e+00,0.000000e+00,0.0000,0.0000,0
63,features.17,405,pruned_before,nan,0.000000e+00,0.000000e+00,0.0000,0.0000,0
63,features.17,406,pruned_before,nan,0.000000e+00,0.000000e+00,0.0000,0.0000,0
63,features.17,407,pruned_before,nan,0.000000e+00,0.000000e+00,0.0000,0.0000,0
63,features.17,408,pruned_before,nan,0.000000e+00,0.000000e+00,0.0000,0.0000,0
63,features.17,409,pruned_before,nan,0.000000e+00,0.000000e+00,0.0000,0.0000,0
63,features.17,410,pruned_before,nan,0.000000e+00,0.000000e+00,0.0000,0.0000,0
63,features.17,411,pruned_before,nan,0.000000e+00,0.000000e+00,0.0000,0.0000,0
63,features.17,412,active,0.052841,2.041674e-07,2.345801e-07,0.0791,0.0675,489
63,features.17,413,pruned_before,nan,0.000000e+00,0.000000e+00,0.0000,0.0000,0
63,features.17,414,pruned_before,nan,0.000000e+00,0.000000e+00,0.0000,0.0000,0
63,features.17,415,pruned_before,nan,0.000000e+00,0.000000e+00,0.0000,0.0000,0
63,features.17,416,pruned_before,nan,0.000000e+00,0.000000e+00,0.0000,0.0000,0
63,features.17,417,pruned_before,nan,0.000000e+00,0.000000e+00,0.0000,0.0000,0
63,features.17,418,active,0.000054,7.510468e-08,1.144178e-08,0.0291,0.0033,489
63,features.17,419,pruned_before,nan,0.000000e+00,0.000000e+00,0.0000,0.0000,0
63,features.17,420,active,0.107085,7.470126e-07,5.252230e-07,0.2893,0.1511,489
63,features.17,421,pruned_before,nan,0.000000e+00,0.000000e+00,0.0000,0.0000,0
63,features.17,422,pruned_before,nan,0.000000e+00,0.000000e+00,0.0000,0.0000,0
63,features.17,423,active,0.120291,9.509420e-07,6.067157e-07,0.3683,0.1746,489
63,features.17,424,pruned_before,nan,0.000000e+00,0.000000e+00,0.0000,0.0000,0
63,features.17,425,pruned_before,nan,0.000000e+00,0.000000e+00,0.0000,0.0000,0
63,features.17,426,active,0.023279,2.055372e-07,1.206294e-07,0.0796,0.0347,489
63,features.17,427,active,0.170562,2.247212e-07,6.922309e-07,0.0870,0.1992,489
63,features.17,428,active,0.070232,1.105851e-06,4.365797e-07,0.4283,0.1256,489
63,features.17,429,pruned_before,nan,0.000000e+00,0.000000e+00,0.0000,0.0000,0
63,features.17,430,active,0.028401,5.574802e-08,1.180072e-07,0.0216,0.0340,489
63,features.17,431,pruned_before,nan,0.000000e+00,0.000000e+00,0.0000,0.0000,0
63,features.17,432,pruned_before,nan,0.000000e+00,0.000000e+00,0.0000,0.0000,0
63,features.17,433,active,0.136977,5.451607e-07,6.104647e-07,0.2111,0.1757,489
63,features.17,434,active,0.017448,6.481384e-08,7.706952e-08,0.0251,0.0222,489
63,features.17,435,pruned_before,nan,0.000000e+00,0.000000e+00,0.0000,0.0000,0
63,features.17,436,pruned_before,nan,0.000000e+00,0.000000e+00,0.0000,0.0000,0
63,features.17,437,pruned_before,nan,0.000000e+00,0.000000e+00,0.0000,0.0000,0
63,features.17,438,pruned_before,nan,0.000000e+00,0.000000e+00,0.0000,0.0000,0
63,features.17,439,pruned_before,nan,0.000000e+00,0.000000e+00,0.0000,0.0000,0
63,features.17,440,pruned_before,nan,0.000000e+00,0.000000e+00,0.0000,0.0000,0
63,features.17,441,active,0.076510,1.389709e-07,3.162242e-07,0.0538,0.0910,489
63,features.17,442,pruned_before,nan,0.000000e+00,0.000000e+00,0.0000,0.0000,0
63,features.17,443,active,0.027559,6.805119e-07,2.081874e-07,0.2636,0.0599,489
63,features.17,444,pruned_before,nan,0.000000e+00,0.000000e+00,0.0000,0.0000,0
63,features.17,445,pruned_before,nan,0.000000e+00,0.000000e+00,0.0000,0.0000,0
63,features.17,446,pruned_before,nan,0.000000e+00,0.000000e+00,0.0000,0.0000,0
63,features.17,447,active,0.119674,6.062862e-07,5.527917e-07,0.2348,0.1591,489
63,features.17,448,active,0.153686,6.735875e-07,6.941930e-07,0.2609,0.1997,489
63,features.17,449,pruned_before,nan,0.000000e+00,0.000000e+00,0.0000,0.0000,0
63,features.17,450,active,0.135525,2.170216e-07,5.557858e-07,0.0840,0.1599,489
63,features.17,451,pruned_now,-0.003908,2.414261e-07,2.101290e-08,0.0935,0.0060,489
63,features.17,452,pruned_before,nan,0.000000e+00,0.000000e+00,0.0000,0.0000,0
63,features.17,453,pruned_before,nan,0.000000e+00,0.000000e+00,0.0000,0.0000,0
63,features.17,454,active,0.027154,1.093251e-07,1.212038e-07,0.0423,0.0349,489
63,features.17,455,pruned_before,nan,0.000000e+00,0.000000e+00,0.0000,0.0000,0
63,features.17,456,pruned_before,nan,0.000000e+00,0.000000e+00,0.0000,0.0000,0
63,features.17,457,pruned_before,nan,0.000000e+00,0.000000e+00,0.0000,0.0000,0
63,features.17,458,pruned_before,nan,0.000000e+00,0.000000e+00,0.0000,0.0000,0
63,features.17,459,active,0.108228,4.087056e-07,4.790434e-07,0.1583,0.1378,489
63,features.17,460,active,0.036667,3.825378e-07,1.987987e-07,0.1482,0.0572,489
63,features.17,461,pruned_before,nan,0.000000e+00,0.000000e+00,0.0000,0.0000,0
63,features.17,462,pruned_before,nan,0.000000e+00,0.000000e+00,0.0000,0.0000,0
63,features.17,463,active,0.682970,1.339336e-06,2.837582e-06,0.5187,0.8165,489
63,features.17,464,pruned_before,nan,0.000000e+00,0.000000e+00,0.0000,0.0000,0
63,features.17,465,pruned_before,nan,0.000000e+00,0.000000e+00,0.0000,0.0000,0
63,features.17,466,active,0.115638,2.054324e-07,4.772560e-07,0.0796,0.1373,489
63,features.17,467,active,0.078175,6.420053e-07,3.978828e-07,0.2486,0.1145,489
63,features.17,468,active,0.017443,3.618863e-07,1.214752e-07,0.1402,0.0350,489
63,features.17,469,pruned_before,nan,0.000000e+00,0.000000e+00,0.0000,0.0000,0
63,features.17,470,active,0.033751,1.306726e-07,1.498711e-07,0.0506,0.0431,489
63,features.17,471,active,0.014911,9.800753e-08,7.223547e-08,0.0380,0.0208,489
63,features.17,472,active,0.017456,5.924544e-08,7.626468e-08,0.0229,0.0219,489
63,features.17,473,active,0.021928,5.428132e-08,9.279287e-08,0.0210,0.0267,489
63,features.17,474,active,0.053692,4.766946e-07,2.786198e-07,0.1846,0.0802,489
63,features.17,475,active,0.066903,2.272132e-07,2.923235e-07,0.0880,0.0841,489
63,features.17,476,pruned_before,nan,0.000000e+00,0.000000e+00,0.0000,0.0000,0
63,features.17,477,pruned_before,nan,0.000000e+00,0.000000e+00,0.0000,0.0000,0
63,features.17,478,active,0.090722,9.556744e-08,3.646131e-07,0.0370,0.1049,489
63,features.17,479,active,0.052619,1.753059e-07,2.294040e-07,0.0679,0.0660,489
63,features.17,480,pruned_before,nan,0.000000e+00,0.000000e+00,0.0000,0.0000,0
63,features.17,481,active,0.293204,2.551992e-07,1.170371e-06,0.0988,0.3368,489
63,features.17,482,pruned_before,nan,0.000000e+00,0.000000e+00,0.0000,0.0000,0
63,features.17,483,active,0.021325,1.819626e-07,1.095597e-07,0.0705,0.0315,489
63,features.17,484,pruned_before,nan,0.000000e+00,0.000000e+00,0.0000,0.0000,0
63,features.17,485,active,0.065933,7.797681e-07,3.712147e-07,0.3020,0.1068,489
63,features.17,486,pruned_before,nan,0.000000e+00,0.000000e+00,0.0000,0.0000,0
63,features.17,487,pruned_before,nan,0.000000e+00,0.000000e+00,0.0000,0.0000,0
63,features.17,488,active,0.073296,3.221244e-07,3.312070e-07,0.1248,0.0953,489
63,features.17,489,pruned_before,nan,0.000000e+00,0.000000e+00,0.0000,0.0000,0
63,features.17,490,pruned_before,nan,0.000000e+00,0.000000e+00,0.0000,0.0000,0
63,features.17,491,pruned_before,nan,0.000000e+00,0.000000e+00,0.0000,0.0000,0
63,features.17,492,pruned_before,nan,0.000000e+00,0.000000e+00,0.0000,0.0000,0
63,features.17,493,pruned_before,nan,0.000000e+00,0.000000e+00,0.0000,0.0000,0
63,features.17,494,pruned_before,nan,0.000000e+00,0.000000e+00,0.0000,0.0000,0
63,features.17,495,pruned_before,nan,0.000000e+00,0.000000e+00,0.0000,0.0000,0
63,features.17,496,pruned_before,nan,0.000000e+00,0.000000e+00,0.0000,0.0000,0
63,features.17,497,pruned_before,nan,0.000000e+00,0.000000e+00,0.0000,0.0000,0
63,features.17,498,active,0.015565,5.983388e-08,6.905110e-08,0.0232,0.0199,489
63,features.17,499,pruned_before,nan,0.000000e+00,0.000000e+00,0.0000,0.0000,0
63,features.17,500,pruned_before,nan,0.000000e+00,0.000000e+00,0.0000,0.0000,0
63,features.17,501,pruned_before,nan,0.000000e+00,0.000000e+00,0.0000,0.0000,0
63,features.17,502,active,0.046261,7.104120e-08,1.892613e-07,0.0275,0.0545,489
63,features.17,503,pruned_before,nan,0.000000e+00,0.000000e+00,0.0000,0.0000,0
63,features.17,504,pruned_before,nan,0.000000e+00,0.000000e+00,0.0000,0.0000,0
63,features.17,505,pruned_before,nan,0.000000e+00,0.000000e+00,0.0000,0.0000,0
63,features.17,506,active,0.012749,7.628128e-09,5.037182e-08,0.0030,0.0145,489
63,features.17,507,pruned_before,nan,0.000000e+00,0.000000e+00,0.0000,0.0000,0
63,features.17,508,pruned_before,nan,0.000000e+00,0.000000e+00,0.0000,0.0000,0
63,features.17,509,pruned_before,nan,0.000000e+00,0.000000e+00,0.0000,0.0000,0
63,features.17,510,pruned_before,nan,0.000000e+00,0.000000e+00,0.0000,0.0000,0
63,features.17,511,pruned_before,nan,0.000000e+00,0.000000e+00,0.0000,0.0000,0
63,features.17,512,active,0.002960,6.669093e-08,2.140187e-08,0.0258,0.0062,489
63,features.17,513,active,0.007442,2.896433e-07,7.205445e-08,0.1122,0.0207,489
63,features.17,514,active,0.182646,5.287737e-07,7.843623e-07,0.2048,0.2257,489
63,features.17,515,pruned_before,nan,0.000000e+00,0.000000e+00,0.0000,0.0000,0
63,features.17,516,active,0.069119,1.133548e-06,4.364251e-07,0.4390,0.1256,489
63,features.17,517,pruned_before,nan,0.000000e+00,0.000000e+00,0.0000,0.0000,0
63,features.17,518,pruned_before,nan,0.000000e+00,0.000000e+00,0.0000,0.0000,0
63,features.17,519,active,0.090199,1.475116e-06,5.689052e-07,0.5713,0.1637,489
63,features.17,520,pruned_before,nan,0.000000e+00,0.000000e+00,0.0000,0.0000,0
63,features.17,521,active,0.119659,1.730737e-07,4.879452e-07,0.0670,0.1404,489
63,features.17,522,pruned_before,nan,0.000000e+00,0.000000e+00,0.0000,0.0000,0
63,features.17,523,pruned_before,nan,0.000000e+00,0.000000e+00,0.0000,0.0000,0
63,features.17,524,pruned_before,nan,0.000000e+00,0.000000e+00,0.0000,0.0000,0
63,features.17,525,active,0.120238,1.261963e-06,6.530228e-07,0.4887,0.1879,489
63,features.17,526,active,0.005564,6.244803e-08,3.082523e-08,0.0242,0.0089,489
63,features.17,527,pruned_before,nan,0.000000e+00,0.000000e+00,0.0000,0.0000,0
63,features.17,528,pruned_before,nan,0.000000e+00,0.000000e+00,0.0000,0.0000,0
63,features.17,529,pruned_before,nan,0.000000e+00,0.000000e+00,0.0000,0.0000,0
63,features.17,530,pruned_before,nan,0.000000e+00,0.000000e+00,0.0000,0.0000,0
63,features.17,531,pruned_before,nan,0.000000e+00,0.000000e+00,0.0000,0.0000,0
63,features.17,532,pruned_before,nan,0.000000e+00,0.000000e+00,0.0000,0.0000,0
63,features.17,533,pruned_before,nan,0.000000e+00,0.000000e+00,0.0000,0.0000,0
63,features.17,534,pruned_before,nan,0.000000e+00,0.000000e+00,0.0000,0.0000,0
63,features.17,535,active,0.017515,5.589604e-07,1.512246e-07,0.2165,0.0435,489
63,features.17,536,pruned_now,-0.002105,3.799194e-07,4.868960e-08,0.1471,0.0140,489
63,features.17,537,active,0.073694,2.586091e-07,3.232427e-07,0.1002,0.0930,489
63,features.17,538,active,0.092440,1.356226e-06,5.597814e-07,0.5252,0.1611,489
63,features.17,539,pruned_before,nan,0.000000e+00,0.000000e+00,0.0000,0.0000,0
63,features.17,540,pruned_before,nan,0.000000e+00,0.000000e+00,0.0000,0.0000,0
63,features.17,541,active,0.030186,7.105830e-08,1.271891e-07,0.0275,0.0366,489
63,features.17,542,active,0.118188,3.503107e-07,5.087693e-07,0.1357,0.1464,489
63,features.17,543,pruned_before,nan,0.000000e+00,0.000000e+00,0.0000,0.0000,0
63,features.17,544,active,0.095900,8.974421e-08,3.837384e-07,0.0348,0.1104,489
63,features.17,545,pruned_before,nan,0.000000e+00,0.000000e+00,0.0000,0.0000,0
63,features.17,546,active,0.023781,4.478987e-07,1.588119e-07,0.1735,0.0457,489
63,features.17,547,active,0.004910,5.049838e-08,2.651183e-08,0.0196,0.0076,489
63,features.17,548,pruned_before,nan,0.000000e+00,0.000000e+00,0.0000,0.0000,0
63,features.17,549,pruned_before,nan,0.000000e+00,0.000000e+00,0.0000,0.0000,0
63,features.17,550,pruned_before,nan,0.000000e+00,0.000000e+00,0.0000,0.0000,0
63,features.17,551,active,0.339170,4.922959e-07,1.383324e-06,0.1907,0.3980,489
63,features.17,552,pruned_before,nan,0.000000e+00,0.000000e+00,0.0000,0.0000,0
63,features.17,553,active,0.047804,2.123655e-07,2.163542e-07,0.0822,0.0623,489
63,features.17,554,active,0.045945,4.093841e-07,2.386380e-07,0.1585,0.0687,489
63,features.17,555,pruned_before,nan,0.000000e+00,0.000000e+00,0.0000,0.0000,0
63,features.17,556,active,0.046085,1.378276e-07,1.985698e-07,0.0534,0.0571,489
63,features.17,557,active,0.128124,2.909759e-07,5.382647e-07,0.1127,0.1549,489
63,features.17,558,pruned_before,nan,0.000000e+00,0.000000e+00,0.0000,0.0000,0
63,features.17,559,pruned_before,nan,0.000000e+00,0.000000e+00,0.0000,0.0000,0
63,features.17,560,pruned_before,nan,0.000000e+00,0.000000e+00,0.0000,0.0000,0
63,features.17,561,pruned_before,nan,0.000000e+00,0.000000e+00,0.0000,0.0000,0
63,features.17,562,pruned_before,nan,0.000000e+00,0.000000e+00,0.0000,0.0000,0
63,features.17,563,pruned_before,nan,0.000000e+00,0.000000e+00,0.0000,0.0000,0
63,features.17,564,active,0.012582,1.111343e-07,6.520533e-08,0.0430,0.0188,489
63,features.17,565,pruned_before,nan,0.000000e+00,0.000000e+00,0.0000,0.0000,0
63,features.17,566,active,0.100496,6.996837e-07,4.927003e-07,0.2710,0.1418,489
63,features.17,567,active,0.025291,1.656715e-07,1.224359e-07,0.0642,0.0352,489
63,features.17,568,pruned_before,nan,0.000000e+00,0.000000e+00,0.0000,0.0000,0
63,features.17,569,active,0.018199,4.124257e-07,1.319552e-07,0.1597,0.0380,489
63,features.17,570,active,0.169151,6.632568e-07,7.523658e-07,0.2569,0.2165,489
63,features.17,571,active,0.006094,3.880296e-07,8.156222e-08,0.1503,0.0235,489
63,features.17,572,active,0.012004,1.031719e-07,6.178352e-08,0.0400,0.0178,489
63,features.17,573,pruned_before,nan,0.000000e+00,0.000000e+00,0.0000,0.0000,0
63,features.17,574,pruned_before,nan,0.000000e+00,0.000000e+00,0.0000,0.0000,0
63,features.17,575,active,0.059111,5.332570e-08,2.362306e-07,0.0207,0.0680,489
63,features.17,576,active,0.008765,1.687427e-07,5.908131e-08,0.0654,0.0170,489
63,features.17,577,pruned_before,nan,0.000000e+00,0.000000e+00,0.0000,0.0000,0
63,features.17,578,active,0.012227,6.032519e-08,5.623604e-08,0.0234,0.0162,489
63,features.17,579,active,0.171439,1.419888e-06,8.743534e-07,0.5499,0.2516,489
63,features.17,580,active,0.031180,1.323624e-06,3.183492e-07,0.5126,0.0916,489
63,features.17,581,pruned_before,nan,0.000000e+00,0.000000e+00,0.0000,0.0000,0
63,features.17,582,active,0.014322,3.627127e-07,1.095490e-07,0.1405,0.0315,489
63,features.17,583,active,0.008172,2.100425e-07,6.296949e-08,0.0813,0.0181,489
63,features.17,584,pruned_before,nan,0.000000e+00,0.000000e+00,0.0000,0.0000,0
63,features.17,585,pruned_before,nan,0.000000e+00,0.000000e+00,0.0000,0.0000,0
63,features.17,586,active,0.019428,1.378093e-07,9.563227e-08,0.0534,0.0275,489
63,features.17,587,active,0.055729,2.453990e-07,2.518948e-07,0.0950,0.0725,489
63,features.17,588,pruned_before,nan,0.000000e+00,0.000000e+00,0.0000,0.0000,0
63,features.17,589,active,0.127412,4.844850e-07,5.644559e-07,0.1876,0.1624,489
63,features.17,590,active,0.100958,7.187690e-08,4.005965e-07,0.0278,0.1153,489
63,features.17,591,active,0.016273,9.537661e-08,7.710077e-08,0.0369,0.0222,489
63,features.17,592,pruned_before,nan,0.000000e+00,0.000000e+00,0.0000,0.0000,0
63,features.17,593,active,0.036675,1.518903e-07,1.643365e-07,0.0588,0.0473,489
63,features.17,594,pruned_before,nan,0.000000e+00,0.000000e+00,0.0000,0.0000,0
63,features.17,595,pruned_before,nan,0.000000e+00,0.000000e+00,0.0000,0.0000,0
63,features.17,596,pruned_before,nan,0.000000e+00,0.000000e+00,0.0000,0.0000,0
63,features.17,597,active,0.073494,1.422072e-07,3.050637e-07,0.0551,0.0878,489
63,features.17,598,pruned_before,nan,0.000000e+00,0.000000e+00,0.0000,0.0000,0
63,features.17,599,pruned_before,nan,0.000000e+00,0.000000e+00,0.0000,0.0000,0
63,features.17,600,active,0.072269,1.907329e-07,3.075902e-07,0.0739,0.0885,489
63,features.17,601,pruned_before,nan,0.000000e+00,0.000000e+00,0.0000,0.0000,0
63,features.17,602,pruned_before,nan,0.000000e+00,0.000000e+00,0.0000,0.0000,0
63,features.17,603,active,0.039318,5.919553e-07,2.403522e-07,0.2293,0.0692,489
63,features.17,604,active,0.042586,5.312822e-07,2.439005e-07,0.2058,0.0702,489
63,features.17,605,active,0.027174,1.030667e-07,1.203439e-07,0.0399,0.0346,489
63,features.17,606,active,0.040721,3.332593e-08,1.622271e-07,0.0129,0.0467,489
63,features.17,607,active,0.192330,1.182037e-06,9.194524e-07,0.4578,0.2646,489
63,features.17,608,pruned_before,nan,0.000000e+00,0.000000e+00,0.0000,0.0000,0
63,features.17,609,active,0.131936,8.088177e-07,6.304290e-07,0.3132,0.1814,489
63,features.17,610,pruned_before,nan,0.000000e+00,0.000000e+00,0.0000,0.0000,0
63,features.17,611,active,0.144686,1.640707e-06,8.040725e-07,0.6354,0.2314,489
63,features.17,612,pruned_before,nan,0.000000e+00,0.000000e+00,0.0000,0.0000,0
63,features.17,613,active,0.031140,3.084903e-07,1.663818e-07,0.1195,0.0479,489
63,features.17,614,pruned_before,nan,0.000000e+00,0.000000e+00,0.0000,0.0000,0
63,features.17,615,active,0.027820,2.493600e-07,1.447184e-07,0.0966,0.0416,489
63,features.17,616,active,0.021293,1.068725e-06,2.420496e-07,0.4139,0.0696,489
63,features.17,617,pruned_before,nan,0.000000e+00,0.000000e+00,0.0000,0.0000,0
63,features.17,618,pruned_before,nan,0.000000e+00,0.000000e+00,0.0000,0.0000,0
63,features.17,619,active,0.000718,2.871278e-07,4.571247e-08,0.1112,0.0132,489
63,features.17,620,active,0.014963,1.537119e-07,8.076629e-08,0.0595,0.0232,489
63,features.17,621,pruned_before,nan,0.000000e+00,0.000000e+00,0.0000,0.0000,0
63,features.17,622,pruned_before,nan,0.000000e+00,0.000000e+00,0.0000,0.0000,0
63,features.17,623,pruned_before,nan,0.000000e+00,0.000000e+00,0.0000,0.0000,0
63,features.17,624,pruned_before,nan,0.000000e+00,0.000000e+00,0.0000,0.0000,0
63,features.17,625,active,0.010113,1.240206e-07,5.759826e-08,0.0480,0.0166,489
63,features.17,626,active,0.117273,1.957569e-06,7.456028e-07,0.7581,0.2145,489
63,features.17,627,active,0.016221,4.460279e-07,1.293413e-07,0.1727,0.0372,489
63,features.17,628,active,0.074220,3.226053e-07,3.348439e-07,0.1249,0.0963,489
63,features.17,629,pruned_before,nan,0.000000e+00,0.000000e+00,0.0000,0.0000,0
63,features.17,630,active,0.150912,2.162952e-07,6.150922e-07,0.0838,0.1770,489
63,features.17,631,pruned_before,nan,0.000000e+00,0.000000e+00,0.0000,0.0000,0
63,features.17,632,active,0.073742,2.346757e-07,3.198502e-07,0.0909,0.0920,489
63,features.17,633,active,0.027573,2.106389e-07,1.379743e-07,0.0816,0.0397,489
63,features.17,634,pruned_before,nan,0.000000e+00,0.000000e+00,0.0000,0.0000,0
63,features.17,635,pruned_before,nan,0.000000e+00,0.000000e+00,0.0000,0.0000,0
63,features.17,636,active,0.084291,1.787481e-07,3.522191e-07,0.0692,0.1013,489
63,features.17,637,pruned_before,nan,0.000000e+00,0.000000e+00,0.0000,0.0000,0
63,features.17,638,pruned_before,nan,0.000000e+00,0.000000e+00,0.0000,0.0000,0
63,features.17,639,pruned_before,nan,0.000000e+00,0.000000e+00,0.0000,0.0000,0
63,features.17,640,pruned_before,nan,0.000000e+00,0.000000e+00,0.0000,0.0000,0
63,features.17,641,pruned_before,nan,0.000000e+00,0.000000e+00,0.0000,0.0000,0
63,features.17,642,pruned_before,nan,0.000000e+00,0.000000e+00,0.0000,0.0000,0
63,features.17,643,active,0.275750,1.220288e-06,1.247299e-06,0.4726,0.3589,489
63,features.17,644,pruned_before,nan,0.000000e+00,0.000000e+00,0.0000,0.0000,0
63,features.17,645,pruned_before,nan,0.000000e+00,0.000000e+00,0.0000,0.0000,0
63,features.17,646,active,0.062261,4.378103e-07,3.058962e-07,0.1696,0.0880,489
63,features.17,647,active,0.229748,3.155620e-07,9.343606e-07,0.1222,0.2689,489
63,features.17,648,pruned_before,nan,0.000000e+00,0.000000e+00,0.0000,0.0000,0
63,features.17,649,active,-0.000640,3.511079e-07,5.003724e-08,0.1360,0.0144,489
63,features.17,650,pruned_before,nan,0.000000e+00,0.000000e+00,0.0000,0.0000,0
63,features.17,651,pruned_before,nan,0.000000e+00,0.000000e+00,0.0000,0.0000,0
63,features.17,652,pruned_before,nan,0.000000e+00,0.000000e+00,0.0000,0.0000,0
63,features.17,653,pruned_before,nan,0.000000e+00,0.000000e+00,0.0000,0.0000,0
63,features.17,654,pruned_before,nan,0.000000e+00,0.000000e+00,0.0000,0.0000,0
63,features.17,655,active,0.022134,1.505397e-07,1.079840e-07,0.0583,0.0311,489
63,features.17,656,active,0.006388,3.694460e-07,7.991861e-08,0.1431,0.0230,489
63,features.17,657,pruned_before,nan,0.000000e+00,0.000000e+00,0.0000,0.0000,0
63,features.17,658,active,0.038203,1.953588e-07,1.767370e-07,0.0757,0.0509,489
63,features.17,659,pruned_before,nan,0.000000e+00,0.000000e+00,0.0000,0.0000,0
63,features.17,660,pruned_before,nan,0.000000e+00,0.000000e+00,0.0000,0.0000,0
63,features.17,661,active,0.198341,1.044732e-07,7.815162e-07,0.0405,0.2249,489
63,features.17,662,active,0.140279,5.511433e-07,6.241095e-07,0.2134,0.1796,489
63,features.17,663,pruned_before,nan,0.000000e+00,0.000000e+00,0.0000,0.0000,0
63,features.17,664,pruned_before,nan,0.000000e+00,0.000000e+00,0.0000,0.0000,0
63,features.17,665,pruned_before,nan,0.000000e+00,0.000000e+00,0.0000,0.0000,0
63,features.17,666,active,0.008024,1.554465e-07,5.423139e-08,0.0602,0.0156,489
63,features.17,667,active,0.059856,5.663118e-07,3.158261e-07,0.2193,0.0909,489
63,features.17,668,pruned_before,nan,0.000000e+00,0.000000e+00,0.0000,0.0000,0
63,features.17,669,pruned_before,nan,0.000000e+00,0.000000e+00,0.0000,0.0000,0
63,features.17,670,pruned_before,nan,0.000000e+00,0.000000e+00,0.0000,0.0000,0
63,features.17,671,active,0.003011,1.610363e-07,3.570998e-08,0.0624,0.0103,489
63,features.17,672,pruned_before,nan,0.000000e+00,0.000000e+00,0.0000,0.0000,0
63,features.17,673,pruned_before,nan,0.000000e+00,0.000000e+00,0.0000,0.0000,0
63,features.17,674,pruned_before,nan,0.000000e+00,0.000000e+00,0.0000,0.0000,0
63,features.17,675,active,0.103633,7.641725e-07,5.144598e-07,0.2960,0.1480,489
63,features.17,676,pruned_before,nan,0.000000e+00,0.000000e+00,0.0000,0.0000,0
63,features.17,677,pruned_before,nan,0.000000e+00,0.000000e+00,0.0000,0.0000,0
63,features.17,678,active,0.063121,9.208948e-07,3.814617e-07,0.3566,0.1098,489
63,features.17,679,pruned_before,nan,0.000000e+00,0.000000e+00,0.0000,0.0000,0
63,features.17,680,active,0.030831,7.236036e-08,1.298765e-07,0.0280,0.0374,489
63,features.17,681,active,0.100153,9.101527e-07,5.228525e-07,0.3525,0.1504,489
63,features.17,682,active,0.008702,1.636364e-07,5.807581e-08,0.0634,0.0167,489
63,features.17,683,pruned_before,nan,0.000000e+00,0.000000e+00,0.0000,0.0000,0
63,features.17,684,active,0.081125,3.180479e-07,3.608257e-07,0.1232,0.1038,489
63,features.17,685,pruned_before,nan,0.000000e+00,0.000000e+00,0.0000,0.0000,0
63,features.17,686,pruned_before,nan,0.000000e+00,0.000000e+00,0.0000,0.0000,0
63,features.17,687,pruned_before,nan,0.000000e+00,0.000000e+00,0.0000,0.0000,0
63,features.17,688,pruned_before,nan,0.000000e+00,0.000000e+00,0.0000,0.0000,0
63,features.17,689,pruned_before,nan,0.000000e+00,0.000000e+00,0.0000,0.0000,0
63,features.17,690,pruned_before,nan,0.000000e+00,0.000000e+00,0.0000,0.0000,0
63,features.17,691,pruned_before,nan,0.000000e+00,0.000000e+00,0.0000,0.0000,0
63,features.17,692,pruned_before,nan,0.000000e+00,0.000000e+00,0.0000,0.0000,0
63,features.17,693,active,0.208662,6.236561e-07,8.990133e-07,0.2415,0.2587,489
63,features.17,694,active,0.006762,3.325809e-07,7.584848e-08,0.1288,0.0218,489
63,features.17,695,active,0.078545,6.725398e-07,4.038798e-07,0.2605,0.1162,489
63,features.17,696,active,0.006782,1.362386e-07,4.656196e-08,0.0528,0.0134,489
63,features.17,697,pruned_before,nan,0.000000e+00,0.000000e+00,0.0000,0.0000,0
63,features.17,698,active,0.022403,7.485543e-08,9.770508e-08,0.0290,0.0281,489
63,features.17,699,pruned_before,nan,0.000000e+00,0.000000e+00,0.0000,0.0000,0
63,features.17,700,active,0.060291,1.538046e-07,2.558163e-07,0.0596,0.0736,489
63,features.17,701,active,0.227416,2.157685e-06,1.200847e-06,0.8356,0.3455,489
63,features.17,702,active,0.018825,4.363744e-07,1.379530e-07,0.1690,0.0397,489
63,features.17,703,pruned_before,nan,0.000000e+00,0.000000e+00,0.0000,0.0000,0
63,features.17,704,pruned_before,nan,0.000000e+00,0.000000e+00,0.0000,0.0000,0
63,features.17,705,active,0.231785,2.030160e-07,9.253954e-07,0.0786,0.2663,489
63,features.17,706,active,0.073627,5.785404e-07,3.708307e-07,0.2241,0.1067,489
63,features.17,707,active,0.008772,6.420758e-08,4.347580e-08,0.0249,0.0125,489
63,features.17,708,pruned_before,nan,0.000000e+00,0.000000e+00,0.0000,0.0000,0
63,features.17,709,active,0.043001,3.627154e-07,2.202903e-07,0.1405,0.0634,489
63,features.17,710,active,0.100514,5.214889e-07,4.661217e-07,0.2020,0.1341,489
63,features.17,711,active,0.070383,2.928530e-07,3.155799e-07,0.1134,0.0908,489
63,features.17,712,pruned_before,nan,0.000000e+00,0.000000e+00,0.0000,0.0000,0
63,features.17,713,pruned_before,nan,0.000000e+00,0.000000e+00,0.0000,0.0000,0
63,features.17,714,protected,0.785083,6.018691e-07,3.121600e-06,0.2331,0.8982,489
63,features.17,715,active,0.018096,1.631678e-08,7.231887e-08,0.0063,0.0208,489
63,features.17,716,protected,0.874696,4.065160e-07,3.438426e-06,0.1574,0.9894,489
63,features.17,717,active,0.046662,9.359931e-07,3.201609e-07,0.3625,0.0921,489
63,features.17,718,active,0.162559,6.160556e-07,7.198515e-07,0.2386,0.2071,489
63,features.17,719,active,0.063665,6.017731e-07,3.358388e-07,0.2331,0.0966,489
63,features.17,720,pruned_before,nan,0.000000e+00,0.000000e+00,0.0000,0.0000,0
63,features.17,721,pruned_before,nan,0.000000e+00,0.000000e+00,0.0000,0.0000,0
63,features.17,722,pruned_before,nan,0.000000e+00,0.000000e+00,0.0000,0.0000,0
63,features.17,723,active,0.048831,8.561678e-08,2.013653e-07,0.0332,0.0579,489
63,features.17,724,active,0.012586,2.876283e-07,9.161420e-08,0.1114,0.0264,489
63,features.17,725,active,0.031355,4.748882e-07,1.920966e-07,0.1839,0.0553,489
63,features.17,726,active,0.002221,1.381496e-07,2.923838e-08,0.0535,0.0084,489
63,features.17,727,pruned_before,nan,0.000000e+00,0.000000e+00,0.0000,0.0000,0
63,features.17,728,active,0.375009,1.122261e-06,1.615927e-06,0.4346,0.4650,489
63,features.17,729,pruned_before,nan,0.000000e+00,0.000000e+00,0.0000,0.0000,0
63,features.17,730,pruned_before,nan,0.000000e+00,0.000000e+00,0.0000,0.0000,0
63,features.17,731,pruned_before,nan,0.000000e+00,0.000000e+00,0.0000,0.0000,0
63,features.17,732,pruned_before,nan,0.000000e+00,0.000000e+00,0.0000,0.0000,0
63,features.17,733,pruned_before,nan,0.000000e+00,0.000000e+00,0.0000,0.0000,0
63,features.17,734,active,0.118063,2.460104e-06,8.238061e-07,0.9528,0.2370,489
63,features.17,735,pruned_before,nan,0.000000e+00,0.000000e+00,0.0000,0.0000,0
63,features.17,736,active,0.038911,8.377629e-07,2.755421e-07,0.3245,0.0793,489
63,features.17,737,active,0.028792,2.908401e-07,1.546737e-07,0.1126,0.0445,489
63,features.17,738,pruned_before,nan,0.000000e+00,0.000000e+00,0.0000,0.0000,0
63,features.17,739,active,0.006706,1.358411e-07,4.621160e-08,0.0526,0.0133,489
63,features.17,740,active,0.086930,1.936397e-07,3.646384e-07,0.0750,0.1049,489
63,features.17,741,pruned_before,nan,0.000000e+00,0.000000e+00,0.0000,0.0000,0
63,features.17,742,pruned_before,nan,0.000000e+00,0.000000e+00,0.0000,0.0000,0
63,features.17,743,pruned_now,-0.004407,2.877556e-07,2.601638e-08,0.1114,0.0075,489
63,features.17,744,pruned_before,nan,0.000000e+00,0.000000e+00,0.0000,0.0000,0
63,features.17,745,active,0.013585,2.388970e-07,8.818680e-08,0.0925,0.0254,489
63,features.17,746,pruned_before,nan,0.000000e+00,0.000000e+00,0.0000,0.0000,0
63,features.17,747,active,0.087641,9.902344e-08,3.532349e-07,0.0384,0.1016,489
63,features.17,748,pruned_before,nan,0.000000e+00,0.000000e+00,0.0000,0.0000,0
63,features.17,749,active,0.149211,1.272754e-07,5.952099e-07,0.0493,0.1713,489
63,features.17,750,active,0.040646,1.953550e-07,1.861713e-07,0.0757,0.0536,489
63,features.17,751,active,0.023622,5.060223e-07,1.668915e-07,0.1960,0.0480,489
63,features.17,752,active,0.017816,6.309709e-07,1.631593e-07,0.2444,0.0469,489
63,features.17,753,active,0.079033,1.227975e-07,3.235497e-07,0.0476,0.0931,489
63,features.17,754,pruned_before,nan,0.000000e+00,0.000000e+00,0.0000,0.0000,0
63,features.17,755,active,0.101018,8.050623e-07,5.104783e-07,0.3118,0.1469,489
63,features.17,756,pruned_before,nan,0.000000e+00,0.000000e+00,0.0000,0.0000,0
63,features.17,757,pruned_before,nan,0.000000e+00,0.000000e+00,0.0000,0.0000,0
63,features.17,758,pruned_before,nan,0.000000e+00,0.000000e+00,0.0000,0.0000,0
63,features.17,759,pruned_before,nan,0.000000e+00,0.000000e+00,0.0000,0.0000,0
63,features.17,760,pruned_before,nan,0.000000e+00,0.000000e+00,0.0000,0.0000,0
63,features.17,761,pruned_before,nan,0.000000e+00,0.000000e+00,0.0000,0.0000,0
63,features.17,762,active,0.085182,7.648693e-07,4.433138e-07,0.2962,0.1276,489
63,features.17,763,pruned_before,nan,0.000000e+00,0.000000e+00,0.0000,0.0000,0
63,features.17,764,active,0.014690,1.882004e-07,8.487218e-08,0.0729,0.0244,489
63,features.17,765,pruned_before,nan,0.000000e+00,0.000000e+00,0.0000,0.0000,0
63,features.17,766,active,0.101102,5.324177e-07,4.700260e-07,0.2062,0.1352,489
63,features.17,767,active,0.021070,5.972483e-08,9.029461e-08,0.0231,0.0260,489
63,features.17,768,active,0.070023,5.057584e-07,3.460302e-07,0.1959,0.0996,489
63,features.17,769,pruned_before,nan,0.000000e+00,0.000000e+00,0.0000,0.0000,0
63,features.17,770,active,0.067614,1.617306e-07,2.852772e-07,0.0626,0.0821,489
63,features.17,771,active,0.012570,2.993157e-07,9.330292e-08,0.1159,0.0268,489
63,features.17,772,active,0.029428,1.534585e-07,1.365851e-07,0.0594,0.0393,489
63,features.17,773,pruned_before,nan,0.000000e+00,0.000000e+00,0.0000,0.0000,0
63,features.17,774,pruned_before,nan,0.000000e+00,0.000000e+00,0.0000,0.0000,0
63,features.17,775,pruned_before,nan,0.000000e+00,0.000000e+00,0.0000,0.0000,0
63,features.17,776,active,0.021402,1.275122e-07,1.017113e-07,0.0494,0.0293,489
63,features.17,777,active,0.003920,1.608131e-07,3.918727e-08,0.0623,0.0113,489
63,features.17,778,active,0.047145,4.690660e-07,2.521970e-07,0.1817,0.0726,489
63,features.17,779,active,0.034965,3.154944e-07,1.821994e-07,0.1222,0.0524,489
63,features.17,780,pruned_before,nan,0.000000e+00,0.000000e+00,0.0000,0.0000,0
63,features.17,781,pruned_before,nan,0.000000e+00,0.000000e+00,0.0000,0.0000,0
63,features.17,782,active,0.028408,4.460278e-07,1.764019e-07,0.1727,0.0508,489
63,features.17,783,pruned_before,nan,0.000000e+00,0.000000e+00,0.0000,0.0000,0
63,features.17,784,pruned_before,nan,0.000000e+00,0.000000e+00,0.0000,0.0000,0
63,features.17,785,active,0.007983,1.883868e-07,5.899880e-08,0.0730,0.0170,489
63,features.17,786,pruned_before,nan,0.000000e+00,0.000000e+00,0.0000,0.0000,0
63,features.17,787,active,0.034409,2.368875e-07,1.682959e-07,0.0917,0.0484,489
63,features.17,788,pruned_before,nan,0.000000e+00,0.000000e+00,0.0000,0.0000,0
63,features.17,789,active,0.008301,5.547409e-08,4.034967e-08,0.0215,0.0116,489
63,features.17,790,active,0.084505,2.851758e-07,3.689637e-07,0.1104,0.1062,489
63,features.17,791,pruned_now,-0.005384,3.299493e-07,2.855179e-08,0.1278,0.0082,489
63,features.17,792,active,0.056396,6.208885e-08,2.270599e-07,0.0240,0.0653,489
63,features.17,793,active,0.036465,4.395307e-07,2.065412e-07,0.1702,0.0594,489
63,features.17,794,active,0.089678,1.622652e-07,3.705567e-07,0.0628,0.1066,489
63,features.17,795,pruned_before,nan,0.000000e+00,0.000000e+00,0.0000,0.0000,0
63,features.17,796,pruned_before,nan,0.000000e+00,0.000000e+00,0.0000,0.0000,0
63,features.17,797,pruned_before,nan,0.000000e+00,0.000000e+00,0.0000,0.0000,0
63,features.17,798,pruned_before,nan,0.000000e+00,0.000000e+00,0.0000,0.0000,0
63,features.17,799,pruned_before,nan,0.000000e+00,0.000000e+00,0.0000,0.0000,0
63,features.17,800,pruned_before,nan,0.000000e+00,0.000000e+00,0.0000,0.0000,0
63,features.17,801,pruned_before,nan,0.000000e+00,0.000000e+00,0.0000,0.0000,0
63,features.17,802,pruned_before,nan,0.000000e+00,0.000000e+00,0.0000,0.0000,0
63,features.17,803,pruned_before,nan,0.000000e+00,0.000000e+00,0.0000,0.0000,0
63,features.17,804,pruned_before,nan,0.000000e+00,0.000000e+00,0.0000,0.0000,0
63,features.17,805,pruned_now,-0.001344,2.188243e-07,2.753525e-08,0.0847,0.0079,489
63,features.17,806,pruned_before,nan,0.000000e+00,0.000000e+00,0.0000,0.0000,0
63,features.17,807,pruned_before,nan,0.000000e+00,0.000000e+00,0.0000,0.0000,0
63,features.17,808,active,0.047690,4.043916e-07,2.446304e-07,0.1566,0.0704,489
63,features.17,809,pruned_before,nan,0.000000e+00,0.000000e+00,0.0000,0.0000,0
63,features.17,810,pruned_before,nan,0.000000e+00,0.000000e+00,0.0000,0.0000,0
63,features.17,811,pruned_before,nan,0.000000e+00,0.000000e+00,0.0000,0.0000,0
63,features.17,812,pruned_before,nan,0.000000e+00,0.000000e+00,0.0000,0.0000,0
63,features.17,813,pruned_before,nan,0.000000e+00,0.000000e+00,0.0000,0.0000,0
63,features.17,814,pruned_before,nan,0.000000e+00,0.000000e+00,0.0000,0.0000,0
63,features.17,815,pruned_before,nan,0.000000e+00,0.000000e+00,0.0000,0.0000,0
63,features.17,816,pruned_before,nan,0.000000e+00,0.000000e+00,0.0000,0.0000,0
63,features.17,817,pruned_before,nan,0.000000e+00,0.000000e+00,0.0000,0.0000,0
63,features.17,818,active,0.102467,3.233577e-07,4.440331e-07,0.1252,0.1278,489
63,features.17,819,active,0.052421,4.554379e-07,2.705346e-07,0.1764,0.0778,489
63,features.17,820,pruned_before,nan,0.000000e+00,0.000000e+00,0.0000,0.0000,0
63,features.17,821,pruned_before,nan,0.000000e+00,0.000000e+00,0.0000,0.0000,0
63,features.17,822,pruned_before,nan,0.000000e+00,0.000000e+00,0.0000,0.0000,0
63,features.17,823,pruned_before,nan,0.000000e+00,0.000000e+00,0.0000,0.0000,0
63,features.17,824,pruned_before,nan,0.000000e+00,0.000000e+00,0.0000,0.0000,0
63,features.17,825,active,0.113293,1.996785e-07,4.673416e-07,0.0773,0.1345,489
63,features.17,826,pruned_before,nan,0.000000e+00,0.000000e+00,0.0000,0.0000,0
63,features.17,827,active,0.193107,2.752600e-07,7.868466e-07,0.1066,0.2264,489
63,features.17,828,pruned_before,nan,0.000000e+00,0.000000e+00,0.0000,0.0000,0
63,features.17,829,active,0.030197,1.733452e-07,1.425276e-07,0.0671,0.0410,489
63,features.17,830,active,0.020826,2.257036e-07,1.141736e-07,0.0874,0.0329,489
63,features.17,831,pruned_before,nan,0.000000e+00,0.000000e+00,0.0000,0.0000,0
63,features.17,832,pruned_before,nan,0.000000e+00,0.000000e+00,0.0000,0.0000,0
63,features.17,833,pruned_before,nan,0.000000e+00,0.000000e+00,0.0000,0.0000,0
63,features.17,834,pruned_before,nan,0.000000e+00,0.000000e+00,0.0000,0.0000,0
63,features.17,835,active,0.032647,4.490323e-07,1.932188e-07,0.1739,0.0556,489
63,features.17,836,pruned_before,nan,0.000000e+00,0.000000e+00,0.0000,0.0000,0
63,features.17,837,active,0.134197,4.721174e-07,5.888066e-07,0.1828,0.1694,489
63,features.17,838,pruned_before,nan,0.000000e+00,0.000000e+00,0.0000,0.0000,0
63,features.17,839,active,0.044007,6.887477e-07,2.729359e-07,0.2667,0.0785,489
63,features.17,840,pruned_before,nan,0.000000e+00,0.000000e+00,0.0000,0.0000,0
63,features.17,841,pruned_before,nan,0.000000e+00,0.000000e+00,0.0000,0.0000,0
63,features.17,842,pruned_before,nan,0.000000e+00,0.000000e+00,0.0000,0.0000,0
63,features.17,843,active,0.103048,6.395401e-07,4.935634e-07,0.2477,0.1420,489
63,features.17,844,active,0.127471,4.668299e-07,5.620430e-07,0.1808,0.1617,489
63,features.17,845,pruned_before,nan,0.000000e+00,0.000000e+00,0.0000,0.0000,0
63,features.17,846,active,0.033680,2.002734e-07,1.600047e-07,0.0776,0.0460,489
63,features.17,847,protected,0.887580,3.206958e-07,3.475342e-06,0.1242,1.0000,489
63,features.17,848,pruned_before,nan,0.000000e+00,0.000000e+00,0.0000,0.0000,0
63,features.17,849,pruned_before,nan,0.000000e+00,0.000000e+00,0.0000,0.0000,0
63,features.17,850,pruned_before,nan,0.000000e+00,0.000000e+00,0.0000,0.0000,0
63,features.17,851,active,0.229154,3.485973e-07,9.370107e-07,0.1350,0.2696,489
63,features.17,852,active,0.010471,2.648857e-07,8.004817e-08,0.1026,0.0230,489
63,features.17,853,pruned_before,nan,0.000000e+00,0.000000e+00,0.0000,0.0000,0
63,features.17,854,active,0.045582,6.773337e-07,2.773084e-07,0.2623,0.0798,489
63,features.17,855,pruned_before,nan,0.000000e+00,0.000000e+00,0.0000,0.0000,0
63,features.17,856,pruned_before,nan,0.000000e+00,0.000000e+00,0.0000,0.0000,0
63,features.17,857,pruned_before,nan,0.000000e+00,0.000000e+00,0.0000,0.0000,0
63,features.17,858,active,0.109400,7.403167e-07,5.331601e-07,0.2867,0.1534,489
63,features.17,859,pruned_before,nan,0.000000e+00,0.000000e+00,0.0000,0.0000,0
63,features.17,860,pruned_before,nan,0.000000e+00,0.000000e+00,0.0000,0.0000,0
63,features.17,861,pruned_before,nan,0.000000e+00,0.000000e+00,0.0000,0.0000,0
63,features.17,862,active,0.061871,7.204102e-07,3.466514e-07,0.2790,0.0997,489
63,features.17,863,pruned_before,nan,0.000000e+00,0.000000e+00,0.0000,0.0000,0
63,features.17,864,active,0.019636,3.304237e-07,1.252373e-07,0.1280,0.0360,489
63,features.17,865,pruned_before,nan,0.000000e+00,0.000000e+00,0.0000,0.0000,0
63,features.17,866,active,0.018412,5.589860e-07,1.546935e-07,0.2165,0.0445,489
63,features.17,867,pruned_before,nan,0.000000e+00,0.000000e+00,0.0000,0.0000,0
63,features.17,868,active,0.177346,2.193466e-07,7.176240e-07,0.0849,0.2065,489
63,features.17,869,active,0.031276,1.244960e-07,1.393912e-07,0.0482,0.0401,489
63,features.17,870,active,0.102414,5.663397e-08,4.039401e-07,0.0219,0.1162,489
63,features.17,871,active,0.489372,1.600245e-06,2.129023e-06,0.6198,0.6126,489
63,features.17,872,active,0.322230,8.512754e-07,1.371596e-06,0.3297,0.3947,489
63,features.17,873,pruned_before,nan,0.000000e+00,0.000000e+00,0.0000,0.0000,0
63,features.17,874,active,0.012953,6.738179e-07,1.507875e-07,0.2610,0.0434,489
63,features.17,875,pruned_before,nan,0.000000e+00,0.000000e+00,0.0000,0.0000,0
63,features.17,876,active,0.155155,1.227461e-06,7.826977e-07,0.4754,0.2252,489
63,features.17,877,pruned_before,nan,0.000000e+00,0.000000e+00,0.0000,0.0000,0
63,features.17,878,pruned_before,nan,0.000000e+00,0.000000e+00,0.0000,0.0000,0
63,features.17,879,pruned_before,nan,0.000000e+00,0.000000e+00,0.0000,0.0000,0
63,features.17,880,active,0.037874,1.055049e-07,1.620272e-07,0.0409,0.0466,489
63,features.17,881,pruned_before,nan,0.000000e+00,0.000000e+00,0.0000,0.0000,0
63,features.17,882,pruned_before,nan,0.000000e+00,0.000000e+00,0.0000,0.0000,0
63,features.17,883,pruned_before,nan,0.000000e+00,0.000000e+00,0.0000,0.0000,0
63,features.17,884,pruned_before,nan,0.000000e+00,0.000000e+00,0.0000,0.0000,0
63,features.17,885,active,0.046085,2.978203e-08,1.824107e-07,0.0115,0.0525,489
63,features.17,886,pruned_before,nan,0.000000e+00,0.000000e+00,0.0000,0.0000,0
63,features.17,887,pruned_before,nan,0.000000e+00,0.000000e+00,0.0000,0.0000,0
63,features.17,888,active,0.021275,3.522892e-07,1.348367e-07,0.1364,0.0388,489
63,features.17,889,active,0.045709,1.784818e-07,2.031983e-07,0.0691,0.0585,489
63,features.17,890,pruned_before,nan,0.000000e+00,0.000000e+00,0.0000,0.0000,0
63,features.17,891,active,0.369540,7.480347e-07,1.538844e-06,0.2897,0.4428,489
63,features.17,892,pruned_before,nan,0.000000e+00,0.000000e+00,0.0000,0.0000,0
63,features.17,893,active,0.096072,5.209878e-07,4.488953e-07,0.2018,0.1292,489
63,features.17,894,active,0.074419,2.563413e-07,3.257044e-07,0.0993,0.0937,489
63,features.17,895,pruned_before,nan,0.000000e+00,0.000000e+00,0.0000,0.0000,0
63,features.17,896,pruned_before,nan,0.000000e+00,0.000000e+00,0.0000,0.0000,0
63,features.17,897,pruned_before,nan,0.000000e+00,0.000000e+00,0.0000,0.0000,0
63,features.17,898,active,0.340517,2.551883e-06,1.696535e-06,0.9883,0.4882,489
63,features.17,899,active,0.022250,1.918395e-07,1.146092e-07,0.0743,0.0330,489
63,features.17,900,active,0.134702,5.802953e-07,6.069342e-07,0.2247,0.1746,489
63,features.17,901,pruned_before,nan,0.000000e+00,0.000000e+00,0.0000,0.0000,0
63,features.17,902,pruned_before,nan,0.000000e+00,0.000000e+00,0.0000,0.0000,0
63,features.17,903,active,0.014939,8.889841e-08,7.098252e-08,0.0344,0.0204,489
63,features.17,904,pruned_before,nan,0.000000e+00,0.000000e+00,0.0000,0.0000,0
63,features.17,905,active,0.027234,7.739744e-08,1.167383e-07,0.0300,0.0336,489
63,features.17,906,pruned_before,nan,0.000000e+00,0.000000e+00,0.0000,0.0000,0
63,features.17,907,active,0.018531,4.743653e-07,1.424971e-07,0.1837,0.0410,489
63,features.17,908,pruned_before,nan,0.000000e+00,0.000000e+00,0.0000,0.0000,0
63,features.17,909,active,0.030037,4.955584e-07,1.900998e-07,0.1919,0.0547,489
63,features.17,910,pruned_before,nan,0.000000e+00,0.000000e+00,0.0000,0.0000,0
63,features.17,911,pruned_before,nan,0.000000e+00,0.000000e+00,0.0000,0.0000,0
63,features.17,912,active,0.068093,1.157889e-06,4.361042e-07,0.4484,0.1255,489
63,features.17,913,pruned_before,nan,0.000000e+00,0.000000e+00,0.0000,0.0000,0
63,features.17,914,active,0.532339,2.158303e-06,2.378397e-06,0.8359,0.6844,489
63,features.17,915,pruned_before,nan,0.000000e+00,0.000000e+00,0.0000,0.0000,0
63,features.17,916,pruned_before,nan,0.000000e+00,0.000000e+00,0.0000,0.0000,0
63,features.17,917,pruned_before,nan,0.000000e+00,0.000000e+00,0.0000,0.0000,0
63,features.17,918,pruned_before,nan,0.000000e+00,0.000000e+00,0.0000,0.0000,0
63,features.17,919,active,0.016226,2.761446e-07,1.039520e-07,0.1069,0.0299,489
63,features.17,920,pruned_before,nan,0.000000e+00,0.000000e+00,0.0000,0.0000,0
63,features.17,921,pruned_before,nan,0.000000e+00,0.000000e+00,0.0000,0.0000,0
63,features.17,922,pruned_before,nan,0.000000e+00,0.000000e+00,0.0000,0.0000,0
63,features.17,923,pruned_before,nan,0.000000e+00,0.000000e+00,0.0000,0.0000,0
63,features.17,924,pruned_before,nan,0.000000e+00,0.000000e+00,0.0000,0.0000,0
63,features.17,925,active,0.145885,2.348961e-07,5.984612e-07,0.0910,0.1722,489
63,features.17,926,pruned_before,nan,0.000000e+00,0.000000e+00,0.0000,0.0000,0
63,features.17,927,active,0.074985,2.461259e-07,3.263606e-07,0.0953,0.0939,489
63,features.17,928,pruned_before,nan,0.000000e+00,0.000000e+00,0.0000,0.0000,0
63,features.17,929,active,0.011164,1.275994e-07,6.219266e-08,0.0494,0.0179,489
63,features.17,930,pruned_before,nan,0.000000e+00,0.000000e+00,0.0000,0.0000,0
63,features.17,931,pruned_before,nan,0.000000e+00,0.000000e+00,0.0000,0.0000,0
63,features.17,932,active,0.026799,4.969395e-07,1.778010e-07,0.1925,0.0512,489
63,features.17,933,pruned_before,nan,0.000000e+00,0.000000e+00,0.0000,0.0000,0
63,features.17,934,pruned_before,nan,0.000000e+00,0.000000e+00,0.0000,0.0000,0
63,features.17,935,active,0.320157,1.210871e-06,1.417368e-06,0.4690,0.4078,489
63,features.17,936,pruned_before,nan,0.000000e+00,0.000000e+00,0.0000,0.0000,0
63,features.17,937,pruned_before,nan,0.000000e+00,0.000000e+00,0.0000,0.0000,0
63,features.17,938,pruned_before,nan,0.000000e+00,0.000000e+00,0.0000,0.0000,0
63,features.17,939,pruned_before,nan,0.000000e+00,0.000000e+00,0.0000,0.0000,0
63,features.17,940,active,0.029099,4.239222e-07,1.757628e-07,0.1642,0.0506,489
63,features.17,941,pruned_before,nan,0.000000e+00,0.000000e+00,0.0000,0.0000,0
63,features.17,942,active,0.243891,5.542552e-07,1.024670e-06,0.2147,0.2948,489
63,features.17,943,pruned_before,nan,0.000000e+00,0.000000e+00,0.0000,0.0000,0
63,features.17,944,pruned_before,nan,0.000000e+00,0.000000e+00,0.0000,0.0000,0
63,features.17,945,pruned_before,nan,0.000000e+00,0.000000e+00,0.0000,0.0000,0
63,features.17,946,active,0.033287,6.655513e-07,2.280688e-07,0.2578,0.0656,489
63,features.17,947,pruned_before,nan,0.000000e+00,0.000000e+00,0.0000,0.0000,0
63,features.17,948,active,0.084717,1.340592e-07,3.471837e-07,0.0519,0.0999,489
63,features.17,949,active,0.076817,1.220303e-07,3.148779e-07,0.0473,0.0906,489
63,features.17,950,pruned_before,nan,0.000000e+00,0.000000e+00,0.0000,0.0000,0
63,features.17,951,pruned_before,nan,0.000000e+00,0.000000e+00,0.0000,0.0000,0
63,features.17,952,pruned_before,nan,0.000000e+00,0.000000e+00,0.0000,0.0000,0
63,features.17,953,active,0.290469,4.850839e-07,1.194187e-06,0.1879,0.3436,489
63,features.17,954,pruned_before,nan,0.000000e+00,0.000000e+00,0.0000,0.0000,0
63,features.17,955,pruned_before,nan,0.000000e+00,0.000000e+00,0.0000,0.0000,0
63,features.17,956,pruned_before,nan,0.000000e+00,0.000000e+00,0.0000,0.0000,0
63,features.17,957,pruned_before,nan,0.000000e+00,0.000000e+00,0.0000,0.0000,0
63,features.17,958,pruned_now,-0.004053,3.966265e-07,4.366373e-08,0.1536,0.0126,489
63,features.17,959,active,0.119859,1.578674e-07,4.864427e-07,0.0611,0.1400,489
