================================================================================
Channel Pruning Log
  dataset    : UTKFace
  impt_type  : 2
  seed       : 42
  iteration  : 20
  alpha      : 0.9000
  norm       : max
  timestamp  : 2026-09-09 11:20:02
  remove_target  : 27445
  accum_removed  : 27645
  selected_channels : 125
  gamma             : 0.0050
  cap_multiplier    : None
  remove_target_met : yes
  total_params   : 2192320
  active_after   : 1483180
  model_sparsity : 32.3%
================================================================================

[ 레이어별 채널 제거 비율 ]
  layer                total_ch  this_iter    cumul  cumul_%
  ----------------------------------------------------------
  features.1                 32          0       17    53.1%
  features.2                 96          0       57    59.4%
  features.3                144          0       44    30.6%
  features.4                144          1        9     6.2%
  features.5                192          4       37    19.3%
  features.6                192          8      150    78.1%
  features.7                192          2        5     2.6%
  features.8                384          0      133    34.6%
  features.9                384          2      181    47.1%
  features.10               384          8      112    29.2%
  features.11               384          1      125    32.6%
  features.12               576         10      275    47.7%
  features.13               576         37      433    75.2%
  features.14               576         30      242    42.0%
  features.15               960          3      611    63.6%
  features.16               960         17      515    53.6%
  features.17               960          2       66     6.9%

[ 레이어별 보호 영역 (γ=0.0050) ]
  layer                  active  protected  protect_%
  --------------------------------------------------
  features.1                 15          1       6.7%
  features.2                 39          1       2.6%
  features.3                100          1       1.0%
  features.4                136          1       0.7%
  features.5                159          1       0.6%
  features.6                 50          1       2.0%
  features.7                189          1       0.5%
  features.8                251          2       0.8%
  features.9                205          2       1.0%
  features.10               280          2       0.7%
  features.11               260          2       0.8%
  features.12               311          2       0.6%
  features.13               180          1       0.6%
  features.14               364          2       0.5%
  features.15               352          2       0.6%
  features.16               462          3       0.6%
  features.17               896          5       0.6%

[ 블록별 제거 채널 수 ]
  features.10: 8채널 제거
  features.11: 1채널 제거
  features.12: 10채널 제거
  features.13: 37채널 제거
  features.14: 30채널 제거
  features.15: 3채널 제거
  features.16: 17채널 제거
  features.17: 2채널 제거
  features.4: 1채널 제거
  features.5: 4채널 제거
  features.6: 8채널 제거
  features.7: 2채널 제거
  features.9: 2채널 제거

[ 선택된 채널 상세 ]
  (phi/perf: raw, phi_n/perf_n: 정규화 후 값 — score = α·perf_n − (1−α)·phi_n)
block                             ch        score          phi         perf    phi_n   perf_n  weights
----------------------------------------------------------------------------------------------------
features.13                       90    -0.066364 1.420541e-07 5.774820e-06   1.0000   0.0374      201
features.5                        84    -0.041027 2.218402e-07 6.081321e-06   0.6032   0.0214       73
features.16                      385    -0.040669 1.088121e-06 1.261531e-06   0.6736   0.0297      329
features.16                      300    -0.038662 6.809041e-07 1.648566e-07   0.4215   0.0039      329
features.13                       26    -0.038467 6.701803e-08 1.495524e-06   0.4718   0.0097      201
features.13                      115    -0.037637 6.452535e-08 1.336800e-06   0.4542   0.0087      201
features.14                       92    -0.036604 1.930815e-06 7.263149e-07   0.7001   0.0371      265
features.13                      447    -0.036351 7.523653e-08 2.851981e-06   0.5296   0.0185      201
features.14                      451    -0.034114 1.615260e-06 5.316735e-07   0.5856   0.0272      265
features.12                      449    -0.033954 1.912229e-07 3.041298e-06   0.5971   0.0286      201
features.14                      100    -0.033149 1.512678e-06 4.717826e-07   0.5485   0.0241      265
features.15                      382    -0.033116 5.031919e-07 1.261825e-06   0.4518   0.0134      329
features.14                      466    -0.033087 2.030474e-06 8.813643e-07   0.7362   0.0450      265
features.13                       28    -0.030862 4.920122e-08 6.477997e-07   0.3464   0.0042      201
features.14                      489    -0.029793 1.235944e-06 3.265722e-07   0.4481   0.0167      265
features.14                       47    -0.029298 1.689243e-06 6.947200e-07   0.6125   0.0355      265
features.13                      362    -0.028448 4.605316e-08 6.818232e-07   0.3242   0.0044      201
features.10                      203    -0.027648 2.039939e-07 2.039044e-07   0.3944   0.0131      137
features.14                        1    -0.027491 1.167911e-06 3.230000e-07   0.4235   0.0165      265
features.14                      128    -0.025750 1.521611e-06 6.397275e-07   0.5517   0.0327      265
features.13                      214    -0.025615 4.460132e-08 9.927104e-07   0.3140   0.0064      201
features.12                      189    -0.025449 1.218385e-07 1.487236e-06   0.3804   0.0140      201
features.13                      319    -0.024956 4.181572e-08 7.692211e-07   0.2944   0.0050      201
features.13                      519    -0.024742 4.162348e-08 7.826712e-07   0.2930   0.0051      201
features.13                      487    -0.024680 4.324612e-08 9.895465e-07   0.3044   0.0064      201
features.6                       103    -0.024099 2.463901e-08 1.776052e-06   0.2443   0.0004       73
features.14                      240    -0.023960 1.230304e-06 4.489839e-07   0.4461   0.0229      265
features.14                      377    -0.023921 1.170736e-06 4.028529e-07   0.4245   0.0206      265
features.13                      488    -0.023080 4.766598e-08 1.798417e-06   0.3355   0.0116      201
features.5                       146    -0.022986 1.171808e-07 2.797870e-06   0.3186   0.0099       73
features.13                       97    -0.022622 6.444515e-08 3.904887e-06   0.4537   0.0253      201
features.14                      362    -0.022472 1.027522e-06 3.214595e-07   0.3726   0.0164      265
features.13                      303    -0.022465 9.796882e-08 7.983478e-06   0.6897   0.0517      201
features.13                       27    -0.021695 5.572721e-08 3.010461e-06   0.3923   0.0195      201
features.6                        19    -0.021634 3.113534e-08 4.961545e-05   0.3087   0.0103       73
features.13                       66    -0.021520 3.481594e-08 5.130891e-07   0.2451   0.0033      201
features.13                      201    -0.021511 3.462021e-08 4.909766e-07   0.2437   0.0032      201
features.13                      383    -0.021468 3.845878e-08 9.623352e-07   0.2707   0.0062      201
features.14                      125    -0.021337 1.338993e-06 5.917009e-07   0.4855   0.0302      265
features.6                       101    -0.021168 3.081927e-08 5.043108e-05   0.3056   0.0104       73
features.16                      220    -0.020713 3.610195e-07 7.731001e-08   0.2235   0.0018      329
features.14                       62    -0.020582 8.165418e-07 1.962238e-07   0.2961   0.0100      265
features.13                      521    -0.020575 3.549586e-08 7.575285e-07   0.2499   0.0049      201
features.6                        82    -0.020433 2.605315e-08 2.899513e-05   0.2583   0.0060       73
features.13                      361    -0.020178 4.317018e-08 1.753166e-06   0.3039   0.0113      201
features.13                      390    -0.019837 3.723344e-08 1.094341e-06   0.2621   0.0071      201
features.14                      265    -0.019816 1.163009e-06 4.860196e-07   0.4217   0.0248      265
features.14                      257    -0.019804 8.252047e-07 2.199559e-07   0.2992   0.0112      265
features.12                      493    -0.019525 8.423665e-08 8.002912e-07   0.2630   0.0075      201
features.10                      270    -0.019442 1.693205e-07 2.299000e-07   0.3273   0.0148      137
features.6                        17    -0.019357 2.104089e-08 8.085805e-06   0.2086   0.0017       73
features.12                      196    -0.019314 8.839805e-08 9.787186e-07   0.2760   0.0092      201
features.14                      158    -0.019311 8.668342e-07 2.635092e-07   0.3143   0.0135      265
features.13                      323    -0.019266 3.244498e-08 6.135614e-07   0.2284   0.0040      201
features.16                      118    -0.019228 3.939372e-07 2.437933e-07   0.2439   0.0057      329
features.9                       117    -0.019192 1.612200e-07 2.410015e-07   0.2354   0.0048      137
features.15                      325    -0.018998 2.517568e-07 3.773432e-07   0.2261   0.0040      329
features.13                      442    -0.018827 5.224000e-08 3.081303e-06   0.3677   0.0199      201
features.14                      195    -0.018789 6.249173e-07 8.411506e-08   0.2266   0.0043      265
features.13                      473    -0.018771 3.163372e-08 6.005578e-07   0.2227   0.0039      201
features.16                      776    -0.018728 3.514166e-07 1.430115e-07   0.2175   0.0034      329
features.17                      455    -0.018664 4.422966e-07 8.657367e-09   0.2264   0.0044      489
features.14                      435    -0.018412 7.758402e-07 2.113213e-07   0.2813   0.0108      265
features.13                      478    -0.018365 3.077645e-08 5.665215e-07   0.2167   0.0037      201
features.16                      738    -0.018267 7.031848e-07 1.194056e-06   0.4353   0.0281      329
features.10                       33    -0.018185 1.453106e-07 1.713453e-07   0.2809   0.0110      137
features.12                       32    -0.018063 7.909667e-08 7.834619e-07   0.2470   0.0074      201
features.10                       54    -0.018038 2.072734e-07 3.810966e-07   0.4007   0.0245      137
features.13                      387    -0.017752 2.721466e-08 2.413191e-07   0.1916   0.0016      201
features.14                      448    -0.017708 1.069489e-06 4.581312e-07   0.3878   0.0234      265
features.6                       169    -0.017549 3.355861e-08 8.445788e-05   0.3327   0.0175       73
features.13                      134    -0.017481 3.019024e-08 6.475786e-07   0.2125   0.0042      201
features.13                       36    -0.017468 3.181270e-08 8.458491e-07   0.2239   0.0055      201
features.16                      201    -0.017432 5.682239e-07 8.386626e-07   0.3518   0.0197      329
features.13                      413    -0.017399 2.862812e-08 4.728626e-07   0.2015   0.0031      201
features.13                      251    -0.017267 3.679687e-08 1.482758e-06   0.2590   0.0096      201
features.14                      503    -0.017138 5.626910e-07 7.097288e-08   0.2040   0.0036      265
features.14                      110    -0.017094 9.301547e-07 3.616438e-07   0.3372   0.0185      265
features.13                      325    -0.017000 3.507463e-08 1.320495e-06   0.2469   0.0085      201
features.10                      133    -0.016923 1.339277e-07 1.551209e-07   0.2589   0.0100      137
features.14                      500    -0.016698 6.837196e-07 1.759631e-07   0.2479   0.0090      265
features.14                      239    -0.016565 9.046139e-07 3.529984e-07   0.3280   0.0180      265
features.16                       49    -0.016494 2.915472e-07 7.341972e-08   0.1805   0.0017      329
features.12                      105    -0.016281 7.006216e-08 6.608344e-07   0.2188   0.0062      201
features.10                       71    -0.016235 1.471020e-07 2.110697e-07   0.2844   0.0136      137
features.11                      130    -0.016226 8.662017e-07 4.223208e-06   0.7082   0.0607      169
features.13                      537    -0.016223 4.116157e-08 2.189439e-06   0.2898   0.0142      201
features.17                      406    -0.016196 4.064352e-07 1.003527e-08   0.2080   0.0051      489
features.16                      750    -0.016189 3.298832e-07 2.000049e-07   0.2042   0.0047      329
features.14                      541    -0.016144 7.772995e-07 2.617851e-07   0.2818   0.0134      265
features.15                      870    -0.016086 2.483017e-07 6.493862e-07   0.2230   0.0069      329
features.14                      130    -0.016069 5.368958e-07 7.386668e-08   0.1947   0.0038      265
features.16                      736    -0.016066 2.681163e-07 2.509025e-08   0.1660   0.0006      329
features.6                        15    -0.016045 1.731783e-08 6.044301e-06   0.1717   0.0013       73
features.9                       245    -0.015928 2.011356e-07 7.450598e-07   0.2937   0.0149      137
features.10                      296    -0.015923 1.835064e-07 3.382125e-07   0.3547   0.0217      137
features.13                      294    -0.015770 4.016218e-08 2.146490e-06   0.2827   0.0139      201
features.13                       75    -0.015748 3.870470e-08 1.974190e-06   0.2725   0.0128      201
features.12                       45    -0.015704 8.381285e-08 1.235975e-06   0.2617   0.0116      201
features.16                      519    -0.015681 3.835985e-07 3.812165e-07   0.2375   0.0090      329
features.5                        82    -0.015662 7.807342e-08 1.754470e-06   0.2123   0.0062       73
features.13                      209    -0.015585 3.653978e-08 1.740419e-06   0.2572   0.0113      201
features.7                        16    -0.015561 1.203354e-06 3.090386e-07   0.2852   0.0144      105
features.13                      255    -0.015542 3.021545e-08 9.834358e-07   0.2127   0.0064      201
features.16                      403    -0.015506 4.191171e-07 4.934109e-07   0.2594   0.0116      329
features.13                      130    -0.015484 2.476829e-08 3.351186e-07   0.1744   0.0022      201
features.16                      633    -0.015372 2.755858e-07 7.976214e-08   0.1706   0.0019      329
features.10                      363    -0.015334 1.596527e-07 2.686290e-07   0.3086   0.0173      137
features.4                         4    -0.015273 7.912639e-07 1.319886e-06   0.2774   0.0138       65
features.12                      482    -0.015122 7.503635e-08 9.810274e-07   0.2343   0.0092      201
features.5                        93    -0.015105 6.609814e-08 9.037805e-07   0.1797   0.0032       73
features.6                       149    -0.015089 1.644052e-08 6.509551e-06   0.1630   0.0013       73
features.12                      226    -0.014959 1.169659e-07 2.546313e-06   0.3652   0.0240      201
features.16                       92    -0.014934 3.168530e-07 2.212155e-07   0.1961   0.0052      329
features.14                       53    -0.014920 9.143272e-07 3.964189e-07   0.3315   0.0203      265
features.14                      396    -0.014892 5.437460e-07 1.048759e-07   0.1971   0.0054      265
features.16                      288    -0.014852 3.012481e-07 1.794156e-07   0.1865   0.0042      329
features.16                      731    -0.014734 2.836704e-07 1.335750e-07   0.1756   0.0031      329
features.16                      334    -0.014689 2.449783e-07 2.248896e-08   0.1516   0.0005      329
features.14                      250    -0.014672 1.085619e-06 5.368734e-07   0.3936   0.0274      265
features.12                      355    -0.014668 6.051574e-08 4.992970e-07   0.1890   0.0047      201
features.14                      499    -0.014523 1.213544e-06 6.409732e-07   0.4400   0.0328      265
features.13                      510    -0.014450 3.124958e-08 1.295894e-06   0.2200   0.0084      201
features.7                        56    -0.014303 2.046776e-06 8.157905e-07   0.4851   0.0380      105
features.14                      113    -0.014274 6.257659e-07 1.829768e-07   0.2269   0.0093      265
