================================================================================
Channel Pruning Log
  iteration  : 16
  alpha      : 0.3000
  timestamp  : 2026-05-20 05:11:52
  remove_target  : 36515
  accum_removed  : 36794
  selected_channels : 122
  gamma             : 0.1000
  remove_target_met : yes
  total_params   : 2289600
  active_after   : 838661
  model_sparsity : 63.4%
================================================================================

[ 레이어별 채널 제거 비율 ]
  layer                total_ch  this_iter    cumul  cumul_%
  ----------------------------------------------------------
  features.1                 32          0       24    75.0%
  features.2                 96          0       86    89.6%
  features.3                144          0      129    89.6%
  features.4                144          6      117    81.2%
  features.5                192          0      172    89.6%
  features.6                192          6      139    72.4%
  features.7                192          0      172    89.6%
  features.8                384         16      269    70.1%
  features.9                384          0      345    89.8%
  features.10               384          0      345    89.8%
  features.11               384          0      345    89.8%
  features.12               576          0      518    89.9%
  features.13               576         19      412    71.5%
  features.14               576          0      518    89.9%
  features.15               960         26      712    74.2%
  features.16               960         16      668    69.6%
  features.17               960         33      864    90.0%

[ 레이어별 보호 영역 (γ=0.10) ]
  layer                  active  protected  protect_%
  --------------------------------------------------
  features.1                  8          1      12.5%
  features.2                 10          1      10.0%
  features.3                 15          2      13.3%
  features.4                 33          4      12.1%
  features.5                 20          2      10.0%
  features.6                 59          6      10.2%
  features.7                 20          2      10.0%
  features.8                131         14      10.7%
  features.9                 39          4      10.3%
  features.10                39          4      10.3%
  features.11                39          4      10.3%
  features.12                58          6      10.3%
  features.13               183         19      10.4%
  features.14                58          6      10.3%
  features.15               274         28      10.2%
  features.16               308         31      10.1%
  features.17               129         13      10.1%

[ 블록별 제거 채널 수 ]
  features.13: 19채널 제거
  features.15: 26채널 제거
  features.16: 16채널 제거
  features.17: 33채널 제거
  features.4: 6채널 제거
  features.6: 6채널 제거
  features.8: 16채널 제거

[ 선택된 채널 상세 ]
block                             ch        score          phi         perf  weights
--------------------------------------------------------------------------------
features.4                       123    -0.611435 3.279420e-06 8.214132e-06       65
features.17                      423    -0.409754 3.784046e-06 6.973493e-08      489
features.17                      564    -0.363092 3.368206e-06 6.808195e-08      489
features.15                      896    -0.309079 9.462050e-07 3.275034e-07      329
features.17                      190    -0.298145 2.769277e-06 5.738206e-08      489
features.8                       121    -0.221770 3.014995e-07 7.604583e-07      137
features.8                       327    -0.146042 2.176533e-07 7.578487e-07      137
features.17                      182    -0.109196 1.000852e-06 1.543286e-08      489
features.16                      892    -0.103533 5.698737e-07 1.845569e-07      329
features.17                       81    -0.101237 9.143269e-07 8.647718e-09      489
features.17                      459    -0.096466 9.311446e-07 3.321215e-08      489
features.17                      753    -0.095070 8.447814e-07 2.347378e-09      489
features.15                      470    -0.089494 2.979652e-07 2.458067e-07      329
features.17                      316    -0.085363 7.728364e-07 8.072222e-09      489
features.17                      664    -0.082477 7.427629e-07 6.154779e-09      489
features.8                       296    -0.081176 1.218092e-07 4.323933e-07      137
features.17                      554    -0.081073 7.262318e-07 4.430195e-09      489
features.6                       142    -0.076575 8.129725e-08 4.318640e-07       73
features.17                      660    -0.075029 6.946998e-07 1.352616e-08      489
features.17                      751    -0.071753 6.695500e-07 1.509312e-08      489
features.6                       187    -0.071110 7.532609e-08 3.221661e-07       73
features.17                      483    -0.070858 6.377296e-07 5.123519e-09      489
features.13                        1    -0.070289 1.069904e-07 4.265654e-07      201
features.17                      852    -0.070233 6.309035e-07 4.578841e-09      489
features.4                        26    -0.069699 4.627196e-07 2.696088e-06       65
features.8                       106    -0.066976 8.029296e-08 8.488137e-08      137
features.17                      811    -0.065586 5.946176e-07 6.550865e-09      489
features.17                      550    -0.064206 5.739560e-07 3.013974e-09      489
features.4                        48    -0.064188 3.378969e-07 7.361651e-07       65
features.17                      720    -0.063856 6.086512e-07 1.876370e-08      489
features.17                      431    -0.063796 5.900109e-07 1.121506e-08      489
features.17                       70    -0.063604 6.080930e-07 1.945954e-08      489
features.15                      887    -0.062918 1.846272e-07 1.639763e-08      329
features.17                      618    -0.062888 7.238722e-07 7.035785e-08      489
features.15                      232    -0.062793 1.999460e-07 1.150840e-07      329
features.17                      283    -0.062767 5.812601e-07 1.135384e-08      489
features.17                      518    -0.062750 5.891878e-07 1.472150e-08      489
features.17                      923    -0.062438 5.630439e-07 4.969551e-09      489
features.17                       34    -0.061605 5.578318e-07 5.862778e-09      489
features.16                      521    -0.061448 2.932903e-07 6.266356e-09      329
features.17                      310    -0.061341 6.152726e-07 3.077812e-08      489
features.17                      274    -0.060896 6.173458e-07 3.327986e-08      489
features.17                      153    -0.060871 6.399393e-07 4.279114e-08      489
features.17                      534    -0.060537 6.271554e-07 3.869041e-08      489
features.13                      519    -0.060517 6.025253e-08 1.292752e-08      201
features.17                      236    -0.060065 5.651976e-07 1.460139e-08      489
features.4                       127    -0.060016 3.981721e-07 2.316326e-06       65
features.6                        23    -0.059884 6.370361e-08 3.969851e-07       73
features.17                      956    -0.059512 5.386163e-07 5.553218e-09      489
features.17                      619    -0.059065 5.359000e-07 6.068273e-09      489
features.17                       56    -0.058952 5.525029e-07 1.340362e-08      489
features.15                      405    -0.058678 1.718487e-07 1.316814e-08      329
features.17                      241    -0.058413 5.959186e-07 3.348440e-08      489
features.6                       131    -0.058205 6.192551e-08 3.896735e-07       73
features.4                       101    -0.058123 4.324088e-07 3.169657e-06       65
features.15                      911    -0.057766 1.760939e-07 5.649870e-08      329
features.8                        79    -0.057119 6.357529e-08 6.463011e-09      137
features.8                       292    -0.056318 6.373600e-08 2.052793e-08      137
features.15                      695    -0.055426 1.685536e-07 5.164721e-08      329
features.16                      715    -0.055416 2.650077e-07 6.813952e-09      329
features.8                       356    -0.055354 6.325045e-08 2.831836e-08      137
features.15                      215    -0.055209 1.608382e-07 7.047352e-09      329
features.13                      218    -0.055004 6.844063e-08 1.638433e-07      201
features.4                       108    -0.054954 2.612245e-07 7.468198e-08       65
features.15                      937    -0.054936 1.712002e-07 7.721349e-08      329
features.16                      397    -0.054866 3.071032e-07 1.095320e-07      329
features.16                      916    -0.054752 2.601529e-07 2.872608e-09      329
features.6                       130    -0.054697 6.049850e-08 1.445041e-06       73
features.16                      936    -0.054309 2.808578e-07 5.526885e-08      329
features.15                      355    -0.054273 1.915107e-07 2.171186e-07      329
features.13                      500    -0.054218 6.323685e-08 1.145143e-07      201
features.13                      352    -0.053275 7.831653e-08 2.924456e-07      201
features.13                      241    -0.052905 5.656038e-08 5.451941e-08      201
features.15                      752    -0.052901 1.543916e-07 8.492394e-09      329
features.13                      130    -0.052875 5.773089e-08 6.786038e-08      201
features.13                      323    -0.052850 5.301985e-08 1.574244e-08      201
features.13                      403    -0.052835 5.406948e-08 2.758514e-08      201
features.15                      857    -0.052736 1.602179e-07 4.815221e-08      329
features.15                      261    -0.052569 1.540657e-07 1.248904e-08      329
features.13                      459    -0.052501 5.595146e-08 5.213874e-08      201
features.15                       20    -0.052393 1.562608e-07 2.950368e-08      329
features.13                      502    -0.052193 5.458813e-08 4.031781e-08      201
features.15                      624    -0.051869 1.560696e-07 3.784475e-08      329
features.8                       174    -0.051742 6.079647e-08 4.897752e-08      137
features.15                       36    -0.051687 1.566502e-07 4.480325e-08      329
features.16                      503    -0.051520 2.658679e-07 5.113251e-08      329
features.13                      214    -0.051318 5.290189e-08 3.107162e-08      201
features.8                       291    -0.051218 6.463545e-08 1.084122e-07      137
features.13                       45    -0.051150 5.155879e-08 1.795493e-08      201
features.8                       346    -0.051135 6.639873e-08 1.333765e-07      137
features.15                      116    -0.051101 1.582855e-07 6.575989e-08      329
features.15                       93    -0.051022 1.540844e-07 4.076212e-08      329
features.15                      866    -0.050626 1.778516e-07 1.975442e-07      329
features.6                       154    -0.050610 5.636911e-08 1.520283e-06       73
features.16                      571    -0.050557 2.502450e-07 2.569872e-08      329
features.15                       57    -0.050536 1.531620e-07 4.380786e-08      329
features.16                      895    -0.050380 2.443591e-07 1.408845e-08      329
features.15                      101    -0.050322 1.538975e-07 5.232657e-08      329
features.15                      726    -0.050291 1.469329e-07 9.060413e-09      329
features.13                      476    -0.050256 5.876350e-08 1.077871e-07      201
features.16                      560    -0.049360 2.343829e-07 2.246562e-09      329
features.15                      636    -0.049303 1.572803e-07 9.218164e-08      329
features.15                      854    -0.049199 1.578223e-07 9.747773e-08      329
features.8                       381    -0.049148 5.636878e-08 2.796105e-08      137
features.8                       337    -0.048900 6.629774e-08 1.652235e-07      137
features.8                        30    -0.048877 9.402951e-08 5.386616e-07      137
features.13                       72    -0.048874 5.053460e-08 3.128631e-08      201
features.15                       95    -0.048741 1.416471e-07 4.016658e-09      329
features.13                      361    -0.048688 4.922228e-08 1.870847e-08      201
features.13                      175    -0.048472 4.814851e-08 9.111599e-09      201
features.16                      800    -0.048448 2.462154e-07 3.934749e-08      329
features.15                      906    -0.048445 1.560386e-07 9.999146e-08      329
features.16                      955    -0.048355 2.468056e-07 4.172112e-08      329
features.16                      860    -0.048183 2.297528e-07 4.402473e-09      329
features.8                        63    -0.048132 9.313617e-08 5.377078e-07      137
features.8                       104    -0.047986 1.002549e-07 6.356478e-07      137
features.8                        99    -0.047986 5.580773e-08 3.768834e-08      137
features.13                      273    -0.047964 6.849087e-08 2.408472e-07      201
features.16                      815    -0.047620 2.555923e-07 6.990017e-08      329
features.13                       69    -0.047259 4.765488e-08 1.679149e-08      201
features.16                      572    -0.047078 2.237509e-07 2.615550e-09      329
features.16                      467    -0.046635 2.680184e-07 1.091622e-07      329
