================================================================================
Channel Pruning Log
  iteration  : 11
  alpha      : 0.5000
  timestamp  : 2026-03-26 11:07:13
  remove_target  : 79774
  accum_removed  : 79700
  selected_channels : 364
================================================================================

[ 블록별 제거 채널 수 ]
  features.10: 4채널 제거
  features.11: 27채널 제거
  features.12: 77채널 제거
  features.13: 36채널 제거
  features.14: 2채널 제거
  features.15: 64채널 제거
  features.16: 45채널 제거
  features.17: 8채널 제거
  features.3: 3채널 제거
  features.4: 9채널 제거
  features.5: 16채널 제거
  features.6: 2채널 제거
  features.7: 7채널 제거
  features.8: 63채널 제거
  features.9: 1채널 제거

[ 선택된 채널 상세 ]
block                             ch        score          phi         perf  weights
--------------------------------------------------------------------------------
features.12                      404    -0.498474 1.153333e-07 2.699206e-08      201
features.7                       142    -0.482554 1.899918e-06 4.533844e-06      105
features.17                      811    -0.472858 1.200966e-05 1.854073e-06      489
features.7                        45    -0.451937 1.876439e-06 1.384511e-05      105
features.15                      536    -0.436788 9.734505e-07 6.789091e-09      329
features.7                        95    -0.396590 1.580043e-06 5.563723e-06      105
features.4                        82    -0.392415 1.467847e-06 1.418862e-05       65
features.7                        85    -0.385543 1.921103e-06 4.348958e-05      105
features.13                      460    -0.385155 9.963949e-08 5.568091e-07      201
features.13                       26    -0.376830 9.287709e-08 8.625523e-08      201
features.12                       75    -0.374242 8.884884e-08 1.940697e-07      201
features.8                       111    -0.354958 1.968742e-07 1.801776e-07      137
features.5                       176    -0.349727 2.785116e-07 3.929881e-06       73
features.13                      513    -0.339713 8.333752e-08 3.881733e-08      201
features.13                      189    -0.335106 8.397991e-08 2.146343e-07      201
features.4                       120    -0.333351 1.113754e-06 6.070863e-06       65
features.8                       120    -0.323012 1.751413e-07 1.515760e-08      137
features.4                        98    -0.320057 1.044922e-06 4.731945e-06       65
features.12                      349    -0.316330 7.749895e-08 3.485899e-07      201
features.12                      274    -0.314246 7.361515e-08 8.680907e-08      201
features.8                       105    -0.311725 1.808854e-07 4.543964e-07      137
features.8                        10    -0.310518 1.699195e-07 7.212059e-08      137
features.11                      127    -0.309360 5.103874e-07 6.519888e-07      169
features.11                       29    -0.308988 5.096455e-07 6.465856e-07      169
features.8                       338    -0.302764 1.683036e-07 1.677064e-07      137
features.12                      506    -0.299635 7.875119e-08 7.411560e-07      201
features.7                        53    -0.296010 1.234821e-06 9.641060e-06      105
features.3                        25    -0.287773 3.836980e-07 1.930531e-05       57
features.13                       33    -0.287043 7.709479e-08 6.971893e-07      201
features.12                      342    -0.286103 6.639075e-08 3.044284e-08      201
features.11                      366    -0.275617 4.526147e-07 5.049661e-07      169
features.8                       184    -0.275561 1.517003e-07 9.773688e-08      137
features.8                       192    -0.272954 1.623805e-07 5.459017e-07      137
features.12                      288    -0.272680 6.782957e-08 3.793013e-07      201
features.11                      365    -0.272174 5.467624e-07 4.100307e-06      169
features.15                      541    -0.271459 6.297001e-07 1.457477e-06      329
features.12                      440    -0.270311 6.323620e-08 6.799461e-08      201
features.12                        7    -0.267642 6.194935e-08 1.635803e-08      201
features.12                      377    -0.261628 8.156659e-08 1.632124e-06      201
features.12                      473    -0.260170 6.722086e-08 5.544528e-07      201
features.11                      164    -0.257392 4.248157e-07 5.484378e-07      169
features.12                      210    -0.257266 6.464339e-08 4.077228e-07      201
features.12                      370    -0.254811 6.521194e-08 4.950027e-07      201
features.12                      147    -0.252611 5.873709e-08 3.596863e-08      201
features.4                        26    -0.247955 8.573679e-07 5.815363e-06       65
features.12                      517    -0.247428 5.763939e-08 4.349862e-08      201
features.8                       207    -0.245079 1.352021e-07 9.738585e-08      137
features.12                      451    -0.242584 5.701597e-08 8.149751e-08      201
features.12                      403    -0.241885 5.809115e-08 1.766045e-07      201
features.12                      555    -0.238371 5.556640e-08 4.474512e-08      201
features.13                      524    -0.233796 5.737356e-08 2.862422e-08      201
features.8                        12    -0.230646 1.292751e-07 1.671043e-07      137
features.8                       142    -0.229986 1.323938e-07 2.959307e-07      137
features.8                       230    -0.229855 1.245500e-07 7.812180e-09      137
features.8                        54    -0.228148 1.312871e-07 2.917665e-07      137
features.5                        17    -0.226758 1.483069e-07 1.032746e-06       73
features.12                      137    -0.226421 5.286979e-08 4.934320e-08      201
features.8                       310    -0.219945 1.238701e-07 1.813244e-07      137
features.12                      264    -0.217872 5.324224e-08 2.296898e-07      201
features.15                      135    -0.216013 5.772914e-07 5.641649e-06      329
features.5                       124    -0.214954 1.212000e-07 6.879981e-08       73
features.8                       353    -0.213611 1.160476e-07 1.836807e-08      137
features.8                       256    -0.209945 1.155700e-07 7.416742e-08      137
features.4                       108    -0.206657 6.119153e-07 2.350897e-07       65
features.12                      565    -0.204986 4.753581e-08 1.938223e-08      201
features.13                      237    -0.204729 5.049825e-08 5.071731e-08      201
features.8                       138    -0.203949 1.140745e-07 1.389753e-07      137
features.12                      536    -0.200346 4.752818e-08 1.011313e-07      201
features.8                        13    -0.199391 1.099519e-07 7.754243e-08      137
features.15                      556    -0.199335 4.646419e-07 1.202350e-06      329
features.9                       333    -0.197557 2.947057e-08 6.952158e-08      137
features.15                      718    -0.197317 5.017176e-07 3.647351e-06      329
features.12                      215    -0.197157 4.900516e-08 2.713371e-07      201
features.12                      463    -0.195945 4.584154e-08 4.947589e-08      201
features.11                      120    -0.194892 3.176596e-07 2.708383e-07      169
features.13                      475    -0.193824 4.781203e-08 4.838631e-08      201
features.11                      331    -0.191702 3.232082e-07 6.543074e-07      169
features.15                      400    -0.191487 4.832751e-07 3.326718e-06      329
features.12                      421    -0.191164 4.475259e-08 5.054921e-08      201
features.11                       37    -0.188812 3.590771e-07 2.114700e-06      169
features.13                      210    -0.188125 4.839813e-08 2.451306e-07      201
features.12                      302    -0.182533 4.342580e-08 1.016248e-07      201
features.12                      317    -0.182257 4.260378e-08 4.329462e-08      201
features.14                      484    -0.180588 6.681480e-06 8.223764e-06      265
features.4                        81    -0.180569 5.950970e-07 2.920173e-06       65
features.12                      102    -0.180198 4.183481e-08 2.068390e-08      201
features.12                      491    -0.179459 4.364443e-08 1.729980e-07      201
features.12                       18    -0.179450 4.159819e-08 1.575052e-08      201
features.8                       358    -0.178792 9.762122e-08 3.351227e-08      137
features.16                      397    -0.178126 1.131652e-06 2.970190e-06      329
features.10                      177    -0.177068 1.832947e-07 1.943663e-06      137
features.8                       202    -0.175726 9.642330e-08 5.059671e-08      137
features.7                       141    -0.175289 7.529977e-07 7.862001e-06      105
features.16                      638    -0.174752 1.090274e-06 1.105815e-07      329
features.16                      660    -0.174545 1.090045e-06 2.600027e-07      329
features.17                      762    -0.171583 4.208941e-06 2.492119e-07      489
features.12                      225    -0.171331 4.076227e-08 9.551130e-08      201
features.12                      337    -0.170106 4.124662e-08 1.544968e-07      201
features.12                      481    -0.169598 4.436226e-08 4.031866e-07      201
features.5                         2    -0.166806 1.062268e-07 6.249757e-07       73
features.4                       106    -0.166027 4.957343e-07 3.741890e-07       65
features.17                      372    -0.165756 4.770501e-06 2.244343e-06      489
features.8                       370    -0.163674 9.375507e-08 1.933560e-07      137
features.16                      432    -0.162271 1.013965e-06 3.214234e-07      329
features.16                      264    -0.162261 1.013501e-06 2.651266e-07      329
features.15                      748    -0.162165 3.679494e-07 3.871653e-07      329
features.13                       77    -0.161040 4.215565e-08 2.820207e-07      201
features.12                      291    -0.160300 3.722036e-08 1.878029e-08      201
features.8                       248    -0.159699 9.165185e-08 1.950978e-07      137
features.12                      563    -0.158731 3.791109e-08 9.975700e-08      201
features.11                       82    -0.158261 2.614512e-07 3.461374e-07      169
features.12                      201    -0.155435 3.700144e-08 8.827345e-08      201
features.11                      260    -0.154774 2.508464e-07 1.637123e-07      169
features.17                      640    -0.152815 3.977199e-06 8.722210e-07      489
features.7                        76    -0.151756 7.525343e-07 1.675781e-05      105
features.13                      218    -0.151554 3.932638e-08 2.309704e-07      201
features.11                      379    -0.150552 2.457255e-07 2.213844e-07      169
features.12                      340    -0.150262 3.793549e-08 2.519118e-07      201
features.16                        7    -0.149739 9.338823e-07 4.735002e-08      329
features.12                      129    -0.149512 3.495496e-08 3.594299e-08      201
features.15                      579    -0.148190 3.555388e-07 1.488653e-06      329
features.8                       235    -0.147744 8.369459e-08 1.398572e-07      137
features.12                      521    -0.147107 3.598847e-08 1.581228e-07      201
features.12                       76    -0.146781 3.439695e-08 4.146998e-08      201
features.8                       261    -0.144384 8.003708e-08 7.164456e-08      137
features.8                       222    -0.144366 9.639034e-08 6.781843e-07      137
features.16                      894    -0.144360 9.202615e-07 2.846532e-06      329
features.11                      301    -0.143684 2.651357e-07 1.316257e-06      169
features.8                       118    -0.142562 7.960801e-08 9.228407e-08      137
features.10                      165    -0.141925 5.337625e-08 2.212581e-08      137
features.15                      455    -0.141536 3.460099e-07 1.800274e-06      329
features.12                       24    -0.141279 3.287069e-08 2.169517e-08      201
features.15                      816    -0.140531 3.205738e-07 4.361102e-07      329
features.13                        9    -0.139819 3.471451e-08 5.720024e-08      201
features.15                      343    -0.139701 3.273999e-07 9.463283e-07      329
features.13                      490    -0.139188 3.448267e-08 4.947486e-08      201
features.11                       26    -0.139126 2.347813e-07 4.826446e-07      169
features.8                       165    -0.137408 8.108104e-08 2.502248e-07      137
features.5                        93    -0.136783 7.911563e-08 1.372829e-07       73
features.8                       318    -0.136337 7.961378e-08 2.173154e-07      137
features.8                       295    -0.134318 7.970549e-08 2.612043e-07      137
features.12                       95    -0.132480 4.030620e-08 7.497950e-07      201
features.13                      373    -0.131744 3.296688e-08 7.950113e-08      201
features.16                      701    -0.131416 8.196886e-07 5.351226e-08      329
features.13                      169    -0.130399 3.309814e-08 1.252249e-07      201
features.8                       156    -0.129896 7.397110e-08 1.373120e-07      137
features.6                       170    -0.129762 6.091030e-08 9.698682e-07       73
features.15                      461    -0.129443 3.094185e-07 1.233176e-06      329
features.15                      564    -0.128830 3.653523e-07 4.602964e-06      329
features.12                      156    -0.127587 3.299371e-08 2.741189e-07      201
features.16                      515    -0.126461 7.895532e-07 1.595098e-07      329
features.8                       352    -0.126320 7.540945e-08 2.623365e-07      137
features.8                       141    -0.125092 6.871451e-08 3.879631e-08      137
features.15                      407    -0.124579 3.378793e-07 3.544388e-06      329
features.16                      806    -0.124500 7.763650e-07 2.433101e-08      329
features.5                        41    -0.124277 7.411751e-08 2.296866e-07       73
features.16                      166    -0.124257 7.770895e-07 3.390183e-07      329
features.15                      764    -0.124029 3.602505e-07 4.932179e-06      329
features.11                      135    -0.123937 2.457895e-07 1.752188e-06      169
features.13                      437    -0.123856 3.054884e-08 3.053650e-08      201
features.5                       116    -0.123294 7.118776e-08 1.178406e-07       73
features.12                      257    -0.123117 2.855052e-08 1.163174e-08      201
features.5                       175    -0.122376 7.557566e-08 3.478514e-07       73
features.15                      792    -0.122079 2.743733e-07 1.371856e-07      329
features.15                      486    -0.121418 3.665009e-07 5.641915e-06      329
features.12                      305    -0.121141 2.807075e-08 9.795345e-09      201
features.3                        99    -0.121081 9.357027e-08 7.740764e-08       57
features.12                      443    -0.120981 2.806342e-08 1.207787e-08      201
features.16                      705    -0.120399 7.511734e-07 7.750171e-08      329
features.8                         2    -0.119392 6.573848e-08 4.276398e-08      137
features.15                      763    -0.119222 2.891099e-07 1.378329e-06      329
features.13                       40    -0.118962 2.962574e-08 5.759003e-08      201
features.5                        99    -0.118225 9.047585e-08 1.155972e-06       73
features.15                       42    -0.117873 2.632018e-07 3.149201e-08      329
features.12                       64    -0.117867 2.746126e-08 2.099489e-08      201
features.11                      133    -0.117647 2.098739e-07 8.173532e-07      169
features.8                       167    -0.117576 1.474767e-07 3.109046e-06      137
features.11                      364    -0.116745 2.805819e-07 3.420834e-06      169
features.15                      814    -0.115890 2.732502e-07 8.823162e-07      329
features.14                      334    -0.115833 3.843265e-06 2.741988e-06      265
features.8                        24    -0.115259 6.279001e-08 1.635134e-08      137
features.10                      218    -0.115138 4.745327e-08 8.610656e-08      137
features.13                      148    -0.114255 3.227450e-08 4.354535e-07      201
features.15                      924    -0.114012 2.974830e-07 2.553498e-06      329
features.13                      279    -0.113774 3.804244e-08 1.020992e-06      201
features.12                      118    -0.113080 2.674295e-08 5.069079e-08      201
features.11                      101    -0.112104 1.808134e-07 8.692901e-08      169
features.12                      244    -0.111985 2.647775e-08 4.971265e-08      201
features.12                      283    -0.111906 2.595342e-08 1.079076e-08      201
features.15                      707    -0.111846 2.597367e-07 6.175569e-07      329
features.13                       44    -0.111141 2.768623e-08 5.461295e-08      201
features.16                      496    -0.110964 6.922456e-07 6.184792e-08      329
features.16                      273    -0.110825 6.929515e-07 2.836176e-07      329
features.8                       299    -0.110543 6.885544e-08 3.357505e-07      137
features.16                      107    -0.110381 6.896792e-07 2.126912e-07      329
features.13                       70    -0.110233 2.821453e-08 1.292500e-07      201
features.8                       258    -0.109978 6.314003e-08 1.352213e-07      137
features.5                        11    -0.109719 6.976307e-08 4.059490e-07       73
features.5                       121    -0.109283 6.852434e-08 3.591942e-07       73
features.8                       247    -0.108796 6.325875e-08 1.633083e-07      137
features.8                       174    -0.108261 6.764822e-08 3.367611e-07      137
features.17                      606    -0.108062 2.605593e-06 2.847491e-08      489
features.15                      296    -0.107945 2.570225e-07 9.691724e-07      329
features.8                       225    -0.107545 5.977952e-08 5.944191e-08      137
features.15                       79    -0.107119 2.430068e-07 2.530845e-07      329
features.16                      277    -0.106805 6.663894e-07 7.243828e-08      329
features.13                       28    -0.106733 2.640219e-08 3.396340e-08      201
features.8                       374    -0.106672 5.799395e-08 1.075536e-08      137
features.15                      715    -0.105872 2.583461e-07 1.318694e-06      329
features.13                      242    -0.104854 2.632116e-08 7.154014e-08      201
features.5                       191    -0.103474 6.004309e-08 1.129345e-07       73
features.13                      320    -0.103438 2.747901e-08 2.211207e-07      201
features.12                       78    -0.102783 2.478265e-08 8.260493e-08      201
features.16                      428    -0.102162 6.976750e-07 8.539007e-06      329
features.12                      124    -0.101676 2.435328e-08 6.921972e-08      201
features.13                      128    -0.101654 2.684210e-08 2.010939e-07      201
features.15                      789    -0.101434 2.284233e-07 1.404957e-07      329
features.12                      127    -0.101016 2.513997e-08 1.414439e-07      201
features.11                      119    -0.100981 1.643753e-07 1.325348e-07      169
features.5                        31    -0.100803 5.941624e-08 1.533534e-07       73
features.15                       41    -0.100496 2.253336e-07 8.170201e-08      329
features.16                      751    -0.100449 6.289656e-07 3.821112e-07      329
features.15                      655    -0.100423 2.241367e-07 2.084249e-08      329
features.16                      795    -0.099922 6.259363e-07 4.179395e-07      329
features.13                      264    -0.099905 2.890431e-08 4.487588e-07      201
features.8                       135    -0.099787 5.719986e-08 1.193790e-07      137
features.15                      776    -0.099710 2.568891e-07 2.040476e-06      329
features.13                      203    -0.099595 2.636842e-08 2.040039e-07      201
features.12                      551    -0.099136 2.311076e-08 1.870475e-08      201
features.8                       254    -0.099106 5.434618e-08 2.724721e-08      137
features.12                      366    -0.098993 2.458848e-08 1.349159e-07      201
features.12                      187    -0.098104 2.309395e-08 3.571834e-08      201
features.12                      466    -0.097820 2.272967e-08 1.274009e-08      201
features.15                      531    -0.097735 2.403337e-07 1.325635e-06      329
features.13                      357    -0.096874 1.220835e-07 9.792673e-06      201
features.15                      490    -0.096837 2.509471e-07 2.067589e-06      329
features.11                       79    -0.096483 1.610599e-07 2.712188e-07      169
features.13                      142    -0.096397 2.358269e-08 4.533434e-09      201
features.16                      386    -0.096391 7.097661e-07 1.529647e-05      329
features.16                      547    -0.095616 5.977395e-07 2.283485e-07      329
features.3                        13    -0.095343 8.656676e-08 1.588518e-06       57
features.15                      634    -0.095290 2.185982e-07 3.678486e-07      329
features.16                      662    -0.095074 5.978671e-07 7.212163e-07      329
features.13                      338    -0.094916 2.442669e-08 1.244658e-07      201
features.11                       96    -0.094757 1.584315e-07 2.754670e-07      169
features.12                      296    -0.094565 2.277075e-08 7.365400e-08      201
features.4                       133    -0.094396 3.042544e-07 1.219145e-06       65
features.12                      514    -0.093846 2.255152e-08 6.956230e-08      201
features.16                      457    -0.093694 5.841702e-07 5.302451e-09      329
features.16                      136    -0.093578 5.848755e-07 2.057389e-07      329
features.13                       29    -0.093329 2.336572e-08 5.746335e-08      201
features.15                      752    -0.093256 2.093604e-07 9.106626e-08      329
features.15                      305    -0.092000 2.249289e-07 1.171268e-06      329
features.8                       320    -0.091858 5.938535e-08 3.593825e-07      137
features.11                      201    -0.091032 1.712866e-07 9.533178e-07      169
features.12                       72    -0.090703 1.113306e-07 6.954599e-06      201
features.15                      875    -0.090509 2.025842e-07 5.263879e-08      329
features.16                      804    -0.089912 5.618993e-07 1.891412e-07      329
features.8                       220    -0.089348 4.906102e-08 2.700911e-08      137
features.13                       15    -0.088966 2.190213e-08 1.785798e-08      201
features.8                         9    -0.088112 4.787050e-08 7.653017e-09      137
features.15                      224    -0.088033 2.046709e-07 4.998242e-07      329
features.15                      390    -0.087858 1.974865e-07 1.002134e-07      329
features.8                         3    -0.087776 5.402415e-08 2.424984e-07      137
features.15                      554    -0.086898 1.953615e-07 1.010305e-07      329
features.12                      356    -0.085590 2.009364e-08 2.697412e-08      201
features.11                      224    -0.085378 1.709976e-07 1.267619e-06      169
features.10                       16    -0.085080 3.174846e-08 9.173886e-09      137
features.8                       345    -0.084726 4.931164e-08 1.289769e-07      137
features.15                       23    -0.084648 2.096256e-07 1.234834e-06      329
features.15                      210    -0.084060 1.885356e-07 7.162059e-08      329
features.12                      330    -0.083911 1.938851e-08 2.529975e-09      201
features.12                      452    -0.083901 1.987798e-08 4.036508e-08      201
features.12                      104    -0.083572 2.010229e-08 6.345471e-08      201
features.16                      925    -0.083330 5.262090e-07 9.400989e-07      329
features.12                      198    -0.083312 1.954773e-08 2.540309e-08      201
features.8                       280    -0.083090 4.496014e-08 4.701902e-10      137
features.5                       166    -0.082695 4.716754e-08 5.183936e-08       73
features.11                      128    -0.081947 1.317348e-07 4.775746e-08      169
features.12                       11    -0.081715 2.015238e-08 1.002487e-07      201
features.15                      760    -0.081664 2.001084e-07 1.066146e-06      329
features.16                      422    -0.081505 5.084888e-07 4.854945e-08      329
features.15                      954    -0.081389 1.911404e-07 5.747409e-07      329
features.16                      230    -0.081379 5.100495e-07 3.787307e-07      329
features.17                      883    -0.081308 2.132781e-06 5.113912e-07      489
features.15                      108    -0.081280 1.942506e-07 7.719369e-07      329
features.8                       293    -0.081111 4.646825e-08 9.605698e-08      137
features.16                      887    -0.080852 5.211804e-07 2.405517e-06      329
features.11                       65    -0.080815 1.412663e-07 4.567235e-07      169
features.16                      276    -0.080778 5.038736e-07 3.731245e-08      329
features.15                      721    -0.080661 1.819630e-07 1.305043e-07      329
features.16                      586    -0.080622 5.031298e-07 6.943809e-08      329
features.15                       52    -0.080234 1.797337e-07 5.527736e-08      329
features.15                      219    -0.079911 1.795412e-07 8.629540e-08      329
features.12                        2    -0.079911 2.033913e-08 1.466381e-07      201
features.12                      209    -0.079097 1.849621e-08 1.931186e-08      201
features.16                      748    -0.078987 4.959106e-07 4.872994e-07      329
features.15                      137    -0.078762 1.761678e-07 3.857601e-08      329
features.16                      731    -0.078607 4.915919e-07 2.131216e-07      329
features.17                      558    -0.078602 2.185939e-06 8.474353e-07      489
features.8                        59    -0.078583 4.499849e-08 9.227331e-08      137
features.16                      330    -0.078446 4.894838e-07 5.792936e-08      329
features.8                       356    -0.078323 4.294516e-08 2.138224e-08      137
features.5                        46    -0.078312 4.960872e-08 2.810885e-07       73
features.5                       122    -0.078231 4.549353e-08 8.999573e-08       73
features.8                       341    -0.078147 4.254982e-08 1.024239e-08      137
features.8                       215    -0.078019 4.427166e-08 7.663423e-08      137
features.16                      740    -0.077741 4.849891e-07 4.404910e-08      329
features.12                      193    -0.077659 1.863831e-08 5.576383e-08      201
features.15                      340    -0.077430 2.077887e-07 2.072753e-06      329
features.12                      148    -0.077238 1.790754e-08 7.005688e-09      201
features.16                      625    -0.076634 4.798757e-07 2.952412e-07      329
features.8                       182    -0.076578 4.361171e-08 8.106311e-08      137
features.8                       252    -0.076449 5.176587e-08 3.859173e-07      137
features.13                      168    -0.076385 1.965179e-08 9.958654e-08      201
features.15                      653    -0.075937 1.807066e-07 6.756233e-07      329
features.8                        68    -0.075768 4.284203e-08 6.877270e-08      137
features.8                       375    -0.075194 1.538879e-07 4.196520e-06      137
features.15                      248    -0.074707 1.699049e-07 2.016803e-07      329
features.13                      241    -0.074644 1.839740e-08 1.708067e-08      201
features.8                       346    -0.074562 4.224085e-08 7.067128e-08      137
features.15                      238    -0.074406 2.285108e-07 3.687683e-06      329
features.11                      281    -0.074081 1.206840e-07 1.006797e-07      169
features.13                      496    -0.073994 2.236327e-08 4.274190e-07      201
features.15                       66    -0.073722 1.854701e-07 1.246116e-06      329
features.15                      604    -0.073484 3.025386e-07 8.162130e-06      329
features.15                      221    -0.073451 1.704591e-07 3.988406e-07      329
features.16                      384    -0.073363 4.633794e-07 8.430207e-07      329
features.15                      495    -0.073150 1.646681e-07 9.774400e-08      329
features.15                      877    -0.073003 1.981458e-07 2.085814e-06      329
features.12                      200    -0.072912 1.739179e-08 4.410662e-08      201
features.13                      445    -0.072900 1.923340e-08 1.426077e-07      201
features.12                      529    -0.072879 1.763827e-08 6.364124e-08      201
features.8                       144    -0.072783 3.998254e-08 2.264381e-08      137
features.16                      836    -0.072505 4.563109e-07 6.015235e-07      329
features.15                       78    -0.072472 1.674380e-07 3.494848e-07      329
features.15                       32    -0.072364 1.619083e-07 3.841996e-08      329
features.8                       307    -0.072295 4.394461e-08 1.792997e-07      137
features.16                      466    -0.072281 4.510540e-07 5.939527e-08      329
features.16                      351    -0.072258 4.537778e-07 4.619951e-07      329
features.15                      159    -0.072195 2.011788e-07 2.370015e-06      329
features.11                       57    -0.072059 1.211965e-07 2.353117e-07      169
features.12                      312    -0.072050 2.290755e-08 4.836975e-07      201
features.16                      181    -0.071916 4.487189e-07 5.028808e-08      329
features.16                      691    -0.071827 4.496059e-07 2.536005e-07      329
features.4                       118    -0.071721 2.743524e-07 2.866233e-06       65
features.8                       100    -0.071639 3.986772e-08 4.132452e-08      137
features.12                       63    -0.071622 2.240656e-08 4.527526e-07      201
features.12                      228    -0.071282 1.659829e-08 1.198895e-08      201
features.12                      461    -0.071219 1.686982e-08 3.398277e-08      201
features.11                      362    -0.071168 1.213836e-07 2.932538e-07      169
features.15                      525    -0.070442 1.593081e-07 1.374103e-07      329
features.16                      438    -0.070366 4.402027e-07 2.119005e-07      329
features.15                      239    -0.070228 1.571978e-07 4.125224e-08      329
features.15                      803    -0.069910 1.566501e-07 5.083494e-08      329
features.15                      409    -0.069793 1.560767e-07 3.235899e-08      329
features.12                      396    -0.069290 1.610928e-08 9.718111e-09      201
features.16                      707    -0.069235 4.325751e-07 1.307389e-07      329
features.17                      412    -0.069210 1.685679e-06 6.625927e-08      489
features.15                      405    -0.069143 1.547123e-07 3.734521e-08      329
features.8                        82    -0.069095 3.864764e-08 4.710497e-08      137
features.8                       116    -0.068710 1.118926e-07 2.769855e-06      137
features.6                       183    -0.068530 3.161706e-08 1.219007e-07       73
features.16                      116    -0.067925 4.262781e-07 3.939623e-07      329
