================================================================================
Channel Pruning Log
  dataset    : UTKFace
  impt_type  : 2
  seed       : 42
  iteration  : 26
  alpha      : 0.7000
  norm       : max
  timestamp  : 2026-09-09 11:38:30
  remove_target  : 23552
  accum_removed  : 23699
  selected_channels : 91
  gamma             : 0.0050
  cap_multiplier    : None
  remove_target_met : yes
  total_params   : 2192320
  active_after   : 1331402
  model_sparsity : 39.3%
================================================================================

[ 레이어별 채널 제거 비율 ]
  layer                total_ch  this_iter    cumul  cumul_%
  ----------------------------------------------------------
  features.1                 32          0       22    68.8%
  features.2                 96          0       42    43.8%
  features.3                144          0       29    20.1%
  features.4                144          0       51    35.4%
  features.5                192          0       24    12.5%
  features.6                192          0      123    64.1%
  features.7                192          0       10     5.2%
  features.8                384          0      110    28.6%
  features.9                384          2      217    56.5%
  features.10               384          3      155    40.4%
  features.11               384         12      217    56.5%
  features.12               576         21      320    55.6%
  features.13               576         12      396    68.8%
  features.14               576          4      237    41.1%
  features.15               960         14      520    54.2%
  features.16               960         16      546    56.9%
  features.17               960          7      371    38.6%

[ 레이어별 보호 영역 (γ=0.0050) ]
  layer                  active  protected  protect_%
  --------------------------------------------------
  features.1                 10          1      10.0%
  features.2                 54          1       1.9%
  features.3                115          1       0.9%
  features.4                 93          1       1.1%
  features.5                168          1       0.6%
  features.6                 69          1       1.4%
  features.7                182          1       0.5%
  features.8                274          2       0.7%
  features.9                169          1       0.6%
  features.10               232          2       0.9%
  features.11               179          1       0.6%
  features.12               277          2       0.7%
  features.13               192          1       0.5%
  features.14               343          2       0.6%
  features.15               454          3       0.7%
  features.16               430          3       0.7%
  features.17               596          3       0.5%

[ 블록별 제거 채널 수 ]
  features.10: 3채널 제거
  features.11: 12채널 제거
  features.12: 21채널 제거
  features.13: 12채널 제거
  features.14: 4채널 제거
  features.15: 14채널 제거
  features.16: 16채널 제거
  features.17: 7채널 제거
  features.9: 2채널 제거

[ 선택된 채널 상세 ]
  (phi/perf: raw, phi_n/perf_n: 정규화 후 값 — score = α·perf_n − (1−α)·phi_n)
block                             ch        score          phi         perf    phi_n   perf_n  weights
----------------------------------------------------------------------------------------------------
features.13                       51    -0.289135 1.258915e-07 3.197735e-06   1.0000   0.0155      201
features.12                      505    -0.259944 1.112298e-07 4.777203e-06   1.0000   0.0572      201
features.12                      166    -0.257434 9.960798e-08 1.337950e-06   0.8955   0.0160      201
features.15                       52    -0.253932 4.197568e-07 3.187651e-07   0.8541   0.0033      329
features.15                      254    -0.253228 4.241106e-07 7.880564e-07   0.8629   0.0081      329
features.9                        68    -0.239625 1.510242e-07 1.693935e-07   0.8095   0.0046      137
features.13                       97    -0.238005 1.096932e-07 6.886327e-06   0.8713   0.0334      201
features.13                      351    -0.225181 9.732070e-08 1.981937e-06   0.7730   0.0096      201
features.12                       47    -0.224848 8.723449e-08 1.244186e-06   0.7843   0.0149      201
features.16                       13    -0.224833 5.524936e-07 2.899492e-06   0.7758   0.0113      329
features.12                      310    -0.222159 8.630967e-08 1.267387e-06   0.7760   0.0152      201
features.11                       92    -0.219887 5.173932e-07 3.329042e-06   0.7603   0.0117      169
features.15                      651    -0.219886 4.914877e-07 1.118448e-05   1.0000   0.1144      329
features.17                      306    -0.219294 1.081697e-06 2.145619e-07   0.7812   0.0215      489
features.12                      136    -0.215520 8.191753e-08 6.463275e-07   0.7365   0.0077      201
features.15                      285    -0.215060 3.531048e-07 6.583112e-08   0.7184   0.0007      329
features.9                       329    -0.214280 1.438837e-07 8.963809e-07   0.7712   0.0244      137
features.12                       19    -0.210130 8.063579e-08 8.769465e-07   0.7249   0.0105      201
features.15                      160    -0.210037 3.444642e-07 3.077875e-08   0.7009   0.0003      329
features.12                       79    -0.208132 7.941117e-08 7.212138e-07   0.7139   0.0086      201
features.11                        6    -0.207227 5.424521e-07 1.295962e-05   0.7971   0.0456      169
features.12                      324    -0.205644 7.817280e-08 6.195950e-07   0.7028   0.0074      201
features.12                      120    -0.204991 7.875951e-08 8.862277e-07   0.7081   0.0106      201
features.15                      688    -0.203151 3.359775e-07 2.689656e-07   0.6836   0.0028      329
features.15                      328    -0.202290 3.521953e-07 1.771210e-06   0.7166   0.0181      329
features.12                      443    -0.201242 7.522111e-08 1.951843e-07   0.6763   0.0023      201
features.16                      309    -0.200276 4.780347e-07 4.014739e-07   0.6712   0.0016      329
features.11                      118    -0.199877 5.057419e-07 9.371111e-06   0.7432   0.0330      169
features.13                       63    -0.198186 8.411634e-08 6.660375e-07   0.6682   0.0032      201
features.13                      376    -0.198052 8.465722e-08 1.084858e-06   0.6725   0.0053      201
features.13                      250    -0.196711 8.395316e-08 9.857660e-07   0.6669   0.0048      201
features.11                        4    -0.196231 4.662926e-07 3.787724e-06   0.6852   0.0133      169
features.12                      169    -0.195994 7.540782e-08 8.812036e-07   0.6779   0.0106      201
features.15                      845    -0.194275 3.759339e-07 4.912995e-06   0.7649   0.0503      329
features.17                      505    -0.193958 9.139456e-07 5.770029e-08   0.6600   0.0058      489
features.12                      128    -0.192290 9.076575e-08 6.263346e-06   0.8160   0.0750      201
features.16                      895    -0.191549 4.697764e-07 2.327206e-06   0.6596   0.0091      329
features.13                      361    -0.191278 8.647740e-08 4.355742e-06   0.6869   0.0211      201
features.13                      121    -0.190088 8.157140e-08 1.264634e-06   0.6479   0.0061      201
features.11                      255    -0.189561 5.098902e-07 1.430461e-05   0.7492   0.0503      169
features.13                       84    -0.187010 7.884009e-08 2.545970e-07   0.6262   0.0012      201
features.17                      289    -0.186899 9.014306e-07 1.196600e-07   0.6510   0.0120      489
features.16                        4    -0.185183 4.409523e-07 2.080594e-07   0.6192   0.0008      329
features.11                      365    -0.185116 4.276133e-07 1.376407e-06   0.6283   0.0048      169
features.15                      215    -0.183834 3.073560e-07 5.268229e-07   0.6254   0.0054      329
features.16                      892    -0.183418 4.393696e-07 6.107176e-07   0.6169   0.0024      329
features.12                      375    -0.183053 7.179192e-08 1.261448e-06   0.6454   0.0151      201
features.16                      146    -0.182272 4.347886e-07 3.234256e-07   0.6105   0.0013      329
features.16                      728    -0.182203 4.355246e-07 4.622021e-07   0.6115   0.0018      329
features.16                      789    -0.181546 4.326160e-07 2.537505e-07   0.6075   0.0010      329
features.16                      591    -0.181463 4.324185e-07 2.538827e-07   0.6072   0.0010      329
features.17                       61    -0.181355 9.814499e-07 4.457389e-07   0.7088   0.0447      489
features.17                      335    -0.180865 8.841729e-07 1.523698e-07   0.6385   0.0153      489
features.11                      157    -0.180530 4.835097e-07 1.324926e-05   0.7105   0.0466      169
features.15                      190    -0.180415 2.973862e-07 1.545213e-07   0.6051   0.0016      329
features.11                       40    -0.178878 4.178482e-07 2.161752e-06   0.6140   0.0076      169
features.16                      656    -0.178700 4.247316e-07 7.935121e-08   0.5964   0.0003      329
features.14                      552    -0.178588 1.800711e-06 3.588501e-07   0.6591   0.0273      265
features.17                      788    -0.177517 8.537639e-07 1.061843e-07   0.6166   0.0106      489
features.12                       32    -0.175840 7.148520e-08 2.023133e-06   0.6427   0.0242      201
features.13                       66    -0.175648 7.600850e-08 1.612914e-06   0.6038   0.0078      201
features.11                      257    -0.173805 3.981526e-07 6.954131e-07   0.5851   0.0024      169
features.16                      952    -0.173140 4.115986e-07 8.977912e-08   0.5779   0.0003      329
features.16                      615    -0.173089 4.137339e-07 4.385643e-07   0.5809   0.0017      329
features.15                      862    -0.172401 2.872756e-07 4.117860e-07   0.5845   0.0042      329
features.12                      134    -0.172361 6.456493e-08 2.118685e-07   0.5805   0.0025      201
features.10                      173    -0.171215 1.766079e-07 1.983982e-07   0.5985   0.0119      137
features.14                      377    -0.170773 1.605145e-06 1.027589e-07   0.5875   0.0078      265
features.15                      180    -0.168531 2.806123e-07 3.842592e-07   0.5709   0.0039      329
features.15                      380    -0.168049 2.833782e-07 6.872320e-07   0.5766   0.0070      329
features.10                       92    -0.167645 1.761289e-07 2.717383e-07   0.5969   0.0163      137
features.12                      538    -0.166782 6.381813e-08 6.370900e-07   0.5737   0.0076      201
features.14                      270    -0.166746 1.783527e-06 5.455130e-07   0.6528   0.0416      265
features.15                      226    -0.165877 3.002210e-07 2.425669e-06   0.6108   0.0248      329
features.12                       87    -0.165751 6.420987e-08 8.860063e-07   0.5773   0.0106      201
features.11                       53    -0.165451 4.329951e-07 1.032886e-05   0.6363   0.0363      169
features.13                      467    -0.163864 6.942008e-08 4.602499e-07   0.5514   0.0022      201
features.11                      210    -0.163162 3.920318e-07 3.922815e-06   0.5761   0.0138      169
features.12                      302    -0.163135 6.331372e-08 9.097748e-07   0.5692   0.0109      201
features.13                      135    -0.162697 6.921643e-08 6.607237e-07   0.5498   0.0032      201
features.16                      367    -0.162620 3.933979e-07 1.136607e-06   0.5524   0.0044      329
features.16                      943    -0.162447 3.902267e-07 7.097692e-07   0.5479   0.0028      329
features.14                       42    -0.162062 1.571780e-06 1.973862e-07   0.5753   0.0150      265
features.12                      381    -0.161915 6.103492e-08 3.222040e-07   0.5487   0.0039      201
features.12                      248    -0.161733 7.023534e-08 3.303588e-06   0.6314   0.0396      201
features.16                      660    -0.161415 3.843153e-07 1.747424e-07   0.5396   0.0007      329
features.12                      129    -0.161391 6.214841e-08 7.429967e-07   0.5587   0.0089      201
features.11                       93    -0.161301 3.968327e-07 5.538736e-06   0.5831   0.0195      169
features.16                      595    -0.160848 3.841341e-07 3.549476e-07   0.5394   0.0014      329
features.10                       64    -0.160571 1.832155e-07 6.113210e-07   0.6209   0.0367      137
features.17                      903    -0.160486 8.444381e-07 3.201162e-07   0.6098   0.0321      489
