================================================================================
Channel Pruning Log
  dataset    : UTKFace
  impt_type  : 2
  seed       : 42
  iteration  : 39
  alpha      : 0.7000
  norm       : max
  timestamp  : 2026-09-09 12:23:18
  remove_target  : 16916
  accum_removed  : 16966
  selected_channels : 94
  gamma             : 0.0050
  cap_multiplier    : None
  remove_target_met : yes
  total_params   : 2192320
  active_after   : 1072707
  model_sparsity : 51.1%
================================================================================

[ 레이어별 채널 제거 비율 ]
  layer                total_ch  this_iter    cumul  cumul_%
  ----------------------------------------------------------
  features.1                 32          0       23    71.9%
  features.2                 96          1       75    78.1%
  features.3                144          1       50    34.7%
  features.4                144          0       91    63.2%
  features.5                192          0       83    43.2%
  features.6                192          2      161    83.9%
  features.7                192         11       56    29.2%
  features.8                384          3      166    43.2%
  features.9                384          4      289    75.3%
  features.10               384          4      265    69.0%
  features.11               384         22      335    87.2%
  features.12               576         35      461    80.0%
  features.13               576          0      428    74.3%
  features.14               576          5      429    74.5%
  features.15               960          6      762    79.4%
  features.16               960          0      564    58.8%
  features.17               960          0      407    42.4%

[ 레이어별 보호 영역 (γ=0.0050) ]
  layer                  active  protected  protect_%
  --------------------------------------------------
  features.1                  9          1      11.1%
  features.2                 22          1       4.5%
  features.3                 95          1       1.1%
  features.4                 53          1       1.9%
  features.5                109          1       0.9%
  features.6                 33          1       3.0%
  features.7                147          1       0.7%
  features.8                221          2       0.9%
  features.9                 99          1       1.0%
  features.10               123          1       0.8%
  features.11                71          1       1.4%
  features.12               150          1       0.7%
  features.13               148          1       0.7%
  features.14               152          1       0.7%
  features.15               204          2       1.0%
  features.16               396          2       0.5%
  features.17               553          3       0.5%

[ 블록별 제거 채널 수 ]
  features.10: 4채널 제거
  features.11: 22채널 제거
  features.12: 35채널 제거
  features.14: 5채널 제거
  features.15: 6채널 제거
  features.2: 1채널 제거
  features.3: 1채널 제거
  features.6: 2채널 제거
  features.7: 11채널 제거
  features.8: 3채널 제거
  features.9: 4채널 제거

[ 선택된 채널 상세 ]
  (phi/perf: raw, phi_n/perf_n: 정규화 후 값 — score = α·perf_n − (1−α)·phi_n)
block                             ch        score          phi         perf    phi_n   perf_n  weights
----------------------------------------------------------------------------------------------------
features.11                      380    -0.295569 6.391987e-07 2.132745e-05   1.0000   0.0063      169
features.12                      160    -0.289283 1.485889e-07 8.607497e-06   1.0000   0.0153      201
features.11                      239    -0.278151 6.036211e-07 2.479638e-05   0.9443   0.0074      169
features.11                      258    -0.268525 5.801772e-07 1.816463e-05   0.9077   0.0054      169
features.11                       90    -0.260087 5.572875e-07 7.068765e-06   0.8719   0.0021      169
features.11                      339    -0.249455 5.661239e-07 7.821988e-05   0.8857   0.0232      169
features.12                       40    -0.237251 1.198516e-07 3.796940e-06   0.8066   0.0068      201
features.11                        0    -0.224481 6.361029e-07 3.565598e-04   0.9952   0.1058      169
features.9                       344    -0.219295 3.949309e-07 1.617169e-05   0.9473   0.0927      137
features.12                      462    -0.218565 1.098688e-07 2.616804e-06   0.7394   0.0047      201
features.12                       95    -0.216826 1.325077e-07 4.073251e-05   0.8918   0.0724      201
features.12                      536    -0.212396 1.062639e-07 1.726267e-06   0.7151   0.0031      201
features.11                      179    -0.208654 4.487152e-07 9.360053e-06   0.7020   0.0028      169
features.12                      190    -0.200947 1.008611e-07 2.160589e-06   0.6788   0.0038      201
features.11                       96    -0.184561 4.036449e-07 2.351287e-05   0.6315   0.0070      169
features.9                        95    -0.179293 2.746594e-07 4.574218e-06   0.6588   0.0262      137
features.12                      539    -0.177846 9.916150e-08 1.796161e-05   0.6674   0.0319      201
features.10                      326    -0.173378 2.380757e-07 7.759403e-07   0.6285   0.0217      137
features.10                       26    -0.168455 2.662241e-07 2.168365e-06   0.7028   0.0605      137
features.12                      413    -0.167531 1.047999e-07 3.539293e-05   0.7053   0.0629      201
features.10                      235    -0.165816 3.788114e-07 6.865292e-06   1.0000   0.1917      137
features.11                      308    -0.164450 3.528598e-07 5.586046e-06   0.5520   0.0017      169
features.12                      452    -0.163361 8.239522e-08 2.404763e-06   0.5545   0.0043      201
features.15                      624    -0.161721 4.928870e-07 1.615138e-06   0.5551   0.0069      329
features.12                      309    -0.160492 8.039945e-08 1.472327e-06   0.5411   0.0026      201
features.12                      406    -0.158896 7.961133e-08 1.476319e-06   0.5358   0.0026      201
features.12                      527    -0.152507 8.130342e-08 9.353443e-06   0.5472   0.0166      201
features.11                      301    -0.149791 3.364164e-07 3.900363e-05   0.5263   0.0116      169
features.7                        11    -0.149347 2.567672e-06 5.829340e-06   0.8226   0.1392      105
features.11                       15    -0.144015 3.580888e-07 1.157731e-04   0.5602   0.0344      169
features.7                        75    -0.142690 3.075279e-06 9.146323e-06   0.9852   0.2184      105
features.11                       79    -0.141546 3.071861e-07 1.265061e-05   0.4806   0.0038      169
features.11                       65    -0.141502 3.341575e-07 7.380356e-05   0.5228   0.0219      169
features.11                       42    -0.133608 3.543489e-07 1.574270e-04   0.5544   0.0467      169
features.7                       112    -0.131890 2.854108e-06 8.520724e-06   0.9144   0.2035      105
features.11                      342    -0.127496 3.335653e-07 1.398898e-04   0.5218   0.0415      169
features.12                       37    -0.123916 6.177815e-08 6.529665e-07   0.4158   0.0012      201
features.14                      512    -0.117792 4.329213e-06 1.219262e-05   1.0000   0.2603      265
features.7                        17    -0.115653 2.056698e-06 4.906990e-06   0.6589   0.1172      105
features.12                      442    -0.114911 5.861891e-08 2.763196e-06   0.3945   0.0049      201
features.15                      770    -0.114189 3.615601e-07 2.672333e-06   0.4072   0.0114      329
features.12                      555    -0.111962 5.692151e-08 2.379142e-06   0.3831   0.0042      201
features.10                      245    -0.111789 1.594360e-07 7.406500e-07   0.4209   0.0207      137
features.12                      345    -0.111057 5.920920e-08 6.816560e-06   0.3985   0.0121      201
features.15                      583    -0.110903 3.480746e-07 2.246918e-06   0.3920   0.0096      329
features.12                      521    -0.109674 5.580124e-08 2.400097e-06   0.3755   0.0043      201
features.12                       39    -0.109534 6.525452e-08 1.784439e-05   0.4392   0.0317      201
features.12                      370    -0.107830 6.587874e-08 2.022613e-05   0.4434   0.0360      201
features.12                        5    -0.106686 5.334446e-08 8.157170e-07   0.3590   0.0015      201
features.15                      292    -0.106355 3.165412e-07 2.019334e-07   0.3565   0.0009      329
features.6                        23    -0.105687 3.515615e-08 2.006374e-05   0.3613   0.0039       73
features.14                      541    -0.105115 1.929414e-06 1.912892e-06   0.4457   0.0408      265
features.7                        70    -0.104737 1.728469e-06 3.672737e-06   0.5538   0.0877      105
features.9                       255    -0.104041 1.588305e-07 2.555872e-06   0.3810   0.0147      137
features.11                       20    -0.102846 2.204839e-07 3.056368e-06   0.3449   0.0009      169
features.12                      351    -0.102727 5.101663e-08 2.205950e-07   0.3433   0.0004      201
features.7                        98    -0.102101 1.388069e-06 1.873179e-06   0.4447   0.0447      105
features.8                       221    -0.102035 2.220144e-07 1.335704e-06   0.3834   0.0185      137
features.8                       356    -0.100895 2.123451e-07 9.373324e-07   0.3667   0.0130      137
features.11                      311    -0.100509 2.311636e-07 3.843729e-05   0.3616   0.0114      169
features.15                      857    -0.100392 3.294220e-07 3.656401e-06   0.3710   0.0156      329
features.15                      761    -0.100309 3.159319e-07 2.157665e-06   0.3558   0.0092      329
features.11                      119    -0.100159 2.232471e-07 2.223874e-05   0.3493   0.0066      169
features.14                      300    -0.099794 1.504703e-06 2.995631e-07   0.3476   0.0064      265
features.7                        43    -0.099727 2.682832e-06 9.460019e-06   0.8595   0.2259      105
features.12                      343    -0.098766 5.019942e-08 2.077065e-06   0.3378   0.0037      201
features.12                      155    -0.098494 4.995887e-08 1.905347e-06   0.3362   0.0034      201
features.7                         5    -0.098261 1.354953e-06 1.912448e-06   0.4341   0.0457      105
features.12                      200    -0.096908 4.882318e-08 1.337742e-06   0.3286   0.0024      201
features.12                       98    -0.095340 4.777615e-08 8.993634e-07   0.3215   0.0016      201
features.7                       133    -0.094811 1.253693e-06 1.536637e-06   0.4017   0.0367      105
features.12                      196    -0.094638 4.874978e-08 3.042132e-06   0.3281   0.0054      201
features.11                       52    -0.094549 2.049369e-07 7.872097e-06   0.3206   0.0023      169
features.12                      440    -0.094147 4.859760e-08 3.189439e-06   0.3271   0.0057      201
features.12                      377    -0.093933 8.973231e-08 7.007764e-05   0.6039   0.1246      201
features.12                      506    -0.093456 5.382480e-08 1.222280e-05   0.3622   0.0217      201
features.14                      400    -0.093342 1.380526e-06 1.555000e-07   0.3189   0.0033      265
features.6                       145    -0.093218 3.040365e-08 3.916930e-06   0.3125   0.0008       73
features.11                       29    -0.091918 2.407206e-07 1.013876e-04   0.3766   0.0301      169
features.8                       339    -0.091353 2.819380e-07 5.631318e-06   0.4868   0.0781      137
features.11                      272    -0.090562 2.023071e-07 2.112390e-05   0.3165   0.0063      169
features.12                       10    -0.090004 4.524511e-08 1.080578e-06   0.3045   0.0019      201
features.12                       63    -0.089829 4.835605e-08 6.266356e-06   0.3254   0.0111      201
features.12                      243    -0.089487 4.465281e-08 5.348542e-07   0.3005   0.0010      201
features.7                       153    -0.089407 1.165412e-06 1.352332e-06   0.3734   0.0323      105
features.3                       134    -0.089294 8.928601e-08 6.593165e-05   0.3344   0.0158       57
features.14                      424    -0.089069 1.449946e-06 7.633056e-07   0.3349   0.0163      265
features.2                        69    -0.088908 2.879785e-07 6.156641e-04   0.2975   0.0005       49
features.12                      400    -0.088181 4.727300e-08 5.834162e-06   0.3181   0.0104      201
features.12                      308    -0.088038 6.195978e-08 2.976915e-05   0.4170   0.0529      201
features.9                       370    -0.087985 1.309356e-07 1.554691e-06   0.3141   0.0089      137
features.12                      566    -0.087490 4.509117e-08 2.850088e-06   0.3035   0.0051      201
features.7                        21    -0.087108 1.118604e-06 1.220728e-06   0.3584   0.0291      105
features.11                      277    -0.085756 2.049787e-07 5.029591e-05   0.3207   0.0149      169
