================================================================================
Channel Pruning Log
  dataset    : UTKFace
  impt_type  : 2
  seed       : 42
  iteration  : 35
  alpha      : 0.7000
  norm       : max
  timestamp  : 2026-09-09 12:09:36
  remove_target  : 18730
  accum_removed  : 18742
  selected_channels : 86
  gamma             : 0.0050
  cap_multiplier    : None
  remove_target_met : yes
  total_params   : 2192320
  active_after   : 1143478
  model_sparsity : 47.8%
================================================================================

[ 레이어별 채널 제거 비율 ]
  layer                total_ch  this_iter    cumul  cumul_%
  ----------------------------------------------------------
  features.1                 32          0       23    71.9%
  features.2                 96          2       72    75.0%
  features.3                144          0       47    32.6%
  features.4                144          0       85    59.0%
  features.5                192          3       49    25.5%
  features.6                192          0      154    80.2%
  features.7                192          2       23    12.0%
  features.8                384          0      144    37.5%
  features.9                384          9      270    70.3%
  features.10               384          6      230    59.9%
  features.11               384          9      287    74.7%
  features.12               576         10      376    65.3%
  features.13               576          1      427    74.1%
  features.14               576         32      378    65.6%
  features.15               960         12      730    76.0%
  features.16               960          0      563    58.6%
  features.17               960          0      400    41.7%

[ 레이어별 보호 영역 (γ=0.0050) ]
  layer                  active  protected  protect_%
  --------------------------------------------------
  features.1                  9          1      11.1%
  features.2                 26          1       3.8%
  features.3                 97          1       1.0%
  features.4                 59          1       1.7%
  features.5                146          1       0.7%
  features.6                 38          1       2.6%
  features.7                171          1       0.6%
  features.8                240          2       0.8%
  features.9                123          1       0.8%
  features.10               160          1       0.6%
  features.11               106          1       0.9%
  features.12               210          2       1.0%
  features.13               150          1       0.7%
  features.14               230          2       0.9%
  features.15               242          2       0.8%
  features.16               397          2       0.5%
  features.17               560          3       0.5%

[ 블록별 제거 채널 수 ]
  features.10: 6채널 제거
  features.11: 9채널 제거
  features.12: 10채널 제거
  features.13: 1채널 제거
  features.14: 32채널 제거
  features.15: 12채널 제거
  features.2: 2채널 제거
  features.5: 3채널 제거
  features.7: 2채널 제거
  features.9: 9채널 제거

[ 선택된 채널 상세 ]
  (phi/perf: raw, phi_n/perf_n: 정규화 후 값 — score = α·perf_n − (1−α)·phi_n)
block                             ch        score          phi         perf    phi_n   perf_n  weights
----------------------------------------------------------------------------------------------------
features.15                      284    -0.217296 6.023362e-07 1.510625e-05   1.0000   0.1181      329
features.14                      156    -0.199856 1.807405e-06 1.219270e-06   0.7676   0.0435      265
features.14                      292    -0.184987 2.354626e-06 4.609303e-06   1.0000   0.1643      265
features.14                      455    -0.161185 1.610398e-06 1.763102e-06   0.6839   0.0628      265
features.11                      292    -0.146249 6.814573e-07 2.317286e-05   0.5468   0.0254      169
features.14                      347    -0.143449 1.786218e-06 3.371673e-06   0.7586   0.1202      265
features.14                      278    -0.139969 1.316833e-06 1.114412e-06   0.5593   0.0397      265
features.9                       252    -0.139882 2.081950e-07 5.169368e-06   0.5522   0.0368      137
features.14                      389    -0.138715 1.223896e-06 6.901130e-07   0.5198   0.0246      265
features.14                      572    -0.137728 1.232917e-06 7.757171e-07   0.5236   0.0277      265
features.14                      550    -0.135724 1.266152e-06 1.025753e-06   0.5377   0.0366      265
features.5                        56    -0.133439 1.625951e-07 2.429568e-05   0.5443   0.0426       73
features.15                      245    -0.129439 3.684008e-07 9.871968e-06   0.6116   0.0772      329
features.14                      456    -0.127659 1.254803e-06 1.291031e-06   0.5329   0.0460      265
features.14                      241    -0.126867 1.232093e-06 1.206816e-06   0.5233   0.0430      265
features.14                      265    -0.122893 1.166363e-06 1.030423e-06   0.4953   0.0367      265
features.14                      331    -0.122741 9.975483e-07 1.745464e-07   0.4237   0.0062      265
features.9                       283    -0.121440 1.601490e-07 1.201600e-06   0.4248   0.0086      137
features.14                      436    -0.120842 1.158249e-06 1.071196e-06   0.4919   0.0382      265
features.9                       343    -0.120785 1.568313e-07 8.037066e-07   0.4160   0.0057      137
features.10                      128    -0.119695 1.830826e-07 9.615084e-07   0.4527   0.0230      137
features.11                      317    -0.119368 5.663894e-07 2.210900e-05   0.4544   0.0242      169
features.14                      211    -0.115215 1.304535e-06 2.043681e-06   0.5540   0.0728      265
features.2                        38    -0.115059 5.867103e-07 4.048735e-01   1.0000   0.2642       49
features.12                      509    -0.114592 1.000348e-07 3.956336e-06   0.4367   0.0235      201
features.11                      224    -0.113063 6.946640e-07 7.057122e-05   0.5574   0.0773      169
features.14                      348    -0.111130 1.206088e-06 1.704706e-06   0.5122   0.0608      265
features.12                      165    -0.110350 8.740542e-08 9.936050e-07   0.3816   0.0059      201
features.14                      414    -0.109824 1.049335e-06 9.566398e-07   0.4456   0.0341      265
features.15                      258    -0.108513 2.616864e-07 3.986007e-06   0.4345   0.0312      329
features.14                      313    -0.107778 1.134613e-06 1.474059e-06   0.4819   0.0525      265
features.14                      448    -0.106878 1.194855e-06 1.817749e-06   0.5074   0.0648      265
features.12                      338    -0.106023 1.082386e-07 8.608757e-06   0.4725   0.0511      201
features.14                      250    -0.105796 9.513852e-07 6.179479e-07   0.4040   0.0220      265
features.15                      396    -0.105181 2.290951e-07 1.629577e-06   0.3803   0.0127      329
features.12                      405    -0.104997 8.172513e-08 4.910594e-07   0.3568   0.0029      201
features.5                       108    -0.104546 1.056564e-07 1.268596e-06   0.3537   0.0022       73
features.9                       327    -0.104321 1.833714e-07 8.338956e-06   0.4864   0.0594      137
features.14                      222    -0.103595 1.813250e-06 5.106901e-06   0.7701   0.1820      265
features.9                        60    -0.103271 1.365618e-07 1.081365e-06   0.3622   0.0077      137
features.7                        86    -0.102774 1.670694e-06 1.015126e-06   0.4745   0.0565      105
features.14                      352    -0.102731 1.212427e-06 2.073686e-06   0.5149   0.0739      265
features.5                       145    -0.102596 1.093802e-07 5.899716e-06   0.3661   0.0104       73
features.12                      258    -0.101764 7.962641e-08 6.077121e-07   0.3476   0.0036      201
features.9                       280    -0.101398 1.334829e-07 9.656178e-07   0.3540   0.0069      137
features.9                        87    -0.101148 1.526857e-07 4.079393e-06   0.4050   0.0291      137
features.7                       122    -0.100717 1.783268e-06 1.314004e-06   0.5064   0.0732      105
features.15                       31    -0.100231 2.067778e-07 5.034877e-07   0.3433   0.0039      329
features.14                      299    -0.099280 8.344618e-07 2.820329e-07   0.3544   0.0101      265
features.2                        23    -0.099093 2.628369e-07 7.728355e-02   0.4480   0.0504       49
features.15                      304    -0.098758 2.751990e-07 6.997011e-06   0.4569   0.0547      329
features.15                      647    -0.098741 2.093803e-07 1.012425e-06   0.3476   0.0079      329
features.12                       85    -0.098515 7.869085e-08 1.095303e-06   0.3435   0.0065      201
features.14                      238    -0.097972 1.079782e-06 1.587110e-06   0.4586   0.0566      265
features.11                      212    -0.097323 4.201759e-07 4.970424e-06   0.3371   0.0054      169
features.12                      537    -0.097174 1.120380e-07 1.193893e-05   0.4891   0.0708      201
features.10                      244    -0.097173 1.664509e-07 1.569527e-06   0.4116   0.0376      137
features.13                      550    -0.097107 1.360490e-07 5.890830e-06   0.3745   0.0218      201
features.9                       299    -0.096992 1.280501e-07 9.823087e-07   0.3396   0.0070      137
features.15                      509    -0.096781 2.030728e-07 7.966497e-07   0.3371   0.0062      329
features.11                      250    -0.096510 4.584074e-07 1.802463e-05   0.3678   0.0198      169
features.14                      540    -0.096149 1.003678e-06 1.271545e-06   0.4263   0.0453      265
features.14                       21    -0.095640 1.083828e-06 1.701199e-06   0.4603   0.0606      265
features.15                      283    -0.095368 1.967186e-07 4.766814e-07   0.3266   0.0037      329
features.14                      254    -0.095254 8.089778e-07 3.132724e-07   0.3436   0.0112      265
features.14                      191    -0.095178 7.759661e-07 1.477676e-07   0.3295   0.0053      265
features.14                      472    -0.095162 8.166379e-07 3.560700e-07   0.3468   0.0127      265
features.14                      168    -0.094467 1.357306e-06 3.144625e-06   0.5764   0.1121      265
features.12                      240    -0.094441 7.470107e-08 8.177624e-07   0.3261   0.0048      201
features.10                      338    -0.094097 1.693359e-07 1.880867e-06   0.4187   0.0450      137
features.11                       75    -0.094003 7.587792e-07 1.155309e-04   0.6088   0.1266      169
features.14                      169    -0.093064 7.845617e-07 2.763551e-07   0.3332   0.0099      265
features.11                      336    -0.092892 4.808880e-07 2.979407e-05   0.3858   0.0327      169
features.10                      160    -0.091995 1.503407e-07 1.165266e-06   0.3717   0.0279      137
features.9                       113    -0.091067 1.170327e-07 4.124649e-07   0.3104   0.0029      137
features.12                      481    -0.090995 8.084357e-08 3.585765e-06   0.3529   0.0213      201
features.14                      479    -0.090757 8.752382e-07 8.318067e-07   0.3717   0.0297      265
features.11                      164    -0.090740 4.056383e-07 8.990479e-06   0.3255   0.0099      169
features.15                      259    -0.090558 1.837515e-07 1.755364e-07   0.3051   0.0014      329
features.14                      487    -0.090262 8.062629e-07 4.994816e-07   0.3424   0.0178      265
features.12                       76    -0.090006 7.043148e-08 5.391690e-07   0.3075   0.0032      201
features.10                       95    -0.089665 1.347041e-07 6.120055e-07   0.3331   0.0146      137
features.15                      763    -0.088761 2.275837e-07 4.491332e-06   0.3778   0.0351      329
features.10                        2    -0.087710 1.310325e-07 5.661244e-07   0.3240   0.0135      137
features.11                       54    -0.087310 3.857397e-07 7.218290e-06   0.3095   0.0079      169
features.15                      107    -0.086779 2.080588e-07 3.077144e-06   0.3454   0.0241      329
