================================================================================
Channel Pruning Log
  dataset    : UTKFace
  impt_type  : 2
  seed       : 42
  iteration  : 15
  alpha      : 0.7000
  norm       : max
  timestamp  : 2026-09-09 11:00:43
  remove_target  : 31164
  accum_removed  : 31406
  selected_channels : 110
  gamma             : 0.0050
  cap_multiplier    : None
  remove_target_met : yes
  total_params   : 2192320
  active_after   : 1628193
  model_sparsity : 25.7%
================================================================================

[ 레이어별 채널 제거 비율 ]
  layer                total_ch  this_iter    cumul  cumul_%
  ----------------------------------------------------------
  features.1                 32          0       20    62.5%
  features.2                 96          0       35    36.5%
  features.3                144          1       20    13.9%
  features.4                144          0       33    22.9%
  features.5                192          0       21    10.9%
  features.6                192          0      107    55.7%
  features.7                192          0        2     1.0%
  features.8                384          1       91    23.7%
  features.9                384          1      160    41.7%
  features.10               384          0      115    29.9%
  features.11               384         18      147    38.3%
  features.12               576         31      210    36.5%
  features.13               576          5      240    41.7%
  features.14               576         10      209    36.3%
  features.15               960          4      319    33.2%
  features.16               960         14      432    45.0%
  features.17               960         25      166    17.3%

[ 레이어별 보호 영역 (γ=0.0050) ]
  layer                  active  protected  protect_%
  --------------------------------------------------
  features.1                 12          1       8.3%
  features.2                 61          1       1.6%
  features.3                125          1       0.8%
  features.4                111          1       0.9%
  features.5                171          1       0.6%
  features.6                 85          1       1.2%
  features.7                190          1       0.5%
  features.8                294          2       0.7%
  features.9                225          2       0.9%
  features.10               269          2       0.7%
  features.11               255          2       0.8%
  features.12               397          2       0.5%
  features.13               341          2       0.6%
  features.14               377          2       0.5%
  features.15               645          4       0.6%
  features.16               542          3       0.6%
  features.17               819          5       0.6%

[ 블록별 제거 채널 수 ]
  features.11: 18채널 제거
  features.12: 31채널 제거
  features.13: 5채널 제거
  features.14: 10채널 제거
  features.15: 4채널 제거
  features.16: 14채널 제거
  features.17: 25채널 제거
  features.3: 1채널 제거
  features.8: 1채널 제거
  features.9: 1채널 제거

[ 선택된 채널 상세 ]
  (phi/perf: raw, phi_n/perf_n: 정규화 후 값 — score = α·perf_n − (1−α)·phi_n)
block                             ch        score          phi         perf    phi_n   perf_n  weights
----------------------------------------------------------------------------------------------------
features.12                      292    -0.296325 1.833774e-07 2.678240e-07   1.0000   0.0052      201
features.15                      406    -0.295799 1.331106e-06 4.089995e-07   1.0000   0.0060      329
features.12                       42    -0.276839 1.813969e-07 1.452316e-06   0.9892   0.0285      201
features.11                      247    -0.271677 6.657894e-07 6.408556e-06   1.0000   0.0405      169
features.12                      290    -0.270388 1.675036e-07 2.655200e-07   0.9134   0.0052      201
features.14                      120    -0.267693 2.734278e-06 4.364733e-07   0.9910   0.0423      265
features.17                      513    -0.266634 1.116517e-06 3.319329e-07   1.0000   0.0477      489
features.17                      142    -0.258724 9.828996e-07 5.345465e-08   0.8803   0.0077      489
features.12                      430    -0.257862 1.627231e-07 6.085474e-07   0.8874   0.0119      201
features.12                      460    -0.253437 1.577076e-07 3.329330e-07   0.8600   0.0065      201
features.13                      213    -0.250908 1.452451e-07 1.023886e-06   0.8640   0.0118      201
features.17                      905    -0.246228 9.993596e-07 2.217742e-07   0.8951   0.0318      489
features.11                       13    -0.239161 5.407661e-07 1.019069e-06   0.8122   0.0064      169
features.12                       20    -0.235874 1.475660e-07 4.037786e-07   0.8047   0.0079      201
features.12                      546    -0.235675 1.592315e-07 1.809789e-06   0.8683   0.0355      201
features.12                      189    -0.235271 1.561670e-07 1.473700e-06   0.8516   0.0289      201
features.12                        1    -0.232138 1.487849e-07 8.215609e-07   0.8114   0.0161      201
features.12                      449    -0.231175 1.567498e-07 1.841835e-06   0.8548   0.0361      201
features.11                       94    -0.230966 5.417591e-07 2.974709e-06   0.8137   0.0188      169
features.17                      681    -0.230307 1.100435e-06 6.503356e-07   0.9856   0.0934      489
features.12                      101    -0.229740 1.412113e-07 9.308204e-08   0.7701   0.0018      201
features.15                      302    -0.227305 1.018372e-06 2.153842e-07   0.7651   0.0032      329
features.3                        47    -0.224728 1.239212e-07 4.203079e-05   0.8214   0.0310       57
features.16                      675    -0.224607 6.258078e-07 1.232502e-07   0.7497   0.0004      329
features.12                      355    -0.224448 1.422172e-07 5.988862e-07   0.7755   0.0117      201
features.12                       18    -0.223568 1.454064e-07 1.043446e-06   0.7929   0.0204      201
features.16                      266    -0.222282 6.199297e-07 2.085678e-07   0.7427   0.0007      329
features.11                      372    -0.222104 6.175708e-07 1.270951e-05   0.9276   0.0802      169
features.17                      163    -0.221959 9.209113e-07 2.535134e-07   0.8248   0.0364      489
features.17                      160    -0.220764 8.713798e-07 1.329990e-07   0.7804   0.0191      489
features.11                      204    -0.218211 5.026071e-07 1.869054e-06   0.7549   0.0118      169
features.12                      556    -0.217298 1.347529e-07 2.298338e-07   0.7348   0.0045      201
features.14                      335    -0.216083 2.039083e-06 8.300348e-08   0.7390   0.0080      265
features.14                      325    -0.214740 2.038801e-06 1.023470e-07   0.7389   0.0099      265
features.17                      710    -0.213991 8.648769e-07 1.829969e-07   0.7746   0.0263      489
features.12                      285    -0.213878 1.318092e-07 1.281138e-07   0.7188   0.0025      201
features.16                      689    -0.213778 6.049733e-07 1.469748e-06   0.7247   0.0052      329
features.12                      125    -0.213220 1.435419e-07 1.575508e-06   0.7828   0.0309      201
features.11                      303    -0.210304 4.981592e-07 3.204550e-06   0.7482   0.0202      169
features.12                      207    -0.209664 1.303047e-07 2.558849e-07   0.7106   0.0050      201
features.17                      429    -0.207361 7.962047e-07 6.539425e-08   0.7131   0.0094      489
features.17                      818    -0.206208 9.987058e-07 6.181496e-07   0.8945   0.0888      489
features.17                      211    -0.204990 9.151936e-07 4.070396e-07   0.8197   0.0585      489
features.12                      508    -0.204908 1.274191e-07 2.584570e-07   0.6948   0.0051      201
features.11                       81    -0.204801 4.962883e-07 4.259129e-06   0.7454   0.0269      169
features.11                       49    -0.204212 4.600236e-07 6.949359e-07   0.6909   0.0044      169
features.8                       160    -0.203001 3.150963e-07 8.635612e-08   0.6800   0.0014      137
features.12                      205    -0.202815 1.263524e-07 2.838026e-07   0.6890   0.0056      201
features.12                      472    -0.201326 1.238673e-07 9.597996e-08   0.6755   0.0019      201
features.17                      929    -0.201091 7.729781e-07 6.567765e-08   0.6923   0.0094      489
features.12                      281    -0.200953 1.325676e-07 1.160912e-06   0.7229   0.0227      201
features.11                      177    -0.200945 4.981371e-07 5.320175e-06   0.7482   0.0336      169
features.16                      112    -0.200864 5.597616e-07 1.256873e-07   0.6706   0.0004      329
features.13                      385    -0.199472 1.222886e-07 2.318449e-06   0.7274   0.0268      201
features.11                      227    -0.199289 4.468692e-07 4.677437e-07   0.6712   0.0030      169
features.11                      252    -0.198531 4.905926e-07 5.097012e-06   0.7369   0.0322      169
features.17                      534    -0.196780 1.072641e-06 9.095695e-07   0.9607   0.1306      489
features.17                      104    -0.196444 7.991845e-07 1.819655e-07   0.7158   0.0261      489
features.11                      219    -0.193976 5.268070e-07 9.820034e-06   0.7913   0.0620      169
features.12                      344    -0.193449 1.216472e-07 4.054584e-07   0.6634   0.0079      201
features.12                      145    -0.192260 1.210857e-07 4.251861e-07   0.6603   0.0083      201
features.14                      340    -0.191250 1.812388e-06 8.571094e-08   0.6569   0.0083      265
features.16                      674    -0.190112 5.333290e-07 6.305162e-07   0.6389   0.0022      329
features.17                       92    -0.190098 7.767798e-07 1.852033e-07   0.6957   0.0266      489
features.12                      388    -0.189429 1.185844e-07 3.332532e-07   0.6467   0.0065      201
features.17                      637    -0.188193 7.478848e-07 1.269151e-07   0.6698   0.0182      489
features.17                      229    -0.187458 7.696912e-07 1.925234e-07   0.6894   0.0276      489
features.16                      511    -0.187002 5.210907e-07 1.112408e-07   0.6243   0.0004      329
features.14                      346    -0.185148 2.530205e-06 1.326101e-06   0.9171   0.1285      265
features.14                      499    -0.184867 2.290888e-06 9.466896e-07   0.8303   0.0918      265
features.14                       74    -0.183896 1.791355e-06 1.604018e-07   0.6493   0.0155      265
features.12                       55    -0.183517 1.236934e-07 1.373700e-06   0.6745   0.0269      201
features.14                      343    -0.183342 1.733559e-06 7.594396e-08   0.6283   0.0074      265
features.12                      569    -0.183189 1.177318e-07 6.864808e-07   0.6420   0.0135      201
features.17                      240    -0.182029 7.050617e-07 7.377303e-08   0.6315   0.0106      489
features.12                      185    -0.181741 1.123543e-07 1.506297e-07   0.6127   0.0030      201
features.14                       95    -0.181461 1.887950e-06 3.511042e-07   0.6843   0.0340      265
features.16                      263    -0.181343 5.048328e-07 3.669192e-08   0.6048   0.0001      329
features.17                      419    -0.180105 6.841025e-07 3.688755e-08   0.6127   0.0053      489
features.11                      298    -0.179522 4.009892e-07 2.625904e-07   0.6023   0.0017      169
features.16                      151    -0.179428 5.027700e-07 5.100108e-07   0.6023   0.0018      329
features.11                      127    -0.179196 4.226085e-07 2.540531e-06   0.6347   0.0160      169
features.16                      432    -0.178841 4.986022e-07 1.428491e-07   0.5973   0.0005      329
features.17                      675    -0.177405 7.304396e-07 1.876070e-07   0.6542   0.0269      489
features.12                      342    -0.176495 1.135636e-07 6.774260e-07   0.6193   0.0133      201
features.9                         3    -0.175784 2.044421e-07 4.699622e-07   0.6155   0.0126      137
features.12                      525    -0.175159 1.084092e-07 1.600078e-07   0.5912   0.0031      201
features.11                      147    -0.173820 3.940843e-07 8.488772e-07   0.5919   0.0054      169
features.15                       85    -0.172690 7.841200e-07 3.925903e-07   0.5891   0.0058      329
features.16                       60    -0.172569 4.839800e-07 5.525233e-07   0.5798   0.0020      329
features.17                      252    -0.172192 6.498072e-07 2.394033e-08   0.5820   0.0034      489
features.12                      222    -0.171789 1.322132e-07 3.245019e-06   0.7210   0.0636      201
features.13                      127    -0.170622 1.681141e-07 1.599687e-05   1.0000   0.1848      201
features.17                      400    -0.170614 6.461634e-07 2.989725e-08   0.5787   0.0043      489
features.16                       36    -0.169943 4.754996e-07 3.826723e-07   0.5696   0.0014      329
features.16                       33    -0.169397 4.761071e-07 6.907781e-07   0.5704   0.0024      329
features.16                      182    -0.169215 4.817306e-07 1.578811e-06   0.5771   0.0056      329
features.11                       71    -0.168376 3.965670e-07 2.333739e-06   0.5956   0.0147      169
features.11                      131    -0.168169 3.974058e-07 2.466102e-06   0.5969   0.0156      169
features.15                      257    -0.167343 7.844189e-07 9.196921e-07   0.5893   0.0135      329
features.13                      566    -0.167092 1.015485e-07 1.745911e-06   0.6040   0.0202      201
features.16                      491    -0.166119 4.640353e-07 2.631882e-07   0.5559   0.0009      329
features.12                      164    -0.165882 1.065659e-07 6.165496e-07   0.5811   0.0121      201
features.13                        0    -0.165350 9.720081e-08 1.001985e-06   0.5782   0.0116      201
features.17                      150    -0.165282 6.791261e-07 1.710458e-07   0.6083   0.0246      489
features.17                      844    -0.165276 6.802368e-07 1.740799e-07   0.6092   0.0250      489
features.14                       49    -0.165173 1.777534e-06 4.142286e-07   0.6443   0.0401      265
features.17                      743    -0.164330 6.447015e-07 8.850328e-08   0.5774   0.0127      489
features.11                      284    -0.163751 3.898425e-07 2.694674e-06   0.5855   0.0170      169
features.17                      373    -0.163646 6.403785e-07 8.375117e-08   0.5735   0.0120      489
