================================================================================
Channel Pruning Log
  dataset    : UTKFace
  impt_type  : 2
  seed       : 42
  iteration  : 29
  alpha      : 0.1000
  norm       : rank
  timestamp  : 2026-08-28 06:15:06
  remove_target  : 21792
  accum_removed  : 22071
  selected_channels : 95
  gamma             : 0.0050
  remove_target_met : yes
  total_params   : 2192320
  active_after   : 1262620
  model_sparsity : 42.4%
================================================================================

[ 레이어별 채널 제거 비율 ]
  layer                total_ch  this_iter    cumul  cumul_%
  ----------------------------------------------------------
  features.1                 32          0       22    68.8%
  features.2                 96          1       62    64.6%
  features.3                144          2       76    52.8%
  features.4                144          5       69    47.9%
  features.5                192          3      119    62.0%
  features.6                192          3      111    57.8%
  features.7                192          4      115    59.9%
  features.8                384          6      226    58.9%
  features.9                384          4      267    69.5%
  features.10               384          8      267    69.5%
  features.11               384          5      253    65.9%
  features.12               576          5      406    70.5%
  features.13               576          8      407    70.7%
  features.14               576         12      354    61.5%
  features.15               960          8      629    65.5%
  features.16               960          8      531    55.3%
  features.17               960         13      210    21.9%

[ 레이어별 보호 영역 (γ=0.0050) ]
  layer                  active  protected  protect_%
  --------------------------------------------------
  features.1                 10          1      10.0%
  features.2                 35          1       2.9%
  features.3                 70          1       1.4%
  features.4                 80          1       1.2%
  features.5                 76          1       1.3%
  features.6                 84          1       1.2%
  features.7                 81          1       1.2%
  features.8                164          1       0.6%
  features.9                121          1       0.8%
  features.10               125          1       0.8%
  features.11               136          1       0.7%
  features.12               175          1       0.6%
  features.13               177          1       0.6%
  features.14               234          2       0.9%
  features.15               339          2       0.6%
  features.16               437          3       0.7%
  features.17               763          4       0.5%

[ 블록별 제거 채널 수 ]
  features.10: 8채널 제거
  features.11: 5채널 제거
  features.12: 5채널 제거
  features.13: 8채널 제거
  features.14: 12채널 제거
  features.15: 8채널 제거
  features.16: 8채널 제거
  features.17: 13채널 제거
  features.2: 1채널 제거
  features.3: 2채널 제거
  features.4: 5채널 제거
  features.5: 3채널 제거
  features.6: 3채널 제거
  features.7: 4채널 제거
  features.8: 6채널 제거
  features.9: 4채널 제거

[ 선택된 채널 상세 ]
  (phi/perf: raw, phi_n/perf_n: 정규화 후 값 — score = α·perf_n − (1−α)·phi_n)
block                             ch        score          phi         perf    phi_n   perf_n  weights
----------------------------------------------------------------------------------------------------
features.15                       77    -0.875148 6.919728e-07 4.311730e-07   0.9882   0.1420      329
features.5                        38    -0.852000 7.713685e-08 1.589141e-05   1.0000   0.4800       73
features.11                      318    -0.851852 1.456836e-06 1.310868e-05   1.0000   0.4815      169
features.11                      209    -0.850370 6.595961e-07 3.311347e-06   0.9556   0.0963      169
features.6                       110    -0.848193 5.303231e-08 4.126319e-06   0.9639   0.1928       73
features.10                        2    -0.846774 1.310887e-07 3.240910e-07   0.9516   0.0968      137
features.15                      748    -0.843787 5.323757e-07 1.450141e-06   0.9822   0.4024      329
features.14                        6    -0.840773 4.132248e-06 1.440247e-06   0.9828   0.4378      265
features.16                      278    -0.838991 7.035001e-07 3.211321e-07   0.9771   0.4037      329
features.10                      284    -0.838710 1.922027e-07 1.311310e-06   0.9919   0.5403      137
features.4                        19    -0.837975 1.150227e-06 1.602661e-05   0.9620   0.2785       65
features.9                       284    -0.837500 1.443988e-07 7.529761e-07   0.9417   0.1000      137
features.7                        43    -0.833750 2.843931e-06 1.686268e-05   1.0000   0.6625      105
features.14                      199    -0.831330 4.078281e-06 1.767345e-06   0.9785   0.4936      265
features.14                      276    -0.829185 4.299106e-06 2.996347e-06   0.9914   0.6309      265
features.9                        19    -0.827500 1.730064e-07 2.416015e-06   0.9750   0.5000      137
features.16                      137    -0.826835 1.296382e-06 1.594414e-06   1.0000   0.7317      329
features.5                       182    -0.826667 5.732482e-08 1.662181e-05   0.9733   0.4933       73
features.14                      162    -0.826180 3.482932e-06 8.791677e-07   0.9485   0.2747      265
features.4                        56    -0.822785 1.253781e-06 5.305307e-05   0.9873   0.6582       65
features.16                      361    -0.822706 8.236809e-07 9.688999e-07   0.9862   0.6491      329
features.8                       280    -0.822699 1.287514e-07 2.195930e-07   0.9141   0.0000      137
features.10                      294    -0.821774 1.261005e-07 5.736651e-07   0.9355   0.2016      137
features.7                       137    -0.821250 2.112271e-06 6.300076e-06   0.9375   0.2250      105
features.4                        11    -0.820253 1.154491e-06 4.552550e-05   0.9747   0.5696       65
features.16                      585    -0.819954 4.843518e-07 1.165662e-07   0.9312   0.1812      329
features.14                      336    -0.818884 3.487788e-06 1.268418e-06   0.9528   0.3863      265
features.8                        51    -0.818405 2.117511e-07 4.569599e-06   0.9816   0.6503      137
features.16                      595    -0.817660 7.784119e-07 9.980104e-07   0.9817   0.6583      329
features.5                        89    -0.817333 5.840303e-08 3.471036e-05   0.9867   0.7067       73
features.6                        70    -0.816867 4.479405e-08 1.557909e-06   0.9157   0.0723       73
features.15                      799    -0.816864 4.702099e-07 2.749606e-06   0.9734   0.5917      329
features.13                      362    -0.816477 1.118057e-07 2.679991e-06   0.9659   0.5284      201
features.7                        82    -0.816250 2.420951e-06 1.460465e-05   0.9750   0.6125      105
features.15                      282    -0.815976 4.838946e-07 3.342118e-06   0.9793   0.6538      329
features.13                      126    -0.815341 1.152555e-07 2.935210e-06   0.9716   0.5909      201
features.10                      196    -0.814516 1.603815e-07 1.175200e-06   0.9597   0.4919      137
features.11                       93    -0.814074 6.932381e-07 1.734052e-05   0.9704   0.5926      169
features.8                       162    -0.813497 2.005223e-07 4.517792e-06   0.9755   0.6442      137
features.14                      393    -0.813305 3.711669e-06 1.869062e-06   0.9614   0.5193      265
features.3                        22    -0.813043 3.715229e-08 6.979550e-05   0.9420   0.3478       57
features.16                      538    -0.811927 1.179675e-06 3.802226e-06   0.9977   0.8601      329
features.14                      364    -0.811588 3.790796e-06 2.513953e-06   0.9657   0.5751      265
features.15                      240    -0.811538 5.674319e-07 5.093331e-06   0.9852   0.7515      329
features.7                        27    -0.811250 2.683389e-06 2.205358e-05   0.9875   0.7750      105
features.8                       134    -0.811043 2.127904e-07 7.127247e-06   0.9877   0.7791      137
features.12                      356    -0.809195 1.043902e-07 2.468629e-06   0.9483   0.4425      201
features.4                        80    -0.808861 9.490835e-07 1.240812e-05   0.9241   0.2278       65
features.12                      462    -0.808046 1.054206e-07 2.721188e-06   0.9540   0.5057      201
features.17                      843    -0.808005 1.274792e-06 6.542441e-08   0.9488   0.4593      489
features.8                       260    -0.807975 3.603524e-07 1.005222e-05   0.9939   0.8650      137
features.13                        1    -0.807955 1.101364e-07 2.836772e-06   0.9602   0.5625      201
features.15                       46    -0.806805 4.055203e-07 1.433533e-06   0.9408   0.3994      329
features.11                      219    -0.806667 6.979744e-07 2.571125e-05   0.9778   0.7333      169
features.13                       91    -0.806250 1.266287e-07 5.230017e-06   0.9830   0.7841      201
features.6                        69    -0.806024 6.230857e-08 2.145973e-05   0.9759   0.7229       73
features.13                      110    -0.805682 1.328150e-07 7.305113e-06   0.9886   0.8409      201
features.14                       86    -0.805579 5.491719e-06 1.242730e-05   1.0000   0.9442      265
features.14                      280    -0.805579 3.948302e-06 4.923225e-06   0.9742   0.7124      265
features.17                      280    -0.805249 1.550586e-06 1.817618e-07   0.9711   0.6877      489
features.9                       327    -0.805000 2.365966e-07 1.972899e-05   1.0000   0.9500      137
features.13                      303    -0.804545 1.477882e-07 9.597899e-06   0.9943   0.9034      201
features.10                      382    -0.804032 1.911785e-07 3.083699e-06   0.9839   0.8145      137
features.9                       303    -0.803333 2.191887e-07 9.393118e-06   0.9917   0.8917      137
features.10                      332    -0.803226 1.640604e-07 1.978318e-06   0.9677   0.6774      137
features.4                       132    -0.802532 1.527870e-06 1.890790e-04   1.0000   0.9747       65
features.12                      448    -0.802299 2.024521e-07 7.872552e-05   1.0000   0.9770      201
features.13                      549    -0.802273 1.940111e-07 2.174865e-05   1.0000   0.9773      201
features.17                      754    -0.802231 1.475579e-06 1.330767e-07   0.9619   0.6352      489
features.11                      185    -0.802222 7.645382e-07 5.153514e-05   0.9852   0.8444      169
features.17                       37    -0.801837 1.950112e-06 3.933986e-07   0.9895   0.8871      489
features.17                      603    -0.801050 1.342660e-06 1.048903e-07   0.9541   0.5761      489
features.10                      247    -0.800806 1.928290e-07 1.354048e-05   1.0000   0.9919      137
features.13                      251    -0.800000 8.009856e-08 7.251115e-07   0.9148   0.2330      201
features.12                      530    -0.800000 1.453198e-07 7.432088e-06   0.9770   0.7931      201
features.12                      569    -0.799425 1.464600e-07 1.024749e-05   0.9828   0.8506      201
features.17                      389    -0.799344 2.147840e-06 6.035757e-07   0.9921   0.9357      489
features.14                      471    -0.799142 5.164644e-06 1.683850e-05   0.9957   0.9700      265
features.16                      326    -0.799083 6.930946e-07 1.732140e-06   0.9702   0.7408      329
features.8                        54    -0.798773 1.297334e-07 1.684264e-06   0.9202   0.2945      137
features.17                       55    -0.798556 2.867652e-06 2.588986e-06   0.9974   0.9908      489
features.17                      650    -0.798556 2.303976e-06 8.761289e-07   0.9934   0.9554      489
features.3                        52    -0.798551 3.286154e-08 7.565991e-05   0.9275   0.3623       57
features.15                      417    -0.798521 9.714983e-07 1.042434e-04   0.9970   0.9882      329
features.10                      150    -0.798387 1.305936e-07 1.226881e-06   0.9435   0.5081      137
features.17                       90    -0.798294 1.747627e-06 3.610507e-07   0.9829   0.8635      489
features.14                      178    -0.797854 4.239823e-06 9.469792e-06   0.9871   0.9056      265
features.17                      346    -0.797769 2.741073e-06 1.823968e-06   0.9961   0.9869      489
features.15                      892    -0.797337 9.501827e-07 4.617655e-05   0.9941   0.9734      329
features.16                      671    -0.797248 6.055888e-07 9.897451e-07   0.9587   0.6560      329
features.17                      498    -0.797244 2.002962e-06 6.862589e-07   0.9908   0.9449      489
features.2                        44    -0.797059 1.426816e-07 6.119839e-04   0.9118   0.2353       49
features.14                      263    -0.796996 3.046730e-06 9.567107e-07   0.9185   0.2961      265
features.17                       98    -0.796982 1.529183e-06 2.297500e-07   0.9685   0.7467      489
features.17                      605    -0.796719 1.864610e-06 4.712096e-07   0.9869   0.9147      489
