================================================================================
Channel Pruning Log
  dataset    : UTKFace
  impt_type  : 2
  seed       : 42
  iteration  : 12
  alpha      : 0.1000
  norm       : rank
  timestamp  : 2026-08-28 04:31:18
  remove_target  : 33618
  accum_removed  : 33768
  selected_channels : 152
  gamma             : 0.0050
  remove_target_met : yes
  total_params   : 2192320
  active_after   : 1723974
  model_sparsity : 21.4%
================================================================================

[ 레이어별 채널 제거 비율 ]
  layer                total_ch  this_iter    cumul  cumul_%
  ----------------------------------------------------------
  features.1                 32          2       12    37.5%
  features.2                 96          2       31    32.3%
  features.3                144          1       35    24.3%
  features.4                144          2       12     8.3%
  features.5                192          3       56    29.2%
  features.6                192          4       58    30.2%
  features.7                192          8       28    14.6%
  features.8                384          8      142    37.0%
  features.9                384         12      147    38.3%
  features.10               384          9      151    39.3%
  features.11               384         10      140    36.5%
  features.12               576         15      231    40.1%
  features.13               576         18      215    37.3%
  features.14               576          9      165    28.6%
  features.15               960         20      388    40.4%
  features.16               960         21      254    26.5%
  features.17               960          8       49     5.1%

[ 레이어별 보호 영역 (γ=0.0050) ]
  layer                  active  protected  protect_%
  --------------------------------------------------
  features.1                 22          1       4.5%
  features.2                 67          1       1.5%
  features.3                110          1       0.9%
  features.4                134          1       0.7%
  features.5                139          1       0.7%
  features.6                138          1       0.7%
  features.7                172          1       0.6%
  features.8                250          2       0.8%
  features.9                249          2       0.8%
  features.10               242          2       0.8%
  features.11               254          2       0.8%
  features.12               360          2       0.6%
  features.13               379          2       0.5%
  features.14               420          3       0.7%
  features.15               592          3       0.5%
  features.16               727          4       0.6%
  features.17               919          5       0.5%

[ 블록별 제거 채널 수 ]
  features.1: 2채널 제거
  features.10: 9채널 제거
  features.11: 10채널 제거
  features.12: 15채널 제거
  features.13: 18채널 제거
  features.14: 9채널 제거
  features.15: 20채널 제거
  features.16: 21채널 제거
  features.17: 8채널 제거
  features.2: 2채널 제거
  features.3: 1채널 제거
  features.4: 2채널 제거
  features.5: 3채널 제거
  features.6: 4채널 제거
  features.7: 8채널 제거
  features.8: 8채널 제거
  features.9: 12채널 제거

[ 선택된 채널 상세 ]
  (phi/perf: raw, phi_n/perf_n: 정규화 후 값 — score = α·perf_n − (1−α)·phi_n)
block                             ch        score          phi         perf    phi_n   perf_n  weights
----------------------------------------------------------------------------------------------------
features.15                      768    -0.889848 1.414355e-06 9.693871e-08   1.0000   0.1015      329
features.15                      909    -0.878342 7.861856e-07 1.123664e-07   0.9898   0.1252      329
features.9                       173    -0.877016 2.410803e-07 7.491227e-08   0.9758   0.0121      137
features.9                       176    -0.875403 2.419578e-07 2.513407e-07   0.9798   0.0645      137
features.2                         0    -0.869697 5.352382e-07 1.342195e-05   0.9848   0.1667       49
features.11                      105    -0.868775 6.462714e-07 1.471104e-06   0.9881   0.2055      169
features.15                      591    -0.865482 5.433120e-07 6.439850e-08   0.9679   0.0558      329
features.15                      751    -0.854822 6.675323e-07 2.805157e-07   0.9814   0.2843      329
features.10                      173    -0.854772 1.866087e-07 2.919566e-07   0.9710   0.1909      137
features.10                      203    -0.852282 1.875920e-07 3.546333e-07   0.9751   0.2531      137
features.12                       79    -0.851532 1.365472e-07 3.087474e-07   0.9610   0.1337      201
features.5                       137    -0.851449 1.427421e-07 4.514391e-06   0.9928   0.4203       73
features.14                      498    -0.850597 2.976824e-06 5.057540e-07   0.9928   0.4296      265
features.15                      429    -0.848562 4.820378e-07 1.313376e-07   0.9594   0.1489      329
features.12                      336    -0.846797 1.619106e-07 5.515567e-07   0.9749   0.3064      201
features.16                      890    -0.846281 9.833075e-07 9.319362e-08   0.9752   0.3140      329
features.16                      398    -0.846143 1.391549e-06 1.482561e-07   0.9904   0.4518      329
features.11                      140    -0.844664 5.108890e-07 3.666328e-07   0.9407   0.0198      169
features.10                      314    -0.842324 2.383218e-07 6.602404e-07   0.9959   0.5394      137
features.12                      472    -0.840668 1.273433e-07 2.083352e-07   0.9443   0.0919      201
features.8                       144    -0.838956 1.479773e-07 3.435504e-07   0.9398   0.0683      137
features.13                      164    -0.836772 1.773252e-07 5.246326e-07   0.9735   0.3942      201
features.16                       47    -0.836639 8.547446e-07 6.116448e-08   0.9545   0.2245      329
features.15                      477    -0.833333 4.966892e-07 3.436095e-07   0.9628   0.3316      329
features.16                      942    -0.832782 1.022617e-06 1.549116e-07   0.9766   0.4614      329
features.7                        87    -0.831579 2.018385e-06 3.111525e-06   0.9825   0.5263      105
features.9                        33    -0.830242 2.347779e-07 6.772428e-07   0.9677   0.4073      137
features.11                      178    -0.829644 6.018300e-07 4.405440e-06   0.9763   0.4901      169
features.12                      540    -0.828691 1.690198e-07 9.532855e-07   0.9777   0.5125      201
features.9                       337    -0.828629 2.114421e-07 5.306411e-07   0.9516   0.2782      137
features.13                      442    -0.828571 1.683474e-07 4.622363e-07   0.9603   0.3571      201
features.8                        46    -0.828112 3.518361e-07 3.291595e-06   0.9960   0.6827      137
features.13                      551    -0.828042 1.774264e-07 8.245455e-07   0.9762   0.5053      201
features.14                      442    -0.827446 2.925090e-06 8.809157e-07   0.9881   0.6181      265
features.8                        74    -0.827309 1.499941e-07 8.489154e-07   0.9438   0.2209      137
features.15                      254    -0.826734 5.126383e-07 4.722067e-07   0.9645   0.4129      329
features.10                      111    -0.826556 2.074517e-07 8.378065e-07   0.9876   0.6224      137
features.13                      455    -0.825926 1.584177e-07 3.106665e-07   0.9418   0.2169      201
features.6                       167    -0.825547 6.326349e-08 3.545340e-06   0.9635   0.4161       73
features.13                      317    -0.825397 1.598003e-07 3.366493e-07   0.9444   0.2460      201
features.15                       24    -0.825381 9.180729e-07 1.522864e-06   0.9966   0.7157      329
features.16                      759    -0.824105 8.137202e-07 7.155415e-08   0.9435   0.2507      329
features.12                       38    -0.823955 1.745010e-07 1.235521e-06   0.9833   0.6100      201
features.9                       191    -0.823387 2.700346e-07 1.762688e-06   0.9960   0.7298      137
features.13                      525    -0.822487 1.819152e-07 1.012097e-06   0.9788   0.5847      201
features.16                      353    -0.822176 1.229973e-06 3.387422e-07   0.9835   0.6295      329
features.12                      494    -0.822006 1.380083e-07 7.799975e-07   0.9638   0.4540      201
features.9                       262    -0.821774 2.533025e-07 1.269928e-06   0.9839   0.6371      137
features.16                      280    -0.821212 9.004963e-07 1.650352e-07   0.9656   0.4780      329
features.16                      670    -0.821212 1.138517e-06 3.372779e-07   0.9821   0.6267      329
features.16                      760    -0.821074 8.511917e-07 1.124369e-07   0.9532   0.3678      329
features.15                      405    -0.820812 4.684301e-07 4.434293e-07   0.9560   0.3959      329
features.15                      382    -0.820474 5.852688e-07 7.390965e-07   0.9712   0.5364      329
features.15                      872    -0.820474 4.361166e-07 3.312170e-07   0.9475   0.3232      329
features.10                      234    -0.820332 2.129848e-07 1.085061e-06   0.9917   0.7220      137
features.14                      448    -0.820286 2.323816e-06 4.474931e-07   0.9523   0.3675      265
features.7                       188    -0.819883 1.445941e-06 1.103422e-06   0.9298   0.1696      105
features.16                      399    -0.819697 8.663609e-07 1.407457e-07   0.9587   0.4311      329
features.1                        26    -0.819048 1.150505e-07 9.582973e-05   0.9524   0.3810       25
features.14                      353    -0.818138 2.390587e-06 5.480491e-07   0.9594   0.4535      265
features.16                      147    -0.817769 1.332882e-06 4.735114e-07   0.9862   0.6983      329
features.13                      434    -0.817196 2.150639e-07 1.649846e-06   0.9921   0.7566      201
features.15                      565    -0.817090 4.759886e-07 5.365700e-07   0.9577   0.4484      329
features.11                      233    -0.816601 4.873850e-07 1.461179e-06   0.9289   0.1937      169
features.16                       39    -0.815427 1.391259e-06 5.820366e-07   0.9890   0.7466      329
features.9                       357    -0.814919 2.543323e-07 1.819422e-06   0.9879   0.7419      137
features.12                       33    -0.814763 3.065796e-07 3.655125e-06   1.0000   0.8524      201
features.3                        31    -0.814679 5.092570e-08 3.596363e-05   0.9633   0.5229       57
features.15                      415    -0.814213 3.527033e-07 1.130883e-07   0.9188   0.1269      329
features.16                      865    -0.814187 7.415072e-07 7.773221e-08   0.9339   0.2631      329
features.10                      168    -0.814108 1.529119e-07 3.583322e-07   0.9336   0.2614      137
features.12                      432    -0.813092 2.454528e-07 2.653765e-06   0.9916   0.7939      201
features.7                        31    -0.812865 2.973536e-06 7.732156e-06   1.0000   0.8713      105
features.11                      137    -0.812253 6.451850e-07 9.516150e-06   0.9842   0.7352      169
features.15                      303    -0.811844 3.949453e-07 3.227767e-07   0.9374   0.3181      329
features.6                       117    -0.811679 6.976867e-08 5.293950e-06   0.9708   0.6204       73
features.17                      534    -0.811656 2.608575e-06 1.348777e-07   0.9956   0.8442      489
features.8                        99    -0.811647 1.464102e-07 1.033756e-06   0.9317   0.2691      137
features.12                      515    -0.811421 1.738851e-07 1.840391e-06   0.9805   0.7103      201
features.15                      949    -0.811337 7.631878e-07 1.913047e-06   0.9882   0.7800      329
features.17                      110    -0.810784 1.957165e-06 9.377707e-08   0.9858   0.7647      489
features.13                      339    -0.810317 1.719190e-07 1.020777e-06   0.9656   0.5873      201
features.15                      952    -0.809814 4.207984e-07 4.738987e-07   0.9459   0.4146      329
features.13                      271    -0.809788 1.531110e-07 4.307606e-07   0.9365   0.3307      201
features.16                      146    -0.809780 1.771974e-06 1.062528e-06   0.9945   0.8526      329
features.16                      294    -0.809780 9.284855e-07 3.606698e-07   0.9711   0.6419      329
features.10                      164    -0.809544 1.448825e-07 2.664363e-07   0.9170   0.1577      137
features.13                      420    -0.809524 2.085105e-07 2.202677e-06   0.9894   0.8095      201
features.1                        18    -0.809524 1.492404e-07 1.700657e-01   1.0000   0.9048       25
features.7                       112    -0.809357 2.692587e-06 7.082099e-06   0.9942   0.8538      105
features.9                       209    -0.809274 2.276241e-07 9.317396e-07   0.9597   0.5444      137
features.16                       57    -0.809091 8.842032e-07 2.801247e-07   0.9642   0.5868      329
features.17                      667    -0.808715 1.180921e-06 2.569608e-08   0.9499   0.4619      489
features.15                      228    -0.808460 8.146246e-07 3.178203e-06   0.9932   0.8545      329
features.12                      323    -0.808078 2.859166e-07 4.246631e-06   0.9944   0.8691      201
features.9                       241    -0.807661 2.211312e-07 8.866260e-07   0.9556   0.5242      137
features.7                       179    -0.807602 2.104005e-06 6.021097e-06   0.9883   0.8187      105
features.14                      143    -0.807399 2.406838e-06 7.997666e-07   0.9618   0.5823      265
features.6                        88    -0.807299 5.586589e-08 3.987986e-06   0.9489   0.4672       73
features.5                       146    -0.807246 1.149684e-07 1.388213e-05   0.9783   0.7319       73
features.15                      784    -0.807107 4.624863e-07 6.978646e-07   0.9543   0.5178      329
features.9                       219    -0.806048 2.630970e-07 3.082176e-06   0.9919   0.8669      137
features.7                        79    -0.805848 1.594885e-06 3.631761e-06   0.9649   0.6257      105
features.14                      452    -0.805728 3.309444e-06 3.101687e-06   0.9976   0.9212      265
features.4                       130    -0.805263 1.315105e-06 5.098556e-05   1.0000   0.9474       65
features.8                       143    -0.805221 1.840281e-07 3.429458e-06   0.9719   0.6948      137
features.13                      105    -0.805026 1.655126e-07 8.949354e-07   0.9550   0.5450      201
features.13                      571    -0.805026 2.610106e-07 3.467624e-06   0.9947   0.9021      201
features.12                      544    -0.805014 9.726708e-08 2.390191e-07   0.9053   0.0975      201
features.2                        61    -0.804545 3.914472e-07 6.981949e-05   0.9394   0.4091       49
features.13                       50    -0.804497 4.158665e-07 5.833715e-06   1.0000   0.9550      201
features.17                       65    -0.804466 2.002789e-06 1.307806e-07   0.9869   0.8377      489
features.16                      568    -0.804408 1.090409e-06 7.266172e-07   0.9807   0.7824      329
features.10                       87    -0.804149 2.516669e-07 4.883555e-06   1.0000   0.9585      137
features.8                        77    -0.804016 2.567532e-07 7.417519e-06   0.9920   0.8876      137
features.14                      126    -0.803819 2.435381e-06 9.747632e-07   0.9642   0.6396      265
features.10                       88    -0.803734 2.005186e-07 1.343326e-06   0.9793   0.7759      137
features.13                       90    -0.803704 3.414358e-07 4.648307e-06   0.9974   0.9392      201
features.11                      261    -0.803557 6.270503e-07 1.208988e-05   0.9802   0.7866      169
features.13                      261    -0.803439 1.392108e-07 3.686439e-07   0.9233   0.2751      201
features.16                      426    -0.803168 6.973347e-07 9.399746e-08   0.9284   0.3237      329
features.11                      286    -0.803162 4.620599e-07 1.286364e-06   0.9091   0.1502      169
features.17                      243    -0.803050 1.706494e-06 9.687666e-08   0.9782   0.7734      489
features.7                       113    -0.802924 1.628103e-06 4.540699e-06   0.9708   0.7076      105
features.14                      329    -0.802864 3.700035e-06 4.863521e-06   1.0000   0.9714      265
features.9                        75    -0.802822 1.882474e-07 6.141126e-07   0.9315   0.3548      137
features.11                      273    -0.802767 7.522868e-07 3.562967e-05   0.9960   0.9368      169
features.16                      944    -0.802755 1.573383e-06 1.657569e-06   0.9931   0.9105      329
features.16                      959    -0.802617 1.881901e-06 3.432200e-06   0.9986   0.9614      329
features.7                        57    -0.802339 1.577538e-06 3.155708e-06   0.9532   0.5556      105
features.17                      551    -0.802179 2.818891e-06 3.091125e-07   0.9978   0.9586      489
features.14                      350    -0.802148 2.771143e-06 1.418945e-06   0.9737   0.7422      265
features.13                       54    -0.802116 1.637684e-07 8.998543e-07   0.9524   0.5503      201
features.13                       82    -0.802116 1.927993e-07 2.490140e-06   0.9841   0.8360      201
features.8                       318    -0.802008 1.880902e-07 4.261226e-06   0.9759   0.7631      137
features.9                       338    -0.801613 3.681160e-07 2.311776e-05   1.0000   0.9839      137
features.5                         0    -0.801449 6.475489e-08 1.510070e-06   0.9058   0.1377       73
features.4                        61    -0.800752 1.098929e-06 2.503008e-05   0.9850   0.8571       65
features.6                       119    -0.800730 2.418665e-07 8.653749e-05   1.0000   0.9927       73
features.12                       67    -0.800557 1.577855e-07 2.025618e-06   0.9721   0.7437      201
features.12                      130    -0.800557 2.907714e-07 1.508754e-05   0.9972   0.9694      201
features.16                       58    -0.800551 1.838904e-06 3.789249e-06   0.9972   0.9697      329
features.8                        81    -0.800402 1.512445e-07 2.027641e-06   0.9478   0.5261      137
features.11                      179    -0.800395 4.779672e-07 1.569454e-06   0.9130   0.2134      169
features.11                      317    -0.800395 6.891818e-07 3.219122e-05   0.9921   0.9249      169
features.15                      873    -0.800338 4.957651e-07 1.120312e-06   0.9611   0.6464      329
features.17                      454    -0.800327 3.118975e-06 6.017552e-07   0.9989   0.9869      489
features.12                      386    -0.800279 1.747871e-07 4.338210e-06   0.9861   0.8719      201
features.12                      331    -0.800000 1.282452e-07 9.784534e-07   0.9471   0.5237      201
features.13                      540    -0.800000 1.892554e-07 2.472573e-06   0.9815   0.8333      201
features.15                      881    -0.799492 6.269090e-07 2.062342e-06   0.9763   0.7919      329
features.17                       74    -0.799346 1.941239e-06 1.517866e-07   0.9847   0.8693      489
