================================================================================
Channel Pruning Log
  dataset    : UTKFace
  impt_type  : 2
  seed       : 42
  iteration  : 9
  alpha      : 0.1000
  norm       : rank
  timestamp  : 2026-08-28 04:13:22
  remove_target  : 36289
  accum_removed  : 36607
  selected_channels : 159
  gamma             : 0.0050
  remove_target_met : yes
  total_params   : 2192320
  active_after   : 1827983
  model_sparsity : 16.6%
================================================================================

[ 레이어별 채널 제거 비율 ]
  layer                total_ch  this_iter    cumul  cumul_%
  ----------------------------------------------------------
  features.1                 32          1        7    21.9%
  features.2                 96          3       23    24.0%
  features.3                144          2       26    18.1%
  features.4                144          0        7     4.9%
  features.5                192          3       47    24.5%
  features.6                192          2       50    26.0%
  features.7                192          1       11     5.7%
  features.8                384          8      121    31.5%
  features.9                384         10      113    29.4%
  features.10               384         16      126    32.8%
  features.11               384         14      109    28.4%
  features.12               576         18      180    31.2%
  features.13               576         10      169    29.3%
  features.14               576         15      130    22.6%
  features.15               960         31      326    34.0%
  features.16               960         20      190    19.8%
  features.17               960          5       22     2.3%

[ 레이어별 보호 영역 (γ=0.0050) ]
  layer                  active  protected  protect_%
  --------------------------------------------------
  features.1                 26          1       3.8%
  features.2                 76          1       1.3%
  features.3                120          1       0.8%
  features.4                137          1       0.7%
  features.5                148          1       0.7%
  features.6                144          1       0.7%
  features.7                182          1       0.5%
  features.8                271          2       0.7%
  features.9                281          2       0.7%
  features.10               274          2       0.7%
  features.11               289          2       0.7%
  features.12               414          3       0.7%
  features.13               417          3       0.7%
  features.14               461          3       0.7%
  features.15               665          4       0.6%
  features.16               790          4       0.5%
  features.17               943          5       0.5%

[ 블록별 제거 채널 수 ]
  features.1: 1채널 제거
  features.10: 16채널 제거
  features.11: 14채널 제거
  features.12: 18채널 제거
  features.13: 10채널 제거
  features.14: 15채널 제거
  features.15: 31채널 제거
  features.16: 20채널 제거
  features.17: 5채널 제거
  features.2: 3채널 제거
  features.3: 2채널 제거
  features.5: 3채널 제거
  features.6: 2채널 제거
  features.7: 1채널 제거
  features.8: 8채널 제거
  features.9: 10채널 제거

[ 선택된 채널 상세 ]
  (phi/perf: raw, phi_n/perf_n: 정규화 후 값 — score = α·perf_n − (1−α)·phi_n)
block                             ch        score          phi         perf    phi_n   perf_n  weights
----------------------------------------------------------------------------------------------------
features.15                      148    -0.879367 1.016191e-06 8.062138e-08   0.9895   0.1114      329
features.11                      306    -0.872917 8.326141e-07 8.352636e-07   0.9861   0.1458      169
features.9                       276    -0.871429 2.967796e-07 1.992625e-07   0.9786   0.0929      137
features.15                      852    -0.868373 7.862141e-07 1.090463e-07   0.9819   0.1536      329
features.11                      117    -0.861111 7.531056e-07 1.202593e-06   0.9826   0.2326      169
features.9                       147    -0.859286 2.395152e-07 1.570509e-07   0.9607   0.0536      137
features.12                      259    -0.855448 2.851586e-07 4.333374e-07   0.9855   0.3148      201
features.10                      349    -0.852381 2.362555e-07 2.524107e-07   0.9670   0.1795      137
features.15                      161    -0.850753 9.065811e-07 2.754168e-07   0.9849   0.3569      329
features.9                       257    -0.850714 2.274867e-07 3.473711e-08   0.9464   0.0107      137
features.15                      140    -0.850301 5.620408e-07 4.982757e-08   0.9503   0.0497      329
features.16                       75    -0.845627 1.241219e-06 1.035647e-07   0.9848   0.4068      329
features.8                       220    -0.844074 1.834295e-07 9.973018e-07   0.9741   0.3259      137
features.15                      737    -0.843825 5.483861e-07 6.450297e-08   0.9458   0.0738      329
features.15                      445    -0.843072 6.849086e-07 2.094898e-07   0.9684   0.2846      329
features.11                      355    -0.842361 5.873402e-07 1.071846e-06   0.9583   0.2014      169
features.9                       379    -0.842143 2.033041e-07 1.111204e-07   0.9393   0.0321      137
features.6                       184    -0.841259 6.611506e-08 6.567736e-07   0.9441   0.0839       73
features.12                      311    -0.840678 1.604568e-07 1.665788e-07   0.9443   0.0920      201
features.8                       110    -0.840370 1.886069e-07 1.283601e-06   0.9815   0.4296      137
features.11                      152    -0.840278 5.714078e-07 3.437440e-07   0.9375   0.0347      169
features.1                        22    -0.840000 3.720942e-07 3.566762e-03   1.0000   0.6000       25
features.8                       227    -0.840000 1.579913e-07 8.002977e-07   0.9630   0.2667      137
features.16                      604    -0.839670 1.054699e-06 8.159728e-08   0.9708   0.3409      329
features.15                      833    -0.839157 6.553173e-07 2.092270e-07   0.9639   0.2831      329
features.10                       81    -0.838095 2.521904e-07 4.441681e-07   0.9780   0.4212      137
features.12                      125    -0.838015 3.317576e-07 9.057592e-07   0.9952   0.5763      201
features.9                       127    -0.837857 2.501558e-07 4.165042e-07   0.9643   0.3000      137
features.14                      229    -0.837826 2.065485e-06 1.734576e-07   0.9478   0.1522      265
features.10                       78    -0.837363 2.236864e-07 3.109853e-07   0.9597   0.2637      137
features.15                      803    -0.835241 7.071951e-07 3.604735e-07   0.9759   0.4307      329
features.8                       101    -0.834815 2.135324e-07 1.833377e-06   0.9889   0.5519      137
features.10                      215    -0.834799 2.635471e-07 5.270201e-07   0.9853   0.5201      137
features.14                      546    -0.834783 1.992211e-06 1.654565e-07   0.9435   0.1435      265
features.9                       355    -0.834286 4.367864e-07 8.175956e-07   0.9929   0.5929      137
features.10                      186    -0.832967 1.989228e-07 2.084855e-07   0.9414   0.1429      137
features.15                      175    -0.832379 5.730885e-07 1.794946e-07   0.9518   0.2425      329
features.13                      561    -0.831971 1.995859e-07 2.337107e-07   0.9471   0.2043      201
features.12                      574    -0.831719 1.545357e-07 1.705515e-07   0.9346   0.0944      201
features.16                      105    -0.831559 1.046647e-06 1.054722e-07   0.9696   0.4106      329
features.12                      492    -0.831477 1.512309e-07 1.055001e-07   0.9298   0.0533      201
features.11                       68    -0.830903 5.652393e-07 5.979908e-07   0.9340   0.0972      169
features.10                       12    -0.830769 2.512220e-07 4.792776e-07   0.9744   0.4615      137
features.11                      175    -0.830556 5.860680e-07 1.460996e-06   0.9549   0.2882      169
features.16                      885    -0.830291 1.186032e-06 1.601742e-07   0.9797   0.5146      329
features.11                      108    -0.830208 8.523014e-07 4.502389e-06   0.9931   0.6354      169
features.15                      420    -0.829669 7.557388e-07 4.763946e-07   0.9789   0.5136      329
features.11                       45    -0.829514 8.515839e-07 4.132386e-06   0.9896   0.6111      169
features.12                      188    -0.829298 2.461921e-07 6.223893e-07   0.9709   0.4455      201
features.15                      832    -0.828765 1.227870e-06 8.056367e-07   0.9955   0.6717      329
features.14                      457    -0.828696 2.419923e-06 5.990028e-07   0.9848   0.5761      265
features.5                       105    -0.828571 7.827321e-08 1.682496e-06   0.9456   0.2245       73
features.15                      670    -0.828313 1.252767e-06 8.958694e-07   0.9985   0.7033      329
features.16                      148    -0.827883 1.014264e-06 1.108932e-07   0.9670   0.4246      329
features.13                      123    -0.827644 2.531879e-07 6.019225e-07   0.9736   0.4856      201
features.14                       31    -0.827174 2.367613e-06 5.728276e-07   0.9804   0.5522      265
features.16                      321    -0.826996 1.309071e-06 2.355151e-07   0.9873   0.6160      329
features.16                      901    -0.826996 9.405015e-07 7.631974e-08   0.9544   0.3194      329
features.2                        77    -0.826667 5.339561e-07 4.765858e-05   0.9733   0.4933       49
features.15                      487    -0.826506 6.145714e-07 2.742438e-07   0.9578   0.3554      329
features.12                       19    -0.826150 1.598665e-07 3.207317e-07   0.9419   0.2155      201
features.12                       70    -0.825666 1.615588e-07 3.610216e-07   0.9467   0.2639      201
features.15                      115    -0.823795 5.770547e-07 2.561291e-07   0.9533   0.3419      329
features.12                      234    -0.823487 1.985737e-07 5.538258e-07   0.9588   0.3947      201
features.15                      553    -0.823343 4.339707e-07 3.062895e-08   0.9172   0.0211      329
features.14                      370    -0.823261 2.643288e-06 8.935053e-07   0.9957   0.7283      265
features.12                      103    -0.823002 1.580573e-07 3.288079e-07   0.9395   0.2252      201
features.13                      230    -0.822837 2.003265e-07 3.704024e-07   0.9495   0.3173      201
features.15                      953    -0.822440 6.615834e-07 3.974082e-07   0.9654   0.4639      329
features.15                      286    -0.821988 1.239350e-06 1.070847e-06   0.9970   0.7530      329
features.15                      705    -0.821837 6.173590e-07 3.469199e-07   0.9593   0.4157      329
features.16                      247    -0.820532 1.381406e-06 3.417116e-07   0.9924   0.7262      329
features.14                      104    -0.820435 2.174301e-06 4.667039e-07   0.9652   0.4826      265
features.12                       59    -0.820339 1.512384e-07 2.929028e-07   0.9322   0.1864      201
features.12                      238    -0.819371 1.728643e-07 5.298908e-07   0.9516   0.3705      201
features.12                      561    -0.819370 2.981222e-07 1.526235e-06   0.9927   0.7409      201
features.15                      746    -0.819277 6.772185e-07 4.669040e-07   0.9669   0.5090      329
features.15                      733    -0.819126 4.976201e-07 1.398114e-07   0.9307   0.1852      329
features.15                      327    -0.818976 9.037274e-07 7.820329e-07   0.9834   0.6611      329
features.15                      660    -0.817319 6.855579e-07 5.192500e-07   0.9699   0.5557      329
features.15                       73    -0.816867 5.198794e-07 1.940510e-07   0.9367   0.2620      329
features.10                      114    -0.816850 2.561803e-07 7.339257e-07   0.9817   0.6667      137
features.13                      213    -0.816827 2.915326e-07 1.075368e-06   0.9832   0.6803      201
features.10                       55    -0.816483 1.954222e-07 2.519160e-07   0.9267   0.1758      137
features.10                      346    -0.816483 3.159509e-07 1.342327e-06   1.0000   0.8352      137
features.14                      225    -0.816304 2.272719e-06 6.250266e-07   0.9739   0.6022      265
features.14                      354    -0.816304 2.078078e-06 3.629887e-07   0.9500   0.3870      265
features.16                      837    -0.816096 9.962423e-07 1.460373e-07   0.9620   0.4968      329
features.14                      361    -0.815870 1.928741e-06 2.401103e-07   0.9326   0.2348      265
features.8                       224    -0.815555 1.328462e-07 4.388621e-07   0.9185   0.1111      137
features.11                       51    -0.814931 7.213001e-07 4.884982e-06   0.9792   0.6632      169
features.13                      523    -0.814663 1.902265e-07 2.562609e-07   0.9303   0.2260      201
features.11                        4    -0.814583 5.905241e-07 3.116452e-06   0.9618   0.5104      169
features.16                       68    -0.814322 1.091890e-06 2.360326e-07   0.9734   0.6172      329
features.16                      231    -0.814195 1.352207e-06 4.544435e-07   0.9911   0.7782      329
features.14                      102    -0.813696 1.972348e-06 3.074072e-07   0.9391   0.3152      265
features.9                        54    -0.813571 4.070946e-07 1.441249e-06   0.9893   0.7679      137
features.15                      438    -0.813253 4.197086e-07 6.820694e-08   0.9127   0.0813      329
features.13                      107    -0.813221 1.727790e-07 1.496394e-07   0.9159   0.1106      201
features.10                      204    -0.813187 2.050272e-07 4.287558e-07   0.9487   0.4066      137
features.15                      491    -0.812801 5.613863e-07 3.398694e-07   0.9488   0.4111      329
features.15                       47    -0.812500 4.351552e-07 1.032250e-07   0.9187   0.1431      329
features.12                      167    -0.812349 2.015112e-07 7.954164e-07   0.9613   0.5278      201
features.5                        21    -0.812245 1.233732e-07 6.690326e-06   0.9660   0.5714       73
features.7                       121    -0.812155 1.669148e-06 1.975051e-06   0.9503   0.4309      105
features.11                       53    -0.812153 5.645407e-07 1.289895e-06   0.9306   0.2535      169
features.10                      305    -0.812088 1.973553e-07 3.156706e-07   0.9341   0.2857      137
features.16                       11    -0.811787 8.831042e-07 1.057361e-07   0.9480   0.4144      329
features.15                      514    -0.811747 6.891437e-07 6.872602e-07   0.9714   0.6250      329
features.13                      378    -0.811538 2.877469e-07 1.262486e-06   0.9808   0.7115      201
features.8                       278    -0.811481 1.656097e-07 1.952157e-06   0.9667   0.5852      137
features.10                       34    -0.810256 2.658381e-07 1.120632e-06   0.9890   0.7985      137
features.5                        58    -0.810204 1.679330e-07 1.359827e-05   0.9864   0.7755       73
features.13                      356    -0.809856 1.910921e-07 3.438374e-07   0.9327   0.2957      201
features.10                      316    -0.809524 1.825511e-07 1.646583e-07   0.9084   0.0806      137
features.12                       35    -0.809443 1.493010e-07 3.490377e-07   0.9274   0.2518      201
features.16                      191    -0.809379 9.690224e-07 1.854317e-07   0.9607   0.5526      329
features.11                      193    -0.809375 5.770731e-07 2.302243e-06   0.9444   0.4062      169
features.10                       94    -0.809157 1.976003e-07 3.660184e-07   0.9377   0.3480      137
features.15                      558    -0.809036 4.616097e-07 1.619969e-07   0.9232   0.2184      329
features.11                      338    -0.809028 8.564327e-07 1.509547e-05   0.9965   0.8785      169
features.16                      853    -0.808745 1.340779e-06 5.698730e-07   0.9899   0.8213      329
features.9                        74    -0.808214 5.023555e-07 3.788473e-06   1.0000   0.9179      137
features.2                        20    -0.808000 8.792048e-07 4.051293e-04   1.0000   0.9200       49
features.6                        92    -0.807692 4.764437e-08 7.334984e-07   0.9091   0.1049       73
features.3                         0    -0.807563 6.905005e-08 3.638514e-05   0.9748   0.6975       57
features.12                      522    -0.807506 1.750574e-07 7.504016e-07   0.9540   0.5109      201
features.16                      550    -0.807351 1.710705e-06 8.129909e-07   0.9949   0.8809      329
features.16                      214    -0.807224 1.778720e-06 9.021449e-07   0.9962   0.8935      329
features.12                      164    -0.806780 2.557302e-07 1.230673e-06   0.9734   0.6925      201
features.14                      132    -0.806739 3.292119e-06 1.859331e-06   0.9978   0.9130      265
features.8                       352    -0.806667 1.521968e-07 1.405039e-06   0.9481   0.4667      137
features.17                      426    -0.806582 1.357445e-06 3.466723e-08   0.9671   0.6380      489
features.14                      540    -0.806304 2.500601e-06 1.255381e-06   0.9870   0.8196      265
features.9                       291    -0.806071 1.998762e-07 4.630587e-07   0.9321   0.3286      137
features.3                        73    -0.805882 4.437385e-08 1.715993e-05   0.9496   0.4874       57
features.16                      485    -0.805830 1.028833e-06 2.718233e-07   0.9683   0.6565      329
features.17                      757    -0.805308 1.617859e-06 6.228036e-08   0.9830   0.7941      489
features.13                      474    -0.805288 7.643333e-07 5.268797e-06   1.0000   0.9471      201
features.15                      122    -0.805271 9.284595e-07 1.463805e-06   0.9864   0.8253      329
features.16                      138    -0.805196 6.709714e-07 4.853237e-08   0.9176   0.2066      329
features.14                      293    -0.805000 3.328792e-06 2.318371e-06   1.0000   0.9500      265
features.17                       45    -0.804777 1.469490e-06 4.990012e-08   0.9756   0.7325      489
features.11                      159    -0.804514 6.645295e-07 6.694461e-06   0.9757   0.7361      169
features.17                      705    -0.804459 1.658261e-06 6.781223e-08   0.9841   0.8121      489
features.8                       149    -0.804444 2.436336e-07 5.403107e-06   0.9926   0.8889      137
features.16                      177    -0.804436 9.990184e-07 2.377291e-07   0.9632   0.6248      329
features.10                      101    -0.804396 3.151034e-07 2.075652e-06   0.9963   0.9231      137
features.10                       27    -0.804396 2.431061e-07 8.060774e-07   0.9707   0.6923      137
features.17                      683    -0.804034 3.879086e-06 2.229858e-07   1.0000   0.9597      489
features.9                       204    -0.803929 3.457205e-07 1.906454e-06   0.9857   0.8321      137
features.15                      523    -0.803916 1.596664e-06 4.982308e-06   1.0000   0.9608      329
features.14                      349    -0.803696 2.382429e-06 1.172201e-06   0.9826   0.8065      265
features.12                      476    -0.803632 4.134058e-07 1.014314e-05   1.0000   0.9637      201
features.15                      750    -0.803614 5.201850e-07 3.359783e-07   0.9383   0.4081      329
features.13                        2    -0.803606 2.605574e-07 1.538708e-06   0.9784   0.7692      201
features.14                      170    -0.803478 2.218968e-06 8.019358e-07   0.9696   0.6913      265
features.2                        17    -0.802667 3.976690e-07 3.261758e-05   0.9333   0.3733       49
features.16                      291    -0.802662 2.076806e-06 1.691173e-06   0.9975   0.9506      329
