================================================================================
Channel Pruning Log
  iteration  : 22
  alpha      : 0.7000
  timestamp  : 2026-06-07 08:40:55
  remove_target  : 19344
  accum_removed  : 19353
  selected_channels : 121
  gamma             : 0.0050
  remove_target_met : yes
  total_params   : 2289600
  active_after   : 684394
  model_sparsity : 70.1%
================================================================================

[ 레이어별 채널 제거 비율 ]
  layer                total_ch  this_iter    cumul  cumul_%
  ----------------------------------------------------------
  features.1                 32          0       23    71.9%
  features.2                 96          0       93    96.9%
  features.3                144          0      139    96.5%
  features.4                144          1      110    76.4%
  features.5                192          4      123    64.1%
  features.6                192          1      183    95.3%
  features.7                192         46      152    79.2%
  features.8                384          5      213    55.5%
  features.9                384         10      345    89.8%
  features.10               384          5      350    91.1%
  features.11               384         11      363    94.5%
  features.12               576         18      512    88.9%
  features.13               576          4      558    96.9%
  features.14               576          3      472    81.9%
  features.15               960          0      931    97.0%
  features.16               960         13      788    82.1%
  features.17               960          0      931    97.0%

[ 레이어별 보호 영역 (γ=0.01) ]
  layer                  active  protected  protect_%
  --------------------------------------------------
  features.1                  9          1      11.1%
  features.2                  3          1      33.3%
  features.3                  5          1      20.0%
  features.4                 35          1       2.9%
  features.5                 73          1       1.4%
  features.6                 10          1      10.0%
  features.7                 86          1       1.2%
  features.8                176          1       0.6%
  features.9                 49          1       2.0%
  features.10                39          1       2.6%
  features.11                32          1       3.1%
  features.12                82          1       1.2%
  features.13                22          1       4.5%
  features.14               107          1       0.9%
  features.15                29          1       3.4%
  features.16               185          1       0.5%
  features.17                29          1       3.4%

[ 블록별 제거 채널 수 ]
  features.10: 5채널 제거
  features.11: 11채널 제거
  features.12: 18채널 제거
  features.13: 4채널 제거
  features.14: 3채널 제거
  features.16: 13채널 제거
  features.4: 1채널 제거
  features.5: 4채널 제거
  features.6: 1채널 제거
  features.7: 46채널 제거
  features.8: 5채널 제거
  features.9: 10채널 제거

[ 선택된 채널 상세 ]
block                             ch        score          phi         perf  weights
--------------------------------------------------------------------------------
features.7                        73    -0.163170 2.223817e-06 3.514253e-07      105
features.7                        80    -0.129792 1.649874e-06 2.310638e-07      105
features.7                       134    -0.109965 1.167241e-06 1.018646e-07      105
features.7                        19    -0.108211 1.348627e-06 1.816841e-07      105
features.7                       111    -0.097298 2.041732e-06 5.009844e-07      105
features.7                        60    -0.090093 1.487804e-06 2.998865e-07      105
features.7                        97    -0.083409 8.651249e-07 6.902583e-08      105
features.11                       33    -0.082912 1.695759e-06 2.136297e-05      169
features.7                         6    -0.081280 1.075355e-06 1.618644e-07      105
features.11                      327    -0.078473 7.968072e-07 5.939880e-06      169
features.7                         8    -0.077865 1.087785e-06 1.785225e-07      105
features.7                       159    -0.073930 1.251963e-06 2.587408e-07      105
features.7                       167    -0.073756 1.072567e-06 1.862811e-07      105
features.13                      437    -0.072664 4.509612e-08 1.006098e-06      201
features.7                         9    -0.071748 8.514991e-07 1.030765e-07      105
features.7                       126    -0.070591 1.531620e-06 3.839610e-07      105
features.9                       122    -0.069087 1.872443e-07 4.868421e-07      137
features.7                       138    -0.064067 1.374697e-06 3.422139e-07      105
features.7                       173    -0.060165 5.692091e-07 2.746438e-08      105
features.11                      224    -0.052898 6.948254e-07 6.790467e-06      169
features.7                        75    -0.052625 1.059395e-06 2.526778e-07      105
features.7                        33    -0.052122 1.050044e-06 2.505775e-07      105
features.7                        47    -0.052118 9.896279e-07 2.259916e-07      105
features.7                        52    -0.051882 6.631387e-07 9.384288e-08      105
features.7                       123    -0.051773 7.916684e-07 1.465504e-07      105
features.7                       150    -0.051390 1.536267e-06 4.510593e-07      105
features.7                        27    -0.049982 8.328779e-07 1.694159e-07      105
features.7                       113    -0.047847 1.233130e-06 3.396510e-07      105
features.13                      372    -0.047679 3.099404e-08 7.562934e-07      201
features.7                       185    -0.045204 4.518870e-07 3.049584e-08      105
features.9                       290    -0.044418 1.895520e-07 6.971866e-07      137
features.7                       165    -0.044288 7.577717e-07 1.581663e-07      105
features.7                         4    -0.043400 2.501955e-06 8.714336e-07      105
features.12                      256    -0.041727 8.361535e-08 5.065721e-07      201
features.7                        31    -0.041595 1.013696e-06 2.715268e-07      105
features.7                        14    -0.039054 7.853876e-07 1.871889e-07      105
features.7                        38    -0.038393 6.121866e-07 1.189035e-07      105
features.7                        62    -0.037881 4.160052e-07 4.075386e-08      105
features.7                        46    -0.037875 3.698057e-07 2.196313e-08      105
features.10                      138    -0.037773 5.883241e-08 4.119080e-08      137
features.7                       161    -0.037399 4.235876e-07 4.548020e-08      105
features.7                        23    -0.037304 8.047987e-07 2.010347e-07      105
features.9                       356    -0.036719 7.459988e-08 1.203478e-07      137
features.7                        90    -0.034937 4.857853e-07 7.916901e-08      105
features.9                        47    -0.034599 6.618119e-08 9.056084e-08      137
features.13                      494    -0.033156 5.888101e-08 3.081862e-06      201
features.5                        93    -0.032170 4.813373e-08 8.159548e-08       73
features.5                       181    -0.032143 4.812821e-08 8.403499e-08       73
features.7                        44    -0.031863 2.976540e-07 1.299940e-08      105
features.7                       145    -0.031829 1.295522e-06 4.194557e-07      105
features.11                      133    -0.031467 2.580935e-07 1.296605e-06      169
features.9                       277    -0.031235 7.661063e-08 1.754253e-07      137
features.11                       65    -0.031079 2.269538e-07 7.866092e-07      169
features.5                       117    -0.030709 7.064676e-08 1.814396e-06       73
features.8                       131    -0.029874 9.616719e-08 9.617500e-09      137
features.12                      240    -0.029170 4.984858e-08 1.462170e-07      201
features.7                        51    -0.028836 5.606980e-07 1.303922e-07      105
features.9                       281    -0.027917 4.831639e-08 4.483283e-08      137
features.7                       191    -0.027142 2.531648e-07 1.091390e-08      105
features.12                       80    -0.027108 6.117654e-08 4.947506e-07      201
features.11                      101    -0.027018 1.926211e-07 6.011925e-07      169
features.7                        68    -0.026635 5.979658e-07 1.530431e-07      105
features.11                       79    -0.026391 3.285388e-07 3.067715e-06      169
features.11                      145    -0.026075 3.492303e-07 3.466119e-06      169
features.8                        22    -0.025790 3.258433e-07 2.978441e-07      137
features.9                         1    -0.025656 6.943576e-08 1.802404e-07      137
features.13                      168    -0.025162 1.808733e-08 5.176329e-07      201
features.12                       46    -0.025075 4.362582e-08 1.444072e-07      201
features.7                       121    -0.024709 4.043014e-07 8.072158e-08      105
features.12                      148    -0.024302 4.708373e-08 2.560240e-07      201
features.5                       187    -0.024130 1.335154e-07 6.909844e-06       73
features.7                        36    -0.023977 8.270399e-07 2.553533e-07      105
features.16                      249    -0.023968 3.143043e-07 1.797727e-07      329
features.12                       97    -0.022824 4.966471e-08 3.719869e-07      201
features.14                      232    -0.022104 2.299844e-06 2.209623e-07      265
features.14                      439    -0.022036 9.973288e-07 7.926528e-08      265
features.16                      958    -0.021413 3.590135e-07 3.711449e-07      329
features.12                      198    -0.021366 3.598393e-08 9.432766e-08      201
features.8                         4    -0.020758 1.367959e-07 9.011939e-08      137
features.9                        87    -0.020697 1.082690e-07 4.356462e-07      137
features.12                       99    -0.020139 4.635854e-08 3.895340e-07      201
features.12                      461    -0.019990 3.036814e-08 8.543956e-09      201
features.16                      119    -0.019688 2.063671e-07 8.198076e-09      329
features.16                      624    -0.019600 2.420934e-07 1.068227e-07      329
features.10                      272    -0.019508 9.674257e-08 2.200650e-07      137
features.10                      127    -0.019479 6.695322e-08 1.309296e-07      137
features.12                       10    -0.019408 3.294545e-08 9.195630e-08      201
features.9                       336    -0.019380 2.202938e-07 1.068425e-06      137
features.16                      285    -0.019350 2.752222e-07 2.029561e-07      329
features.14                      347    -0.019290 1.602486e-06 1.487918e-07      265
features.7                       190    -0.019258 6.931261e-07 2.168483e-07      105
features.16                      608    -0.019170 2.090543e-07 2.984980e-08      329
features.12                        2    -0.019100 3.627271e-08 1.835359e-07      201
features.16                      346    -0.019059 3.981315e-07 5.418898e-07      329
features.16                      473    -0.018990 2.368038e-07 1.095297e-07      329
features.4                        97    -0.018859 3.098936e-07 5.968299e-07       65
features.7                        42    -0.018706 2.345381e-07 3.198102e-08      105
features.12                      191    -0.018332 2.797631e-08 1.092863e-08      201
features.7                       148    -0.018312 2.638786e-07 4.526505e-08      105
features.11                      128    -0.018004 1.147867e-07 1.608068e-07      169
features.12                      440    -0.017898 2.789318e-08 2.467071e-08      201
features.12                      231    -0.017893 3.628464e-08 2.275840e-07      201
features.7                        49    -0.017744 1.329827e-06 4.812609e-07      105
features.10                      304    -0.017397 5.337244e-08 9.768647e-08      137
features.16                      197    -0.017379 2.702954e-07 2.444643e-07      329
features.8                       144    -0.017248 5.546848e-08 5.486370e-09      137
features.12                      421    -0.017210 4.424537e-08 4.447364e-07      201
features.11                      317    -0.017086 8.777710e-07 1.373720e-05      169
features.11                       96    -0.017063 1.778356e-07 1.372463e-06      169
features.12                      201    -0.017028 3.378220e-08 1.985257e-07      201
features.16                      926    -0.016982 2.391121e-07 1.715717e-07      329
features.16                      843    -0.016965 8.328828e-07 1.770350e-06      329
features.12                        7    -0.016938 2.590745e-08 1.150632e-08      201
features.10                      158    -0.016901 3.269989e-08 3.753276e-08      137
features.16                      912    -0.016852 2.068259e-07 8.827460e-08      329
features.7                       102    -0.016811 1.619467e-07 8.853347e-09      105
features.8                        50    -0.016793 8.116955e-08 3.773415e-08      137
features.12                      322    -0.016693 2.953962e-08 1.081489e-07      201
features.6                        21    -0.016656 9.728193e-09 6.116626e-07       73
features.16                      440    -0.016404 1.951011e-07 6.916279e-08      329
features.9                       272    -0.016383 4.314833e-08 1.084811e-07      137
