================================================================================
Channel Pruning Log
  iteration  : 19
  alpha      : 0.7000
  timestamp  : 2026-06-07 05:10:14
  remove_target  : 26586
  accum_removed  : 26899
  selected_channels : 147
  gamma             : 0.0050
  remove_target_met : yes
  total_params   : 2289600
  active_after   : 749268
  model_sparsity : 67.3%
================================================================================

[ 레이어별 채널 제거 비율 ]
  layer                total_ch  this_iter    cumul  cumul_%
  ----------------------------------------------------------
  features.1                 32          0       23    71.9%
  features.2                 96          0       93    96.9%
  features.3                144          5      123    85.4%
  features.4                144         13      102    70.8%
  features.5                192         15       99    51.6%
  features.6                192          1      182    94.8%
  features.7                192         13       68    35.4%
  features.8                384         14      176    45.8%
  features.9                384         13      326    84.9%
  features.10               384          5      319    83.1%
  features.11               384          4      328    85.4%
  features.12               576         14      480    83.3%
  features.13               576          5      552    95.8%
  features.14               576          7      462    80.2%
  features.15               960         28      928    96.7%
  features.16               960         10      716    74.6%
  features.17               960          0      931    97.0%

[ 레이어별 보호 영역 (γ=0.01) ]
  layer                  active  protected  protect_%
  --------------------------------------------------
  features.1                  9          1      11.1%
  features.2                  3          1      33.3%
  features.3                 26          1       3.8%
  features.4                 55          1       1.8%
  features.5                108          1       0.9%
  features.6                 11          1       9.1%
  features.7                137          1       0.7%
  features.8                222          2       0.9%
  features.9                 71          1       1.4%
  features.10                70          1       1.4%
  features.11                60          1       1.7%
  features.12               110          1       0.9%
  features.13                29          1       3.4%
  features.14               121          1       0.8%
  features.15                60          1       1.7%
  features.16               254          2       0.8%
  features.17                29          1       3.4%

[ 블록별 제거 채널 수 ]
  features.10: 5채널 제거
  features.11: 4채널 제거
  features.12: 14채널 제거
  features.13: 5채널 제거
  features.14: 7채널 제거
  features.15: 28채널 제거
  features.16: 10채널 제거
  features.3: 5채널 제거
  features.4: 13채널 제거
  features.5: 15채널 제거
  features.6: 1채널 제거
  features.7: 13채널 제거
  features.8: 14채널 제거
  features.9: 13채널 제거

[ 선택된 채널 상세 ]
block                             ch        score          phi         perf  weights
--------------------------------------------------------------------------------
features.4                        27    -0.086120 7.397396e-07 1.432191e-06       65
features.4                        37    -0.074007 8.004795e-07 2.211668e-06       65
features.3                       120    -0.070595 4.759978e-08 1.065968e-04       57
features.4                        36    -0.070524 7.741558e-07 2.175125e-06       65
features.4                       134    -0.058251 4.001089e-07 3.720002e-07       65
features.15                      749    -0.050658 3.116955e-07 1.001440e-06      329
features.9                       236    -0.047459 9.086158e-08 1.358480e-07      137
features.3                        68    -0.047424 1.574363e-08 1.827419e-06       57
features.4                        29    -0.045723 3.051720e-07 2.390915e-07       65
features.9                       188    -0.045547 7.295326e-08 8.507325e-08      137
features.4                        90    -0.045059 4.297649e-07 1.003652e-06       65
features.4                        57    -0.043778 1.326941e-06 6.388421e-06       65
features.3                       115    -0.043625 3.218677e-08 7.778870e-05       57
features.8                        24    -0.043252 1.275107e-07 1.181786e-08      137
features.15                      892    -0.042062 2.449423e-07 7.501043e-07      329
features.14                       57    -0.039780 1.782001e-06 1.339970e-07      265
features.4                        66    -0.039226 2.610226e-07 2.004496e-07       65
features.15                      258    -0.038306 1.355246e-07 1.690197e-07      329
features.8                       293    -0.038242 1.361343e-07 4.624576e-08      137
features.14                      497    -0.038167 1.050541e-06 6.591186e-08      265
features.15                       71    -0.034942 2.638448e-07 9.776055e-07      329
features.7                        57    -0.034876 8.488554e-07 5.028474e-08      105
features.5                        21    -0.034717 4.283225e-08 2.515519e-08       73
features.9                       353    -0.034131 1.400465e-07 3.352108e-07      137
features.5                       151    -0.033870 2.287991e-07 5.983701e-06       73
features.4                        25    -0.033808 2.257580e-07 1.774448e-07       65
features.16                      785    -0.032827 3.600837e-07 2.755324e-08      329
features.7                        55    -0.032683 5.855305e-07 2.448753e-08      105
features.13                      210    -0.032671 2.448408e-08 2.876242e-07      201
features.15                      598    -0.032410 1.385483e-07 2.832610e-07      329
features.15                      823    -0.032302 9.050544e-08 2.900646e-09      329
features.5                       168    -0.032125 5.137964e-08 3.975468e-07       73
features.15                      307    -0.032053 1.294994e-07 2.359727e-07      329
features.13                       44    -0.031967 1.652449e-08 7.662991e-08      201
features.15                      715    -0.031955 1.327711e-07 2.567833e-07      329
features.15                      238    -0.031774 9.246136e-08 2.302851e-08      329
features.9                       297    -0.031747 6.769722e-08 1.128657e-07      137
features.7                       188    -0.031566 5.247772e-07 1.925777e-08      105
features.5                        63    -0.031562 6.812418e-08 9.528416e-07       73
features.4                       119    -0.031512 1.447736e-06 7.530663e-06       65
features.15                      294    -0.031431 1.152333e-07 1.623750e-07      329
features.15                      671    -0.031266 1.190401e-07 1.874299e-07      329
features.15                      548    -0.031238 1.663402e-07 4.656368e-07      329
features.3                         0    -0.031113 1.487399e-08 2.073833e-05       57
features.7                       144    -0.031058 4.470405e-07 1.147655e-08      105
features.7                        92    -0.030883 9.779636e-07 6.892550e-08      105
features.15                      274    -0.030720 1.043865e-07 1.103099e-07      329
features.14                      297    -0.030367 9.707360e-07 6.526206e-08      265
features.15                      397    -0.030163 1.235969e-07 2.322292e-07      329
features.4                        49    -0.030023 9.572467e-07 4.662308e-06       65
features.9                        33    -0.029902 4.587712e-08 4.943623e-08      137
features.14                      349    -0.029803 2.023005e-06 1.657738e-07      265
features.12                      268    -0.029718 4.426349e-08 1.122038e-07      201
features.15                      712    -0.029544 1.225196e-07 2.360405e-07      329
features.4                        88    -0.029329 3.901189e-07 1.310346e-06       65
features.15                      440    -0.029289 1.053473e-07 1.393733e-07      329
features.4                        46    -0.029183 1.738772e-06 9.343421e-06       65
features.15                      700    -0.029092 1.610157e-07 4.694866e-07      329
features.8                       109    -0.029084 9.765814e-08 2.617983e-08      137
features.7                       152    -0.029082 6.705200e-07 3.790751e-08      105
features.5                       149    -0.028996 4.593594e-08 3.448341e-07       73
features.5                       129    -0.028957 4.025611e-08 1.653291e-07       73
features.10                      277    -0.028882 4.337967e-08 1.472532e-08      137
features.10                      301    -0.028726 3.429302e-08 2.600142e-09      137
features.8                       264    -0.028285 9.181226e-08 2.061967e-08      137
features.12                      345    -0.028241 4.813001e-08 1.734266e-07      201
features.12                      554    -0.028220 7.852686e-08 5.083641e-07      201
features.9                       197    -0.028210 1.090751e-07 2.558313e-07      137
features.13                       21    -0.028070 4.738184e-08 9.731166e-07      201
features.5                        88    -0.028038 4.378523e-08 3.132684e-07       73
features.10                      269    -0.027922 3.491809e-08 4.684028e-09      137
features.5                        49    -0.027844 4.144971e-08 2.463335e-07       73
features.15                      212    -0.027281 1.162059e-07 2.359932e-07      329
features.3                        38    -0.027060 8.785790e-09 1.939141e-07       57
features.15                      704    -0.027027 7.618286e-08 5.111069e-09      329
features.8                       141    -0.026969 8.964147e-08 2.287391e-08      137
features.8                       254    -0.026932 9.311521e-08 2.834919e-08      137
features.9                       377    -0.026923 3.310671e-08 1.844126e-08      137
features.12                      491    -0.026877 5.446845e-08 2.604251e-07      201
features.15                      296    -0.026873 1.155330e-07 2.387177e-07      329
features.14                       40    -0.026865 1.032457e-06 7.424197e-08      265
features.8                       335    -0.026816 1.672040e-07 1.422042e-07      137
features.5                        31    -0.026649 3.378407e-08 4.815687e-08       73
features.15                      275    -0.026646 8.610852e-08 6.963157e-08      329
features.8                        74    -0.026555 8.242693e-08 1.359284e-08      137
features.13                      332    -0.026401 1.172145e-08 1.021663e-08      201
features.12                      233    -0.026370 8.902551e-08 6.473131e-07      201
features.10                      347    -0.025674 3.949759e-08 1.436387e-08      137
features.16                       92    -0.025436 3.384240e-07 9.871621e-08      329
features.7                        59    -0.025033 4.627987e-07 2.029950e-08      105
features.14                      441    -0.025018 3.755025e-07 1.344472e-08      265
features.11                      120    -0.025015 2.082271e-07 3.429105e-07      169
features.11                      350    -0.024934 2.627345e-07 6.975409e-07      169
features.5                       148    -0.024639 4.646106e-08 5.296885e-07       73
features.7                       181    -0.024590 5.645380e-07 3.179260e-08      105
features.15                      133    -0.024554 6.913552e-08 4.206962e-09      329
features.12                      526    -0.024379 5.692180e-08 3.189694e-07      201
features.15                      136    -0.024348 6.987447e-08 1.190543e-08      329
features.8                        38    -0.024342 1.545475e-07 1.333203e-07      137
features.15                      721    -0.024317 8.126214e-08 7.929506e-08      329
features.5                       141    -0.024298 4.477043e-08 4.889827e-07       73
features.16                      109    -0.024283 2.699525e-07 2.505844e-08      329
features.5                         7    -0.024231 3.321043e-08 1.231911e-07       73
features.5                       111    -0.024167 4.433678e-08 4.802154e-07       73
features.11                      245    -0.024111 5.698640e-07 2.710353e-06      169
features.16                       44    -0.024067 2.500641e-07 2.054026e-09      329
features.9                       298    -0.023875 2.857803e-08 1.387203e-08      137
features.16                      137    -0.023851 2.559603e-07 1.264193e-08      329
features.12                      408    -0.023688 4.159501e-08 1.589447e-07      201
features.12                      437    -0.023631 3.150777e-08 4.860495e-08      201
features.15                      526    -0.023431 1.610554e-07 5.623581e-07      329
features.15                      248    -0.023428 1.008806e-07 2.090446e-07      329
features.16                      603    -0.023420 2.585914e-07 2.185532e-08      329
features.5                       170    -0.023297 4.995461e-08 6.927931e-07       73
features.11                      229    -0.023198 1.561596e-07 7.986190e-08      169
features.9                        21    -0.023166 3.028038e-08 2.157121e-08      137
features.5                       112    -0.023162 3.395712e-08 1.882353e-07       73
features.9                       246    -0.023154 1.204707e-07 3.083703e-07      137
features.13                      259    -0.023035 1.044324e-08 1.487227e-08      201
features.10                      268    -0.023028 5.729214e-08 4.263349e-08      137
features.12                      512    -0.022975 3.064748e-08 4.741382e-08      201
features.6                        37    -0.022941 6.823577e-09 8.672335e-08       73
features.9                       160    -0.022902 5.882091e-08 1.131668e-07      137
features.9                       220    -0.022800 2.969622e-08 2.089446e-08      137
features.7                       140    -0.022695 6.018398e-07 3.805448e-08      105
features.12                      200    -0.022647 3.031774e-08 4.792319e-08      201
features.8                       332    -0.022642 7.156992e-08 1.355998e-08      137
features.7                        24    -0.022582 4.915055e-07 2.629296e-08      105
features.15                      778    -0.022444 8.897582e-08 1.552386e-07      329
features.7                        69    -0.022407 4.983821e-07 2.724084e-08      105
features.8                        89    -0.022350 1.245600e-07 9.587942e-08      137
features.16                      696    -0.022342 2.440789e-07 1.746214e-08      329
features.7                       143    -0.022265 7.173959e-07 5.102136e-08      105
features.12                      413    -0.022228 4.043891e-08 1.646474e-07      201
features.12                      280    -0.022207 4.081857e-08 1.690915e-07      201
features.8                       242    -0.022204 9.470814e-08 5.082101e-08      137
features.8                       319    -0.022146 1.033752e-07 6.432703e-08      137
features.16                      704    -0.022120 2.885317e-07 7.832569e-08      329
features.8                        76    -0.022115 6.676715e-08 8.444315e-09      137
features.16                      567    -0.021968 3.522081e-07 1.632989e-07      329
features.12                      228    -0.021950 2.657574e-08 1.551733e-08      201
features.9                       334    -0.021710 4.111435e-08 6.071226e-08      137
features.15                      691    -0.021532 1.254850e-07 3.845451e-07      329
features.12                      462    -0.021481 3.576512e-08 1.226102e-07      201
features.14                      204    -0.021449 2.376926e-07 3.520338e-09      265
features.7                       137    -0.021309 4.589055e-07 2.428309e-08      105
features.16                      390    -0.021302 2.220908e-07 2.801254e-09      329
