================================================================================
Channel Pruning Log
  iteration  : 17
  alpha      : 0.7000
  timestamp  : 2026-06-07 02:50:16
  remove_target  : 32841
  accum_removed  : 32844
  selected_channels : 164
  gamma             : 0.0050
  remove_target_met : yes
  total_params   : 2289600
  active_after   : 805874
  model_sparsity : 64.8%
================================================================================

[ 레이어별 채널 제거 비율 ]
  layer                total_ch  this_iter    cumul  cumul_%
  ----------------------------------------------------------
  features.1                 32          0       23    71.9%
  features.2                 96          0       93    96.9%
  features.3                144          3      116    80.6%
  features.4                144          1       81    56.2%
  features.5                192         15       68    35.4%
  features.6                192         11      177    92.2%
  features.7                192          3       49    25.5%
  features.8                384         22      137    35.7%
  features.9                384         16      306    79.7%
  features.10               384          4      305    79.4%
  features.11               384          5      318    82.8%
  features.12               576         18      461    80.0%
  features.13               576          1      547    95.0%
  features.14               576         22      454    78.8%
  features.15               960         30      883    92.0%
  features.16               960         13      665    69.3%
  features.17               960          0      931    97.0%

[ 레이어별 보호 영역 (γ=0.01) ]
  layer                  active  protected  protect_%
  --------------------------------------------------
  features.1                  9          1      11.1%
  features.2                  3          1      33.3%
  features.3                 31          1       3.2%
  features.4                 64          1       1.6%
  features.5                139          1       0.7%
  features.6                 26          1       3.8%
  features.7                146          1       0.7%
  features.8                269          2       0.7%
  features.9                 94          1       1.1%
  features.10                83          1       1.2%
  features.11                71          1       1.4%
  features.12               133          1       0.8%
  features.13                30          1       3.3%
  features.14               144          1       0.7%
  features.15               107          1       0.9%
  features.16               308          2       0.6%
  features.17                29          1       3.4%

[ 블록별 제거 채널 수 ]
  features.10: 4채널 제거
  features.11: 5채널 제거
  features.12: 18채널 제거
  features.13: 1채널 제거
  features.14: 22채널 제거
  features.15: 30채널 제거
  features.16: 13채널 제거
  features.3: 3채널 제거
  features.4: 1채널 제거
  features.5: 15채널 제거
  features.6: 11채널 제거
  features.7: 3채널 제거
  features.8: 22채널 제거
  features.9: 16채널 제거

[ 선택된 채널 상세 ]
block                             ch        score          phi         perf  weights
--------------------------------------------------------------------------------
features.12                      448    -0.095487 1.231174e-07 5.062722e-07      201
features.14                      311    -0.079672 1.653365e-06 1.030074e-07      265
features.5                        35    -0.079241 9.165581e-08 2.375824e-07       73
features.14                      358    -0.079224 1.039695e-06 4.635665e-08      265
features.15                      950    -0.076913 2.885185e-07 3.815236e-07      329
features.5                        32    -0.075510 9.636612e-08 3.065487e-07       73
features.5                        90    -0.073939 7.553181e-08 1.329585e-07       73
features.5                        61    -0.068527 7.488205e-08 1.665492e-07       73
features.15                      265    -0.067500 4.731915e-07 1.050923e-06      329
features.15                      785    -0.064892 1.821172e-07 1.223300e-07      329
features.10                      177    -0.063884 1.458573e-07 1.002442e-07      137
features.6                        78    -0.063726 1.756745e-08 6.014978e-07       73
features.15                      382    -0.063300 2.817720e-07 4.582647e-07      329
features.6                       104    -0.060693 1.894928e-08 1.460695e-06       73
features.15                       65    -0.060450 2.637529e-07 4.202754e-07      329
features.16                      126    -0.060354 4.907357e-07 7.249239e-09      329
features.14                      444    -0.059832 9.874435e-07 5.377262e-08      265
features.14                      308    -0.058832 9.561137e-07 5.149845e-08      265
features.9                       164    -0.058136 1.105755e-07 1.207639e-07      137
features.3                       102    -0.056159 2.589236e-08 3.771856e-06       57
features.12                      379    -0.054263 6.915754e-08 2.783386e-07      201
features.8                       315    -0.053701 3.089703e-07 2.244649e-07      137
features.6                       116    -0.052983 1.883707e-08 2.193676e-06       73
features.14                       73    -0.052683 9.260458e-07 5.259750e-08      265
features.15                      954    -0.051453 1.454321e-07 1.003524e-07      329
features.14                      528    -0.049585 9.934026e-07 6.080602e-08      265
features.3                        39    -0.049485 2.261632e-08 2.913018e-06       57
features.15                      101    -0.049107 1.668120e-07 1.869585e-07      329
features.14                      445    -0.048792 9.937960e-07 6.134361e-08      265
features.8                       300    -0.048070 1.189755e-07 9.244490e-09      137
features.5                         4    -0.048070 4.377489e-08 3.910354e-08       73
features.5                       115    -0.047360 7.817174e-08 3.497290e-07       73
features.6                        46    -0.047281 1.285051e-08 3.728513e-07       73
features.14                      357    -0.046520 8.828198e-07 5.248471e-08      265
features.5                       165    -0.046509 4.257606e-08 3.980909e-08       73
features.6                       187    -0.045427 1.204554e-08 2.376934e-07       73
features.5                       171    -0.044969 6.641508e-08 2.627109e-07       73
features.5                       126    -0.044456 3.691234e-08 4.448248e-09       73
features.14                      431    -0.044200 7.657499e-07 4.309034e-08      265
features.6                        74    -0.043472 1.111874e-08 6.391356e-08       73
features.8                       164    -0.043329 1.238322e-07 2.851261e-08      137
features.6                         0    -0.043245 1.499969e-08 1.640383e-06       73
features.15                      268    -0.043045 1.100270e-07 4.606201e-08      329
features.10                      165    -0.042646 5.884538e-08 1.930001e-08      137
features.15                      113    -0.042587 1.242720e-07 9.575164e-08      329
features.14                       13    -0.042500 8.239109e-07 4.956203e-08      265
features.8                       197    -0.042167 1.088044e-07 1.350858e-08      137
features.5                       144    -0.041905 5.279080e-08 1.640099e-07       73
features.9                        53    -0.041719 6.220561e-08 4.289426e-08      137
features.15                      261    -0.041659 1.060159e-07 4.305508e-08      329
features.10                        4    -0.041107 7.533012e-08 4.160584e-08      137
features.9                       129    -0.040747 5.028192e-08 1.515260e-08      137
features.8                       362    -0.040560 9.770523e-08 4.537441e-09      137
features.15                      685    -0.040386 1.220016e-07 1.043243e-07      329
features.8                       333    -0.040217 1.158287e-07 2.754587e-08      137
features.9                       166    -0.040049 1.032125e-07 1.522215e-07      137
features.14                      177    -0.039925 9.941831e-07 6.698741e-08      265
features.16                      623    -0.039201 3.255136e-07 1.178169e-08      329
features.14                       90    -0.038958 6.319474e-07 3.399208e-08      265
features.15                      255    -0.038740 3.406717e-07 8.280651e-07      329
features.12                      503    -0.038213 4.246330e-08 1.236573e-07      201
features.12                      442    -0.038073 4.380343e-08 1.405514e-07      201
features.14                      382    -0.038002 7.897946e-07 4.924104e-08      265
features.15                       30    -0.037737 1.236562e-07 1.289142e-07      329
features.8                       191    -0.037670 1.010401e-07 1.673691e-08      137
features.14                      166    -0.037408 1.012069e-06 7.023873e-08      265
features.8                        13    -0.037318 1.031969e-07 2.035272e-08      137
features.14                      225    -0.037151 6.440835e-07 3.626066e-08      265
features.15                      657    -0.037133 1.079292e-07 8.209795e-08      329
features.8                       133    -0.037066 1.252502e-07 4.788528e-08      137
features.8                       265    -0.036886 1.324369e-07 5.713385e-08      137
features.8                        53    -0.036739 9.026439e-08 6.253531e-09      137
features.11                      375    -0.036596 2.342770e-07 3.039913e-07      169
features.15                      764    -0.036369 1.096813e-07 9.334011e-08      329
features.8                        82    -0.036118 1.002482e-07 2.014699e-08      137
features.14                      249    -0.036113 5.693780e-07 2.998601e-08      265
features.11                      243    -0.035988 2.310338e-07 3.033445e-07      169
features.8                       107    -0.035873 9.940572e-08 1.981469e-08      137
features.7                        37    -0.035858 4.908332e-07 8.583306e-09      105
features.15                      117    -0.035847 9.309851e-08 4.314805e-08      329
features.8                       215    -0.035660 1.227131e-07 4.876259e-08      137
features.5                       152    -0.035648 3.933234e-08 9.000163e-08       73
features.15                      160    -0.035597 8.248981e-08 1.042730e-08      329
features.6                        23    -0.035507 1.504452e-08 2.439129e-06       73
features.9                        58    -0.035490 6.256450e-08 6.111665e-08      137
features.12                      429    -0.035454 4.477770e-08 1.771247e-07      201
features.15                      377    -0.035237 8.408591e-08 1.822933e-08      329
features.8                        62    -0.035184 1.490347e-07 8.211914e-08      137
features.6                       124    -0.035178 1.114970e-08 9.132748e-07       73
features.14                      529    -0.035032 9.122140e-07 6.247720e-08      265
features.15                       59    -0.034977 7.852415e-08 2.011382e-09      329
features.12                      529    -0.034925 4.658704e-08 2.032253e-07      201
features.16                      354    -0.034860 3.508150e-07 7.453102e-08      329
features.15                      637    -0.034853 9.038497e-08 4.152295e-08      329
features.12                      340    -0.034784 3.952301e-08 1.226493e-07      201
features.8                       224    -0.034514 9.241028e-08 1.513532e-08      137
features.4                        43    -0.034397 1.115967e-06 1.937968e-06       65
features.5                       177    -0.034375 3.016517e-08 1.784952e-08       73
features.14                      186    -0.034360 4.711183e-07 2.197853e-08      265
features.15                      934    -0.034307 8.447980e-08 2.625712e-08      329
features.8                       211    -0.034175 9.376138e-08 1.773472e-08      137
features.16                      483    -0.034088 4.343919e-07 1.682634e-07      329
features.5                        42    -0.033894 7.349030e-08 4.060990e-07       73
features.14                      129    -0.033879 6.644114e-07 4.021626e-08      265
features.15                      789    -0.033729 9.450553e-08 6.308526e-08      329
features.15                      664    -0.033561 1.302468e-07 1.806418e-07      329
features.16                      800    -0.033533 3.792436e-07 1.153187e-07      329
features.16                      382    -0.033505 2.969877e-07 2.966776e-08      329
features.14                      127    -0.033504 8.805399e-07 6.050505e-08      265
features.9                        16    -0.033437 4.470101e-08 2.121721e-08      137
features.16                      350    -0.033294 2.860336e-07 1.999500e-08      329
features.9                       331    -0.033209 5.089979e-08 3.767483e-08      137
features.6                       103    -0.033119 8.385917e-09 1.474962e-08       73
features.12                      142    -0.033066 3.681248e-08 1.077968e-07      201
features.12                      366    -0.033017 3.312012e-08 6.544191e-08      201
features.9                       152    -0.032802 4.076617e-08 1.293485e-08      137
features.16                      718    -0.032784 2.716617e-07 9.263061e-09      329
features.12                       15    -0.032718 3.057483e-08 3.880915e-08      201
features.14                      428    -0.032653 4.040522e-07 1.683636e-08      265
features.12                       51    -0.032640 3.168902e-08 5.248791e-08      201
features.9                         4    -0.032617 3.933414e-08 9.794396e-09      137
features.13                      478    -0.032522 1.861729e-08 8.197294e-08      201
features.8                       349    -0.032475 8.564963e-08 1.265662e-08      137
features.16                      319    -0.032386 3.326882e-07 7.630977e-08      329
features.9                       244    -0.032374 8.403673e-08 1.245907e-07      137
features.12                      215    -0.032362 3.234354e-08 6.275745e-08      201
features.16                      398    -0.032278 2.662229e-07 7.815870e-09      329
features.9                       264    -0.032194 8.633793e-08 1.309669e-07      137
features.12                      104    -0.032035 3.766197e-08 1.275976e-07      201
features.15                      552    -0.031977 2.107533e-07 4.541932e-07      329
features.16                      642    -0.031840 3.231887e-07 7.096470e-08      329
features.11                      355    -0.031755 1.753359e-07 7.345654e-08      169
features.12                      318    -0.031741 5.274972e-08 3.054362e-07      201
features.10                      338    -0.031733 8.477134e-08 6.502376e-08      137
features.6                        24    -0.031657 8.012458e-09 1.283271e-08       73
features.9                        13    -0.031606 3.650667e-08 5.384967e-09      137
features.8                       108    -0.031579 8.456654e-08 1.386500e-08      137
features.16                      670    -0.031575 2.691378e-07 1.674491e-08      329
features.11                      323    -0.031533 1.904991e-07 1.845531e-07      169
features.9                       260    -0.031465 5.272521e-08 4.718153e-08      137
features.15                      760    -0.031396 8.583251e-08 5.176695e-08      329
features.12                      489    -0.031275 2.772762e-08 1.971070e-08      201
features.15                      428    -0.031261 2.386408e-07 5.501627e-07      329
features.15                      883    -0.031199 1.060444e-07 1.189893e-07      329
features.15                      490    -0.031180 1.029758e-07 1.091372e-07      329
features.16                      572    -0.031027 2.585643e-07 1.028742e-08      329
features.3                        93    -0.030939 1.379100e-08 1.100987e-06       57
features.8                       278    -0.030835 1.469395e-07 9.182727e-08      137
features.5                       116    -0.030784 5.872355e-08 2.975876e-07       73
features.9                       196    -0.030771 3.687314e-08 8.637979e-09      137
features.15                      359    -0.030661 1.735450e-07 3.426136e-07      329
features.8                       177    -0.030644 1.171364e-07 5.611601e-08      137
features.9                       314    -0.030512 4.336245e-08 2.592651e-08      137
features.5                        33    -0.030512 2.595530e-08 8.567044e-09       73
features.7                       108    -0.030418 4.344802e-07 8.825113e-09      105
features.14                      475    -0.030365 5.860508e-07 3.516831e-08      265
features.12                      361    -0.030317 2.943449e-08 4.875761e-08      201
features.15                      581    -0.030308 2.715114e-07 6.640754e-07      329
features.7                         7    -0.030212 4.638714e-07 1.152233e-08      105
features.12                      298    -0.030102 2.579768e-08 8.652782e-09      201
features.9                       351    -0.030063 3.500728e-08 5.842961e-09      137
features.11                      281    -0.029942 1.709460e-07 1.075418e-07      169
features.8                       111    -0.029902 1.296236e-07 7.339503e-08      137
features.12                       36    -0.029882 5.650851e-08 3.669745e-07      201
