================================================================================
Channel Pruning Log
  iteration  : 6
  alpha      : 0.7000
  timestamp  : 2026-06-06 13:59:59
  remove_target  : 105016
  accum_removed  : 105129
  selected_channels : 337
  gamma             : 0.0050
  remove_target_met : yes
  total_params   : 2289600
  active_after   : 1455332
  model_sparsity : 36.4%
================================================================================

[ 레이어별 채널 제거 비율 ]
  layer                total_ch  this_iter    cumul  cumul_%
  ----------------------------------------------------------
  features.1                 32          0       11    34.4%
  features.2                 96          6       68    70.8%
  features.3                144          0        8     5.6%
  features.4                144          0        0     0.0%
  features.5                192          0       10     5.2%
  features.6                192          0       52    27.1%
  features.7                192          0        4     2.1%
  features.8                384          0       65    16.9%
  features.9                384          0      134    34.9%
  features.10               384          1      251    65.4%
  features.11               384          0      185    48.2%
  features.12               576          2      188    32.6%
  features.13               576         80      279    48.4%
  features.14               576         44      227    39.4%
  features.15               960        145      382    39.8%
  features.16               960          0      215    22.4%
  features.17               960         59      781    81.4%

[ 레이어별 보호 영역 (γ=0.01) ]
  layer                  active  protected  protect_%
  --------------------------------------------------
  features.1                 21          1       4.8%
  features.2                 34          1       2.9%
  features.3                136          1       0.7%
  features.4                144          1       0.7%
  features.5                182          1       0.5%
  features.6                140          1       0.7%
  features.7                188          1       0.5%
  features.8                319          2       0.6%
  features.9                250          2       0.8%
  features.10               134          1       0.7%
  features.11               199          1       0.5%
  features.12               390          2       0.5%
  features.13               377          2       0.5%
  features.14               393          2       0.5%
  features.15               723          4       0.6%
  features.16               745          4       0.5%
  features.17               238          2       0.8%

[ 블록별 제거 채널 수 ]
  features.10: 1채널 제거
  features.12: 2채널 제거
  features.13: 80채널 제거
  features.14: 44채널 제거
  features.15: 145채널 제거
  features.17: 59채널 제거
  features.2: 6채널 제거

[ 선택된 채널 상세 ]
block                             ch        score          phi         perf  weights
--------------------------------------------------------------------------------
features.2                        86    -0.285927 2.935778e-07 6.731474e-06       49
features.15                      497    -0.266210 4.500010e-07 1.098677e-08      329
features.15                      627    -0.264537 4.350718e-07 4.987702e-09      329
features.15                      286    -0.243010 4.818525e-07 4.485558e-08      329
features.15                      894    -0.237943 3.902496e-07 3.955074e-09      329
features.15                      111    -0.230866 3.732753e-07 1.207295e-09      329
features.15                      742    -0.230856 3.730069e-07 1.083121e-09      329
features.13                      163    -0.229966 9.526604e-08 4.405176e-08      201
features.15                      723    -0.229935 3.696245e-07 1.508531e-10      329
features.17                      610    -0.228969 1.619920e-06 5.426216e-09      489
features.2                        35    -0.226964 2.405620e-07 9.021574e-06       49
features.15                      277    -0.226231 4.196681e-07 2.758950e-08      329
features.15                      693    -0.223350 3.805483e-07 1.068685e-08      329
features.15                      209    -0.215094 3.574778e-07 5.879924e-09      329
features.15                      951    -0.212001 3.628895e-07 1.096593e-08      329
features.15                      482    -0.211216 3.439425e-07 2.299608e-09      329
features.15                      910    -0.210936 3.840880e-07 2.219229e-08      329
features.15                      808    -0.210718 3.424745e-07 1.971880e-09      329
features.15                      350    -0.210644 3.414216e-07 1.514049e-09      329
features.15                      230    -0.209430 3.417405e-07 2.625747e-09      329
features.17                      712    -0.206267 1.483405e-06 1.091082e-08      489
features.15                      476    -0.199970 3.261882e-07 2.450826e-09      329
features.15                      912    -0.199115 3.432741e-07 1.149628e-08      329
features.15                      404    -0.198646 3.255684e-07 3.188648e-09      329
features.15                       76    -0.198155 3.207202e-07 1.199692e-09      329
features.13                      244    -0.197486 7.956525e-08 3.338173e-08      201
features.13                      301    -0.194669 8.183321e-08 3.964602e-08      201
features.15                      921    -0.194615 3.145517e-07 9.630732e-10      329
features.15                      590    -0.194354 3.149248e-07 1.351494e-09      329
features.15                      176    -0.193771 3.492585e-07 1.863516e-08      329
features.13                      551    -0.192714 6.398050e-08 5.512638e-09      201
features.15                      260    -0.192039 3.600143e-07 2.526916e-08      329
features.15                      672    -0.187627 3.533864e-07 2.549384e-08      329
features.15                      841    -0.187252 3.034322e-07 1.309357e-09      329
features.15                       67    -0.187207 3.015056e-07 4.006726e-10      329
features.15                      626    -0.187146 3.061951e-07 2.746731e-09      329
features.15                      321    -0.186535 3.017732e-07 1.061050e-09      329
features.13                      521    -0.185411 6.606978e-08 1.424503e-08      201
features.13                      167    -0.185370 6.497417e-08 1.210021e-08      201
features.15                      660    -0.184992 3.154453e-07 8.974704e-09      329
features.13                      514    -0.184221 6.835598e-08 1.952213e-08      201
features.15                      754    -0.183364 2.984951e-07 1.950207e-09      329
features.17                       65    -0.183141 1.298404e-06 5.016864e-09      489
features.13                      258    -0.182529 5.891490e-08 1.885216e-09      201
features.15                      793    -0.182109 2.956361e-07 1.536803e-09      329
features.15                      805    -0.181854 3.015427e-07 4.632047e-09      329
features.15                       26    -0.179918 3.815499e-07 4.536256e-08      329
features.15                      725    -0.179673 2.900897e-07 7.364964e-10      329
features.15                      786    -0.179415 3.223636e-07 1.675468e-08      329
features.15                      459    -0.178651 2.894965e-07 1.250095e-09      329
features.17                      344    -0.178140 1.292731e-06 1.232437e-08      489
features.15                      649    -0.177797 2.957534e-07 4.988530e-09      329
features.13                      385    -0.177073 5.933254e-08 6.144047e-09      201
features.13                       43    -0.176998 6.572396e-08 1.885191e-08      201
features.15                      515    -0.176529 3.073717e-07 1.167969e-08      329
features.13                       89    -0.176307 6.175883e-08 1.143214e-08      201
features.15                      746    -0.175897 2.914039e-07 4.352166e-09      329
features.15                      319    -0.175562 2.974903e-07 7.598484e-09      329
features.15                      358    -0.175339 3.275921e-07 2.252552e-08      329
features.13                       82    -0.175152 7.734695e-08 4.303611e-08      201
features.15                      148    -0.173978 2.810847e-07 8.060149e-10      329
features.15                      158    -0.173651 3.182936e-07 1.929722e-08      329
features.15                      588    -0.172800 2.801560e-07 1.278290e-09      329
features.15                       47    -0.172759 2.906064e-07 6.431631e-09      329
features.15                      615    -0.172703 2.782005e-07 3.961371e-10      329
features.15                       82    -0.172511 2.789943e-07 9.360334e-10      329
features.15                      765    -0.172410 2.885473e-07 5.697498e-09      329
features.13                      102    -0.169106 5.727495e-08 7.080209e-09      201
features.14                      268    -0.169103 1.334125e-06 2.351261e-08      265
features.15                      956    -0.168979 2.744825e-07 1.505216e-09      329
features.15                      441    -0.168765 2.728141e-07 8.561900e-10      329
features.13                      525    -0.168688 6.563376e-08 2.390042e-08      201
features.13                      515    -0.168469 5.842504e-08 9.759052e-09      201
features.15                      499    -0.168175 2.717858e-07 8.166161e-10      329
features.15                      167    -0.166574 2.686300e-07 5.304212e-10      329
features.15                      379    -0.165969 2.768702e-07 5.044293e-09      329
features.15                       70    -0.164384 3.878784e-07 6.069007e-08      329
features.15                      768    -0.163951 2.640178e-07 3.345365e-10      329
features.15                      115    -0.163925 2.684162e-07 2.510355e-09      329
features.15                      399    -0.162427 2.706703e-07 4.794299e-09      329
features.15                      675    -0.160660 2.854509e-07 1.342803e-08      329
features.2                        48    -0.159285 1.655747e-07 4.741181e-06       49
features.15                      242    -0.157986 2.565783e-07 1.383988e-09      329
features.15                      621    -0.157930 2.658079e-07 5.950849e-09      329
features.13                      419    -0.156713 5.080490e-08 2.059045e-09      201
features.15                      625    -0.156549 2.535710e-07 1.041212e-09      329
features.2                        16    -0.156286 1.542406e-07 6.351568e-07       49
features.13                      119    -0.155498 5.068664e-08 2.589324e-09      201
features.17                      852    -0.155088 1.099659e-06 4.283987e-09      489
features.13                      452    -0.155046 5.571340e-08 1.283094e-08      201
features.15                      943    -0.154993 2.572215e-07 4.055386e-09      329
features.15                      631    -0.154703 2.778829e-07 1.440857e-08      329
features.15                      880    -0.154569 2.493203e-07 5.168573e-10      329
features.14                      372    -0.154364 8.164299e-07 3.284234e-09      265
features.15                      545    -0.153469 2.618414e-07 7.518670e-09      329
features.13                       71    -0.152698 5.142689e-08 5.817068e-09      201
features.13                      455    -0.152593 5.333627e-08 9.665401e-09      201
features.15                      720    -0.152155 2.464805e-07 1.025740e-09      329
features.13                      213    -0.152118 5.384271e-08 1.096743e-08      201
features.13                      157    -0.151913 4.936040e-08 2.217065e-09      201
features.15                      741    -0.150604 2.948718e-07 2.595952e-08      329
features.13                      417    -0.150562 5.745291e-08 1.909742e-08      201
features.15                      745    -0.150542 2.539414e-07 5.950835e-09      329
features.17                      707    -0.150495 1.091634e-06 1.029167e-08      489
features.15                       22    -0.150332 2.449842e-07 1.727317e-09      329
features.17                       68    -0.150183 1.076153e-06 6.966385e-09      489
features.14                       96    -0.149723 8.144267e-07 4.206377e-09      265
features.15                      650    -0.149679 2.583315e-07 8.781265e-09      329
features.15                      480    -0.149542 2.542961e-07 6.912098e-09      329
features.13                      284    -0.149508 4.798470e-08 1.004907e-09      201
features.17                      844    -0.149174 1.135680e-06 2.360352e-08      489
features.13                      467    -0.148968 5.066404e-08 6.652159e-09      201
features.15                      794    -0.148761 2.429404e-07 1.962176e-09      329
features.15                      734    -0.148484 2.490297e-07 5.164135e-09      329
features.15                      228    -0.147761 2.570797e-07 9.677502e-09      329
features.17                      231    -0.147712 1.045150e-06 3.528525e-09      489
features.13                      543    -0.147460 5.052450e-08 7.324624e-09      201
features.15                      782    -0.147093 2.517902e-07 7.611400e-09      329
features.15                      200    -0.146909 2.401870e-07 2.070415e-09      329
features.15                      796    -0.146171 2.364996e-07 8.441663e-10      329
features.15                        3    -0.145535 2.364308e-07 1.311060e-09      329
features.15                      412    -0.144602 2.770631e-07 2.195659e-08      329
features.13                      271    -0.144594 4.974725e-08 7.587366e-09      201
features.17                      115    -0.144574 1.023721e-06 3.647540e-09      489
features.15                       53    -0.143741 2.462550e-07 7.537065e-09      329
features.13                       98    -0.142894 4.915496e-08 7.483811e-09      201
features.13                      367    -0.142299 5.545614e-08 2.033987e-08      201
features.17                      521    -0.142291 1.005007e-06 2.951784e-09      489
features.13                      574    -0.141525 5.281916e-08 1.560275e-08      201
features.13                       46    -0.141071 5.201108e-08 1.428821e-08      201
features.17                      864    -0.140856 1.085412e-06 2.555001e-08      489
features.17                      764    -0.140856 9.917823e-07 2.150383e-09      489
features.17                       81    -0.140677 9.916954e-07 2.440772e-09      489
features.15                      308    -0.140656 2.270838e-07 5.713410e-10      329
features.13                      381    -0.140444 4.639325e-08 3.554251e-09      201
features.15                      698    -0.140343 2.395576e-07 6.929711e-09      329
features.13                      479    -0.139933 4.490090e-08 9.197124e-10      201
features.13                      436    -0.139713 6.005882e-08 3.108377e-08      201
features.17                      751    -0.139649 1.025385e-06 1.265478e-08      489
features.15                      849    -0.139567 2.343830e-07 5.004643e-09      329
features.15                      245    -0.139381 3.703711e-07 7.179067e-08      329
features.17                      954    -0.138900 9.758228e-07 1.573785e-09      489
features.14                      228    -0.138477 9.562411e-07 1.308328e-08      265
features.15                      364    -0.138282 2.304338e-07 4.081513e-09      329
features.17                      779    -0.138277 9.767011e-07 2.879785e-09      489
features.15                       24    -0.138187 2.437843e-07 1.069814e-08      329
features.13                      377    -0.137954 4.669258e-08 5.713667e-09      201
features.15                      502    -0.137392 2.253284e-07 2.280170e-09      329
features.2                        79    -0.137241 1.479204e-07 6.656293e-06       49
features.15                      180    -0.137226 2.225480e-07 1.047713e-09      329
features.17                      585    -0.137022 9.672165e-07 2.699061e-09      489
features.15                       38    -0.136817 2.335012e-07 6.737038e-09      329
features.10                      257    -0.136718 6.945540e-08 6.114048e-09      137
features.15                      666    -0.136692 2.208797e-07 6.505598e-10      329
features.13                       62    -0.136000 4.612822e-08 5.824737e-09      201
features.17                      130    -0.135581 9.556564e-07 2.323813e-09      489
features.15                       73    -0.135571 2.407907e-07 1.129042e-08      329
features.17                      261    -0.135016 9.898414e-07 1.185283e-08      489
features.15                        4    -0.134555 2.716534e-07 2.721366e-08      329
features.15                       45    -0.134003 2.164199e-07 5.816844e-10      329
features.15                      434    -0.133377 2.178048e-07 1.753412e-09      329
features.15                      774    -0.132431 2.687994e-07 2.748658e-08      329
features.13                      261    -0.132273 4.593272e-08 7.782121e-09      201
features.13                      541    -0.132161 6.114792e-08 3.799149e-08      201
features.13                       92    -0.131973 4.737306e-08 1.082361e-08      201
features.15                      122    -0.131857 2.287532e-07 8.314710e-09      329
features.17                      260    -0.131803 9.488024e-07 7.202221e-09      489
features.15                      904    -0.131673 2.493957e-07 1.857514e-08      329
features.15                      534    -0.131665 2.259059e-07 7.070823e-09      329
features.13                      442    -0.131551 5.686050e-08 2.988246e-08      201
features.15                      592    -0.131374 2.120408e-07 5.047894e-10      329
features.2                         9    -0.131372 1.365952e-07 3.927468e-06       49
features.15                      181    -0.131138 2.118231e-07 5.838348e-10      329
features.17                       36    -0.131065 9.283568e-07 3.378961e-09      489
features.13                      499    -0.130697 5.621238e-08 2.913536e-08      201
features.13                       16    -0.130386 4.882582e-08 1.469960e-08      201
features.13                      388    -0.130253 4.255526e-08 2.362427e-09      201
features.15                      895    -0.128672 2.090026e-07 1.143177e-09      329
features.17                      315    -0.128364 9.166886e-07 5.174766e-09      489
features.15                       88    -0.128331 2.075319e-07 6.908684e-10      329
features.17                      532    -0.127826 9.020982e-07 2.467535e-09      489
features.14                      458    -0.127742 7.232798e-07 4.875787e-09      265
features.13                      447    -0.127378 4.589822e-08 1.079259e-08      201
features.13                      509    -0.127320 4.318760e-08 5.459722e-09      201
features.15                      913    -0.127200 2.128596e-07 4.191818e-09      329
features.12                      374    -0.127038 8.797756e-08 5.244944e-09      201
features.15                      537    -0.126993 2.049063e-07 4.569144e-10      329
features.17                      287    -0.126704 9.506554e-07 1.655886e-08      489
features.12                      531    -0.126576 8.568056e-08 3.605142e-09      201
features.13                      173    -0.126242 4.489977e-08 9.529197e-09      201
features.13                      115    -0.126022 4.192696e-08 3.778803e-09      201
features.15                      313    -0.125938 2.119850e-07 4.756325e-09      329
features.13                      564    -0.125688 4.767063e-08 1.536654e-08      201
features.13                      275    -0.125564 4.585587e-08 1.184992e-08      201
features.14                      320    -0.125274 9.219344e-07 1.441108e-08      265
features.14                      354    -0.124924 9.736746e-07 1.683066e-08      265
features.14                       87    -0.124628 7.715965e-07 7.743751e-09      265
features.13                      324    -0.124221 4.141844e-08 3.904737e-09      201
features.15                      435    -0.124153 2.015525e-07 1.048585e-09      329
features.13                      537    -0.123122 6.267596e-08 4.670362e-08      201
features.15                       13    -0.123009 1.985513e-07 4.786883e-10      329
features.14                      534    -0.122889 9.282289e-07 1.521664e-08      265
features.13                      329    -0.122235 9.105172e-08 1.034702e-07      201
features.15                      327    -0.121976 2.162816e-07 9.980059e-09      329
features.15                      755    -0.121940 2.137657e-07 8.775417e-09      329
features.15                      863    -0.121862 1.985636e-07 1.387526e-09      329
features.13                      312    -0.121804 4.492936e-08 1.237962e-08      201
features.14                      281    -0.121714 9.542234e-07 1.665034e-08      265
features.17                      389    -0.121668 9.006740e-07 1.285270e-08      489
features.15                      949    -0.121262 2.279121e-07 1.624148e-08      329
features.13                      146    -0.121242 4.171398e-08 6.363738e-09      201
features.17                      456    -0.120990 8.980219e-07 1.337328e-08      489
features.15                      855    -0.120987 1.966889e-07 1.157233e-09      329
features.15                      306    -0.120949 1.951636e-07 4.403636e-10      329
features.13                      147    -0.120917 3.946060e-08 2.104647e-09      201
features.14                      253    -0.120650 8.040458e-07 1.008150e-08      265
features.14                      494    -0.120588 1.156843e-06 2.607224e-08      265
features.17                      301    -0.120538 8.499116e-07 2.137415e-09      489
features.17                      720    -0.120035 9.174734e-07 1.989961e-08      489
features.15                      724    -0.120003 1.961639e-07 1.675004e-09      329
features.13                      529    -0.119999 4.161704e-08 6.953760e-09      201
features.13                      238    -0.119768 3.962703e-08 3.157085e-09      201
features.15                      801    -0.119617 1.935768e-07 7.109510e-10      329
features.17                      348    -0.119461 8.863057e-07 1.311199e-08      489
features.17                      470    -0.119344 9.131179e-07 2.001730e-08      489
features.14                       48    -0.119327 6.530486e-07 3.531845e-09      265
features.14                       49    -0.119292 1.137860e-06 2.549547e-08      265
features.14                      523    -0.119155 8.503708e-07 1.250569e-08      265
features.17                      710    -0.119107 9.095938e-07 1.954964e-08      489
features.15                      679    -0.118867 1.919471e-07 5.026327e-10      329
features.13                      277    -0.118585 3.849000e-08 1.649331e-09      201
features.13                      517    -0.118499 4.256381e-08 9.773063e-09      201
features.15                      694    -0.118479 1.926454e-07 1.150425e-09      329
features.15                      394    -0.118429 1.953672e-07 2.523357e-09      329
features.13                       38    -0.118234 4.064458e-08 6.138033e-09      201
features.15                      826    -0.118117 2.096608e-07 9.772832e-09      329
features.14                      157    -0.117727 8.152018e-07 1.122467e-08      265
features.15                      420    -0.117575 1.972330e-07 4.109825e-09      329
features.14                      179    -0.117558 7.433915e-07 8.009271e-09      265
features.17                      566    -0.117454 8.641844e-07 1.108552e-08      489
features.13                       79    -0.116986 3.864315e-08 2.958454e-09      201
features.15                       98    -0.116975 1.953114e-07 3.640623e-09      329
features.15                      217    -0.116827 2.041365e-07 8.081179e-09      329
features.13                      341    -0.116663 4.574989e-08 1.723890e-08      201
features.13                      104    -0.116490 3.962400e-08 5.213493e-09      201
features.17                      541    -0.116446 8.258210e-07 3.254586e-09      489
features.15                       17    -0.115906 1.929473e-07 3.323599e-09      329
features.14                       76    -0.115384 7.255508e-07 7.675927e-09      265
features.14                      345    -0.115358 5.815031e-07 1.157959e-09      265
features.15                      571    -0.115250 2.210584e-07 1.761499e-08      329
features.14                      495    -0.115181 1.141069e-06 2.653801e-08      265
features.15                      896    -0.115115 2.612194e-07 3.740156e-08      329
features.17                      892    -0.115055 8.333907e-07 7.573259e-09      489
features.13                      465    -0.114881 3.868861e-08 4.372624e-09      201
features.17                      903    -0.114839 8.339596e-07 8.092952e-09      489
features.13                       64    -0.114788 3.943597e-08 5.911077e-09      201
features.13                      166    -0.114760 4.070015e-08 8.433374e-09      201
features.13                      533    -0.114332 3.725781e-08 1.883499e-09      201
features.17                      474    -0.114291 8.299992e-07 8.059159e-09      489
features.14                      391    -0.113882 7.298782e-07 8.199680e-09      265
features.14                      409    -0.113510 6.825142e-07 6.135854e-09      265
features.15                      705    -0.113494 1.842655e-07 9.674331e-10      329
features.13                      468    -0.113233 3.960589e-08 7.226401e-09      201
features.14                       72    -0.113223 5.947462e-07 2.223650e-09      265
features.17                      218    -0.113219 8.343346e-07 1.101306e-08      489
features.14                      162    -0.113081 6.783836e-07 6.042440e-09      265
features.17                      547    -0.112969 8.135847e-07 6.262957e-09      489
features.13                      196    -0.112823 3.785724e-08 4.020234e-09      201
features.14                       45    -0.112788 6.639555e-07 5.452979e-09      265
features.14                      278    -0.112729 6.559805e-07 5.104586e-09      265
features.13                      416    -0.112719 8.351182e-08 9.452027e-08      201
features.14                      418    -0.112650 5.640421e-07 9.581872e-10      265
features.15                      334    -0.112631 1.815296e-07 3.056881e-10      329
features.15                      523    -0.112619 2.757332e-07 4.647800e-08      329
features.17                      388    -0.112551 8.026473e-07 4.258871e-09      489
features.15                      687    -0.112522 1.818009e-07 5.249148e-10      329
features.15                      221    -0.112449 2.146147e-07 1.666159e-08      329
features.13                       96    -0.112444 4.140989e-08 1.129574e-08      201
features.15                      909    -0.112432 1.818246e-07 6.066788e-10      329
features.14                      196    -0.112417 1.097266e-06 2.515761e-08      265
features.17                      129    -0.112336 8.492132e-07 1.627184e-08      489
features.17                      550    -0.112226 7.932204e-07 2.469469e-09      489
features.14                      187    -0.112027 5.533872e-07 6.115423e-10      265
features.15                      916    -0.111995 1.818592e-07 9.676006e-10      329
features.14                      283    -0.111626 6.534304e-07 5.229976e-09      265
features.17                      607    -0.111558 8.663007e-07 2.189924e-08      489
features.17                      453    -0.111372 8.048804e-07 6.872437e-09      489
features.17                      401    -0.111039 7.887801e-07 3.430680e-09      489
features.17                      186    -0.110893 8.071444e-07 8.274566e-09      489
features.13                      473    -0.110885 3.939673e-08 8.288813e-09      201
features.17                      749    -0.110875 7.815719e-07 1.915550e-09      489
features.14                      161    -0.110817 5.713027e-07 1.686968e-09      265
features.14                       89    -0.110631 1.022531e-06 2.216269e-08      265
features.17                      355    -0.110581 8.776996e-07 2.645272e-08      489
features.14                      472    -0.110563 6.616405e-07 5.833798e-09      265
features.14                      546    -0.110109 6.106141e-07 3.621973e-09      265
features.13                      376    -0.110020 3.726522e-08 4.610554e-09      201
features.13                      404    -0.109964 4.631664e-08 2.257531e-08      201
features.17                      713    -0.109639 7.825010e-07 4.303845e-09      489
features.15                      336    -0.109603 1.793539e-07 1.623069e-09      329
features.14                      239    -0.109575 8.178966e-07 1.312581e-08      265
features.13                      540    -0.108787 3.746689e-08 5.785966e-09      201
features.14                      510    -0.108367 8.973846e-07 1.698933e-08      265
features.14                      271    -0.108225 6.465800e-07 5.661924e-09      265
features.14                      341    -0.108058 5.745943e-07 2.438352e-09      265
features.14                      191    -0.108012 5.629140e-07 1.919426e-09      265
features.13                      558    -0.107822 3.575455e-08 3.000944e-09      201
features.17                      145    -0.107685 7.629671e-07 2.830292e-09      489
features.17                      489    -0.107581 7.575708e-07 1.662545e-09      489
features.15                       14    -0.107288 1.828105e-07 5.138569e-09      329
features.17                      594    -0.107280 7.580983e-07 2.320062e-09      489
features.14                      292    -0.107151 8.266079e-07 1.404943e-08      265
features.17                      681    -0.107126 7.986944e-07 1.273475e-08      489
features.15                      735    -0.106999 2.010735e-07 1.431596e-08      329
features.15                      187    -0.106929 2.499585e-07 3.832638e-08      329
features.15                      915    -0.106751 2.006766e-07 1.431693e-08      329
features.17                      848    -0.106626 7.696000e-07 6.335118e-09      489
features.15                      363    -0.106580 2.111638e-07 1.958996e-08      329
features.15                      443    -0.106336 1.711652e-07 1.813224e-10      329
features.13                       61    -0.106316 3.669978e-08 5.820664e-09      201
features.17                      546    -0.106202 7.460424e-07 1.187908e-09      489
features.15                      612    -0.105709 1.920632e-07 1.091562e-08      329
features.17                      901    -0.105588 7.717977e-07 8.694685e-09      489
features.17                      926    -0.105582 7.489648e-07 2.999423e-09      489
features.14                      419    -0.105532 6.100870e-07 4.596992e-09      265
features.17                      745    -0.105503 7.808407e-07 1.110397e-08      489
features.15                       58    -0.105460 1.825832e-07 6.466014e-09      329
features.15                        0    -0.105432 1.745326e-07 2.543618e-09      329
features.13                      319    -0.105208 3.545245e-08 4.046516e-09      201
features.14                      400    -0.105200 5.152246e-07 3.733324e-10      265
features.17                      204    -0.104812 7.392212e-07 1.907646e-09      489
features.13                      300    -0.104682 3.628615e-08 6.028743e-09      201
features.14                      386    -0.104593 6.129784e-07 4.932861e-09      265
features.13                      528    -0.104434 3.579088e-08 5.204069e-09      201
features.15                      529    -0.104379 1.745897e-07 3.399882e-09      329
features.15                      670    -0.104241 1.826024e-07 7.435117e-09      329
features.14                      568    -0.104082 6.596499e-07 7.158090e-09      265
