================================================================================
Channel Pruning Log
  iteration  : 5
  alpha      : 0.7000
  timestamp  : 2026-06-06 12:49:28
  remove_target  : 116698
  accum_removed  : 116822
  selected_channels : 414
  gamma             : 0.0050
  remove_target_met : yes
  total_params   : 2289600
  active_after   : 1560461
  model_sparsity : 31.8%
================================================================================

[ 레이어별 채널 제거 비율 ]
  layer                total_ch  this_iter    cumul  cumul_%
  ----------------------------------------------------------
  features.1                 32          0       11    34.4%
  features.2                 96          9       62    64.6%
  features.3                144          2        8     5.6%
  features.4                144          0        0     0.0%
  features.5                192          4       10     5.2%
  features.6                192         15       52    27.1%
  features.7                192          1        4     2.1%
  features.8                384          0       65    16.9%
  features.9                384         17      134    34.9%
  features.10               384         33      250    65.1%
  features.11               384         66      185    48.2%
  features.12               576         25      186    32.3%
  features.13               576         23      199    34.5%
  features.14               576         47      183    31.8%
  features.15               960         41      237    24.7%
  features.16               960         18      215    22.4%
  features.17               960        113      722    75.2%

[ 레이어별 보호 영역 (γ=0.01) ]
  layer                  active  protected  protect_%
  --------------------------------------------------
  features.1                 21          1       4.8%
  features.2                 43          1       2.3%
  features.3                138          1       0.7%
  features.4                144          1       0.7%
  features.5                186          1       0.5%
  features.6                155          1       0.6%
  features.7                189          1       0.5%
  features.8                319          2       0.6%
  features.9                267          2       0.7%
  features.10               167          1       0.6%
  features.11               265          2       0.8%
  features.12               415          3       0.7%
  features.13               400          2       0.5%
  features.14               440          3       0.7%
  features.15               764          4       0.5%
  features.16               763          4       0.5%
  features.17               351          2       0.6%

[ 블록별 제거 채널 수 ]
  features.10: 33채널 제거
  features.11: 66채널 제거
  features.12: 25채널 제거
  features.13: 23채널 제거
  features.14: 47채널 제거
  features.15: 41채널 제거
  features.16: 18채널 제거
  features.17: 113채널 제거
  features.2: 9채널 제거
  features.3: 2채널 제거
  features.5: 4채널 제거
  features.6: 15채널 제거
  features.7: 1채널 제거
  features.9: 17채널 제거

[ 선택된 채널 상세 ]
block                             ch        score          phi         perf  weights
--------------------------------------------------------------------------------
features.2                        75    -0.295376 2.905973e-07 2.877744e-06       49
features.2                        47    -0.241124 2.386638e-07 3.275092e-06       49
features.17                      879    -0.238572 1.880492e-06 6.722221e-08      489
features.2                        14    -0.233670 2.306197e-07 2.745750e-06       49
features.2                        66    -0.200590 2.275576e-07 2.136892e-05       49
features.2                        13    -0.182495 1.823606e-07 3.588721e-06       49
features.2                        76    -0.176461 1.715325e-07 3.864473e-07       49
features.17                      689    -0.170844 1.096405e-06 4.452131e-09      489
features.17                      477    -0.166001 1.081843e-06 7.209174e-09      489
features.17                      662    -0.161851 1.035738e-06 3.702439e-09      489
features.17                       26    -0.158923 1.012358e-06 2.824779e-09      489
features.17                      227    -0.147918 9.402217e-07 2.273825e-09      489
features.17                      194    -0.146532 9.323429e-07 2.415051e-09      489
features.17                      196    -0.146230 9.812468e-07 1.128385e-08      489
features.17                      334    -0.142822 9.038187e-07 1.495172e-09      489
features.17                      571    -0.141037 8.914708e-07 1.293457e-09      489
features.9                       187    -0.140102 1.434471e-07 1.843321e-08      137
features.17                      416    -0.139383 8.843140e-07 1.853967e-09      489
features.17                      313    -0.138133 9.051962e-07 6.866913e-09      489
features.15                      424    -0.137351 5.206837e-07 1.619850e-09      329
features.17                       64    -0.136232 8.633006e-07 1.632978e-09      489
features.17                        7    -0.134317 8.501198e-07 1.428143e-09      489
features.17                       66    -0.133885 8.910586e-07 9.048246e-09      489
features.15                      513    -0.133118 4.981228e-07 2.736766e-10      329
features.11                      324    -0.132180 2.273337e-07 6.739453e-09      169
features.15                      472    -0.131500 1.119494e-06 1.251481e-07      329
features.17                       70    -0.131336 8.631950e-07 6.972436e-09      489
features.17                      588    -0.131104 8.309075e-07 1.589633e-09      489
features.17                      640    -0.129613 8.218290e-07 1.636345e-09      489
features.17                      730    -0.128907 8.390599e-07 5.417029e-09      489
features.17                      351    -0.128864 8.198258e-07 2.106928e-09      489
features.17                      399    -0.125769 7.973213e-07 1.565039e-09      489
features.11                      182    -0.125041 2.137353e-07 2.554433e-09      169
features.11                      275    -0.124984 2.569084e-07 1.276961e-07      169
features.14                      237    -0.124633 7.897828e-07 2.852182e-09      265
features.17                      891    -0.124326 8.125839e-07 5.808488e-09      489
features.11                      330    -0.124096 2.147894e-07 1.025868e-08      169
features.17                      434    -0.122907 7.873162e-07 2.949989e-09      489
features.17                      932    -0.121673 8.011878e-07 6.722542e-09      489
features.10                      246    -0.120687 5.194596e-08 6.482717e-09      137
features.11                      187    -0.120489 2.239620e-07 5.454300e-08      169
features.17                      817    -0.119864 7.574874e-07 1.072310e-09      489
features.11                       93    -0.119709 2.731718e-07 2.006991e-07      169
features.17                      714    -0.118765 7.537620e-07 1.624814e-09      489
features.17                       27    -0.117909 7.522269e-07 2.293794e-09      489
features.15                      567    -0.116663 4.413995e-07 1.205054e-09      329
features.14                      381    -0.116626 1.147647e-06 1.589862e-08      265
features.17                      278    -0.116606 7.545127e-07 4.118008e-09      489
features.11                      374    -0.116286 2.889831e-07 2.632765e-07      169
features.6                       128    -0.115940 3.982380e-08 3.596814e-09       73
features.11                        8    -0.115896 2.403711e-07 1.246103e-07      169
features.6                        53    -0.115733 4.092299e-08 1.984580e-08       73
features.17                      796    -0.115664 7.538585e-07 5.035378e-09      489
features.14                       60    -0.115543 1.689022e-06 3.362452e-08      265
features.9                       261    -0.115302 1.317313e-07 2.111313e-08      137
features.11                      261    -0.115128 2.518749e-07 1.616598e-07      169
features.17                      545    -0.114774 7.240577e-07 8.060107e-10      489
features.11                       12    -0.114276 1.959859e-07 4.221030e-09      169
features.11                      157    -0.113799 1.997130e-07 1.734677e-08      169
features.9                       326    -0.113547 1.363900e-07 2.368730e-08      137
features.6                       114    -0.112767 4.511139e-08 9.208672e-08       73
features.17                      923    -0.112443 7.089341e-07 7.167261e-10      489
features.17                      782    -0.112319 7.113390e-07 1.272069e-09      489
features.11                      313    -0.112276 3.186213e-07 3.687337e-07      169
features.12                      569    -0.112044 8.769863e-08 1.269880e-08      201
features.17                      157    -0.111329 7.365289e-07 6.753056e-09      489
features.11                      334    -0.111144 1.907617e-07 4.529030e-09      169
features.17                      946    -0.111060 7.216000e-07 4.442021e-09      489
features.11                       51    -0.110779 2.401045e-07 1.490266e-07      169
features.17                      558    -0.110768 7.315493e-07 6.497717e-09      489
features.11                      287    -0.110505 1.975485e-07 2.730573e-08      169
features.17                      616    -0.110434 7.115056e-07 3.364351e-09      489
features.6                       132    -0.110295 3.901555e-08 1.912555e-08       73
features.2                        46    -0.110195 1.090703e-07 1.496661e-06       49
features.14                      170    -0.110144 8.304293e-07 6.809290e-09      265
features.10                      329    -0.110125 4.993201e-08 8.461486e-09      137
features.17                      108    -0.110047 7.023207e-07 2.184663e-09      489
features.17                       73    -0.109876 7.266005e-07 6.610299e-09      489
features.12                       47    -0.109828 1.250099e-07 3.942931e-08      201
features.11                      352    -0.109565 1.910064e-07 1.301268e-08      169
features.14                      460    -0.109219 7.818889e-07 5.406294e-09      265
features.15                      609    -0.109197 4.330486e-07 5.087834e-09      329
features.17                      890    -0.109074 7.151226e-07 5.484602e-09      489
features.11                      131    -0.108374 2.137272e-07 8.458365e-08      169
features.6                        63    -0.108343 4.108194e-08 5.708302e-08       73
features.17                      618    -0.108158 7.240311e-07 8.041276e-09      489
features.17                       18    -0.107891 6.897966e-07 2.356847e-09      489
features.10                      112    -0.107842 5.594391e-08 1.537175e-08      137
features.11                      244    -0.107464 1.893956e-07 1.869595e-08      169
features.11                      300    -0.106857 2.814485e-07 2.879034e-07      169
features.13                      364    -0.106646 1.672507e-07 9.083440e-08      201
features.15                       49    -0.106524 4.158177e-07 3.643464e-09      329
features.12                      326    -0.106414 6.999911e-08 2.875156e-09      201
features.10                      162    -0.106339 5.607992e-08 1.607815e-08      137
features.11                       61    -0.106072 1.842995e-07 1.081023e-08      169
features.12                       91    -0.106072 8.310939e-08 1.208098e-08      201
features.10                      183    -0.106054 5.358086e-08 1.367357e-08      137
features.11                       25    -0.105869 2.895355e-07 3.161549e-07      169
features.17                      234    -0.105753 6.889398e-07 4.547142e-09      489
features.12                      276    -0.105547 6.783225e-08 1.748210e-09      201
features.12                      211    -0.105183 7.523670e-08 7.020688e-09      201
features.17                      153    -0.105131 6.882631e-07 5.110031e-09      489
features.13                      185    -0.105053 7.876844e-08 1.702215e-08      201
features.11                      233    -0.104750 1.831838e-07 1.408987e-08      169
features.11                      188    -0.104730 1.952461e-07 4.907722e-08      169
features.17                      241    -0.104337 6.914951e-07 6.542788e-09      489
features.11                      248    -0.104130 1.821236e-07 1.407661e-08      169
features.17                      133    -0.103776 6.973401e-07 8.177048e-09      489
features.10                       77    -0.103765 4.445910e-08 5.369412e-09      137
features.11                      202    -0.103727 1.808800e-07 1.246836e-08      169
features.15                      144    -0.103657 4.010817e-07 2.840419e-09      329
features.9                         6    -0.103532 1.072287e-07 1.415410e-08      137
features.14                       88    -0.103412 1.166765e-06 1.892628e-08      265
features.15                      920    -0.103154 4.116055e-07 5.308583e-09      329
features.6                        56    -0.103024 3.568703e-08 7.356975e-09       73
features.13                      548    -0.103020 5.843565e-08 8.437303e-10      201
features.10                      236    -0.102915 4.189691e-08 3.115594e-09      137
features.11                        6    -0.102904 2.647273e-07 2.590075e-07      169
features.12                      446    -0.102728 9.597868e-08 2.240336e-08      201
features.6                        88    -0.102539 3.839142e-08 4.722300e-08       73
features.6                        25    -0.102311 4.925331e-08 1.991872e-07       73
features.12                      278    -0.102193 6.976284e-08 4.516354e-09      201
features.14                      331    -0.102153 6.323114e-07 1.851495e-09      265
features.15                      389    -0.101953 3.833715e-07 5.811874e-10      329
features.13                      426    -0.101832 6.070746e-08 3.316401e-09      201
features.17                      285    -0.101781 6.489203e-07 1.907294e-09      489
features.12                        0    -0.101574 6.680791e-08 2.739230e-09      201
features.9                       265    -0.101280 1.356535e-07 2.721097e-08      137
features.11                       97    -0.101117 1.836584e-07 3.334836e-08      169
features.15                      790    -0.100984 3.802287e-07 6.749983e-10      329
features.15                      438    -0.100956 3.807945e-07 8.082902e-10      329
features.6                        44    -0.100852 3.522280e-08 1.120293e-08       73
features.17                      217    -0.100776 6.629287e-07 5.452916e-09      489
features.16                      768    -0.100704 6.370100e-07 1.026454e-08      329
features.11                      223    -0.100583 2.015907e-07 8.783830e-08      169
features.11                      328    -0.100508 1.742606e-07 9.167093e-09      169
features.15                      267    -0.100470 3.803688e-07 1.084622e-09      329
features.17                      216    -0.100433 6.414832e-07 2.083751e-09      489
features.17                      200    -0.100429 6.347324e-07 9.096568e-10      489
features.12                      245    -0.100368 7.067458e-08 5.926487e-09      201
features.11                      152    -0.100348 1.725948e-07 5.137261e-09      169
features.10                       12    -0.100208 4.619629e-08 8.464584e-09      137
features.9                        62    -0.100176 1.471331e-07 3.254510e-08      137
features.17                       72    -0.100123 7.021757e-07 1.301930e-08      489
features.12                      213    -0.099960 6.270531e-08 5.943371e-10      201
features.11                       98    -0.099388 2.148630e-07 1.321073e-07      169
features.12                      323    -0.099197 1.446416e-07 5.754027e-08      201
features.14                      108    -0.099020 6.516327e-07 3.048204e-09      265
features.14                       19    -0.098996 6.294351e-07 2.333860e-09      265
features.17                      786    -0.098881 7.349018e-07 2.009187e-08      489
features.17                      494    -0.098848 6.541646e-07 6.032399e-09      489
features.6                        11    -0.098782 3.622334e-08 3.491654e-08       73
features.9                       157    -0.098743 1.241239e-07 2.299597e-08      137
features.12                      103    -0.098709 7.278570e-08 8.095000e-09      201
features.17                      775    -0.098700 6.903090e-07 1.250436e-08      489
features.17                      142    -0.098588 6.295031e-07 2.012218e-09      489
features.10                      201    -0.098482 4.620962e-08 9.132161e-09      137
features.11                      265    -0.098397 1.751096e-07 2.201662e-08      169
features.11                      118    -0.098270 1.888260e-07 6.230852e-08      169
features.16                      763    -0.098138 6.059524e-07 5.573437e-09      329
features.9                       241    -0.097807 8.679996e-08 7.070992e-09      137
features.17                      778    -0.097730 6.474967e-07 6.092175e-09      489
features.16                      741    -0.097684 5.876444e-07 9.132475e-10      329
features.16                      132    -0.097628 6.663232e-07 2.452595e-08      329
features.11                      381    -0.097621 1.755619e-07 2.714734e-08      169
features.12                      389    -0.097463 6.169326e-08 9.622553e-10      201
features.17                      589    -0.097250 6.565897e-07 8.204172e-09      489
features.14                      383    -0.096942 6.062384e-07 1.957226e-09      265
features.11                      296    -0.096837 2.028105e-07 1.098068e-07      169
features.17                      300    -0.096789 6.178855e-07 1.952094e-09      489
features.17                       95    -0.096670 6.532970e-07 8.265078e-09      489
features.11                      263    -0.096601 1.883487e-07 6.914452e-08      169
features.15                      859    -0.096552 3.626493e-07 4.680494e-10      329
features.17                       50    -0.096353 6.244754e-07 3.579921e-09      489
features.11                      255    -0.096185 2.774754e-07 3.289503e-07      169
features.9                       324    -0.096004 9.532589e-08 1.134059e-08      137
features.13                      425    -0.096003 6.642026e-08 1.086854e-08      201
features.11                       39    -0.095893 1.761611e-07 3.738295e-08      169
features.17                      542    -0.095820 6.850901e-07 1.474536e-08      489
features.13                      555    -0.095774 5.970656e-08 5.318874e-09      201
features.10                      115    -0.095660 4.601243e-08 1.000357e-08      137
features.15                       90    -0.095534 3.687153e-07 2.431295e-09      329
features.11                       72    -0.095409 4.524602e-07 8.388362e-07      169
features.16                      527    -0.095364 5.888286e-07 5.415997e-09      329
features.15                       72    -0.094789 4.459015e-07 1.834707e-08      329
features.9                        55    -0.094568 7.408676e-08 2.561552e-09      137
features.17                      644    -0.094555 6.310842e-07 6.701708e-09      489
features.5                        81    -0.094554 1.326919e-07 3.093929e-08       73
features.16                      506    -0.094221 5.707635e-07 2.061237e-09      329
features.17                      427    -0.094145 6.246802e-07 6.031317e-09      489
features.11                      146    -0.093878 2.921932e-07 3.828761e-07      169
features.11                      204    -0.093830 1.648003e-07 1.468666e-08      169
features.10                      184    -0.093812 4.617878e-08 1.087144e-08      137
features.17                      208    -0.093686 6.262139e-07 6.801915e-09      489
features.15                      595    -0.093649 3.550820e-07 1.118184e-09      329
features.12                      454    -0.093336 7.447738e-08 1.156103e-08      201
features.17                      952    -0.093268 5.955091e-07 1.898589e-09      489
features.14                      465    -0.093177 6.757587e-07 4.894303e-09      265
features.17                      905    -0.093065 5.910169e-07 1.336839e-09      489
features.14                      257    -0.093065 6.325397e-07 3.515519e-09      265
features.13                       93    -0.093032 5.673597e-08 4.103910e-09      201
features.17                      379    -0.092981 6.012155e-07 3.209460e-09      489
features.15                      252    -0.092856 3.603732e-07 2.760364e-09      329
features.14                      115    -0.092712 5.570723e-07 1.136440e-09      265
features.11                      192    -0.092673 1.602026e-07 7.086859e-09      169
features.17                      536    -0.092626 5.949169e-07 2.497876e-09      489
features.11                      269    -0.092570 1.598599e-07 6.602704e-09      169
features.13                      229    -0.092562 6.178144e-08 8.576214e-09      201
features.17                      871    -0.092499 5.863311e-07 1.137888e-09      489
features.14                      153    -0.092177 6.467303e-07 4.136711e-09      265
features.12                       35    -0.092022 6.699021e-08 6.949063e-09      201
features.11                      126    -0.092018 1.679827e-07 3.280853e-08      169
features.15                      898    -0.091814 3.511350e-07 1.695001e-09      329
features.11                       36    -0.091808 1.671637e-07 3.147352e-08      169
features.15                      281    -0.091800 3.504256e-07 1.564226e-09      329
features.17                      734    -0.091720 5.916488e-07 2.919127e-09      489
features.14                      273    -0.091656 7.958899e-07 9.061131e-09      265
features.11                      282    -0.091548 2.151162e-07 1.714350e-07      169
features.10                      164    -0.091514 4.191468e-08 7.455012e-09      137
features.10                       41    -0.091467 5.270181e-08 1.831861e-08      137
features.9                       206    -0.091454 7.447471e-08 3.705936e-09      137
features.13                      174    -0.091404 5.155347e-08 5.014708e-10      201
features.12                      149    -0.091388 5.776629e-08 8.459396e-10      201
features.15                      318    -0.091208 3.463359e-07 1.189828e-09      329
features.2                        27    -0.091177 8.844061e-08 7.798164e-08       49
features.13                      318    -0.091082 5.906923e-08 6.986087e-09      201
features.12                      157    -0.090955 6.446582e-08 5.660878e-09      201
features.14                       15    -0.090920 6.037508e-07 2.974321e-09      265
features.14                      463    -0.090900 1.008610e-06 1.608637e-08      265
features.15                      759    -0.090853 3.484144e-07 1.867199e-09      329
features.14                      194    -0.090738 6.309069e-07 3.886718e-09      265
features.15                      926    -0.090478 3.415066e-07 7.708899e-10      329
features.11                      339    -0.090435 1.908044e-07 1.066024e-07      169
features.9                       177    -0.090355 6.916719e-08 1.744079e-09      137
features.12                      227    -0.090341 6.658083e-08 7.384669e-09      201
features.12                      428    -0.090335 7.061035e-08 1.017170e-08      201
features.17                      262    -0.090266 6.172145e-07 8.973191e-09      489
features.10                       71    -0.090207 4.384930e-08 9.895415e-09      137
features.17                      198    -0.090023 5.964446e-07 5.613738e-09      489
features.15                      130    -0.089948 3.678492e-07 6.407474e-09      329
features.16                       30    -0.089929 5.487183e-07 3.149525e-09      329
features.10                        6    -0.089924 3.696820e-08 3.083963e-09      137
features.11                       10    -0.089915 2.471769e-07 2.721972e-07      169
features.17                      517    -0.089888 5.671229e-07 6.415416e-10      489
features.16                      265    -0.089819 5.804597e-07 1.283134e-08      329
features.11                      382    -0.089787 1.596875e-07 1.980489e-08      169
features.12                       59    -0.089734 7.330422e-08 1.229050e-08      201
features.17                      113    -0.089695 5.812044e-07 3.311079e-09      489
features.17                      396    -0.089662 5.686848e-07 1.161618e-09      489
features.17                      316    -0.089581 5.696583e-07 1.420272e-09      489
features.17                      951    -0.089577 5.754526e-07 2.436979e-09      489
features.15                      869    -0.089443 3.398730e-07 1.214539e-09      329
features.11                      180    -0.089377 1.739933e-07 6.319610e-08      169
features.10                      133    -0.089285 3.486322e-08 1.209914e-09      137
features.14                      361    -0.089171 5.808225e-07 2.550785e-09      265
features.2                        26    -0.089104 8.744556e-08 7.284791e-07       49
features.17                      833    -0.089080 5.755228e-07 2.992403e-09      489
features.17                      296    -0.088999 5.628086e-07 8.612600e-10      489
features.16                      536    -0.088929 5.360289e-07 1.146196e-09      329
features.15                      165    -0.088907 3.347386e-07 5.911941e-10      329
features.6                       146    -0.088857 3.600837e-08 7.897652e-08       73
features.17                      672    -0.088849 5.912777e-07 5.995822e-09      489
features.13                       19    -0.088802 7.632400e-08 2.259687e-08      201
features.17                      412    -0.088712 5.678381e-07 2.054243e-09      489
features.17                       34    -0.088680 5.685257e-07 2.208424e-09      489
features.14                      206    -0.088674 6.716153e-07 5.580997e-09      265
features.13                      328    -0.088567 4.992607e-08 4.630000e-10      201
features.17                      105    -0.088551 5.848891e-07 5.207172e-09      489
features.6                       122    -0.088416 3.228572e-08 2.935482e-08       73
features.16                      518    -0.088352 5.436986e-07 4.470056e-09      329
features.14                      315    -0.088321 7.545607e-07 8.330979e-09      265
features.16                      435    -0.088285 5.315939e-07 9.716744e-10      329
features.15                      163    -0.088235 3.311464e-07 3.749360e-10      329
features.11                      105    -0.088184 1.538858e-07 1.091371e-08      169
features.13                      482    -0.088174 6.691340e-08 1.496201e-08      201
features.14                      365    -0.088106 6.005622e-07 3.384124e-09      265
features.10                      193    -0.087974 3.762684e-08 4.485584e-09      137
features.14                      190    -0.087859 5.629211e-07 2.210336e-09      265
features.15                      899    -0.087762 3.319188e-07 8.804473e-10      329
features.15                      414    -0.087745 3.373594e-07 1.975686e-09      329
features.10                       24    -0.087725 4.910644e-08 1.612212e-08      137
features.7                       122    -0.087699 6.862974e-07 8.515412e-09      105
features.13                      441    -0.087656 6.872192e-08 1.672965e-08      201
features.17                      530    -0.087547 5.577426e-07 1.566409e-09      489
features.14                      442    -0.087333 6.195186e-07 4.138726e-09      265
features.14                      437    -0.087115 5.818220e-07 2.957963e-09      265
features.14                      136    -0.087053 6.978004e-07 6.724464e-09      265
features.11                      162    -0.087015 1.614548e-07 3.855921e-08      169
features.17                      360    -0.087014 6.175480e-07 1.259053e-08      489
features.14                      325    -0.086975 5.792152e-07 2.899100e-09      265
features.14                      169    -0.086913 6.760425e-07 6.045428e-09      265
features.15                      722    -0.086868 4.078786e-07 1.666257e-08      329
features.17                      598    -0.086866 5.578150e-07 2.324105e-09      489
features.15                      293    -0.086820 3.282626e-07 8.517902e-10      329
features.12                      352    -0.086782 6.154196e-08 5.424414e-09      201
features.13                      234    -0.086768 4.966716e-08 1.090179e-09      201
features.17                      428    -0.086718 5.504074e-07 1.192975e-09      489
features.11                      100    -0.086713 1.793434e-07 9.178083e-08      169
features.10                      233    -0.086701 5.316677e-08 2.059271e-08      137
features.17                      814    -0.086686 5.624883e-07 3.336752e-09      489
features.9                        68    -0.086666 6.586832e-08 1.466508e-09      137
features.10                      307    -0.086665 4.062013e-08 7.991289e-09      137
features.10                      346    -0.086631 4.322357e-08 1.062198e-08      137
features.17                      554    -0.086495 5.455405e-07 5.869665e-10      489
features.14                      185    -0.086454 6.517098e-07 5.341262e-09      265
features.10                      311    -0.086075 3.520418e-08 2.769572e-09      137
features.17                      873    -0.086038 5.455846e-07 1.095369e-09      489
features.13                      527    -0.086024 6.500705e-08 1.436592e-08      201
features.9                        30    -0.085938 7.790612e-08 6.925200e-09      137
features.5                        94    -0.085843 1.180570e-07 2.150073e-08       73
features.14                      454    -0.085711 7.040423e-07 7.171093e-09      265
features.10                       82    -0.085644 3.659588e-08 4.332034e-09      137
features.10                      209    -0.085446 3.644412e-08 4.254710e-09      137
features.11                      252    -0.085426 2.199141e-07 2.154476e-07      169
features.15                      422    -0.085406 3.216293e-07 5.822838e-10      329
features.11                      274    -0.085360 1.459761e-07 1.941954e-09      169
features.17                      792    -0.085345 6.139455e-07 1.378783e-08      489
features.16                       99    -0.085265 5.422634e-07 9.560972e-09      329
features.17                      728    -0.085202 5.913923e-07 1.000732e-08      489
features.16                      552    -0.085127 8.629116e-07 1.056281e-07      329
features.14                      348    -0.085066 6.483891e-07 5.486744e-09      265
features.3                        58    -0.085047 5.700350e-08 6.408453e-08       57
features.17                      904    -0.084992 5.387619e-07 1.048667e-09      489
features.15                       61    -0.084823 3.210163e-07 8.931515e-10      329
features.17                      941    -0.084799 5.448533e-07 2.323300e-09      489
features.17                      568    -0.084752 5.461509e-07 2.601373e-09      489
features.14                      102    -0.084702 9.823215e-07 1.636503e-08      265
features.11                      276    -0.084545 1.649100e-07 6.071101e-08      169
features.14                      156    -0.084419 7.693154e-07 9.520092e-09      265
features.17                      155    -0.084391 5.340632e-07 8.857928e-10      489
features.15                      558    -0.084367 3.242903e-07 1.883075e-09      329
features.10                      295    -0.084283 4.350602e-08 1.179598e-08      137
features.14                      317    -0.084270 4.911625e-07 5.412951e-10      265
features.14                      377    -0.084260 8.053281e-07 1.071499e-08      265
features.15                      354    -0.084030 3.138253e-07 5.075455e-11      329
features.10                      319    -0.083986 8.487609e-08 5.350437e-08      137
features.14                      493    -0.083925 5.108316e-07 1.240918e-09      265
features.17                      281    -0.083925 5.889539e-07 1.097858e-08      489
features.12                      110    -0.083860 5.379036e-08 1.317048e-09      201
features.14                      390    -0.083765 4.859736e-07 4.653386e-10      265
features.5                       190    -0.083763 1.256669e-07 4.960384e-08       73
features.17                      939    -0.083758 5.430448e-07 3.146605e-09      489
features.5                        40    -0.083642 1.148564e-07 2.047498e-08       73
features.13                      109    -0.083627 5.556018e-08 7.531531e-09      201
features.11                        5    -0.083595 1.434241e-07 3.253527e-09      169
features.17                      120    -0.083551 5.376027e-07 2.423184e-09      489
features.16                        8    -0.083547 5.109453e-07 3.275108e-09      329
features.10                      130    -0.083526 3.490046e-08 3.430255e-09      137
features.17                      179    -0.083482 5.350615e-07 2.054580e-09      489
features.11                      310    -0.083472 1.453996e-07 9.571790e-09      169
features.11                      318    -0.083408 1.722588e-07 8.756195e-08      169
features.14                      548    -0.083358 6.089027e-07 4.519621e-09      265
features.17                      343    -0.083308 5.370293e-07 2.588954e-09      489
features.14                      550    -0.083298 6.600714e-07 6.187348e-09      265
features.15                      632    -0.083214 3.120310e-07 2.993278e-10      329
features.13                      149    -0.083207 4.989600e-08 2.955688e-09      201
features.3                       114    -0.083135 6.774709e-08 5.965649e-07       57
features.17                       55    -0.083134 5.861465e-07 1.135406e-08      489
features.11                       77    -0.082855 1.499103e-07 2.565085e-08      169
features.17                      284    -0.082847 5.236195e-07 7.527715e-10      489
features.14                      128    -0.082810 7.585539e-07 9.464899e-09      265
features.14                      260    -0.082774 6.803471e-07 6.939388e-09      265
features.6                        97    -0.082740 3.046615e-08 3.098807e-08       73
features.17                      525    -0.082724 7.235212e-07 3.578555e-08      489
features.12                      295    -0.082633 5.732035e-08 4.281098e-09      201
features.15                      908    -0.082573 3.154559e-07 1.457467e-09      329
features.10                      375    -0.082376 3.671585e-08 5.691528e-09      137
features.14                      467    -0.082364 9.002960e-07 1.413540e-08      265
features.13                      542    -0.082354 5.744448e-08 9.717455e-09      201
features.10                      128    -0.082352 3.364792e-08 2.615776e-09      137
features.15                      831    -0.082325 3.159940e-07 1.748755e-09      329
features.10                      110    -0.082277 6.132497e-08 3.047259e-08      137
features.10                      285    -0.082224 3.253229e-08 1.542805e-09      137
features.9                       182    -0.082220 6.566182e-08 2.769862e-09      137
features.14                       22    -0.082205 5.754217e-07 3.645839e-09      265
features.17                      171    -0.082168 5.599872e-07 7.843885e-09      489
features.17                      868    -0.082059 5.199183e-07 9.688564e-10      489
features.14                      227    -0.081957 5.029684e-07 1.345164e-09      265
features.17                      400    -0.081921 5.202642e-07 1.179768e-09      489
features.6                         2    -0.081897 3.789451e-08 1.381726e-07       73
features.11                      221    -0.081854 1.719065e-07 9.419575e-08      169
features.17                      560    -0.081829 5.357251e-07 3.979290e-09      489
features.17                      381    -0.081785 5.478150e-07 6.138189e-09      489
features.14                      366    -0.081780 6.055031e-07 4.697264e-09      265
features.11                      168    -0.081761 1.615788e-07 6.478180e-08      169
features.10                        2    -0.081711 3.378727e-08 2.998930e-09      137
features.11                      361    -0.081673 1.436433e-07 1.334649e-08      169
features.15                      406    -0.081642 3.184761e-07 2.749651e-09      329
features.11                      370    -0.081621 1.652233e-07 7.601405e-08      169
features.13                      371    -0.081596 4.842138e-08 2.469911e-09      201
features.16                      512    -0.081592 5.019930e-07 4.095823e-09      329
features.17                      947    -0.081579 5.476805e-07 6.340476e-09      489
features.16                      245    -0.081576 5.508934e-07 1.873862e-08      329
features.13                      355    -0.081558 5.138094e-08 4.981785e-09      201
features.9                       376    -0.081511 7.745917e-08 8.118199e-09      137
features.17                      942    -0.081478 5.288167e-07 3.158100e-09      489
features.12                      351    -0.081465 5.910738e-08 6.015333e-09      201
features.14                      159    -0.081385 6.197012e-07 5.228972e-09      265
features.15                      431    -0.081376 3.055890e-07 3.825691e-10      329
features.11                      123    -0.081362 1.813913e-07 1.240451e-07      169
features.16                      452    -0.081305 5.118997e-07 7.570821e-09      329
features.13                       56    -0.081276 5.678337e-08 9.666443e-09      201
features.10                      166    -0.081260 3.441376e-08 3.799713e-09      137
features.17                      143    -0.081220 5.247686e-07 2.733593e-09      489
features.17                      327    -0.081194 5.475858e-07 6.744989e-09      489
features.15                      953    -0.081131 3.078127e-07 1.007517e-09      329
features.15                      825    -0.081120 3.042626e-07 3.083990e-10      329
features.6                        94    -0.081043 3.619541e-08 1.186179e-07       73
features.17                      447    -0.080952 5.200150e-07 2.196400e-09      489
features.16                      272    -0.080900 4.918800e-07 2.312521e-09      329
features.9                        90    -0.080888 6.382918e-08 2.390893e-09      137
features.14                       84    -0.080850 4.866600e-07 1.018858e-09      265
features.13                      389    -0.080741 7.430781e-08 2.468492e-08      201
features.11                       53    -0.080595 1.679050e-07 8.882120e-08      169
