================================================================================
Channel Pruning Log
  dataset    : CelebA
  impt_type  : 2
  seed       : 42
  iteration  : 7
  alpha      : 0.1000
  norm       : rank
  timestamp  : 2026-08-28 01:29:23
  remove_target  : 94455
  accum_removed  : 94473
  selected_channels : 385
  gamma             : 0.0050
  remove_target_met : yes
  total_params   : 2289600
  active_after   : 1360378
  model_sparsity : 40.6%
================================================================================

[ 레이어별 채널 제거 비율 ]
  layer                total_ch  this_iter    cumul  cumul_%
  ----------------------------------------------------------
  features.1                 32          2       17    53.1%
  features.2                 96          5       57    59.4%
  features.3                144          8       68    47.2%
  features.4                144          9       69    47.9%
  features.5                192         11       95    49.5%
  features.6                192         11       98    51.0%
  features.7                192         14      103    53.6%
  features.8                384         21      203    52.9%
  features.9                384         21      205    53.4%
  features.10               384         22      210    54.7%
  features.11               384         21      194    50.5%
  features.12               576         28      316    54.9%
  features.13               576         33      325    56.4%
  features.14               576         32      301    52.3%
  features.15               960         47      519    54.1%
  features.16               960         46      490    51.0%
  features.17               960         54      480    50.0%

[ 레이어별 보호 영역 (γ=0.0050) ]
  layer                  active  protected  protect_%
  --------------------------------------------------
  features.1                 17          1       5.9%
  features.2                 44          1       2.3%
  features.3                 84          1       1.2%
  features.4                 84          1       1.2%
  features.5                108          1       0.9%
  features.6                105          1       1.0%
  features.7                103          1       1.0%
  features.8                202          2       1.0%
  features.9                200          1       0.5%
  features.10               196          1       0.5%
  features.11               211          2       0.9%
  features.12               288          2       0.7%
  features.13               284          2       0.7%
  features.14               307          2       0.7%
  features.15               488          3       0.6%
  features.16               516          3       0.6%
  features.17               534          3       0.6%

[ 블록별 제거 채널 수 ]
  features.1: 2채널 제거
  features.10: 22채널 제거
  features.11: 21채널 제거
  features.12: 28채널 제거
  features.13: 33채널 제거
  features.14: 32채널 제거
  features.15: 47채널 제거
  features.16: 46채널 제거
  features.17: 54채널 제거
  features.2: 5채널 제거
  features.3: 8채널 제거
  features.4: 9채널 제거
  features.5: 11채널 제거
  features.6: 11채널 제거
  features.7: 14채널 제거
  features.8: 21채널 제거
  features.9: 21채널 제거

[ 선택된 채널 상세 ]
  (phi/perf: raw, phi_n/perf_n: 정규화 후 값 — score = α·perf_n − (1−α)·phi_n)
block                             ch        score          phi         perf    phi_n   perf_n  weights
----------------------------------------------------------------------------------------------------
features.7                       134    -0.882353 5.002777e-07 3.991790e-08   1.0000   0.1765      105
features.15                      724    -0.877823 1.257446e-07 1.945110e-09   0.9938   0.1663      329
features.15                      199    -0.875359 1.156926e-07 1.257626e-09   0.9877   0.1355      329
features.12                      147    -0.874913 2.638240e-08 3.860383e-09   0.9895   0.1568      201
features.10                      172    -0.874359 3.711487e-08 2.784835e-09   0.9949   0.2103      137
features.14                      565    -0.870261 6.724377e-07 5.291819e-09   0.9967   0.2680      265
features.11                       12    -0.868095 1.147585e-07 5.141556e-09   0.9667   0.0190      169
features.16                      474    -0.864078 2.810356e-07 2.362401e-09   0.9961   0.3243      329
features.9                       178    -0.862814 7.382192e-08 7.653670e-09   1.0000   0.3719      137
features.15                      379    -0.861807 1.329420e-07 7.321581e-09   0.9979   0.3634      329
features.10                       48    -0.861026 2.676250e-08 1.595726e-09   0.9692   0.1128      137
features.15                      808    -0.860780 1.014917e-07 2.013095e-09   0.9754   0.1704      329
features.12                       38    -0.857491 2.710136e-08 9.777858e-09   0.9930   0.3624      201
features.6                        40    -0.854808 1.442063e-08 6.171136e-08   1.0000   0.4519       73
features.16                      773    -0.854563 2.705033e-07 3.535446e-09   0.9942   0.4019      329
features.13                      551    -0.854064 2.502761e-08 6.339726e-09   0.9788   0.2686      201
features.10                      296    -0.853846 2.876633e-08 3.060088e-09   0.9744   0.2308      137
features.17                      180    -0.852533 5.955685e-07 4.880838e-10   0.9568   0.0863      489
features.10                       32    -0.852308 3.343809e-08 4.971141e-09   0.9897   0.3846      137
features.13                      147    -0.851590 2.394831e-08 2.015968e-09   0.9576   0.1025      201
features.12                      375    -0.850523 2.570596e-08 9.020385e-09   0.9826   0.3380      201
features.17                        6    -0.848968 6.976490e-07 1.402358e-09   0.9887   0.4090      489
features.3                        61    -0.848193 1.121115e-08 2.433522e-07   0.9880   0.4096       57
features.15                      665    -0.847228 9.150995e-08 2.714672e-09   0.9651   0.2136      329
features.10                      215    -0.845641 4.500361e-08 8.077158e-09   1.0000   0.5436      137
features.7                        21    -0.845098 3.640460e-07 6.178673e-08   0.9804   0.3725      105
features.16                      822    -0.845049 2.388255e-07 3.692851e-09   0.9845   0.4097      329
features.16                      670    -0.844854 2.019407e-07 1.952440e-09   0.9709   0.2893      329
features.2                        11    -0.844186 6.031687e-08 3.693483e-07   0.9535   0.1395       49
features.7                       108    -0.844118 3.112677e-07 3.376874e-08   0.9510   0.1176      105
features.14                      433    -0.844118 4.580962e-07 2.622188e-09   0.9542   0.1471      265
features.17                      356    -0.843527 7.336492e-07 1.973806e-09   0.9962   0.5310      489
features.3                        91    -0.843373 7.593270e-09 8.945361e-08   0.9518   0.1325       57
features.13                      108    -0.842756 2.640780e-08 1.168756e-08   0.9859   0.4452      201
features.9                       147    -0.842713 2.635789e-08 1.183834e-09   0.9397   0.0302      137
features.5                       139    -0.841121 1.001861e-08 1.211207e-08   0.9439   0.0841       73
features.11                      310    -0.840952 1.086355e-07 1.700854e-08   0.9524   0.1619      169
features.16                      264    -0.840388 2.209658e-07 3.831124e-09   0.9806   0.4214      329
features.15                      536    -0.839630 8.459775e-08 2.105377e-09   0.9528   0.1786      329
features.15                      732    -0.839630 8.955782e-08 3.282847e-09   0.9589   0.2341      329
features.17                      508    -0.838837 6.705187e-07 1.679776e-09   0.9850   0.4765      489
features.17                      131    -0.838649 6.185617e-07 1.088943e-09   0.9662   0.3096      489
features.15                      734    -0.838193 1.100828e-07 9.887408e-09   0.9815   0.4517      329
features.17                      785    -0.838086 7.257729e-07 2.218742e-09   0.9944   0.5685      489
features.8                       109    -0.837811 2.775895e-08 2.422349e-08   0.9851   0.4876      137
features.16                       69    -0.837476 1.847865e-07 1.566976e-09   0.9592   0.2583      329
features.10                      264    -0.837436 3.268677e-08 6.933144e-09   0.9846   0.4872      137
features.16                      336    -0.837087 1.774840e-07 8.505219e-10   0.9495   0.1748      329
features.8                       120    -0.836816 2.563658e-08 1.430117e-08   0.9652   0.3184      137
features.15                       29    -0.835729 1.044257e-07 9.398178e-09   0.9774   0.4394      329
features.11                      306    -0.835714 1.692522e-07 9.251747e-08   0.9952   0.6000      169
features.4                        14    -0.834940 1.452873e-07 1.473917e-07   0.9759   0.4337       65
features.8                         1    -0.834826 2.040357e-08 4.311123e-09   0.9353   0.0697      137
features.15                      670    -0.834086 1.256038e-07 1.396772e-08   0.9918   0.5852      329
features.9                        72    -0.833166 3.683548e-08 1.656471e-08   0.9950   0.6231      137
features.13                       38    -0.832509 2.375830e-08 5.316327e-09   0.9505   0.2297      201
features.13                      452    -0.832509 2.632442e-08 1.407833e-08   0.9823   0.5159      201
features.10                      128    -0.831282 2.372695e-08 2.968483e-09   0.9487   0.2256      137
features.17                      178    -0.830957 5.818727e-07 9.695355e-10   0.9531   0.2683      489
features.17                      553    -0.830582 6.048928e-07 1.162308e-09   0.9606   0.3396      489
features.8                       115    -0.830348 3.219419e-08 3.630728e-08   0.9900   0.6070      137
features.11                      131    -0.830000 1.450099e-07 8.573340e-08   0.9857   0.5714      169
features.8                       119    -0.829851 1.989783e-08 4.401287e-09   0.9303   0.0746      137
features.12                      143    -0.829617 2.198249e-08 4.652736e-09   0.9443   0.2021      201
features.15                      925    -0.829363 1.005477e-07 1.030437e-08   0.9733   0.4661      329
features.12                      331    -0.829268 2.569289e-08 1.472969e-08   0.9791   0.5192      201
features.14                      151    -0.828431 5.419670e-07 1.097982e-08   0.9739   0.4804      265
features.2                        79    -0.827907 7.366631e-08 4.798954e-06   1.0000   0.7209       49
features.6                       121    -0.827885 1.018265e-08 4.366418e-08   0.9615   0.3750       73
features.17                      714    -0.827767 5.623017e-07 7.839195e-10   0.9418   0.1989      489
features.12                      290    -0.827526 2.496585e-08 1.210500e-08   0.9686   0.4425      201
features.16                      558    -0.827184 2.432634e-07 8.678120e-09   0.9883   0.6233      329
features.15                      122    -0.827105 9.523774e-08 9.272020e-09   0.9671   0.4333      329
features.17                      162    -0.827017 5.806751e-07 1.030223e-09   0.9512   0.2908      489
features.14                       93    -0.826144 6.647440e-07 1.786363e-08   0.9935   0.6797      265
features.15                      498    -0.824846 1.125687e-07 1.434993e-08   0.9836   0.6037      329
features.6                       108    -0.824039 9.738534e-09 3.923012e-08   0.9519   0.3269       73
features.8                       216    -0.822886 2.620841e-08 2.898134e-08   0.9751   0.5473      137
features.17                      876    -0.822514 8.599564e-07 3.636484e-09   0.9981   0.7580      489
features.12                        5    -0.821951 2.620080e-08 2.232251e-08   0.9861   0.6551      201
features.16                      807    -0.821165 2.082585e-07 6.543345e-09   0.9748   0.5612      329
features.12                      259    -0.820906 2.112299e-08 5.820652e-09   0.9373   0.2265      201
features.10                      105    -0.820513 2.205939e-08 1.431247e-09   0.9231   0.1026      137
features.13                      104    -0.820141 2.213704e-08 5.140748e-09   0.9364   0.2261      201
features.17                      946    -0.819512 6.801122e-07 2.989582e-09   0.9869   0.6867      489
features.17                      371    -0.819137 5.558765e-07 9.070443e-10   0.9381   0.2514      489
features.1                         6    -0.818750 8.216088e-08 8.101021e-05   1.0000   0.8125       25
features.2                        63    -0.818605 6.717513e-08 3.160658e-06   0.9767   0.6047       49
features.14                      525    -0.818301 4.203135e-07 5.062785e-09   0.9379   0.2582      265
features.9                       265    -0.818090 3.653302e-08 2.663666e-08   0.9899   0.7286      137
features.16                      405    -0.818058 1.772618e-07 2.589301e-09   0.9476   0.3476      329
features.17                        7    -0.817824 5.537306e-07 9.063366e-10   0.9362   0.2477      489
features.15                      843    -0.817659 6.929314e-08 2.056273e-09   0.9281   0.1766      329
features.11                      232    -0.817619 1.510669e-07 1.529377e-07   0.9905   0.7381      169
features.8                        51    -0.817413 2.624647e-08 3.932740e-08   0.9801   0.6468      137
features.12                      207    -0.817073 2.560763e-08 1.764349e-08   0.9721   0.5784      201
features.12                      357    -0.816028 3.625463e-08 4.396315e-08   1.0000   0.8397      201
features.16                      160    -0.815922 1.550345e-07 1.106933e-09   0.9282   0.1942      329
features.5                       107    -0.815888 1.408886e-08 1.210541e-07   0.9720   0.5888       73
features.13                      245    -0.815548 2.493855e-08 1.993069e-08   0.9753   0.6219      201
features.14                      451    -0.815359 4.728441e-07 1.141890e-08   0.9608   0.4935      265
features.13                      367    -0.815194 3.015757e-08 3.896889e-08   0.9965   0.8163      201
features.16                      711    -0.814757 1.776478e-07 3.781274e-09   0.9515   0.4155      329
features.10                      257    -0.813846 2.433251e-08 6.030442e-09   0.9538   0.4462      137
features.15                      394    -0.813758 8.235571e-08 8.695044e-09   0.9507   0.4189      329
features.15                      375    -0.813142 6.738838e-08 2.335124e-09   0.9240   0.1848      329
features.5                        68    -0.813084 2.031640e-08 2.340668e-07   0.9907   0.7850       73
features.16                      823    -0.812621 1.558624e-07 1.455312e-09   0.9301   0.2447      329
features.10                      329    -0.812308 2.513818e-08 8.336494e-09   0.9641   0.5538      137
features.13                      420    -0.811661 2.483852e-08 2.039546e-08   0.9717   0.6290      201
features.17                      730    -0.811632 6.535523e-07 3.340217e-09   0.9812   0.7148      489
features.16                      542    -0.811068 2.425294e-07 1.546465e-08   0.9864   0.7670      329
features.7                        74    -0.810784 3.069596e-07 6.136982e-08   0.9412   0.3627      105
features.13                      317    -0.810601 2.366331e-08 1.086934e-08   0.9470   0.4170      201
features.4                       128    -0.809639 1.106274e-07 5.007814e-08   0.9157   0.1446       65
features.12                      435    -0.809408 2.344887e-08 1.367669e-08   0.9547   0.4983      201
features.16                      126    -0.809320 1.539786e-07 1.314553e-09   0.9243   0.2252      329
features.13                      275    -0.808834 2.444405e-08 1.748051e-08   0.9647   0.5936      201
features.14                      281    -0.808824 6.413440e-07 2.428080e-08   0.9869   0.7941      265
features.17                      595    -0.808818 6.517050e-07 3.435744e-09   0.9794   0.7261      489
features.3                        89    -0.808434 7.877316e-09 4.704488e-07   0.9639   0.5904       57
features.4                        99    -0.808434 1.279560e-07 1.711508e-07   0.9518   0.4819       65
features.16                      364    -0.808155 1.913348e-07 7.960943e-09   0.9650   0.6039      329
features.17                      642    -0.807880 5.385422e-07 9.026480e-10   0.9250   0.2458      489
features.13                      401    -0.807774 3.105918e-08 6.372033e-08   1.0000   0.9223      201
features.13                      432    -0.807420 2.391925e-08 1.394449e-08   0.9541   0.5124      201
features.16                      328    -0.807379 2.625207e-07 2.158202e-08   0.9922   0.8563      329
features.16                       16    -0.807379 2.362414e-07 1.565343e-08   0.9825   0.7689      329
features.17                      788    -0.807129 6.057361e-07 2.358632e-09   0.9625   0.5910      489
features.6                        49    -0.806731 1.163623e-08 2.296362e-07   0.9904   0.8462       73
features.11                       11    -0.805238 9.490314e-08 8.531903e-09   0.9000   0.0476      169
features.7                        56    -0.804902 3.540318e-07 8.786948e-08   0.9608   0.5980      105
features.6                       175    -0.803846 9.314716e-09 6.144809e-08   0.9423   0.4423       73
features.14                      482    -0.803268 8.189481e-07 5.511099e-08   1.0000   0.9673      265
features.15                      681    -0.803080 8.048960e-08 1.072071e-08   0.9466   0.4887      329
features.14                      223    -0.802941 6.440980e-07 3.276198e-08   0.9902   0.8824      265
features.15                      552    -0.802875 1.290193e-07 5.112922e-08   0.9959   0.9343      329
features.16                      858    -0.802524 1.851334e-07 8.709099e-09   0.9612   0.6252      329
features.12                      122    -0.802091 2.091659e-08 1.048609e-08   0.9338   0.3833      201
features.14                      353    -0.801961 5.979821e-07 2.436607e-08   0.9804   0.8039      265
features.12                      319    -0.801742 2.379202e-08 1.918595e-08   0.9582   0.6063      201
features.14                      245    -0.801634 5.369265e-07 1.954871e-08   0.9706   0.7190      265
features.9                       104    -0.801507 2.361811e-08 5.509160e-09   0.9196   0.2613      137
features.12                      374    -0.801394 2.053823e-08 9.655389e-09   0.9303   0.3589      201
features.15                      249    -0.801027 7.592816e-08 8.096764e-09   0.9343   0.3984      329
features.10                      143    -0.801026 2.126681e-08 3.143682e-09   0.9179   0.2513      137
features.7                       128    -0.800980 3.956502e-07 2.074705e-07   0.9902   0.9020      105
features.17                      143    -0.800750 5.778606e-07 2.015208e-09   0.9493   0.5366      489
features.15                      528    -0.800205 9.030649e-08 1.610543e-08   0.9610   0.6468      329
features.7                        64    -0.800000 3.549997e-07 1.333079e-07   0.9706   0.7353      105
features.16                      258    -0.799806 3.016671e-07 7.896759e-08   0.9981   0.9845      329
features.13                      284    -0.799647 1.990023e-08 9.277235e-10   0.8940   0.0495      201
features.12                      130    -0.799303 3.039260e-08 1.887237e-07   0.9965   0.9756      201
features.15                      689    -0.798768 6.495658e-08 3.285157e-09   0.9138   0.2361      329
features.15                      889    -0.798152 1.184623e-07 4.877011e-08   0.9897   0.9261      329
features.15                      959    -0.797536 7.000388e-08 7.982678e-09   0.9302   0.3963      329
features.9                       116    -0.796985 2.508766e-08 9.240688e-09   0.9347   0.4422      137
features.13                      522    -0.796466 2.947956e-08 1.173402e-07   0.9929   0.9717      201
features.16                      660    -0.795728 2.051153e-07 1.742959e-08   0.9728   0.7981      329
features.17                       77    -0.795497 6.620041e-07 5.727010e-09   0.9831   0.8931      489
features.12                      152    -0.795470 2.407909e-08 2.555150e-08   0.9617   0.7003      201
features.12                      239    -0.795470 2.136668e-08 1.434158e-08   0.9408   0.5122      201
features.5                        87    -0.795327 9.523068e-09 5.977343e-08   0.9252   0.3738       73
features.4                         0    -0.795181 1.579367e-07 8.532423e-07   0.9880   0.9398       65
features.17                      661    -0.794934 7.184437e-07 1.104247e-08   0.9925   0.9831      489
features.17                       37    -0.794371 6.398724e-07 5.038396e-09   0.9775   0.8537      489
features.15                      683    -0.794251 9.641383e-08 2.406190e-08   0.9692   0.7803      329
features.9                       292    -0.793467 2.897659e-08 2.399628e-08   0.9598   0.7035      137
features.14                      481    -0.792810 3.805662e-07 2.784823e-09   0.8987   0.1601      265
features.3                        11    -0.792771 8.401797e-09 1.558609e-06   0.9759   0.8554       57
features.15                      452    -0.792608 1.069712e-07 3.658949e-08   0.9795   0.8891      329
features.13                      564    -0.792580 2.264433e-08 1.598612e-08   0.9435   0.5654      201
features.8                        24    -0.792537 1.745188e-08 3.428793e-09   0.8856   0.0448      137
features.16                      707    -0.792427 1.748595e-07 7.483631e-09   0.9456   0.5864      329
features.17                      150    -0.792308 6.363506e-07 5.116915e-09   0.9756   0.8574      489
features.12                      573    -0.791638 1.966514e-08 8.981469e-09   0.9164   0.3310      201
features.4                       125    -0.791566 1.352136e-07 3.942953e-07   0.9639   0.7590       65
features.13                      469    -0.791519 1.995577e-08 3.234473e-09   0.8975   0.1625      201
features.11                      372    -0.791429 1.215398e-07 5.093511e-07   0.9810   0.9143      169
features.6                        59    -0.791346 1.159934e-08 3.184824e-07   0.9808   0.9135       73
features.12                      471    -0.791289 2.231447e-08 2.211485e-08   0.9512   0.6481      201
features.16                      795    -0.791262 2.153431e-07 2.609772e-08   0.9786   0.8951      329
features.16                      169    -0.791068 1.485810e-07 2.021164e-09   0.9126   0.3029      329
features.17                      829    -0.790994 6.291388e-07 4.738159e-09   0.9719   0.8368      489
features.9                       376    -0.790955 2.867465e-08 2.244825e-08   0.9548   0.6834      137
features.5                       187    -0.790654 1.526157e-08 7.142976e-07   0.9813   0.9252       73
features.11                      175    -0.790476 1.066749e-07 9.865079e-08   0.9476   0.6238      169
features.17                      649    -0.790431 6.114131e-07 3.843921e-09   0.9644   0.7749      489
features.17                      898    -0.790056 5.738112e-07 2.533663e-09   0.9475   0.6266      489
features.9                       324    -0.789950 2.848210e-08 1.739319e-08   0.9497   0.6482      137
features.16                      944    -0.789903 1.420091e-07 1.092527e-09   0.8990   0.1922      329
features.10                      353    -0.789744 3.054887e-08 5.256918e-08   0.9795   0.9179      137
features.5                       156    -0.789720 9.191160e-09 5.084397e-08   0.9159   0.3458       73
features.15                      284    -0.789322 1.136925e-07 7.775120e-08   0.9856   0.9774      329
features.14                      327    -0.789216 5.180678e-07 2.387825e-08   0.9641   0.7843      265
features.12                      463    -0.789199 1.966164e-08 8.561623e-09   0.9129   0.3240      201
features.11                      116    -0.789048 1.150776e-07 2.725480e-07   0.9714   0.8524      169
features.11                      252    -0.788571 1.208225e-07 4.126450e-07   0.9762   0.9000      169
features.16                      214    -0.788350 2.114540e-07 2.726980e-08   0.9767   0.9068      329
features.16                      716    -0.788350 1.663628e-07 7.049820e-09   0.9398   0.5748      329
features.13                       45    -0.788339 2.011966e-08 5.794366e-09   0.9046   0.2580      201
features.14                       71    -0.788235 4.246052e-07 1.406121e-08   0.9412   0.5882      265
features.16                      495    -0.788155 1.484033e-07 2.236432e-09   0.9107   0.3146      329
features.17                      586    -0.787992 6.215600e-07 4.965242e-09   0.9700   0.8499      489
features.13                      206    -0.787986 1.906698e-08 7.121004e-10   0.8799   0.0389      201
features.16                      343    -0.787767 1.525674e-07 3.564429e-09   0.9204   0.4058      329
features.17                      166    -0.787617 5.404403e-07 1.719478e-09   0.9287   0.4822      489
features.6                       169    -0.787500 1.109644e-08 2.477084e-07   0.9712   0.8654       73
features.14                      408    -0.787255 5.718177e-07 3.945839e-08   0.9771   0.9216      265
features.14                      464    -0.786928 6.364076e-07 6.974470e-08   0.9837   0.9837      265
features.3                        32    -0.786747 5.959430e-09 3.031321e-07   0.9277   0.4819       57
features.2                        76    -0.786047 4.241033e-08 2.319920e-07   0.8837   0.0930       49
features.6                       167    -0.785577 8.890455e-09 7.431463e-08   0.9327   0.5385       73
features.4                        76    -0.785542 1.068215e-07 5.967283e-08   0.8916   0.1687       65
features.9                       101    -0.785427 3.373368e-08 1.711638e-07   0.9799   0.9648      137
features.15                      303    -0.785421 6.480816e-08 6.907059e-09   0.9117   0.3511      329
features.11                      188    -0.785238 9.936068e-08 7.032951e-08   0.9286   0.5048      169
features.11                      256    -0.785238 1.093873e-07 1.636317e-07   0.9571   0.7619      169
features.12                      266    -0.785017 2.568498e-08 1.077031e-07   0.9756   0.9303      201
features.15                      322    -0.784805 5.976822e-08 3.146254e-09   0.8973   0.2279      329
features.14                      537    -0.784641 4.345136e-07 1.725218e-08   0.9444   0.6536      265
features.8                       310    -0.784577 2.381937e-08 6.297216e-08   0.9602   0.7960      137
features.15                      229    -0.784394 8.126590e-08 1.805692e-08   0.9487   0.6940      329
features.14                      498    -0.784314 3.947978e-07 5.331270e-09   0.9020   0.2745      265
features.15                      636    -0.784189 9.927474e-08 3.963706e-08   0.9713   0.8994      329
features.15                       96    -0.783984 8.646058e-08 2.209723e-08   0.9548   0.7536      329
features.6                       112    -0.783654 8.402029e-09 4.457946e-08   0.9135   0.3846       73
features.16                      863    -0.783495 1.446960e-07 2.120831e-09   0.9049   0.3087      329
features.14                      291    -0.783333 4.086700e-07 8.932304e-09   0.9150   0.4020      265
features.4                        53    -0.783132 1.083608e-07 8.596944e-08   0.9036   0.3012       65
features.14                      166    -0.783007 5.319893e-07 3.180421e-08   0.9673   0.8758      265
features.17                      633    -0.782739 6.213629e-07 5.547565e-09   0.9681   0.8856      489
features.15                      515    -0.782546 9.038808e-08 3.043619e-08   0.9630   0.8419      329
features.14                      225    -0.782353 3.965746e-07 6.579505e-09   0.9052   0.3235      265
features.14                      301    -0.782026 3.716454e-07 2.133281e-09   0.8824   0.1209      265
features.8                       348    -0.781592 1.662685e-08 1.911489e-09   0.8706   0.0199      137
features.17                      300    -0.781238 5.241180e-07 1.117141e-09   0.9043   0.3265      489
features.8                       163    -0.781094 1.929356e-08 2.175865e-08   0.9154   0.4279      137
features.17                      360    -0.781051 6.351965e-07 7.493726e-09   0.9737   0.9531      489
features.10                      307    -0.781026 2.320168e-08 9.190207e-09   0.9333   0.5897      137
features.9                        10    -0.780402 3.004777e-08 7.631678e-08   0.9648   0.8794      137
features.16                      217    -0.779418 1.686792e-07 1.125974e-08   0.9437   0.6990      329
features.9                       317    -0.778894 3.211817e-08 1.270411e-07   0.9698   0.9397      137
features.9                       118    -0.778392 3.367330e-08 2.713165e-07   0.9749   0.9899      137
features.13                      406    -0.778092 2.044825e-08 1.032066e-08   0.9081   0.3922      201
features.16                      180    -0.778058 1.947270e-07 2.969892e-08   0.9670   0.9223      329
features.12                      254    -0.778049 2.414102e-08 8.000297e-08   0.9652   0.9059      201
features.17                      939    -0.777674 5.172237e-07 1.128006e-09   0.9006   0.3283      489
features.17                      228    -0.777486 5.715661e-07 3.491627e-09   0.9456   0.7355      489
features.16                      636    -0.776893 1.876544e-07 2.631848e-08   0.9631   0.8990      329
features.13                      130    -0.776678 2.064454e-08 1.130157e-08   0.9117   0.4382      201
features.10                       64    -0.776410 1.879076e-08 2.045460e-09   0.8769   0.1282      137
features.15                      587    -0.776386 6.613097e-08 1.160239e-08   0.9199   0.5154      329
features.17                      278    -0.776360 5.534802e-07 2.600050e-09   0.9343   0.6454      489
features.11                      303    -0.776190 9.231113e-08 3.303713e-08   0.8952   0.2952      169
features.17                      238    -0.776173 6.024079e-07 5.262871e-09   0.9587   0.8668      489
features.15                      937    -0.775770 7.514356e-08 1.535200e-08   0.9322   0.6324      329
features.16                      125    -0.775534 1.604408e-07 1.067294e-08   0.9379   0.6854      329
features.12                       41    -0.775261 1.965400e-08 1.172169e-08   0.9094   0.4321      201
features.8                        30    -0.775124 2.597235e-08 3.483826e-07   0.9701   0.9801      137
features.13                      296    -0.774912 2.470415e-08 1.095189e-07   0.9682   0.9647      201
features.10                      202    -0.774872 1.980185e-08 5.668753e-09   0.9077   0.4205      137
features.15                      280    -0.774743 6.232894e-08 8.908322e-09   0.9076   0.4209      329
features.13                       54    -0.774558 2.000952e-08 9.379217e-09   0.9011   0.3640      201
features.15                      952    -0.774333 7.753018e-08 1.980424e-08   0.9405   0.7207      329
features.15                      363    -0.774127 7.887139e-08 2.131841e-08   0.9425   0.7413      329
features.17                      345    -0.773921 5.302509e-07 1.995575e-09   0.9193   0.5347      489
features.13                      527    -0.773145 2.078458e-08 1.392445e-08   0.9152   0.5053      201
features.16                      390    -0.773010 1.336949e-07 1.429134e-09   0.8854   0.2388      329
features.9                       210    -0.772864 2.472868e-08 1.703930e-08   0.9296   0.6382      137
features.9                       252    -0.772864 2.674351e-08 3.273030e-08   0.9447   0.7739      137
features.11                      300    -0.772857 1.141749e-07 6.201533e-07   0.9619   0.9286      169
features.17                      705    -0.772608 5.161507e-07 1.239565e-09   0.8987   0.3621      489
features.17                      750    -0.772608 5.076892e-07 8.582693e-10   0.8837   0.2270      489
features.11                      129    -0.772381 9.534210e-08 6.340261e-08   0.9095   0.4619      169
features.9                        30    -0.771859 2.242082e-08 7.656404e-09   0.8995   0.3769      137
features.8                       121    -0.771144 2.087822e-08 5.089853e-08   0.9403   0.7512      137
features.3                       121    -0.771084 6.274773e-09 1.076347e-06   0.9398   0.7470       57
features.10                      122    -0.770769 2.241676e-08 1.168540e-08   0.9282   0.6462      137
features.16                      897    -0.770680 1.812360e-07 2.756903e-08   0.9573   0.9087      329
features.8                       271    -0.770647 1.818223e-08 2.270483e-08   0.9055   0.4428      137
features.16                      489    -0.770097 1.279916e-07 4.643070e-10   0.8699   0.1282      329
features.8                       328    -0.769652 2.283504e-08 1.002286e-07   0.9552   0.9005      137
features.13                        1    -0.769611 2.417723e-08 9.955075e-08   0.9611   0.9541      201
features.7                       140    -0.769608 2.692084e-07 3.653287e-08   0.8725   0.1569      105
features.13                       94    -0.769258 1.833792e-08 2.407437e-09   0.8693   0.1307      201
features.15                      405    -0.769199 5.978034e-08 8.182520e-09   0.8994   0.4025      329
features.13                      480    -0.768905 2.105496e-08 1.908912e-08   0.9223   0.6113      201
features.8                       294    -0.768657 1.790534e-08 1.987196e-08   0.9005   0.4179      137
features.8                       335    -0.768657 2.190751e-08 9.013601e-08   0.9502   0.8657      137
features.15                      369    -0.768583 5.671538e-08 2.675199e-09   0.8768   0.2053      329
features.11                       46    -0.768571 9.545028e-08 8.001066e-08   0.9143   0.5429      169
features.17                      575    -0.768480 4.863963e-07 7.565904e-10   0.8743   0.1839      489
features.17                      934    -0.768293 5.402890e-07 2.794879e-09   0.9268   0.6585      489
features.15                      524    -0.768173 8.652979e-08 4.987490e-08   0.9569   0.9302      329
features.7                        37    -0.767647 2.700146e-07 5.054996e-08   0.8824   0.2647      105
features.16                       73    -0.767379 1.366057e-07 2.862172e-09   0.8932   0.3650      329
features.16                       97    -0.767379 1.478849e-07 5.561593e-09   0.9087   0.5049      329
features.5                        54    -0.767290 1.254490e-08 3.384630e-06   0.9626   0.9907       73
features.5                       119    -0.767290 8.653815e-09 4.790287e-08   0.8879   0.3178       73
features.5                       109    -0.767290 1.176018e-08 4.502833e-07   0.9533   0.9065       73
features.13                      162    -0.767138 1.898221e-08 4.840498e-09   0.8763   0.2155      201
features.14                       26    -0.766993 4.413859e-07 3.091381e-08   0.9477   0.8595      265
features.12                      187    -0.766899 2.217057e-08 4.867035e-08   0.9477   0.8606      201
features.9                       374    -0.766332 1.938031e-08 2.007760e-09   0.8593   0.0704      137
features.17                       74    -0.766229 5.560813e-07 4.238575e-09   0.9400   0.7974      489
features.12                      467    -0.766202 1.907730e-08 1.159639e-08   0.8990   0.4286      201
features.8                       351    -0.766169 1.672143e-08 1.092723e-08   0.8756   0.2189      137
features.10                       82    -0.766154 1.961210e-08 5.542763e-09   0.8974   0.4154      137
features.7                       127    -0.764706 2.940612e-07 8.340430e-08   0.9118   0.5588      105
features.16                      342    -0.764660 1.796516e-07 3.565738e-08   0.9553   0.9515      329
features.12                      195    -0.764460 1.868943e-08 9.588918e-09   0.8885   0.3519      201
features.6                       145    -0.764423 8.097049e-09 7.101089e-08   0.9038   0.4904       73
features.10                      367    -0.764103 2.484818e-08 1.595789e-07   0.9590   0.9897      137
features.14                       36    -0.763399 4.466088e-07 3.958954e-08   0.9510   0.9248      265
features.17                      581    -0.763227 5.481173e-07 3.637952e-09   0.9325   0.7598      489
features.11                      381    -0.762857 8.970984e-08 3.307333e-08   0.8810   0.3000      169
features.2                        19    -0.762791 5.166497e-08 5.370476e-06   0.9302   0.7442       49
features.14                      103    -0.762745 4.630682e-07 1.598991e-07   0.9575   0.9902      265
features.7                       143    -0.762745 2.804284e-07 7.623120e-08   0.9020   0.4902      105
features.3                       125    -0.762651 5.936741e-09 4.910675e-07   0.9157   0.6145       57
features.5                       160    -0.762617 8.707999e-09 1.093520e-07   0.9065   0.5327       73
features.14                       53    -0.762418 3.801303e-07 8.939969e-09   0.8922   0.4052      265
features.9                       132    -0.762312 2.014091e-08 4.258395e-09   0.8693   0.2010      137
features.14                      173    -0.762092 3.696101e-07 5.824161e-09   0.8791   0.2908      265
features.12                      365    -0.762021 2.019273e-08 2.844885e-08   0.9268   0.7213      201
features.11                      231    -0.761905 1.019129e-07 2.920702e-07   0.9429   0.8667      169
features.7                         3    -0.761765 3.002605e-07 1.403149e-07   0.9314   0.7647      105
features.7                        79    -0.761765 2.984345e-07 1.123106e-07   0.9216   0.6765      105
features.10                      328    -0.761538 1.974327e-08 7.332490e-09   0.9026   0.5077      137
features.17                      308    -0.761538 5.952165e-07 1.078315e-08   0.9550   0.9794      489
features.17                      822    -0.761351 5.333524e-07 3.062848e-09   0.9231   0.6942      489
features.8                       380    -0.761194 1.754026e-08 1.882555e-08   0.8905   0.4030      137
features.15                      677    -0.761191 6.651815e-08 1.764713e-08   0.9220   0.6858      329
features.17                      100    -0.760976 4.872969e-07 9.861918e-10   0.8762   0.2758      489
features.16                      559    -0.760777 1.784274e-07 5.974105e-08   0.9534   0.9728      329
features.17                      154    -0.760600 5.136911e-07 1.651458e-09   0.8968   0.4653      489
features.6                       142    -0.760577 8.014751e-09 4.347630e-08   0.8846   0.3558       73
features.16                       74    -0.760194 1.586639e-07 1.758269e-08   0.9340   0.8039      329
features.14                      293    -0.759477 4.112783e-07 1.871373e-08   0.9216   0.6993      265
features.12                       97    -0.758885 1.941683e-08 1.525902e-08   0.9024   0.5331      201
features.14                      209    -0.758824 3.739223e-07 8.166561e-09   0.8856   0.3824      265
features.15                      568    -0.758727 5.700032e-08 6.674232e-09   0.8809   0.3409      329
features.11                      149    -0.758571 9.999148e-08 2.865045e-07   0.9381   0.8571      169
features.17                      397    -0.758537 5.303074e-07 3.263391e-09   0.9212   0.7054      489
features.10                      243    -0.758461 2.360976e-08 3.274389e-08   0.9385   0.8615      137
features.8                       381    -0.758209 1.639156e-08 1.057706e-08   0.8657   0.2090      137
features.11                       39    -0.758095 9.213023e-08 5.309868e-08   0.8905   0.4333      169
features.16                      513    -0.758058 1.586228e-07 1.763380e-08   0.9320   0.8078      329
features.15                      292    -0.757495 5.653844e-08 4.768203e-09   0.8727   0.2793      329
features.17                       12    -0.757411 4.778242e-07 8.098246e-10   0.8649   0.2101      489
features.17                      617    -0.757411 5.663828e-07 6.466175e-09   0.9437   0.9193      489
features.16                      284    -0.756893 1.289748e-07 1.807590e-09   0.8718   0.2777      329
features.15                      696    -0.756468 6.525133e-08 1.831824e-08   0.9179   0.6961      329
features.10                        9    -0.756410 2.363935e-08 5.480422e-08   0.9436   0.9282      137
features.1                        11    -0.756250 6.524565e-08 1.795217e-03   0.9375   0.8750       25
features.13                      305    -0.755477 1.818754e-08 4.608389e-09   0.8622   0.2049      201
features.11                        6    -0.755238 9.950337e-08 2.643944e-07   0.9333   0.8476      169
features.9                       142    -0.754774 2.252320e-08 1.472551e-08   0.9045   0.5930      137
features.8                       187    -0.754229 2.155458e-08 2.034010e-07   0.9453   0.9652      137
features.14                      382    -0.753595 4.135860e-07 2.388636e-08   0.9248   0.7876      265
features.15                      382    -0.753593 7.720585e-08 4.328247e-08   0.9384   0.9097      329
features.17                      272    -0.753283 4.702192e-07 7.231504e-10   0.8555   0.1670      489
features.4                        37    -0.753012 1.275131e-07 8.241095e-07   0.9398   0.9277       65
features.13                      417    -0.753004 2.121737e-08 4.327095e-08   0.9293   0.8339      201
features.13                      303    -0.751943 2.235176e-08 7.687258e-08   0.9399   0.9399      201
features.14                      292    -0.750980 4.183662e-07 3.160891e-08   0.9314   0.8725      265
features.7                       124    -0.750980 2.477036e-07 2.315028e-08   0.8431   0.0784      105
features.14                      556    -0.750980 4.184780e-07 3.564140e-08   0.9346   0.9020      265
features.17                      134    -0.750844 5.268221e-07 2.962490e-09   0.9099   0.6811      489
features.3                       103    -0.750602 5.392270e-09 1.502090e-07   0.8675   0.3012       57
features.4                        38    -0.750602 1.181017e-07 5.061584e-07   0.9277   0.8434       65
features.9                       366    -0.750251 1.863945e-08 1.934379e-09   0.8392   0.0503      137
features.17                       52    -0.749906 5.292661e-07 3.532290e-09   0.9156   0.7411      489
features.15                      190    -0.749897 5.289149e-08 2.438050e-09   0.8542   0.1889      329
features.16                      703    -0.749515 1.474891e-07 9.896578e-09   0.9068   0.6660      329
features.15                      126    -0.749487 6.830550e-08 3.017747e-08   0.9261   0.8398      329
features.13                      458    -0.749470 2.162150e-08 5.516492e-08   0.9329   0.9011      201
features.13                       42    -0.749470 2.119793e-08 4.335220e-08   0.9258   0.8375      201
features.17                      415    -0.748780 4.930051e-07 1.517214e-09   0.8799   0.4315      489
features.16                      710    -0.748738 1.683030e-07 1.360691e-07   0.9417   0.9883      329
features.5                        43    -0.748598 7.965865e-09 3.778942e-08   0.8598   0.2523       73
features.10                      142    -0.748205 2.120943e-08 1.433695e-08   0.9128   0.7333      137
features.17                      769    -0.747842 5.281553e-07 3.447690e-09   0.9118   0.7280      489
features.9                       348    -0.747739 2.332583e-08 2.914662e-08   0.9146   0.7538      137
