================================================================================
Channel Pruning Log
  dataset    : CelebA
  impt_type  : 2
  seed       : 42
  iteration  : 3
  alpha      : 0.1000
  norm       : rank
  timestamp  : 2026-08-27 20:40:45
  remove_target  : 144079
  accum_removed  : 144126
  selected_channels : 582
  gamma             : 0.0050
  remove_target_met : yes
  total_params   : 2289600
  active_after   : 1806967
  model_sparsity : 21.1%
================================================================================

[ 레이어별 채널 제거 비율 ]
  layer                total_ch  this_iter    cumul  cumul_%
  ----------------------------------------------------------
  features.1                 32          3       10    31.2%
  features.2                 96         10       30    31.2%
  features.3                144         10       34    23.6%
  features.4                144         11       32    22.2%
  features.5                192         17       55    28.6%
  features.6                192         15       55    28.6%
  features.7                192         14       49    25.5%
  features.8                384         30      118    30.7%
  features.9                384         32      108    28.1%
  features.10               384         29      109    28.4%
  features.11               384         29      102    26.6%
  features.12               576         48      174    30.2%
  features.13               576         52      176    30.6%
  features.14               576         49      149    25.9%
  features.15               960         83      278    29.0%
  features.16               960         79      252    26.2%
  features.17               960         71      238    24.8%

[ 레이어별 보호 영역 (γ=0.0050) ]
  layer                  active  protected  protect_%
  --------------------------------------------------
  features.1                 25          1       4.0%
  features.2                 76          1       1.3%
  features.3                120          1       0.8%
  features.4                123          1       0.8%
  features.5                154          1       0.6%
  features.6                152          1       0.7%
  features.7                157          1       0.6%
  features.8                296          2       0.7%
  features.9                308          2       0.6%
  features.10               304          2       0.7%
  features.11               311          2       0.6%
  features.12               450          3       0.7%
  features.13               452          3       0.7%
  features.14               476          3       0.6%
  features.15               765          4       0.5%
  features.16               787          4       0.5%
  features.17               793          4       0.5%

[ 블록별 제거 채널 수 ]
  features.1: 3채널 제거
  features.10: 29채널 제거
  features.11: 29채널 제거
  features.12: 48채널 제거
  features.13: 52채널 제거
  features.14: 49채널 제거
  features.15: 83채널 제거
  features.16: 79채널 제거
  features.17: 71채널 제거
  features.2: 10채널 제거
  features.3: 10채널 제거
  features.4: 11채널 제거
  features.5: 17채널 제거
  features.6: 15채널 제거
  features.7: 14채널 제거
  features.8: 30채널 제거
  features.9: 32채널 제거

[ 선택된 채널 상세 ]
  (phi/perf: raw, phi_n/perf_n: 정규화 후 값 — score = α·perf_n − (1−α)·phi_n)
block                             ch        score          phi         perf    phi_n   perf_n  weights
----------------------------------------------------------------------------------------------------
features.13                      472    -0.888027 5.988854e-08 1.192010e-09   1.0000   0.1197      201
features.12                      182    -0.885523 5.234443e-08 7.752312e-10   0.9911   0.0646      201
features.15                      513    -0.881545 2.416776e-07 1.394054e-10   0.9843   0.0432      329
features.13                      501    -0.878936 5.018529e-08 1.123752e-09   0.9889   0.1109      201
features.5                        21    -0.876471 3.733897e-08 1.364428e-08   0.9935   0.1765       73
features.12                      304    -0.875501 5.061491e-08 9.009272e-10   0.9822   0.0846      201
features.8                       314    -0.875254 4.160191e-08 4.005252e-10   0.9729   0.0034      137
features.13                      155    -0.873836 4.792417e-08 1.240064e-09   0.9845   0.1220      201
features.7                       116    -0.873718 6.224374e-07 1.811984e-08   0.9936   0.2051      105
features.13                       58    -0.872949 5.632171e-08 2.457567e-09   0.9978   0.2506      201
features.12                      378    -0.870824 4.911572e-08 1.129582e-09   0.9800   0.1114      201
features.13                      176    -0.870510 4.380685e-08 7.123918e-10   0.9756   0.0754      201
features.13                      265    -0.869845 4.766765e-08 1.476524e-09   0.9823   0.1419      201
features.13                      348    -0.869401 4.584002e-08 1.292125e-09   0.9800   0.1264      201
features.15                      602    -0.869241 3.920320e-07 1.649297e-09   0.9987   0.2958      329
features.15                      298    -0.868717 2.535649e-07 7.725579e-10   0.9856   0.1832      329
features.15                      733    -0.868455 2.733339e-07 1.111988e-09   0.9921   0.2448      329
features.15                      123    -0.867277 2.822621e-07 1.393104e-09   0.9948   0.2801      329
features.15                      252    -0.865969 2.731957e-07 1.244476e-09   0.9908   0.2579      329
features.12                      456    -0.865924 5.205881e-08 2.535947e-09   0.9889   0.2405      201
features.15                      945    -0.864398 2.116897e-07 6.392625e-10   0.9777   0.1558      329
features.9                        27    -0.862866 4.389243e-08 3.752535e-10   0.9609   0.0195      137
features.13                      153    -0.862749 4.072343e-08 5.148462e-10   0.9645   0.0532      201
features.9                        52    -0.861889 4.512601e-08 1.214063e-09   0.9707   0.1173      137
features.13                      395    -0.861863 4.889930e-08 2.539839e-09   0.9867   0.2616      201
features.15                      293    -0.861257 2.065832e-07 7.250417e-10   0.9764   0.1754      329
features.14                      352    -0.859579 5.448177e-07 1.409911e-09   0.9747   0.1768      265
features.14                      453    -0.859368 7.299545e-07 3.682539e-09   1.0000   0.4063      265
features.12                      513    -0.859020 5.204442e-08 3.191180e-09   0.9866   0.2895      201
features.15                      431    -0.858115 1.812181e-07 3.513638e-10   0.9634   0.0890      329
features.12                      368    -0.857684 4.326175e-08 1.306284e-09   0.9666   0.1225      201
features.8                       370    -0.857627 9.082445e-08 1.003915e-08   1.0000   0.4237      137
features.15                       34    -0.857330 2.117093e-07 1.095155e-09   0.9791   0.2382      329
features.9                        29    -0.856352 4.742789e-08 2.442780e-09   0.9772   0.2313      137
features.5                        83    -0.856209 2.061895e-08 7.227020e-09   0.9608   0.0850       73
features.15                      269    -0.855497 2.030946e-07 9.745441e-10   0.9751   0.2212      329
features.9                       140    -0.855049 4.105255e-08 2.823520e-10   0.9511   0.0098      137
features.16                      865    -0.853435 3.162019e-07 1.006814e-09   0.9835   0.3168      329
features.15                      694    -0.853141 2.014301e-07 1.036693e-09   0.9738   0.2330      329
features.16                      435    -0.852672 2.911280e-07 5.345229e-10   0.9682   0.1870      329
features.17                      239    -0.850000 5.697835e-07 5.369113e-10   0.9886   0.3977      489
features.6                        11    -0.849669 1.564096e-08 1.592856e-08   0.9735   0.2649       73
features.10                      174    -0.849175 3.226941e-08 5.260332e-10   0.9505   0.0627      137
features.8                       230    -0.849152 4.563529e-08 6.366262e-09   0.9763   0.2949      137
features.7                        50    -0.848718 6.120601e-07 2.466598e-08   0.9808   0.3397      105
features.7                       185    -0.848718 4.936614e-07 1.914591e-08   0.9679   0.2244      105
features.13                      464    -0.848559 5.180103e-08 5.007793e-09   0.9933   0.4545      201
features.17                      671    -0.848485 5.708462e-07 5.746241e-10   0.9899   0.4242      489
features.2                        88    -0.848000 2.123408e-07 3.377754e-07   1.0000   0.5200       49
features.10                      188    -0.847855 3.241547e-08 9.473576e-10   0.9538   0.1056      137
features.15                      590    -0.847775 1.764932e-07 7.475025e-10   0.9620   0.1806      329
features.12                      525    -0.847439 4.103674e-08 1.066211e-09   0.9532   0.1047      201
features.11                       14    -0.847419 1.088104e-07 4.777137e-09   0.9548   0.1194      169
features.16                      268    -0.846692 3.254772e-07 1.356069e-09   0.9847   0.3957      329
features.16                      562    -0.846692 2.841570e-07 5.422686e-10   0.9618   0.1896      329
features.8                       341    -0.845763 4.827372e-08 8.349359e-09   0.9797   0.3593      137
features.17                      253    -0.845454 5.656169e-07 5.839303e-10   0.9874   0.4318      489
features.17                      777    -0.845076 5.590162e-07 5.574251e-10   0.9848   0.4129      489
features.6                       168    -0.845033 1.604986e-08 2.420435e-08   0.9801   0.3709       73
features.7                       184    -0.844231 5.702307e-07 2.369315e-08   0.9744   0.3269      105
features.15                      856    -0.844110 1.841027e-07 1.181330e-09   0.9660   0.2526      329
features.15                      459    -0.843586 1.729414e-07 8.868018e-10   0.9607   0.2107      329
features.10                      229    -0.843234 4.878837e-08 3.161674e-09   0.9868   0.4488      137
features.16                       48    -0.843130 3.573452e-07 1.903588e-09   0.9911   0.4885      329
features.16                      482    -0.843003 3.606783e-07 1.977231e-09   0.9924   0.5013      329
features.11                      150    -0.842903 1.146411e-07 1.261283e-08   0.9710   0.3097      169
features.8                       181    -0.842712 5.356550e-08 9.950887e-09   0.9831   0.4203      137
features.16                      186    -0.842366 3.484900e-07 1.854850e-09   0.9898   0.4847      329
features.14                      552    -0.842316 6.074193e-07 4.893933e-09   0.9895   0.4821      265
features.10                       43    -0.841914 7.120103e-08 4.356020e-09   1.0000   0.5809      137
features.15                      163    -0.841754 1.592842e-07 3.086219e-10   0.9437   0.0759      329
features.17                      172    -0.841414 4.749243e-07 3.460136e-10   0.9634   0.2563      489
features.16                      254    -0.841349 3.864404e-07 2.260601e-09   0.9936   0.5293      329
features.11                      279    -0.841290 1.210238e-07 2.257872e-08   0.9839   0.4419      169
features.13                       81    -0.841020 3.918730e-08 1.721917e-09   0.9534   0.1707      201
features.13                      149    -0.839911 4.008727e-08 2.132614e-09   0.9579   0.2217      201
features.16                      267    -0.839695 3.473046e-07 1.969992e-09   0.9885   0.5000      329
features.17                      697    -0.839646 7.701513e-07 9.297503e-10   0.9987   0.5922      489
features.13                      396    -0.839468 4.031498e-08 2.566314e-09   0.9623   0.2661      201
features.15                      345    -0.839005 1.633406e-07 6.604685e-10   0.9503   0.1623      329
features.13                      440    -0.838803 4.017781e-08 2.489186e-09   0.9601   0.2528      201
features.8                       239    -0.838644 3.567432e-08 4.936900e-09   0.9559   0.2169      137
features.8                       197    -0.837966 3.900092e-08 7.296129e-09   0.9661   0.3153      137
features.17                      121    -0.836995 4.591135e-07 3.383521e-10   0.9571   0.2437      489
features.11                      248    -0.836774 1.096381e-07 1.028718e-08   0.9581   0.2548      169
features.14                      443    -0.836632 5.448749e-07 3.988421e-09   0.9768   0.4253      265
features.16                      333    -0.836132 3.038652e-07 1.409034e-09   0.9746   0.4097      329
features.11                      194    -0.836129 1.083252e-07 7.926856e-09   0.9516   0.2032      169
features.16                      551    -0.835623 3.908401e-07 2.873267e-09   0.9949   0.5980      329
features.17                      331    -0.835606 5.832303e-07 8.737032e-10   0.9924   0.5758      489
features.16                       93    -0.835496 2.703041e-07 6.670681e-10   0.9529   0.2214      329
features.16                      236    -0.835242 2.808024e-07 8.629705e-10   0.9593   0.2812      329
features.15                      251    -0.835209 1.694841e-07 1.130483e-09   0.9555   0.2474      329
features.9                       382    -0.834853 6.807763e-08 7.822599e-09   0.9967   0.6221      137
features.2                        25    -0.834667 8.469691e-08 2.113665e-07   0.9733   0.4133       49
features.15                       83    -0.834555 1.656382e-07 1.026967e-09   0.9529   0.2304      329
features.6                       100    -0.834437 2.508028e-08 3.740946e-08   0.9868   0.5364       73
features.13                      307    -0.834368 3.505544e-08 1.118013e-10   0.9290   0.0177      201
features.10                      214    -0.833993 3.221976e-08 1.444221e-09   0.9472   0.1848      137
features.11                      328    -0.833871 1.058435e-07 7.718652e-09   0.9484   0.1968      169
features.13                      400    -0.833259 3.794496e-08 1.294120e-09   0.9401   0.1286      201
features.6                       128    -0.833113 1.261772e-08 4.746090e-09   0.9338   0.0728       73
features.10                      314    -0.833003 3.387712e-08 2.576171e-09   0.9670   0.3729      137
features.11                       36    -0.831935 1.206288e-07 2.993970e-08   0.9806   0.5065      169
features.12                      541    -0.831849 6.520980e-08 1.091994e-08   0.9978   0.6615      201
features.16                      142    -0.831425 2.684394e-07 7.277384e-10   0.9504   0.2392      329
features.15                      765    -0.831414 2.763922e-07 5.893632e-09   0.9935   0.6270      329
features.11                      226    -0.831290 1.123216e-07 1.885883e-08   0.9677   0.3968      169
features.12                      367    -0.831180 3.649460e-08 7.786247e-10   0.9310   0.0668      201
features.17                      865    -0.830934 4.799094e-07 5.029245e-10   0.9646   0.3725      489
features.16                      587    -0.830916 2.870842e-07 1.218278e-09   0.9644   0.3702      329
features.13                      371    -0.830377 3.858790e-08 2.101978e-09   0.9468   0.2173      201
features.12                       59    -0.830067 5.081359e-08 7.659121e-09   0.9844   0.5590      201
features.9                       112    -0.829967 4.562049e-08 4.660016e-09   0.9739   0.4658      137
features.9                       123    -0.829967 3.720562e-08 7.918765e-10   0.9283   0.0554      137
features.16                      120    -0.829644 2.545143e-07 4.649510e-10   0.9402   0.1654      329
features.16                      491    -0.829389 3.151407e-07 2.358287e-09   0.9822   0.5458      329
features.16                      947    -0.828753 2.843531e-07 1.268603e-09   0.9631   0.3804      329
features.12                      571    -0.828730 4.150952e-08 3.780443e-09   0.9577   0.3318      201
features.14                      241    -0.828632 5.677880e-07 5.920595e-09   0.9832   0.5621      265
features.15                      585    -0.828403 1.721499e-07 2.168997e-09   0.9594   0.3508      329
features.12                      395    -0.828062 4.758013e-08 6.173365e-09   0.9733   0.4788      201
features.17                       24    -0.827904 4.578199e-07 4.248503e-10   0.9558   0.3232      489
features.11                      249    -0.827419 1.003231e-07 2.774560e-09   0.9258   0.0581      169
features.16                      412    -0.827354 2.690844e-07 8.952125e-10   0.9517   0.2913      329
features.10                      185    -0.827063 5.884491e-08 5.554324e-09   0.9934   0.6700      137
features.16                      506    -0.826845 2.873929e-07 1.492123e-09   0.9656   0.4224      329
features.17                      275    -0.826641 5.621188e-07 9.649294e-10   0.9861   0.6086      489
features.7                        92    -0.826282 8.122025e-07 6.534871e-08   1.0000   0.7372      105
features.4                        42    -0.826229 1.506606e-07 2.942309e-08   0.9426   0.2213       65
features.4                        91    -0.826229 1.429149e-07 2.125129e-08   0.9344   0.1475       65
features.5                       145    -0.826144 2.411129e-08 4.679015e-08   0.9739   0.5033       73
features.11                      257    -0.825806 1.040926e-07 5.333511e-09   0.9323   0.1323      169
features.15                      544    -0.825262 3.419334e-07 7.777186e-09   0.9974   0.7238      329
features.6                        97    -0.824503 1.497952e-08 3.193013e-08   0.9669   0.4570       73
features.12                      457    -0.824053 4.025165e-08 3.559443e-09   0.9510   0.3185      201
features.3                        99    -0.823529 1.985527e-08 1.055768e-07   0.9664   0.4622       57
features.16                      312    -0.823155 3.115813e-07 2.602027e-09   0.9784   0.5738      329
features.17                      663    -0.823106 5.077488e-07 7.966492e-10   0.9747   0.5417      489
features.5                       108    -0.822876 1.736727e-08 9.143910e-09   0.9281   0.1242       73
features.8                        17    -0.822712 2.828980e-08 1.028730e-09   0.9186   0.0407      137
features.15                      754    -0.822513 1.707931e-07 2.671994e-09   0.9581   0.3979      329
features.14                        4    -0.822105 5.988146e-07 8.085104e-09   0.9874   0.6653      265
features.12                      276    -0.822049 3.616935e-08 9.874023e-10   0.9243   0.0980      201
features.8                       317    -0.821356 3.299661e-08 5.734303e-09   0.9424   0.2678      137
features.10                       15    -0.821122 3.454450e-08 3.875908e-09   0.9703   0.5215      137
features.14                      403    -0.821053 4.540745e-07 1.459268e-09   0.9326   0.1832      265
features.12                      245    -0.820935 4.219583e-08 5.400726e-09   0.9621   0.4499      201
features.13                      207    -0.820843 4.301775e-08 6.398754e-09   0.9712   0.5322      201
features.13                       10    -0.820621 3.857881e-08 2.795923e-09   0.9446   0.2949      201
features.13                      492    -0.820621 3.812703e-08 2.613262e-09   0.9424   0.2749      201
features.14                       63    -0.820421 5.696311e-07 7.979181e-09   0.9853   0.6632      265
features.8                       183    -0.820339 3.045544e-08 3.157901e-09   0.9254   0.1254      137
features.16                       30    -0.820229 3.105493e-07 2.783896e-09   0.9771   0.5916      329
features.14                      460    -0.820211 5.160591e-07 4.167137e-09   0.9600   0.4379      265
features.13                       47    -0.819956 3.738779e-08 2.344230e-09   0.9379   0.2417      201
features.16                      754    -0.819847 2.880961e-07 2.022073e-09   0.9669   0.5038      329
features.17                      603    -0.819571 4.658062e-07 5.970102e-10   0.9596   0.4407      489
features.17                      137    -0.819571 4.461767e-07 4.213324e-10   0.9457   0.3157      489
features.16                      518    -0.818957 3.011791e-07 2.539146e-09   0.9733   0.5700      329
features.15                      477    -0.818848 2.127889e-07 6.026165e-09   0.9804   0.6348      329
features.8                       231    -0.818305 3.137514e-08 4.593419e-09   0.9322   0.2068      137
features.4                         7    -0.818033 2.257595e-07 1.455497e-07   0.9918   0.7459       65
features.16                      699    -0.817557 2.747813e-07 1.502697e-09   0.9555   0.4237      329
features.13                      177    -0.817295 3.528975e-08 1.940407e-09   0.9313   0.2084      201
features.16                      909    -0.817048 2.769586e-07 1.647321e-09   0.9580   0.4517      329
features.16                      546    -0.816794 2.363163e-07 3.034259e-10   0.9211   0.1221      329
features.4                         6    -0.816393 2.485917e-07 1.843064e-07   1.0000   0.8361       65
features.15                       98    -0.816361 1.590885e-07 1.821040e-09   0.9424   0.3181      329
features.9                         6    -0.815961 7.774772e-08 2.036727e-08   1.0000   0.8404      137
features.8                       209    -0.815932 7.699865e-08 4.190439e-08   0.9966   0.8102      137
features.13                      377    -0.815743 3.910796e-08 4.157580e-09   0.9512   0.4035      201
features.15                      706    -0.815707 1.528972e-07 1.181920e-09   0.9346   0.2539      329
features.17                      509    -0.815530 5.032573e-07 9.539110e-10   0.9735   0.6061      489
features.10                      278    -0.815181 3.660853e-08 5.050147e-09   0.9769   0.6403      137
features.14                      369    -0.814526 4.368997e-07 9.408290e-10   0.9179   0.1158      265
features.13                       19    -0.814412 5.388055e-08 1.916015e-08   0.9956   0.8160      201
features.17                      128    -0.814394 4.886309e-07 8.501742e-10   0.9684   0.5720      489
features.3                       100    -0.814286 3.574818e-08 5.989027e-07   1.0000   0.8571       57
features.16                      162    -0.814249 2.825536e-07 1.982320e-09   0.9606   0.5025      329
features.15                      652    -0.814005 1.493476e-07 8.892491e-10   0.9280   0.2120      329
features.16                      408    -0.813995 2.712104e-07 1.643967e-09   0.9542   0.4478      329
features.5                       165    -0.813725 1.942210e-08 3.257063e-08   0.9477   0.3922       73
features.9                       115    -0.813681 3.428657e-08 1.298466e-09   0.9186   0.1303      137
features.10                      124    -0.813531 4.832971e-08 6.647278e-09   0.9835   0.7162      137
features.15                      419    -0.813351 1.553726e-07 1.796148e-09   0.9385   0.3128      329
features.8                        34    -0.813220 6.048067e-08 3.333111e-08   0.9898   0.7763      137
features.13                      318    -0.813082 3.722141e-08 2.749860e-09   0.9357   0.2905      201
features.9                       294    -0.812378 4.312561e-08 4.975806e-09   0.9577   0.4951      137
features.15                      773    -0.812304 1.608821e-07 2.627663e-09   0.9463   0.3940      329
features.9                       349    -0.812052 3.341889e-08 9.824395e-10   0.9121   0.0879      137
features.11                      222    -0.811935 1.240204e-07 7.822199e-08   0.9871   0.7645      169
features.6                       146    -0.811921 2.839306e-08 1.247414e-07   0.9934   0.8212       73
features.9                       326    -0.811726 5.304830e-08 1.758551e-08   0.9902   0.7948      137
features.16                        8    -0.811705 3.139221e-07 4.506587e-09   0.9809   0.7112      329
features.15                      319    -0.811518 2.575734e-07 9.117036e-09   0.9869   0.7670      329
features.17                      943    -0.810732 4.615883e-07 7.470471e-10   0.9583   0.5177      489
features.15                      693    -0.810602 2.011425e-07 6.293681e-09   0.9725   0.6466      329
features.9                        97    -0.810423 6.101406e-08 2.025392e-08   0.9935   0.8371      137
features.11                      339    -0.810323 1.299434e-07 9.823169e-08   0.9935   0.8387      169
features.10                      270    -0.810231 3.754165e-08 6.678197e-09   0.9802   0.7195      137
features.13                      224    -0.809978 3.380558e-08 1.892674e-09   0.9224   0.2018      201
features.15                      805    -0.809948 1.587972e-07 2.304474e-09   0.9411   0.3704      329
features.17                      337    -0.809848 4.719830e-07 8.320152e-10   0.9621   0.5606      489
features.17                      620    -0.809596 4.556413e-07 7.115660e-10   0.9545   0.4949      489
features.16                      917    -0.809415 3.269007e-07 5.438666e-09   0.9860   0.7799      329
features.16                      675    -0.809033 5.568475e-07 9.145012e-09   0.9975   0.8868      329
features.8                       357    -0.808814 2.633170e-08 9.369128e-10   0.9017   0.0271      137
features.5                        45    -0.808497 1.658169e-08 1.524160e-08   0.9216   0.2092       73
features.1                         5    -0.808333 7.548808e-08 3.714688e-04   1.0000   0.9167       25
features.13                      215    -0.808204 3.299609e-08 1.596555e-09   0.9157   0.1596      201
features.17                      458    -0.807955 1.092465e-06 2.555899e-09   1.0000   0.9205      489
features.15                      242    -0.807461 1.428484e-07 8.736421e-10   0.9202   0.2068      329
features.14                      381    -0.807368 6.345674e-07 1.672863e-08   0.9958   0.8884      265
features.10                      121    -0.807261 5.927387e-08 2.176096e-08   0.9967   0.8977      137
features.15                      649    -0.807199 1.620379e-07 3.584064e-09   0.9476   0.4568      329
features.11                      161    -0.807097 1.182819e-07 5.905258e-08   0.9742   0.6968      169
features.17                      669    -0.807071 4.419567e-07 5.357501e-10   0.9407   0.3952      489
features.10                      335    -0.806931 2.969184e-08 1.471035e-09   0.9175   0.1881      137
features.3                        73    -0.806723 2.102820e-08 2.890498e-07   0.9748   0.7059       57
features.10                      140    -0.806601 4.906157e-08 1.379563e-08   0.9901   0.8449      137
features.4                       112    -0.806557 1.674000e-07 1.173258e-07   0.9672   0.6393       65
features.5                        88    -0.806536 1.969925e-08 4.849540e-08   0.9542   0.5229       73
features.14                      148    -0.806526 6.189829e-07 1.545479e-08   0.9937   0.8779      265
features.12                      151    -0.806459 5.875896e-08 3.038035e-08   0.9955   0.8953      201
features.16                      228    -0.805980 4.956788e-07 1.070165e-08   0.9962   0.9059      329
features.7                        10    -0.805769 3.750424e-07 2.828544e-08   0.9423   0.4231      105
features.12                      434    -0.805568 3.989713e-08 6.243565e-09   0.9488   0.4833      201
features.2                        10    -0.805333 6.989558e-08 2.550663e-07   0.9467   0.4667       49
features.2                        70    -0.805333 8.874649e-08 1.022384e-06   0.9867   0.8267       49
features.13                       48    -0.805321 3.276331e-08 1.493679e-09   0.9113   0.1486      201
features.14                      344    -0.805263 5.046938e-07 5.956059e-09   0.9579   0.5684      265
features.14                      463    -0.805263 6.373725e-07 1.937425e-08   0.9979   0.9284      265
features.12                      543    -0.805122 3.942211e-08 5.365552e-09   0.9443   0.4477      201
features.15                      217    -0.804843 1.641916e-07 4.208665e-09   0.9516   0.5157      329
features.16                      732    -0.804835 2.569948e-07 1.561225e-09   0.9427   0.4364      329
features.13                      185    -0.804656 4.251432e-08 1.063738e-08   0.9690   0.6741      201
features.6                       159    -0.804636 3.336661e-08 2.671324e-07   1.0000   0.9536       73
features.10                      357    -0.804621 3.117019e-08 2.704355e-09   0.9373   0.3894      137
features.17                      500    -0.804545 5.097197e-07 1.396006e-09   0.9760   0.7386      489
features.12                      326    -0.804232 3.251859e-08 1.994539e-09   0.9154   0.1960      201
features.6                       182    -0.803973 1.122356e-08 1.038468e-08   0.9073   0.1258       73
features.9                       247    -0.803583 5.281328e-08 2.172771e-08   0.9870   0.8469      137
features.11                      378    -0.803548 9.180339e-08 1.325331e-09   0.8935   0.0065      169
features.8                       342    -0.803390 3.790779e-08 1.840505e-08   0.9593   0.6000      137
features.3                       139    -0.803361 1.537712e-08 9.576949e-08   0.9412   0.4370       57
features.12                      211    -0.803341 3.733837e-08 4.707667e-09   0.9354   0.3853      201
features.17                       28    -0.803283 5.990640e-07 2.401794e-09   0.9937   0.9104      489
features.14                      212    -0.803158 4.441970e-07 2.663579e-09   0.9263   0.3053      265
features.15                      352    -0.803141 2.387578e-07 1.104081e-08   0.9830   0.8154      329
features.11                      191    -0.802903 1.355979e-07 2.047569e-07   0.9968   0.9419      169
features.17                      657    -0.802778 4.281647e-07 4.905027e-10   0.9318   0.3586      489
features.2                         8    -0.802667 6.490284e-08 1.913461e-07   0.9333   0.3733       49
features.11                      283    -0.802581 1.297495e-07 1.492061e-07   0.9903   0.8871      169
features.3                       124    -0.802521 2.204855e-08 4.608040e-07   0.9832   0.8235       57
features.16                      338    -0.802290 2.277375e-07 3.996612e-10   0.9084   0.1527      329
features.9                       261    -0.802280 5.115377e-08 2.010390e-08   0.9837   0.8306      137
features.13                      127    -0.802217 5.162671e-08 2.963850e-08   0.9911   0.8980      201
features.17                      625    -0.801768 7.205051e-07 3.247641e-09   0.9975   0.9596      489
features.4                        77    -0.801639 1.298730e-07 1.728811e-08   0.9016   0.0984       65
features.12                      561    -0.801559 4.336158e-08 1.248076e-08   0.9688   0.7038      201
features.17                      766    -0.801389 5.139233e-07 1.557398e-09   0.9773   0.7816      489
features.12                      128    -0.801114 5.452899e-08 4.474443e-08   0.9933   0.9287      201
features.15                      534    -0.801047 1.669601e-07 4.965995e-09   0.9542   0.5772      329
features.15                      472    -0.800654 6.181985e-07 1.193938e-07   1.0000   0.9935      329
features.5                        95    -0.800654 2.209408e-08 8.873079e-08   0.9673   0.6993       73
features.16                      676    -0.800509 2.953798e-07 4.715072e-09   0.9707   0.7316      329
features.17                      492    -0.800505 4.494145e-07 8.184122e-10   0.9508   0.5518      489
features.13                      180    -0.800443 4.504700e-08 1.757334e-08   0.9778   0.7960      201
features.15                      189    -0.800262 1.367766e-07 5.074089e-10   0.9031   0.1257      329
features.16                      846    -0.800000 2.982531e-07 4.895453e-09   0.9720   0.7481      329
features.16                      862    -0.799873 2.623461e-07 2.089573e-09   0.9453   0.5089      329
features.15                       17    -0.799738 1.418419e-07 1.143324e-09   0.9162   0.2487      329
features.16                      409    -0.799618 3.118280e-07 6.589224e-09   0.9796   0.8206      329
features.12                      186    -0.799555 2.995927e-08 2.117605e-10   0.8909   0.0223      201
features.16                      299    -0.799364 7.217439e-07 1.763379e-07   0.9987   0.9949      329
features.5                       177    -0.799346 1.378985e-08 7.025162e-09   0.8954   0.0654       73
features.14                      255    -0.798737 5.201972e-07 8.639559e-09   0.9642   0.6905      265
features.14                      510    -0.798737 5.409072e-07 9.209845e-09   0.9684   0.7284      265
features.5                       137    -0.798693 1.777344e-08 4.296519e-08   0.9412   0.4837       73
features.8                       302    -0.798644 3.332673e-08 1.429851e-08   0.9458   0.5254      137
features.14                       41    -0.798316 5.648316e-07 1.402119e-08   0.9811   0.8463      265
features.12                       68    -0.798218 4.551908e-08 1.637219e-08   0.9710   0.7572      201
features.14                      101    -0.798105 6.110711e-07 2.201590e-08   0.9916   0.9432      265
features.11                      157    -0.798064 9.901089e-08 1.059427e-08   0.9161   0.2645      169
features.17                      836    -0.797980 5.227832e-07 1.865036e-09   0.9798   0.8384      489
features.14                      326    -0.797895 5.006968e-07 6.299161e-09   0.9516   0.5853      265
features.17                       63    -0.797727 6.339034e-07 3.792622e-09   0.9949   0.9773      489
features.15                      595    -0.796990 1.367312e-07 6.037870e-10   0.9018   0.1466      329
features.12                      386    -0.796882 4.876533e-08 2.157052e-08   0.9777   0.8307      201
features.12                      479    -0.796882 4.112377e-08 9.851939e-09   0.9555   0.6303      201
features.15                      424    -0.796859 1.414757e-07 1.296774e-09   0.9149   0.2657      329
features.14                      197    -0.796842 4.239238e-07 1.936798e-09   0.9116   0.2358      265
features.16                      691    -0.796565 2.348709e-07 8.584717e-10   0.9160   0.2786      329
features.16                      933    -0.796438 3.452872e-07 1.266566e-08   0.9873   0.9211      329
features.9                       172    -0.796417 4.877145e-08 2.344093e-08   0.9805   0.8599      137
features.10                       76    -0.796370 3.325629e-08 5.297393e-09   0.9571   0.6502      137
features.17                      299    -0.796338 4.310641e-07 6.130986e-10   0.9356   0.4571      489
features.12                      157    -0.796214 3.236601e-08 2.830899e-09   0.9131   0.2561      201
features.4                        84    -0.795902 1.597061e-07 1.229117e-07   0.9590   0.6721       65
features.12                       20    -0.795546 3.785994e-08 6.630720e-09   0.9399   0.5033      201
features.9                       124    -0.795440 4.190439e-08 8.324515e-09   0.9544   0.6352      137
features.17                      424    -0.794950 4.522398e-07 9.890081e-10   0.9520   0.6187      489
features.14                      315    -0.794947 4.912439e-07 6.053464e-09   0.9474   0.5768      265
features.15                      260    -0.794895 2.163226e-07 1.590181e-08   0.9817   0.8861      329
features.7                       132    -0.794872 4.051904e-07 4.325858e-08   0.9487   0.5897      105
features.5                       167    -0.794771 3.296832e-08 4.281333e-07   0.9869   0.9346       73
features.10                      343    -0.794719 3.649989e-08 1.178733e-08   0.9736   0.8152      137
features.17                      225    -0.794444 4.435160e-07 8.011430e-10   0.9432   0.5442      489
features.17                      911    -0.794444 3.904541e-07 2.066438e-10   0.8952   0.1124      489
features.14                       73    -0.794105 5.445733e-07 1.117401e-08   0.9705   0.7937      265
features.14                      239    -0.794105 5.164201e-07 9.063547e-09   0.9621   0.7179      265
features.14                      502    -0.793895 4.195279e-07 1.670697e-09   0.9053   0.2084      265
features.14                      550    -0.793895 4.674249e-07 5.087889e-09   0.9368   0.4926      265
features.9                        12    -0.793811 3.839113e-08 5.609230e-09   0.9414   0.5342      137
features.10                       96    -0.793399 2.706421e-08 1.417385e-09   0.9010   0.1749      137
features.17                       51    -0.793056 5.239761e-07 2.271132e-09   0.9811   0.8990      489
features.17                      846    -0.792929 5.147277e-07 2.122979e-09   0.9785   0.8775      489
features.8                       158    -0.792881 2.438246e-08 2.105582e-09   0.8915   0.0949      137
features.17                      879    -0.792677 5.784901e-07 8.840270e-09   0.9912   0.9937      489
features.14                      250    -0.792421 4.677439e-07 5.447377e-09   0.9389   0.5263      265
features.8                       283    -0.792203 5.498507e-08 1.111406e-07   0.9864   0.9559      137
features.15                       70    -0.792147 2.674115e-07 6.274967e-08   0.9895   0.9843      329
features.1                         8    -0.791667 5.406263e-08 3.174695e-05   0.9583   0.7083       25
features.17                      254    -0.791667 4.841121e-07 1.579553e-09   0.9672   0.7879      489
features.7                       158    -0.791667 6.199694e-07 1.447318e-07   0.9872   0.9679      105
features.17                      818    -0.791667 4.811408e-07 1.544967e-09   0.9659   0.7765      489
features.14                      495    -0.791579 5.607687e-07 1.728502e-08   0.9789   0.8947      265
features.14                      493    -0.791368 4.044599e-07 1.077265e-09   0.8947   0.1389      265
features.9                       372    -0.790879 3.579085e-08 4.056212e-09   0.9251   0.4169      137
features.12                      362    -0.790869 3.068214e-08 1.530365e-09   0.8953   0.1492      201
features.15                      245    -0.790838 2.666347e-07 6.283827e-08   0.9882   0.9856      329
features.17                      282    -0.790657 4.713108e-07 1.399932e-09   0.9609   0.7412      489
features.17                      220    -0.790530 4.335415e-07 7.584434e-10   0.9369   0.5265      489
features.17                      665    -0.789773 4.203801e-07 5.186118e-10   0.9205   0.3864      489
features.14                      354    -0.789474 5.370442e-07 1.142639e-08   0.9663   0.8021      265
features.13                      425    -0.789357 3.888324e-08 9.165367e-09   0.9490   0.6475      201
features.15                      389    -0.789136 1.229466e-07 3.562620e-10   0.8874   0.0955      329
features.15                      742    -0.789005 1.318954e-07 8.097885e-10   0.8979   0.1911      329
features.17                      584    -0.788636 3.908586e-07 2.929059e-10   0.8977   0.1932      489
features.14                      567    -0.788421 4.118512e-07 1.762204e-09   0.9011   0.2253      265
features.8                       320    -0.787797 3.286748e-08 1.680092e-08   0.9390   0.5729      137
features.16                      502    -0.787659 2.254011e-07 8.811226e-10   0.9071   0.2875      329
features.6                        58    -0.787417 1.045835e-08 9.756512e-09   0.8874   0.1126       73
features.16                      617    -0.787277 2.619080e-07 3.139931e-09   0.9440   0.6234      329
features.16                      522    -0.787150 2.294679e-07 1.005181e-09   0.9097   0.3155      329
features.10                      213    -0.787129 3.183217e-08 4.460079e-09   0.9406   0.5941      137
features.17                      413    -0.787121 4.105629e-07 4.901217e-10   0.9141   0.3561      489
features.16                      510    -0.787023 2.076003e-07 3.665028e-10   0.8906   0.1450      329
features.17                      851    -0.786869 5.520167e-07 4.251731e-09   0.9836   0.9836      489
features.10                      146    -0.786799 2.838580e-08 2.116380e-09   0.9076   0.3003      137
features.10                      373    -0.786799 3.062001e-08 3.519167e-09   0.9274   0.4785      137
features.11                       84    -0.786774 1.101399e-07 8.191915e-08   0.9613   0.7839      169
features.6                        92    -0.786755 1.228059e-08 2.379265e-08   0.9139   0.3576       73
features.15                      474    -0.786649 1.393853e-07 1.823022e-09   0.9097   0.3207      329
features.12                      354    -0.786637 2.998143e-08 1.712031e-09   0.8931   0.1715      201
features.7                       129    -0.786538 3.582381e-07 3.616260e-08   0.9295   0.5000      105
features.15                      591    -0.786518 1.359736e-07 1.095319e-09   0.9005   0.2395      329
features.12                      183    -0.786414 4.831942e-08 3.930527e-08   0.9755   0.9154      201
features.14                      183    -0.786316 5.012063e-07 9.096945e-09   0.9537   0.7200      265
features.11                      103    -0.786129 9.307822e-08 8.086129e-09   0.8968   0.2097      169
features.15                       61    -0.786126 1.283839e-07 7.779106e-10   0.8940   0.1846      329
features.4                        57    -0.786066 2.071926e-07 6.859561e-07   0.9836   0.9918       65
features.16                      163    -0.786005 2.079479e-07 4.726707e-10   0.8919   0.1667      329
features.12                      454    -0.785969 3.782610e-08 8.363431e-09   0.9376   0.5791      201
features.14                      137    -0.785895 4.981119e-07 8.586830e-09   0.9495   0.6863      265
features.3                        68    -0.785714 7.226294e-09 9.758125e-09   0.8739   0.0084       57
features.9                       222    -0.785668 3.751104e-08 6.356326e-09   0.9349   0.5570      137
features.10                        1    -0.785479 3.080456e-08 4.007535e-09   0.9340   0.5512      137
features.8                       152    -0.785424 3.233514e-08 1.624420e-08   0.9356   0.5661      137
features.17                      147    -0.785354 5.462722e-07 4.523073e-09   0.9823   0.9874      489
features.9                        80    -0.785016 4.510559e-08 2.314052e-08   0.9674   0.8567      137
features.13                      521    -0.784701 3.490855e-08 5.782898e-09   0.9268   0.4945      201
features.16                       17    -0.784478 2.040293e-07 2.823365e-10   0.8842   0.1132      329
features.12                      364    -0.784187 3.230633e-08 4.047386e-09   0.9109   0.3563      201
features.15                      434    -0.784031 1.219113e-07 4.938674e-10   0.8848   0.1230      329
features.16                      202    -0.783969 2.624236e-07 3.847758e-09   0.9466   0.6794      329
features.13                      349    -0.783814 3.181070e-08 3.099234e-09   0.9069   0.3237      201
features.15                      951    -0.783770 1.816267e-07 1.220518e-08   0.9647   0.8442      329
features.13                      537    -0.783592 4.316719e-08 3.282413e-08   0.9734   0.9246      201
features.16                      583    -0.783588 2.221998e-07 9.100351e-10   0.9033   0.2939      329
features.11                      138    -0.783548 1.021373e-07 3.215505e-08   0.9290   0.5258      169
features.15                      782    -0.783508 1.544331e-07 5.134937e-09   0.9359   0.5877      329
features.16                      426    -0.783461 2.054601e-07 4.131676e-10   0.8880   0.1578      329
features.17                      774    -0.783460 4.383057e-07 9.924760e-10   0.9394   0.6199      489
features.9                       177    -0.783388 3.096124e-08 1.325838e-09   0.8860   0.1401      137
features.16                      512    -0.783206 2.752247e-07 5.433782e-09   0.9567   0.7786      329
features.5                       151    -0.783007 2.834915e-08 2.162593e-06   0.9804   0.9935       73
features.11                      326    -0.782903 1.193322e-07 4.225137e-07   0.9774   0.9677      169
features.14                      485    -0.782737 5.447159e-07 1.911653e-08   0.9726   0.9263      265
features.15                      230    -0.782461 1.337601e-07 1.307944e-09   0.8992   0.2683      329
features.5                       143    -0.782353 1.291461e-08 5.643280e-09   0.8758   0.0588       73
features.15                      688    -0.782330 1.425692e-07 3.381741e-09   0.9188   0.4463      329
features.11                      266    -0.782258 8.937766e-08 7.446575e-09   0.8903   0.1903      169
features.12                        3    -0.782183 2.988951e-08 1.748216e-09   0.8886   0.1759      201
features.15                      476    -0.782068 1.382270e-07 1.822400e-09   0.9045   0.3194      329
features.15                      794    -0.782068 1.245152e-07 7.886176e-10   0.8901   0.1898      329
features.17                      552    -0.781944 4.011706e-07 4.421510e-10   0.9053   0.3283      489
features.15                      480    -0.781806 1.492774e-07 4.274158e-09   0.9267   0.5223      329
features.15                      910    -0.781806 1.869365e-07 1.599220e-08   0.9673   0.8874      329
features.5                        80    -0.781699 1.348821e-08 1.369033e-08   0.8889   0.1830       73
features.16                      130    -0.781679 2.249508e-07 1.073283e-09   0.9059   0.3359      329
features.15                      327    -0.781675 1.565234e-07 6.163342e-09   0.9398   0.6414      329
features.14                      199    -0.781263 4.440197e-07 5.252383e-09   0.9242   0.5053      265
features.4                       143    -0.781148 1.965370e-07 4.499383e-07   0.9754   0.9672       65
features.17                      365    -0.781061 4.494024e-07 1.394053e-09   0.9495   0.7348      489
features.15                      687    -0.780890 1.204681e-07 4.432434e-10   0.8796   0.1073      329
features.15                      898    -0.780497 1.315919e-07 1.295394e-09   0.8966   0.2644      329
features.2                        54    -0.780000 7.621045e-08 1.145151e-06   0.9600   0.8400       49
features.12                      412    -0.779733 3.817801e-08 1.158878e-08   0.9421   0.6815      201
features.16                      552    -0.779389 3.066284e-07 5.535720e-08   0.9758   0.9885      329
features.8                        81    -0.779322 2.366283e-08 2.725230e-09   0.8780   0.1085      137
features.15                      621    -0.779319 1.422137e-07 3.662729e-09   0.9175   0.4647      329
features.17                      738    -0.779293 3.926492e-07 3.892097e-10   0.8990   0.2980      489
features.16                      550    -0.779262 2.391814e-07 2.275672e-09   0.9249   0.5318      329
features.16                      687    -0.779262 2.092993e-07 7.405273e-10   0.8931   0.2455      329
features.16                      399    -0.778880 2.346984e-07 1.615425e-09   0.9148   0.4440      329
features.17                      643    -0.778409 4.971034e-07 2.821525e-09   0.9697   0.9432      489
features.17                      913    -0.778409 4.240430e-07 8.258648e-10   0.9268   0.5568      489
features.7                       188    -0.778205 2.977547e-07 2.746471e-08   0.9103   0.4103      105
features.15                       26    -0.778141 2.008705e-07 3.700226e-08   0.9712   0.9594      329
features.17                      659    -0.778030 4.997661e-07 3.197661e-09   0.9710   0.9583      489
features.16                      538    -0.777990 2.920287e-07 1.480566e-08   0.9695   0.9453      329
features.8                        94    -0.777966 2.264047e-08 2.880567e-10   0.8644   0.0000      137
features.8                       124    -0.777966 2.435431e-08 4.906671e-09   0.8881   0.2136      137
features.17                      741    -0.777904 4.141319e-07 6.415535e-10   0.9167   0.4710      489
features.16                      452    -0.777608 2.498124e-07 3.048678e-09   0.9326   0.6170      329
features.17                      740    -0.777525 3.744323e-07 2.269370e-10   0.8788   0.1338      489
features.12                       71    -0.777506 2.833640e-08 7.493470e-10   0.8708   0.0624      201
features.14                      470    -0.777474 4.009196e-07 1.652244e-09   0.8863   0.2021      265
features.10                       31    -0.777228 3.189356e-08 6.889961e-09   0.9439   0.7228      137
features.12                      159    -0.777060 3.139970e-08 3.748883e-09   0.8998   0.3274      201
features.6                        50    -0.776821 1.450058e-08 1.698423e-07   0.9603   0.8742       73
features.13                       88    -0.776718 2.905470e-08 1.046424e-09   0.8736   0.0953      201
features.16                      565    -0.776590 2.168203e-07 1.045353e-09   0.8995   0.3295      329
features.3                        80    -0.776471 6.951854e-09 1.670290e-08   0.8655   0.0252       57
features.6                       186    -0.776159 1.271986e-08 6.312476e-08   0.9404   0.7020       73
features.13                      426    -0.776053 3.078213e-08 3.094219e-09   0.8980   0.3215      201
features.13                      509    -0.776053 3.174697e-08 3.903225e-09   0.9047   0.3814      201
features.17                      277    -0.776010 4.427179e-07 1.316059e-09   0.9419   0.7172      489
features.15                      537    -0.775654 1.189451e-07 5.529238e-10   0.8770   0.1361      329
features.10                      302    -0.775578 3.367958e-08 2.608269e-08   0.9637   0.9175      137
features.15                       62    -0.775393 1.907617e-07 4.136117e-08   0.9686   0.9634      329
features.16                       88    -0.775318 2.372539e-07 2.370572e-09   0.9224   0.5483      329
features.13                      442    -0.774945 3.990743e-08 2.109754e-08   0.9557   0.8514      201
features.16                       28    -0.774936 2.682322e-07 5.652949e-09   0.9491   0.7926      329
features.17                      673    -0.774874 4.303763e-07 1.099192e-09   0.9343   0.6604      489
features.12                       47    -0.774833 4.217702e-08 2.918311e-08   0.9599   0.8909      201
features.16                      205    -0.774682 2.179643e-07 1.185767e-09   0.9008   0.3601      329
features.15                      520    -0.774607 1.938783e-07 6.037128e-08   0.9699   0.9830      329
features.8                       236    -0.774576 2.703481e-08 1.054888e-08   0.9085   0.4305      137
features.7                       110    -0.774359 4.686381e-07 1.046518e-07   0.9615   0.9103      105
features.13                      100    -0.774279 3.427603e-08 7.289840e-09   0.9246   0.5787      201
features.13                      416    -0.774279 4.173305e-08 5.055732e-08   0.9667   0.9579      201
features.10                       20    -0.774257 3.046191e-08 4.307128e-09   0.9241   0.5743      137
features.8                       315    -0.774237 3.490449e-08 3.628517e-08   0.9492   0.8000      137
features.15                      193    -0.774215 1.406266e-07 3.846184e-09   0.9136   0.4804      329
features.11                      324    -0.773871 8.684322e-08 4.464237e-09   0.8710   0.1000      169
features.16                      212    -0.773791 1.989548e-07 5.311752e-10   0.8804   0.1858      329
features.16                      585    -0.773791 2.352708e-07 2.153725e-09   0.9173   0.5178      329
features.17                      375    -0.773737 4.121086e-07 7.246921e-10   0.9154   0.5013      489
features.14                      520    -0.773684 4.595345e-07 8.245066e-09   0.9347   0.6758      265
features.14                      522    -0.773684 4.389652e-07 5.726898e-09   0.9200   0.5432      265
features.13                      238    -0.773614 3.046278e-08 2.907941e-09   0.8936   0.3060      201
features.13                      484    -0.773614 3.300389e-08 6.377221e-09   0.9180   0.5255      201
features.6                       152    -0.773510 9.179912e-09 1.237351e-09   0.8609   0.0132       73
features.15                      549    -0.773298 1.509150e-07 6.164462e-09   0.9306   0.6427      329
features.9                       241    -0.773290 3.775057e-08 1.138771e-08   0.9381   0.7101      137
features.17                      501    -0.773106 4.464281e-07 1.594026e-09   0.9470   0.7917      489
features.9                       308    -0.772964 4.432649e-08 5.633868e-08   0.9642   0.9479      137
features.13                      483    -0.772727 2.923124e-08 1.550449e-09   0.8758   0.1552      201
features.14                      340    -0.772421 3.812544e-07 3.999733e-10   0.8632   0.0442      265
features.9                       229    -0.771661 2.922950e-08 1.732219e-09   0.8762   0.1694      137
features.3                        43    -0.771429 1.626723e-08 5.427061e-07   0.9496   0.8319       57
features.16                      618    -0.771374 2.054135e-07 8.193721e-10   0.8868   0.2672      329
features.17                      101    -0.771338 4.450215e-07 1.577144e-09   0.9444   0.7866      489
features.12                      469    -0.771270 4.304974e-08 9.337207e-08   0.9644   0.9666      201
features.14                       21    -0.771158 3.866395e-07 7.624038e-10   0.8674   0.0947      265
features.11                       44    -0.770968 1.106734e-07 4.785363e-07   0.9645   0.9710      169
features.11                      275    -0.770968 1.050547e-07 7.241192e-08   0.9387   0.7387      169
features.1                        28    -0.770833 4.835590e-08 3.327929e-06   0.9167   0.5417       25
features.12                      214    -0.770379 2.878282e-08 1.725559e-09   0.8753   0.1737      201
features.11                      263    -0.770323 9.423670e-08 2.331968e-08   0.9065   0.4548      169
features.14                      117    -0.770316 5.028382e-07 1.732780e-08   0.9558   0.8989      265
features.15                      222    -0.770288 1.168266e-07 5.338425e-10   0.8704   0.1309      329
features.14                      280    -0.770105 4.015125e-07 2.749035e-09   0.8905   0.3137      265
features.9                        99    -0.770033 3.262461e-08 4.743175e-09   0.9088   0.4788      137
features.10                      125    -0.769967 3.352110e-08 3.455195e-08   0.9604   0.9439      137
features.5                       114    -0.769935 1.750426e-08 9.101576e-08   0.9346   0.7124       73
features.16                      171    -0.769847 2.202982e-07 1.474711e-09   0.9020   0.4198      329
features.13                      226    -0.769623 2.925536e-08 1.925541e-09   0.8780   0.2062      201
features.13                      423    -0.769180 2.786242e-08 6.737025e-10   0.8625   0.0710      201
features.14                       34    -0.768842 4.212125e-07 5.120209e-09   0.9095   0.4968      265
features.8                       224    -0.768814 2.290050e-08 3.012256e-09   0.8678   0.1220      137
features.12                      149    -0.768597 2.717470e-08 5.853055e-10   0.8597   0.0512      201
features.17                      201    -0.768056 3.678543e-07 2.780393e-10   0.8737   0.1831      489
features.2                        91    -0.768000 6.032579e-08 1.132098e-07   0.8800   0.2400       49
features.7                       138    -0.767949 4.353728e-07 1.062266e-07   0.9551   0.9167      105
features.15                      497    -0.767801 1.511988e-07 7.497747e-09   0.9319   0.7094      329
features.8                       306    -0.767797 3.872292e-08 2.796447e-07   0.9627   0.9864      137
features.16                      392    -0.767684 2.469328e-07 4.204152e-09   0.9300   0.6934      329
features.7                       167    -0.767308 2.868365e-07 2.475316e-08   0.8910   0.3462      105
features.4                        11    -0.767213 1.301646e-07 7.615300e-08   0.9098   0.5164       65
features.14                      465    -0.767158 4.086587e-07 3.629228e-09   0.8968   0.4000      265
features.16                      885    -0.767048 1.969615e-07 6.581382e-10   0.8766   0.2188      329
features.15                      281    -0.767016 1.210375e-07 1.319744e-09   0.8822   0.2696      329
features.16                      706    -0.766794 2.401625e-07 3.651179e-09   0.9262   0.6679      329
features.17                      160    -0.766540 4.360720e-07 1.546138e-09   0.9381   0.7778      489
features.8                       184    -0.766441 3.057783e-08 2.524027e-08   0.9288   0.6949      137
features.8                       194    -0.766441 3.556400e-08 7.781517e-08   0.9525   0.9085      137
features.3                        85    -0.766387 1.955918e-08 1.763114e-06   0.9580   0.9580       57
features.17                      342    -0.766288 3.835520e-07 4.908652e-10   0.8914   0.3598      489
features.9                       364    -0.766124 3.109171e-08 3.414273e-09   0.8893   0.3420      137
features.6                       140    -0.765563 1.404666e-08 1.677774e-07   0.9470   0.8675       73
features.17                      711    -0.765530 4.239052e-07 1.107405e-09   0.9242   0.6629      489
features.17                       91    -0.765404 3.655734e-07 2.855282e-10   0.8712   0.1869      489
features.7                        26    -0.765385 3.619080e-07 7.084499e-08   0.9359   0.7692      105
features.16                      630    -0.765267 2.359593e-07 3.042537e-09   0.9186   0.6145      329
features.10                      372    -0.765016 3.005464e-08 5.046172e-09   0.9208   0.6370      137
features.17                      444    -0.764899 3.796543e-07 4.835402e-10   0.8889   0.3510      489
features.5                        72    -0.764706 1.113162e-08 1.166072e-09   0.8497   0.0000       73
features.15                      523    -0.764660 1.631132e-07 1.723661e-08   0.9490   0.8940      329
features.15                      148    -0.764660 1.165621e-07 6.173470e-10   0.8665   0.1518      329
features.17                      230    -0.764646 4.523633e-07 2.714719e-09   0.9533   0.9331      489
features.17                      433    -0.764646 4.488533e-07 2.188802e-09   0.9482   0.8876      489
features.16                      953    -0.764631 2.249372e-07 1.923901e-09   0.9046   0.4949      329
features.11                      172    -0.764516 1.057994e-07 1.315048e-07   0.9452   0.8613      169
features.12                      188    -0.764143 2.781570e-08 1.437021e-09   0.8641   0.1359      201
features.2                        73    -0.764000 6.389538e-08 1.958848e-07   0.8933   0.4000       49
features.4                        64    -0.763934 1.326559e-07 1.040919e-07   0.9180   0.6230       65
features.6                         1    -0.763576 1.413190e-08 2.587024e-07   0.9536   0.9470       73
features.8                        35    -0.763390 2.592136e-08 1.085470e-08   0.8983   0.4508      137
features.10                      309    -0.763366 2.731895e-08 3.739534e-09   0.9043   0.5050      137
features.10                      173    -0.763366 2.514008e-08 1.423030e-09   0.8680   0.1782      137
features.9                        69    -0.763192 4.067125e-08 3.460567e-08   0.9479   0.8990      137
features.9                       332    -0.763192 2.724022e-08 9.062562e-10   0.8567   0.0782      137
features.15                       89    -0.763089 1.699216e-07 5.108741e-08   0.9568   0.9804      329
features.12                      333    -0.763029 3.942856e-08 2.883204e-08   0.9465   0.8886      201
features.13                       66    -0.762971 3.026975e-08 3.847390e-09   0.8891   0.3725      201
features.15                      957    -0.762958 1.233169e-07 2.299027e-09   0.8887   0.3691      329
features.16                      429    -0.762214 2.534375e-07 6.897189e-09   0.9389   0.8282      329
features.3                       118    -0.762185 1.406034e-08 3.775053e-07   0.9328   0.7731       57
features.13                      384    -0.762084 2.759727e-08 1.066059e-09   0.8581   0.1020      201
features.16                      293    -0.761959 2.497616e-07 5.127649e-09   0.9313   0.7621      329
features.9                        55    -0.761889 3.197573e-08 4.306899e-09   0.8958   0.4430      137
features.14                      329    -0.761684 4.500734e-07 9.591403e-09   0.9284   0.7389      265
features.12                      295    -0.761470 2.951413e-08 3.927856e-09   0.8842   0.3430      201
features.2                        33    -0.761333 6.470956e-08 6.385167e-07   0.9200   0.6667       49
features.2                        53    -0.761333 5.444412e-08 9.808381e-08   0.8667   0.1867       49
features.15                      483    -0.761257 1.168007e-07 8.839918e-10   0.8691   0.2094      329
features.16                      321    -0.761196 2.525383e-07 5.986468e-09   0.9351   0.8041      329
features.12                      409    -0.761024 3.679512e-08 1.838312e-08   0.9332   0.7884      201
features.11                      168    -0.760968 9.930461e-08 5.309247e-08   0.9194   0.6645      169
features.13                      465    -0.760754 2.851631e-08 2.031650e-09   0.8692   0.2151      201
features.13                       68    -0.760754 2.977094e-08 3.220220e-09   0.8825   0.3348      201
features.15                        4    -0.760733 1.502141e-07 8.796469e-09   0.9293   0.7565      329
features.12                      382    -0.760579 3.311462e-08 1.139847e-08   0.9198   0.6726      201
features.14                      391    -0.760421 4.391951e-07 8.730548e-09   0.9221   0.6947      265
features.15                       86    -0.760340 1.207847e-07 1.877060e-09   0.8809   0.3246      329
features.5                        44    -0.760131 1.522471e-08 5.662317e-08   0.9085   0.5752       73
features.14                      144    -0.759158 4.338183e-07 7.698343e-09   0.9158   0.6505      265
features.16                      301    -0.759033 2.064485e-07 1.419157e-09   0.8893   0.4135      329
features.12                      236    -0.759020 2.664872e-08 1.089570e-09   0.8552   0.1069      201
features.15                      277    -0.758901 1.597972e-07 2.034933e-08   0.9450   0.9162      329
features.16                      527    -0.758524 2.107216e-07 1.728450e-09   0.8944   0.4644      329
features.12                      465    -0.758352 2.664263e-08 9.444332e-10   0.8530   0.0935      201
features.14                      371    -0.758316 3.812143e-07 1.379989e-09   0.8611   0.1663      265
features.15                      852    -0.758246 1.167641e-07 1.009190e-09   0.8678   0.2277      329
features.13                      499    -0.758093 3.645535e-08 1.930631e-08   0.9335   0.8204      201
features.17                      798    -0.757955 3.632019e-07 3.132707e-10   0.8662   0.2159      489
features.16                      748    -0.757888 2.645935e-07 1.539868e-08   0.9478   0.9517      329
features.14                      342    -0.757474 3.946750e-07 2.853601e-09   0.8779   0.3263      265
features.16                      840    -0.757379 2.527049e-07 7.893755e-09   0.9364   0.8537      329
features.15                       45    -0.757199 1.127442e-07 3.805990e-10   0.8521   0.0969      329
features.11                       77    -0.757097 8.689216e-08 1.216523e-08   0.8742   0.2968      169
features.17                      907    -0.757071 4.239829e-07 1.462584e-09   0.9255   0.7588      489
features.9                       267    -0.757003 3.945430e-08 4.973273e-08   0.9446   0.9316      137
features.13                       46    -0.756984 3.296481e-08 9.507995e-09   0.9135   0.6519      201
features.17                      959    -0.756692 3.736404e-07 4.428308e-10   0.8775   0.3308      489
features.9                       187    -0.756352 3.747087e-08 1.974912e-08   0.9316   0.8208      137
features.17                      309    -0.756313 3.952738e-07 7.815205e-10   0.9003   0.5391      489
features.15                      100    -0.756283 1.481685e-07 8.738895e-09   0.9241   0.7539      329
