================================================================================
Channel Pruning Log
  dataset    : CelebA
  impt_type  : 2
  seed       : 42
  iteration  : 14
  alpha      : 0.5000
  norm       : rank
  timestamp  : 2026-08-30 13:12:44
  remove_target  : 45109
  accum_removed  : 45432
  selected_channels : 184
  gamma             : 0.0050
  cap_multiplier    : 2.0
  cap_deferred(1차 상한 스킵) : 2
  cap_relaxed_channels        : 0
  cap_relaxed_removed         : 0
  remove_target_met : yes
  total_params   : 2289600
  active_after   : 915967
  model_sparsity : 60.0%
================================================================================

[ 레이어별 채널 제거 비율 ]
  layer                total_ch  this_iter    cumul  cumul_%
  ----------------------------------------------------------
  features.1                 32          1       12    37.5%
  features.2                 96          3       87    90.6%
  features.3                144          6      121    84.0%
  features.4                144          5       91    63.2%
  features.5                192          5      166    86.5%
  features.6                192          3      171    89.1%
  features.7                192          6      161    83.9%
  features.8                384         11      336    87.5%
  features.9                384          7      339    88.3%
  features.10               384         12      340    88.5%
  features.11               384         14      315    82.0%
  features.12               576         11      473    82.1%
  features.13               576         10      481    83.5%
  features.14               576         17      400    69.4%
  features.15               960         21      810    84.4%
  features.16               960         26      796    82.9%
  features.17               960         26      606    63.1%

[ 레이어별 보호 영역 (γ=0.0050) ]
  layer                  active  protected  protect_%
  --------------------------------------------------
  features.1                 21          1       4.8%
  features.2                 12          1       8.3%
  features.3                 29          1       3.4%
  features.4                 58          1       1.7%
  features.5                 31          1       3.2%
  features.6                 24          1       4.2%
  features.7                 37          1       2.7%
  features.8                 59          1       1.7%
  features.9                 52          1       1.9%
  features.10                56          1       1.8%
  features.11                83          1       1.2%
  features.12               114          1       0.9%
  features.13               105          1       1.0%
  features.14               193          1       0.5%
  features.15               171          1       0.6%
  features.16               190          1       0.5%
  features.17               380          2       0.5%

[ 층별 제거 상한 (cap_multiplier=2.0, 후보 가중치 비례 배분) ]
  layer                cand_w      cap_w  removed_1차  relaxed_2차  skip_cap  skip_floor_1차  skip_floor_2차
  ----------------------------------------------------------------------------------------------------
  features.1              500        101          25           0         0              0              0
  features.2              539        109         147           0         0              0              0
  features.3             1596        322         342           0         1              0              0
  features.4             3705        747         325           0         0              0              0
  features.5             2190        441         365           0         0              0              0
  features.6             1679        338         219           0         0              0              0
  features.7             3780        762         630           0         0              0              0
  features.8             7946       1601        1507           0         0              0              0
  features.9             6987       1408         959           0         0              0              0
  features.10            7535       1518        1644           0         1              0              0
  features.11           13858       2792        2366           0         0              0              0
  features.12           22713       4576        2211           0         0              0              0
  features.13           20904       4212        2010           0         0              0              0
  features.14           50880      10252        4505           0         0              0              0
  features.15           55930      11269        6909           0         0              0              0
  features.16           62181      12529        8554           0         0              0              0
  features.17          184842      37243       12714           0         0              0              0

[ 블록별 제거 채널 수 ]
  features.1: 1채널 제거
  features.10: 12채널 제거
  features.11: 14채널 제거
  features.12: 11채널 제거
  features.13: 10채널 제거
  features.14: 17채널 제거
  features.15: 21채널 제거
  features.16: 26채널 제거
  features.17: 26채널 제거
  features.2: 3채널 제거
  features.3: 6채널 제거
  features.4: 5채널 제거
  features.5: 5채널 제거
  features.6: 3채널 제거
  features.7: 6채널 제거
  features.8: 11채널 제거
  features.9: 7채널 제거

[ 선택된 채널 상세 ]
  (phi/perf: raw, phi_n/perf_n: 정규화 후 값 — score = α·perf_n − (1−α)·phi_n)
block                             ch        score          phi         perf    phi_n   perf_n  weights
----------------------------------------------------------------------------------------------------
features.2                        57    -0.409091 2.486620e-02 1.765880e-05   1.0000   0.1818       49
features.10                      207    -0.290909 1.230914e-03 9.387662e-08   0.9636   0.3818      137
features.3                        12    -0.267857 4.630965e-04 1.062213e-06   0.6786   0.1429       57
features.7                       141    -0.263889 4.339304e-03 2.699889e-07   0.6667   0.1389      105
features.6                       120    -0.260870 5.503766e-04 9.873481e-07   0.9130   0.3913       73
features.11                      243    -0.256098 1.955599e-03 2.622627e-07   0.7805   0.2683      169
features.14                      248    -0.255208 3.250672e-03 1.636107e-08   0.7448   0.2344      265
features.10                      217    -0.254545 5.262446e-04 6.745333e-08   0.7455   0.2364      137
features.15                      813    -0.247059 5.236376e-04 6.377298e-09   0.5529   0.0588      329
features.10                      370    -0.245455 3.239583e-04 1.039164e-08   0.6182   0.1273      137
features.9                       334    -0.245098 3.405296e-04 6.535696e-08   0.7255   0.2353      137
features.8                       117    -0.241379 3.415858e-04 6.872042e-08   0.5862   0.1034      137
features.8                       143    -0.241379 3.746365e-04 8.485845e-08   0.6207   0.1379      137
features.16                      595    -0.240741 1.266734e-03 2.186004e-08   0.6720   0.1905      329
features.10                      319    -0.236364 1.657405e-03 1.493618e-07   1.0000   0.5273      137
features.17                      473    -0.233509 1.796524e-03 1.718300e-09   0.6675   0.2005      489
features.3                        79    -0.232143 5.633479e-03 6.775042e-06   1.0000   0.5357       57
features.11                       18    -0.231707 1.780226e-03 3.097136e-07   0.7683   0.3049      169
features.2                        20    -0.227273 1.849217e-02 2.354706e-05   0.9091   0.4545       49
features.14                      557    -0.226562 1.136410e-02 3.211567e-08   0.9740   0.5208      265
features.15                      169    -0.223529 3.626270e-03 7.540920e-08   0.9471   0.5000      329
features.7                       162    -0.222222 1.759209e-03 1.165089e-07   0.4444   0.0000      105
features.12                       85    -0.221239 9.914712e-04 9.670995e-08   0.8496   0.4071      201
features.15                      795    -0.220588 7.449340e-04 3.833295e-08   0.6706   0.2294      329
features.17                      498    -0.220317 1.940046e-03 2.104681e-09   0.6939   0.2533      489
features.4                        39    -0.219298 3.049219e-03 1.500569e-07   0.5789   0.1404       65
features.10                      244    -0.218182 3.438592e-04 4.026508e-08   0.6364   0.2000      137
features.5                        60    -0.216667 5.536453e-04 1.258869e-06   0.7667   0.3333       73
features.5                         2    -0.216667 2.691190e-04 2.934507e-07   0.5333   0.1000       73
features.17                      292    -0.216359 3.883563e-03 3.326635e-09   0.8522   0.4195      489
features.14                      484    -0.216146 3.894060e-03 2.405247e-08   0.8073   0.3750      265
features.8                       269    -0.215517 9.262222e-04 2.880341e-07   0.8793   0.4483      137
features.8                       267    -0.215517 5.081838e-04 2.115099e-07   0.7241   0.2931      137
features.16                      805    -0.214286 4.535441e-03 4.873718e-08   0.8836   0.4550      329
features.12                      385    -0.212389 4.623983e-04 5.975777e-08   0.6991   0.2743      201
features.10                        9    -0.209091 7.887109e-04 1.285911e-07   0.8909   0.4727      137
features.10                      283    -0.209091 6.569532e-04 1.066902e-07   0.8364   0.4182      137
features.15                       23    -0.208824 7.983911e-04 4.309963e-08   0.6882   0.2706      329
features.17                      105    -0.208443 1.474086e-03 1.624567e-09   0.6042   0.1873      489
features.14                       95    -0.208333 2.803017e-03 1.824139e-08   0.6771   0.2604      265
features.7                        99    -0.208333 1.483505e-02 1.022516e-06   0.9722   0.5556      105
features.8                        12    -0.206897 3.052459e-04 4.996483e-08   0.5000   0.0862      137
features.8                       282    -0.206897 4.000739e-04 1.709805e-07   0.6552   0.2414      137
features.17                      479    -0.203166 2.462305e-03 3.076552e-09   0.7784   0.3720      489
features.14                      125    -0.203125 2.466905e-03 1.552091e-08   0.6198   0.2135      265
features.8                        84    -0.198276 4.846219e-04 2.129811e-07   0.7069   0.3103      137
features.3                       116    -0.196429 2.313641e-04 7.255657e-07   0.4643   0.0714       57
features.3                       140    -0.196429 4.437423e-03 6.793578e-06   0.9643   0.5714       57
features.16                      119    -0.195767 5.604693e-04 1.653358e-09   0.4603   0.0688      329
features.17                      817    -0.195251 1.233284e-03 1.384002e-09   0.5383   0.1478      489
features.11                      289    -0.195122 1.561778e-03 2.922302e-07   0.6707   0.2805      169
features.15                      715    -0.194118 4.303923e-04 1.449426e-08   0.4765   0.0882      329
features.4                        90    -0.192982 2.793465e-03 1.628585e-07   0.5439   0.1579       65
features.15                      418    -0.191176 5.371699e-04 3.174685e-08   0.5588   0.1765      329
features.11                      155    -0.189024 1.379494e-03 1.888317e-07   0.5610   0.1829      169
features.15                      153    -0.188235 9.567948e-04 5.906894e-08   0.7529   0.3765      329
features.14                      254    -0.187500 3.334412e-03 2.427340e-08   0.7552   0.3802      265
features.14                      464    -0.187500 4.267627e-03 2.972498e-08   0.8438   0.4688      265
features.9                        35    -0.186275 2.190790e-04 6.402860e-08   0.5882   0.2157      137
features.9                       246    -0.186275 2.831658e-04 1.137508e-07   0.6863   0.3137      137
features.15                      637    -0.185294 3.991660e-04 1.093771e-08   0.4529   0.0824      329
features.14                      143    -0.184896 4.680615e-03 3.013902e-08   0.8542   0.4844      265
features.5                       150    -0.183333 3.709641e-04 9.564883e-07   0.6000   0.2333       73
features.11                      350    -0.182927 1.726637e-03 4.277726e-07   0.7561   0.3902      169
features.13                      170    -0.182692 3.954969e-04 8.900270e-08   0.7019   0.3365      201
features.10                      330    -0.181818 5.248798e-04 9.039824e-08   0.7273   0.3636      137
features.8                         6    -0.181034 4.715119e-04 2.253730e-07   0.6897   0.3276      137
features.8                        47    -0.181034 5.796496e-04 2.412484e-07   0.7414   0.3793      137
features.17                       40    -0.180739 1.067678e-03 9.891006e-10   0.4697   0.1082      489
features.17                      805    -0.179420 3.111822e-03 3.630034e-09   0.8206   0.4617      489
features.15                      261    -0.179412 4.286193e-04 1.698795e-08   0.4706   0.1118      329
features.3                       143    -0.178571 3.808800e-04 2.067062e-06   0.6071   0.2500       57
features.14                      156    -0.177083 4.051705e-03 2.957392e-08   0.8177   0.4635      265
features.11                      213    -0.176829 3.318829e-03 7.608492e-07   0.8780   0.5244      169
features.11                      216    -0.176829 5.763729e-03 1.089818e-06   0.9634   0.6098      169
features.11                       57    -0.176829 1.302509e-03 1.777473e-07   0.5122   0.1585      169
features.11                      223    -0.176829 1.429584e-03 2.542765e-07   0.6098   0.2561      169
features.9                       164    -0.176471 4.747822e-04 1.557560e-07   0.7843   0.4314      137
features.9                       165    -0.176471 1.896054e-04 1.556775e-08   0.4510   0.0980      137
features.9                       264    -0.176471 2.474662e-04 6.715957e-08   0.6275   0.2745      137
features.17                       28    -0.175462 1.959028e-03 2.904012e-09   0.6966   0.3456      489
features.4                         0    -0.175439 1.112049e-02 5.105661e-07   0.9123   0.5614       65
features.4                        24    -0.175439 3.193700e-02 6.403639e-07   1.0000   0.6491       65
features.16                      150    -0.174603 5.500580e-04 7.657039e-09   0.4444   0.0952      329
features.14                       11    -0.174479 1.742688e-03 7.718470e-09   0.4844   0.1354      265
features.17                      620    -0.174143 3.152354e-03 3.720777e-09   0.8232   0.4749      489
features.6                        12    -0.173913 2.160953e-03 1.633111e-06   1.0000   0.6522       73
features.6                        89    -0.173913 2.490520e-04 4.228534e-07   0.5217   0.1739       73
features.15                      512    -0.173529 5.606824e-04 3.887230e-08   0.5824   0.2353      329
features.13                      136    -0.173077 3.552781e-04 8.291083e-08   0.6538   0.3077      201
features.10                      125    -0.172727 1.137373e-03 1.968245e-07   0.9455   0.6000      137
features.10                      116    -0.172727 2.371280e-04 1.029866e-08   0.4545   0.1091      137
features.12                       63    -0.172566 2.998775e-04 4.823509e-08   0.5752   0.2301      201
features.14                      417    -0.171875 1.606420e-03 5.166854e-09   0.4427   0.0990      265
features.11                      362    -0.170732 1.640247e-03 3.778199e-07   0.6829   0.3415      169
features.17                      778    -0.170185 2.290968e-03 3.283641e-09   0.7467   0.4063      489
features.13                      495    -0.168269 6.464404e-04 1.428686e-07   0.7885   0.4519      201
features.12                       93    -0.168142 2.514119e-03 1.748502e-07   0.9469   0.6106      201
features.15                      551    -0.167647 4.141622e-04 2.128638e-08   0.4647   0.1294      329
features.17                      343    -0.167546 9.553885e-04 8.039236e-10   0.4169   0.0818      489
features.5                       135    -0.166667 1.787393e-04 1.351406e-09   0.3333   0.0000       73
features.16                      422    -0.166667 1.222680e-03 3.644175e-08   0.6667   0.3333      329
features.17                      458    -0.164908 3.982266e-03 4.155924e-09   0.8602   0.5303      489
features.15                      312    -0.164706 8.345478e-04 5.849766e-08   0.7000   0.3706      329
features.16                      544    -0.164021 6.531581e-03 6.633022e-08   0.9312   0.6032      329
features.16                      620    -0.164021 6.673149e-04 2.061186e-08   0.5132   0.1852      329
features.12                      400    -0.163717 8.406916e-04 1.287894e-07   0.8230   0.4956      201
features.13                       75    -0.163462 3.145041e-04 8.198187e-08   0.6250   0.2981      201
features.17                      621    -0.162269 1.378666e-03 2.033535e-09   0.5726   0.2480      489
features.16                      662    -0.161376 2.194973e-03 4.958953e-08   0.7831   0.4603      329
features.16                      420    -0.161376 4.523368e-04 2.421091e-10   0.3598   0.0370      329
features.16                      479    -0.161376 5.869888e-04 1.529450e-08   0.4709   0.1481      329
features.16                      197    -0.161376 1.484818e-03 4.043199e-08   0.6984   0.3757      329
features.3                        81    -0.160714 1.104476e-03 5.562514e-06   0.7857   0.4643       57
features.17                      843    -0.159631 1.805872e-03 2.926474e-09   0.6702   0.3509      489
features.16                      525    -0.158730 2.301748e-03 5.127655e-08   0.7937   0.4762      329
features.13                       63    -0.158654 2.024521e-04 3.501179e-08   0.4615   0.1442      201
features.13                      485    -0.158654 2.358303e-04 6.313094e-08   0.5481   0.2308      201
features.9                       119    -0.156863 4.875493e-04 2.653549e-07   0.8235   0.5098      137
features.16                      181    -0.156085 8.277887e-04 3.222080e-08   0.5926   0.2804      329
features.16                      592    -0.156085 6.865768e-04 2.444973e-08   0.5344   0.2222      329
features.15                      787    -0.155882 4.448864e-04 2.631426e-08   0.4824   0.1706      329
features.17                      456    -0.155673 1.538721e-03 2.572848e-09   0.6069   0.2955      489
features.8                        96    -0.155172 2.946975e-04 8.597457e-08   0.4655   0.1552      137
features.8                       248    -0.155172 4.201699e-04 2.272521e-07   0.6724   0.3621      137
features.12                       78    -0.154867 2.953228e-04 5.575825e-08   0.5664   0.2566      201
features.12                      148    -0.154867 2.058119e-04 2.485364e-08   0.4602   0.1504      201
features.12                      180    -0.154867 3.378201e-04 7.006951e-08   0.6018   0.2920      201
features.17                      884    -0.154354 2.309466e-03 3.420920e-09   0.7493   0.4406      489
features.14                       92    -0.153646 3.234040e-03 2.768849e-08   0.7396   0.4323      265
features.7                       107    -0.152778 5.414774e-03 6.799369e-07   0.7222   0.4167      105
features.17                      315    -0.151715 1.146387e-03 1.666271e-09   0.4987   0.1953      489
features.14                      519    -0.151042 4.497077e-03 3.370184e-08   0.8490   0.5469      265
features.16                      509    -0.150794 1.611147e-03 4.476536e-08   0.7143   0.4127      329
features.16                      705    -0.150794 1.042189e-03 3.666657e-08   0.6455   0.3439      329
features.16                      748    -0.150794 8.016235e-03 7.379931e-08   0.9630   0.6614      329
features.16                      795    -0.150794 4.588106e-03 6.571423e-08   0.8889   0.5873      329
features.12                       21    -0.150442 1.021258e-03 1.506036e-07   0.8584   0.5575      201
features.17                       63    -0.150396 1.228242e-02 5.319312e-09   0.9868   0.6860      489
features.1                        10    -0.150000 1.684112e-03 1.542993e-06   0.7000   0.4000       25
features.13                      262    -0.149038 5.960295e-04 1.449405e-07   0.7596   0.4615      201
features.13                      568    -0.149038 1.568152e-04 7.737756e-09   0.3846   0.0865      201
features.14                       37    -0.148438 2.432636e-03 2.086477e-08   0.6042   0.3073      265
features.14                      466    -0.148438 2.400735e-03 1.947306e-08   0.5885   0.2917      265
features.14                      534    -0.148438 5.460550e-03 3.518917e-08   0.8854   0.5885      265
features.16                      158    -0.148148 6.191983e-03 6.925068e-08   0.9259   0.6296      329
features.16                      315    -0.148148 5.136618e-04 1.248544e-08   0.4180   0.1217      329
features.16                      745    -0.148148 1.641431e-03 4.500039e-08   0.7249   0.4286      329
features.17                      262    -0.147757 2.389336e-03 3.663152e-09   0.7625   0.4670      489
features.15                      140    -0.147059 2.704862e-04 1.263446e-09   0.3176   0.0235      329
features.11                      375    -0.146341 9.561023e-04 1.397949e-07   0.4146   0.1220      169
features.11                       44    -0.146341 1.428679e-02 1.480180e-06   1.0000   0.7073      169
features.12                      438    -0.146018 5.715511e-03 2.447398e-07   0.9823   0.6903      201
features.16                      219    -0.145503 2.217734e-02 7.770573e-08   0.9894   0.6984      329
features.16                      742    -0.145503 5.480115e-03 6.751866e-08   0.9101   0.6190      329
features.16                      926    -0.145503 4.756818e-04 7.293701e-09   0.3810   0.0899      329
features.17                      327    -0.145119 1.311289e-03 2.270293e-09   0.5594   0.2691      489
features.17                      442    -0.145119 1.893247e-03 3.210986e-09   0.6860   0.3958      489
features.15                      187    -0.144118 1.628789e-03 8.045613e-08   0.8588   0.5706      329
features.15                      947    -0.144118 6.427143e-04 5.291115e-08   0.6294   0.3412      329
features.12                      366    -0.141593 2.787945e-04 5.807929e-08   0.5487   0.2655      201
features.15                      143    -0.141176 7.625978e-03 1.108380e-07   1.0000   0.7176      329
features.17                      259    -0.141161 1.829997e-03 3.191162e-09   0.6728   0.3905      489
features.17                      236    -0.141161 8.960288e-04 1.157972e-09   0.4037   0.1214      489
features.4                       138    -0.140351 3.077885e-02 8.168763e-07   0.9825   0.7018       65
features.11                      191    -0.140244 5.660179e-03 1.275692e-06   0.9512   0.6707      169
features.7                        31    -0.138889 1.166365e-02 1.023018e-06   0.8611   0.5833      105
features.7                       190    -0.138889 8.979390e-03 7.232312e-07   0.7778   0.5000      105
features.16                      900    -0.137566 9.260692e-04 3.645834e-08   0.6138   0.3386      329
features.10                      256    -0.136364 5.908110e-04 1.566892e-07   0.8182   0.5455      137
features.2                        12    -0.136364 3.324489e-04 8.300779e-06   0.3636   0.0909       49
features.10                      127    -0.136364 4.024494e-04 9.619325e-08   0.6727   0.4000      137
features.14                      281    -0.135417 8.498184e-03 4.222249e-08   0.9583   0.6875      265
features.15                      439    -0.135294 3.573741e-04 1.814661e-08   0.3941   0.1235      329
features.15                      552    -0.135294 1.554001e-03 8.051303e-08   0.8471   0.5765      329
features.15                      749    -0.135294 9.234647e-04 7.125934e-08   0.7353   0.4647      329
features.15                      930    -0.135294 1.053374e-03 7.553427e-08   0.7765   0.5059      329
features.16                      446    -0.134921 6.189707e-04 2.468063e-08   0.4974   0.2275      329
features.13                      490    -0.134615 3.348713e-04 1.041660e-07   0.6442   0.3750      201
features.13                      570    -0.134615 2.003226e-04 5.113333e-08   0.4519   0.1827      201
features.17                      124    -0.134565 4.193299e-03 4.781671e-09   0.8839   0.6148      489
features.11                        9    -0.134146 1.668282e-03 5.753543e-07   0.6951   0.4268      169
features.5                        97    -0.133333 1.931789e-03 2.456792e-06   0.9000   0.6333       73
features.17                      331    -0.133245 2.517009e-03 4.021595e-09   0.7810   0.5145      489
