================================================================================
Channel Pruning Log
  iteration  : 11
  alpha      : 0.3000
  timestamp  : 2026-06-02 23:39:21
  remove_target  : 61955
  accum_removed  : 62312
  selected_channels : 216
  gamma             : 0.0050
  remove_target_met : yes
  total_params   : 2289600
  active_after   : 1067544
  model_sparsity : 53.4%
================================================================================

[ 레이어별 채널 제거 비율 ]
  layer                total_ch  this_iter    cumul  cumul_%
  ----------------------------------------------------------
  features.1                 32          0       24    75.0%
  features.2                 96          8       89    92.7%
  features.3                144         11      107    74.3%
  features.4                144          0      124    86.1%
  features.5                192          3      147    76.6%
  features.6                192          4      146    76.0%
  features.7                192          0      186    96.9%
  features.8                384         28      162    42.2%
  features.9                384          0      372    96.9%
  features.10               384          5      365    95.1%
  features.11               384          2      372    96.9%
  features.12               576         28      511    88.7%
  features.13               576          3      388    67.4%
  features.14               576          1      555    96.4%
  features.15               960         57      415    43.2%
  features.16               960         10      387    40.3%
  features.17               960         56      786    81.9%

[ 레이어별 보호 영역 (γ=0.01) ]
  layer                  active  protected  protect_%
  --------------------------------------------------
  features.1                  8          1      12.5%
  features.2                 15          1       6.7%
  features.3                 48          1       2.1%
  features.4                 20          1       5.0%
  features.5                 48          1       2.1%
  features.6                 50          1       2.0%
  features.7                  6          1      16.7%
  features.8                250          2       0.8%
  features.9                 12          1       8.3%
  features.10                24          1       4.2%
  features.11                14          1       7.1%
  features.12                93          1       1.1%
  features.13               191          1       0.5%
  features.14                22          1       4.5%
  features.15               602          4       0.7%
  features.16               583          3       0.5%
  features.17               230          2       0.9%

[ 블록별 제거 채널 수 ]
  features.10: 5채널 제거
  features.11: 2채널 제거
  features.12: 28채널 제거
  features.13: 3채널 제거
  features.14: 1채널 제거
  features.15: 57채널 제거
  features.16: 10채널 제거
  features.17: 56채널 제거
  features.2: 8채널 제거
  features.3: 11채널 제거
  features.5: 3채널 제거
  features.6: 4채널 제거
  features.8: 28채널 제거

[ 선택된 채널 상세 ]
block                             ch        score          phi         perf  weights
--------------------------------------------------------------------------------
features.14                        2    -0.699370 2.257750e-05 7.480088e-08      265
features.2                        43    -0.698730 2.112335e-07 7.638398e-04       49
features.12                      534    -0.691874 1.202406e-07 2.735175e-07      201
features.11                       41    -0.684650 1.489678e-06 1.741786e-05      169
features.17                      877    -0.678505 3.861717e-06 1.496308e-07      489
features.12                      305    -0.659968 1.141196e-07 1.479591e-07      201
features.8                       296    -0.634471 2.313093e-07 7.138042e-07      137
features.3                        39    -0.596386 5.396827e-08 4.051532e-07       57
features.15                      402    -0.560215 1.036926e-06 1.917977e-06      329
features.8                       245    -0.531065 1.769658e-07 4.875602e-08      137
features.6                       115    -0.497355 6.686640e-08 7.363894e-07       73
features.15                      864    -0.496399 8.923793e-07 3.057193e-08      329
features.12                       10    -0.493421 8.579688e-08 2.039681e-07      201
features.12                      302    -0.490383 8.559041e-08 2.658190e-07      201
features.3                        65    -0.487949 4.439014e-08 1.449251e-06       57
features.3                        85    -0.487298 4.946779e-08 2.592310e-05       57
features.17                      768    -0.436525 2.438506e-06 3.825079e-08      489
features.6                       131    -0.419805 5.644691e-08 7.025359e-07       73
features.10                      248    -0.416882 1.306784e-07 1.871619e-07      137
features.15                      180    -0.416298 7.480925e-07 7.310003e-09      329
features.2                        78    -0.414319 1.253882e-07 7.228173e-04       49
features.15                      690    -0.410229 7.376061e-07 3.373520e-08      329
features.16                       49    -0.409363 1.692737e-06 1.253236e-09      329
features.15                      890    -0.405624 7.288980e-07 6.329629e-09      329
features.3                       113    -0.403394 3.753694e-08 5.195938e-06       57
features.15                      591    -0.396241 7.143498e-07 1.522656e-07      329
features.12                      328    -0.393708 6.826254e-08 1.243012e-07      201
features.17                       72    -0.387721 2.184100e-06 5.696624e-08      489
features.15                      283    -0.385565 6.930040e-07 1.559935e-08      329
features.17                      320    -0.382883 2.136681e-06 3.080859e-08      489
features.8                       229    -0.381872 1.322003e-07 1.982332e-07      137
features.15                      347    -0.377066 6.794120e-07 1.216025e-07      329
features.15                      442    -0.377006 6.778146e-07 2.751016e-08      329
features.17                      747    -0.375856 2.101945e-06 3.589545e-08      489
features.15                       46    -0.368647 6.624880e-07 8.144058e-09      329
features.15                       21    -0.365174 6.634490e-07 4.628897e-07      329
features.17                      113    -0.357739 2.007643e-06 4.301351e-08      489
features.12                        7    -0.357488 6.190789e-08 9.823000e-08      201
features.12                      169    -0.349326 6.079863e-08 1.556177e-07      201
features.6                       155    -0.346001 4.648908e-08 1.657541e-07       73
features.12                      194    -0.344182 6.789035e-08 1.719571e-06      201
features.2                        12    -0.342356 1.033882e-07 1.552326e-04       49
features.8                        51    -0.341512 1.291016e-07 5.357413e-07      137
features.15                      320    -0.334902 6.018585e-07 8.143129e-09      329
features.3                       105    -0.334649 3.066939e-08 2.067737e-06       57
features.15                      118    -0.325541 5.860557e-07 7.238463e-08      329
features.15                      363    -0.324466 5.888174e-07 3.687815e-07      329
features.6                        39    -0.323927 4.369388e-08 2.223139e-06       73
features.12                       37    -0.318689 5.637533e-08 3.202216e-07      201
features.17                      719    -0.316602 1.759335e-06 1.605233e-08      489
features.2                        29    -0.314254 9.495112e-08 2.410874e-04       49
features.12                      220    -0.314123 5.454412e-08 1.149199e-07      201
features.12                      461    -0.313944 6.338433e-08 1.854494e-06      201
features.12                      118    -0.313206 5.524452e-08 2.831530e-07      201
features.12                       98    -0.312536 5.480393e-08 2.193383e-07      201
features.8                       268    -0.308169 1.052378e-07 1.122677e-07      137
features.8                       177    -0.304462 1.063452e-07 1.891536e-07      137
features.12                       97    -0.294333 5.598606e-08 1.064306e-06      201
features.17                      551    -0.294049 1.643377e-06 2.673588e-08      489
features.17                      537    -0.286232 1.597395e-06 2.312349e-08      489
features.16                      653    -0.285590 1.181071e-06 3.159096e-09      329
features.17                      829    -0.284937 1.604729e-06 4.139993e-08      489
features.8                        41    -0.284412 1.042334e-07 3.379455e-07      137
features.15                      431    -0.282936 5.089975e-07 4.025218e-08      329
features.17                        3    -0.282249 1.605316e-06 6.084785e-08      489
features.8                       351    -0.281936 9.485255e-08 5.566479e-08      137
features.8                       335    -0.279645 1.002861e-07 2.597539e-07      137
features.8                       354    -0.278980 1.117245e-07 6.440690e-07      137
features.8                       250    -0.277038 9.692943e-08 1.774938e-07      137
features.8                        54    -0.272464 9.823874e-08 2.704812e-07      137
features.17                      843    -0.271646 1.519648e-06 2.655902e-08      489
features.12                      296    -0.270069 5.386356e-08 1.465396e-06      201
features.17                      389    -0.270058 1.492143e-06 2.907344e-09      489
features.10                      376    -0.269093 1.013281e-07 2.838985e-06      137
features.2                        38    -0.268943 8.117663e-08 3.888364e-05       49
features.15                      772    -0.268753 4.829658e-07 5.545823e-09      329
features.8                       228    -0.266999 8.896058e-08 2.414535e-08      137
features.2                        66    -0.264659 8.021708e-08 7.041931e-04       49
features.15                       80    -0.264385 4.795641e-07 2.863495e-07      329
features.17                       81    -0.264240 1.467652e-06 1.250468e-08      489
features.8                       224    -0.263873 8.998645e-08 9.202045e-08      137
features.10                      363    -0.261512 8.298326e-08 2.788242e-07      137
features.15                      336    -0.260753 4.686422e-07 8.774725e-09      329
features.15                      743    -0.260565 4.708120e-07 1.671820e-07      329
features.10                      161    -0.260112 8.701868e-08 9.945530e-07      137
features.3                        54    -0.260104 2.446056e-08 4.575408e-06       57
features.17                      647    -0.258436 1.430069e-06 5.484386e-09      489
features.17                       68    -0.257047 1.452657e-06 4.365155e-08      489
features.16                      281    -0.257037 1.091326e-06 4.647143e-07      329
features.15                      395    -0.256851 4.619118e-07 2.649692e-08      329
features.15                      707    -0.256547 4.640412e-07 1.954173e-07      329
features.17                      875    -0.256100 1.420120e-06 9.188648e-09      489
features.3                        83    -0.254797 2.318505e-08 7.824056e-07       57
features.8                        11    -0.254761 9.666632e-08 4.114852e-07      137
features.17                      557    -0.254333 1.410808e-06 9.739573e-09      489
features.8                       348    -0.253740 8.494403e-08 3.617953e-08      137
features.17                      854    -0.252396 1.426898e-06 4.352654e-08      489
features.12                      555    -0.252167 4.432628e-08 1.981760e-07      201
features.8                       135    -0.251327 8.487842e-08 6.029290e-08      137
features.15                      947    -0.251003 4.619648e-07 6.934233e-07      329
features.17                      534    -0.250619 1.397253e-06 1.849394e-08      489
features.12                       62    -0.250247 4.312813e-08 2.789905e-08      201
features.15                      624    -0.249802 4.559177e-07 4.478252e-07      329
features.2                        72    -0.249631 7.583451e-08 1.008523e-03       49
features.17                      126    -0.248485 1.380173e-06 1.179193e-08      489
features.13                      147    -0.247301 1.613739e-07 1.407803e-07      201
features.15                      136    -0.246932 4.459122e-07 1.416018e-07      329
features.15                      628    -0.246337 4.471474e-07 2.870314e-07      329
features.17                      185    -0.245732 1.364006e-06 1.055580e-08      489
features.15                      784    -0.245654 4.437851e-07 1.522323e-07      329
features.17                      400    -0.245245 1.385024e-06 4.047063e-08      489
features.8                       275    -0.244349 8.413645e-08 1.118507e-07      137
features.8                       147    -0.243570 8.072569e-08 7.899905e-09      137
features.17                      699    -0.242407 1.370378e-06 4.174235e-08      489
features.15                      162    -0.241467 4.440785e-07 6.458686e-07      329
features.15                      551    -0.238870 4.322065e-07 1.908242e-07      329
features.15                      657    -0.238815 4.325129e-07 2.163991e-07      329
features.3                        53    -0.238126 2.183445e-08 1.524232e-06       57
features.16                      105    -0.237847 9.878494e-07 7.146952e-08      329
features.17                      746    -0.237690 1.332171e-06 2.636881e-08      489
features.12                      361    -0.237098 4.099435e-08 5.237455e-08      201
features.15                       77    -0.236015 4.241284e-07 4.634988e-09      329
features.15                      291    -0.235745 4.376552e-07 8.895044e-07      329
features.15                      708    -0.235155 4.237430e-07 7.782732e-08      329
features.17                      462    -0.234985 1.320801e-06 3.085230e-08      489
features.17                      527    -0.234427 1.300872e-06 9.591547e-09      489
features.17                      636    -0.234395 1.432414e-06 1.758003e-07      489
features.17                      182    -0.233931 1.345095e-06 6.884302e-08      489
features.15                      689    -0.233823 4.202788e-07 1.022105e-08      329
features.17                      118    -0.233260 1.291142e-06 5.438604e-09      489
features.15                      950    -0.232559 4.344520e-07 1.048660e-06      329
features.15                      132    -0.230750 4.168788e-07 1.442179e-07      329
features.13                       49    -0.230603 1.504800e-07 1.330982e-07      201
features.17                      142    -0.230506 1.277369e-06 7.229553e-09      489
features.8                       294    -0.230223 8.778566e-08 3.860333e-07      137
features.8                       211    -0.230213 7.765986e-08 5.233517e-08      137
features.15                      587    -0.230204 4.157931e-07 1.375816e-07      329
features.8                       244    -0.229880 7.958673e-08 1.194794e-07      137
features.2                        90    -0.229808 6.943574e-08 1.755903e-04       49
features.16                      170    -0.229740 9.519277e-07 3.232854e-08      329
features.8                       293    -0.229706 7.680466e-08 2.966220e-08      137
features.15                      647    -0.227965 4.127453e-07 1.991175e-07      329
features.12                      288    -0.227080 4.027170e-08 2.481322e-07      201
features.12                      551    -0.226883 3.946686e-08 9.692318e-08      201
features.17                      145    -0.225929 1.254069e-06 9.687492e-09      489
features.16                       51    -0.225803 9.367738e-07 5.067126e-08      329
features.17                      590    -0.224861 1.254407e-06 1.754573e-08      489
features.15                      842    -0.224700 4.111153e-07 4.667095e-07      329
features.15                      889    -0.223826 4.162558e-07 8.905357e-07      329
features.5                       168    -0.223504 5.432925e-08 3.648221e-07       73
features.15                      380    -0.222645 4.010930e-07 6.693342e-08      329
features.17                      318    -0.221928 1.228017e-06 4.665748e-09      489
features.3                        19    -0.221125 2.008088e-08 4.873745e-07       57
features.15                      639    -0.221125 4.019385e-07 2.928205e-07      329
features.15                      245    -0.220677 4.258654e-07 1.854678e-06      329
features.15                       55    -0.220510 3.962656e-07 4.262436e-09      329
features.17                      944    -0.220483 1.237827e-06 2.710460e-08      489
features.12                      179    -0.219631 3.801258e-08 5.602504e-08      201
features.17                      369    -0.218741 1.225573e-06 2.376646e-08      489
features.17                      641    -0.218319 1.216215e-06 1.490031e-08      489
features.15                      198    -0.217900 3.924572e-07 5.998235e-08      329
features.17                      942    -0.217688 1.226460e-06 3.221886e-08      489
features.15                      440    -0.217579 3.934524e-07 1.592229e-07      329
features.8                       108    -0.217537 7.277737e-08 2.945767e-08      137
features.10                      184    -0.217229 7.650375e-08 1.444029e-06      137
features.17                      844    -0.216002 1.205505e-06 1.751565e-08      489
features.15                      430    -0.215573 3.874064e-07 4.982010e-09      329
features.17                      815    -0.215505 1.195798e-06 8.720153e-09      489
features.12                      104    -0.213524 3.744466e-08 1.503664e-07      201
features.12                      173    -0.213442 7.512942e-08 7.542983e-06      201
features.17                       38    -0.212843 1.217652e-06 5.482926e-08      489
features.8                       100    -0.212044 7.042546e-08 1.176605e-08      137
features.12                      414    -0.211920 3.819412e-08 3.513634e-07      201
features.8                        45    -0.211413 7.160825e-08 5.762809e-08      137
features.17                      295    -0.211407 1.194386e-06 3.546797e-08      489
features.3                        68    -0.211080 1.918226e-08 5.300747e-07       57
features.12                      191    -0.210045 3.635579e-08 5.403394e-08      201
features.15                      309    -0.209441 3.766385e-07 2.081079e-08      329
features.15                      314    -0.207608 3.732325e-07 1.362468e-08      329
features.15                        4    -0.207105 3.740142e-07 1.201210e-07      329
features.5                        83    -0.206510 5.409306e-08 3.214868e-06       73
features.17                      591    -0.206314 1.145801e-06 9.616100e-09      489
features.5                       128    -0.206272 5.105726e-08 1.014103e-06       73
features.17                      925    -0.205829 1.139026e-06 4.444387e-09      489
features.12                      537    -0.205443 3.972936e-08 8.706084e-07      201
features.15                      933    -0.205244 3.884936e-07 1.245729e-06      329
features.16                      956    -0.204314 8.489529e-07 6.752889e-08      329
features.17                      357    -0.203846 1.161529e-06 4.664252e-08      489
features.17                      801    -0.203788 1.130688e-06 8.131026e-09      489
features.12                      210    -0.202605 3.633035e-08 2.996621e-07      201
features.15                      128    -0.201736 3.625403e-07 4.713514e-09      329
features.15                      845    -0.200902 3.725162e-07 7.293964e-07      329
features.17                      835    -0.199821 1.114362e-06 1.514753e-08      489
features.17                      278    -0.199512 1.120634e-06 2.521010e-08      489
features.17                      608    -0.199006 1.107011e-06 1.153966e-08      489
features.15                       58    -0.198845 3.577267e-07 2.872638e-08      329
features.3                       138    -0.198286 1.948475e-08 7.479110e-06       57
features.17                      284    -0.198235 1.097808e-06 5.292932e-09      489
features.16                      147    -0.197384 8.249509e-07 1.433363e-07      329
features.13                      362    -0.197198 1.286763e-07 1.084843e-07      201
features.16                      771    -0.197029 8.240511e-07 1.526352e-07      329
features.15                      769    -0.196960 3.545760e-07 4.373756e-08      329
features.8                       309    -0.196805 6.568087e-08 2.136361e-08      137
features.17                      495    -0.196189 1.132041e-06 6.273564e-08      489
features.11                      281    -0.196118 4.212947e-07 2.096951e-06      169
features.17                      793    -0.195893 1.161262e-06 1.016717e-07      489
features.16                      579    -0.195778 8.282467e-07 3.053205e-07      329
features.8                       220    -0.195278 7.580908e-08 3.718780e-07      137
features.12                      340    -0.194928 4.967648e-08 3.175363e-06      201
features.17                      903    -0.194674 1.075585e-06 2.042180e-09      489
features.15                      519    -0.194643 3.596351e-07 6.260579e-07      329
features.15                      284    -0.193897 3.662983e-07 1.131530e-06      329
features.15                      185    -0.193816 3.484435e-07 1.310534e-08      329
features.17                      223    -0.193791 1.086971e-06 2.255638e-08      489
features.17                      355    -0.193395 1.081537e-06 1.846031e-08      489
features.17                       95    -0.190841 1.066978e-06 1.786399e-08      489
