================================================================================
Channel Pruning Log
  iteration  : 14
  alpha      : 0.3000
  timestamp  : 2026-06-03 03:09:28
  remove_target  : 45072
  accum_removed  : 45266
  selected_channels : 138
  gamma             : 0.0050
  remove_target_met : yes
  total_params   : 2289600
  active_after   : 915759
  model_sparsity : 60.0%
================================================================================

[ 레이어별 채널 제거 비율 ]
  layer                total_ch  this_iter    cumul  cumul_%
  ----------------------------------------------------------
  features.1                 32          0       24    75.0%
  features.2                 96          0       93    96.9%
  features.3                144          0      118    81.9%
  features.4                144          5      130    90.3%
  features.5                192          0      148    77.1%
  features.6                192          0      150    78.1%
  features.7                192          0      186    96.9%
  features.8                384         19      345    89.8%
  features.9                384          0      372    96.9%
  features.10               384          0      366    95.3%
  features.11               384          0      372    96.9%
  features.12               576          1      542    94.1%
  features.13               576          0      390    67.7%
  features.14               576          0      558    96.9%
  features.15               960         73      560    58.3%
  features.16               960          9      421    43.9%
  features.17               960         31      906    94.4%

[ 레이어별 보호 영역 (γ=0.01) ]
  layer                  active  protected  protect_%
  --------------------------------------------------
  features.1                  8          1      12.5%
  features.2                  3          1      33.3%
  features.3                 26          1       3.8%
  features.4                 19          1       5.3%
  features.5                 44          1       2.3%
  features.6                 42          1       2.4%
  features.7                  6          1      16.7%
  features.8                 58          1       1.7%
  features.9                 12          1       8.3%
  features.10                18          1       5.6%
  features.11                12          1       8.3%
  features.12                35          1       2.9%
  features.13               186          1       0.5%
  features.14                18          1       5.6%
  features.15               473          3       0.6%
  features.16               548          3       0.5%
  features.17                85          1       1.2%

[ 블록별 제거 채널 수 ]
  features.12: 1채널 제거
  features.15: 73채널 제거
  features.16: 9채널 제거
  features.17: 31채널 제거
  features.4: 5채널 제거
  features.8: 19채널 제거

[ 선택된 채널 상세 ]
block                             ch        score          phi         perf  weights
--------------------------------------------------------------------------------
features.17                      159    -0.693180 5.597960e-06 1.152040e-07      489
features.17                      619    -0.640334 5.160119e-06 8.304620e-08      489
features.17                      287    -0.628315 5.283876e-06 5.475089e-07      489
features.4                         1    -0.605354 2.831249e-07 1.093075e-05       65
features.15                      917    -0.568894 8.004421e-07 7.130411e-07      329
features.4                       131    -0.535766 2.501234e-07 9.101956e-06       65
features.4                       118    -0.498564 2.337709e-07 9.747007e-06       65
features.4                        26    -0.487721 2.303028e-07 1.156834e-05       65
features.17                      311    -0.476727 3.841564e-06 6.155367e-08      489
features.17                      388    -0.412680 3.320918e-06 4.368548e-08      489
features.15                      415    -0.407004 5.707071e-07 8.832106e-09      329
features.8                       375    -0.400828 1.028978e-07 7.929454e-06      137
features.15                       75    -0.398646 5.604352e-07 3.800181e-07      329
features.17                      261    -0.395950 3.338209e-06 3.628326e-07      489
features.15                        6    -0.395163 5.605024e-07 1.650421e-06      329
features.8                       318    -0.390814 7.029733e-08 7.629841e-07      137
features.4                        55    -0.383399 1.775114e-07 4.652700e-06       65
features.8                        10    -0.377975 6.576700e-08 2.225464e-07      137
features.17                      378    -0.375125 3.113228e-06 2.393763e-07      489
features.15                      830    -0.374594 5.264189e-07 3.052237e-07      329
features.17                      808    -0.371355 3.222590e-06 5.340858e-07      489
features.15                      619    -0.370075 5.311184e-07 3.136458e-06      329
features.16                      930    -0.363705 1.670247e-06 1.678218e-06      329
features.17                       58    -0.358567 2.894483e-06 5.700937e-08      489
features.17                      401    -0.346780 2.829560e-06 1.189934e-07      489
features.8                         2    -0.341016 6.603679e-08 1.755648e-06      137
features.8                        27    -0.329754 5.812628e-08 3.681122e-07      137
features.8                       252    -0.326957 6.365242e-08 1.761721e-06      137
features.17                       87    -0.318208 2.645780e-06 2.134436e-07      489
features.17                      748    -0.318156 2.645214e-06 2.131300e-07      489
features.15                      607    -0.317481 4.495572e-07 1.130772e-06      329
features.15                      319    -0.312904 4.389071e-07 4.496557e-08      329
features.15                      651    -0.312074 4.616022e-07 6.165741e-06      329
features.15                      844    -0.310861 4.363990e-07 1.362770e-07      329
features.8                       206    -0.307363 7.843283e-08 5.971135e-06      137
features.15                      682    -0.307273 4.401655e-07 2.393187e-06      329
features.17                      904    -0.306167 2.514386e-06 1.393001e-07      489
features.17                      614    -0.305770 2.523673e-06 1.656225e-07      489
features.17                      849    -0.304709 2.448284e-06 2.429999e-08      489
features.8                       336    -0.302124 5.549384e-08 8.565905e-07      137
features.15                      756    -0.302080 4.237715e-07 5.544631e-08      329
features.17                      558    -0.300540 2.582966e-06 3.792192e-07      489
features.15                      826    -0.299211 4.197459e-07 5.465546e-08      329
features.17                       39    -0.292079 2.402994e-06 1.419849e-07      489
features.15                      526    -0.290318 4.307948e-07 6.088127e-06      329
features.17                      916    -0.289947 2.331994e-06 2.800817e-08      489
features.16                      366    -0.288671 1.304545e-06 1.637410e-07      329
features.15                      206    -0.286912 4.023114e-07 6.036940e-09      329
features.16                      309    -0.284516 1.282932e-06 4.523390e-09      329
features.15                       62    -0.278594 3.964273e-07 1.488415e-06      329
features.17                      592    -0.272578 2.240472e-06 1.281043e-07      489
features.8                        28    -0.272501 5.149513e-08 1.107315e-06      137
features.17                      144    -0.272040 2.352969e-06 3.748330e-07      489
features.15                      263    -0.268024 3.855567e-07 2.502078e-06      329
features.17                      752    -0.265102 2.360286e-06 5.075016e-07      489
features.15                      216    -0.263643 3.735323e-07 9.929309e-07      329
features.15                       17    -0.262907 3.690448e-07 1.066324e-07      329
features.15                      337    -0.261935 3.709717e-07 9.503637e-07      329
features.15                      866    -0.259288 3.645411e-07 2.530144e-07      329
features.15                      116    -0.258368 3.646257e-07 6.053779e-07      329
features.16                      132    -0.257309 1.175300e-06 8.363978e-07      329
features.15                      778    -0.256684 3.636996e-07 9.735842e-07      329
features.15                      470    -0.256456 3.647844e-07 1.333944e-06      329
features.8                       372    -0.255093 6.311537e-08 4.496406e-06      137
features.15                      124    -0.255041 3.639686e-07 1.633657e-06      329
features.17                      703    -0.253403 2.059499e-06 6.974561e-08      489
features.15                      125    -0.253265 3.592529e-07 1.062769e-06      329
features.15                      157    -0.251131 3.540839e-07 5.042029e-07      329
features.16                      727    -0.250905 1.131573e-06 1.478653e-08      329
features.15                      160    -0.250543 3.514355e-07 3.650758e-08      329
features.15                       85    -0.249725 3.502589e-07 2.890751e-08      329
features.8                       261    -0.249435 4.526074e-08 5.783446e-07      137
features.15                      103    -0.248854 3.501343e-07 3.100891e-07      329
features.15                      910    -0.248004 3.482440e-07 1.310125e-07      329
features.15                      825    -0.246270 3.454307e-07 3.302422e-08      329
features.15                       99    -0.245721 3.456139e-07 2.773680e-07      329
features.8                       379    -0.244969 4.512239e-08 7.239557e-07      137
features.15                      599    -0.244472 3.449312e-07 5.515772e-07      329
features.15                      780    -0.243959 3.523727e-07 2.645046e-06      329
features.15                      188    -0.242902 3.694381e-07 7.403548e-06      329
features.15                      832    -0.239621 3.386388e-07 6.823565e-07      329
features.17                      335    -0.238882 1.969926e-06 1.258265e-07      489
features.15                      610    -0.238352 3.362954e-07 5.373457e-07      329
features.17                      891    -0.236749 1.976477e-06 1.756922e-07      489
features.17                      494    -0.236715 1.966521e-06 1.552383e-07      489
features.15                      343    -0.236340 3.315093e-07 3.341372e-08      329
features.17                       21    -0.234386 1.966804e-06 1.951797e-07      489
features.17                      640    -0.233067 1.892543e-06 6.060259e-08      489
features.15                       97    -0.232700 3.288590e-07 6.626324e-07      329
features.15                      767    -0.232211 3.260510e-07 1.183162e-07      329
features.17                      883    -0.231012 1.998688e-06 3.195417e-07      489
features.15                      939    -0.229774 3.262899e-07 1.056133e-06      329
features.15                      774    -0.229157 3.307167e-07 2.413729e-06      329
features.8                        49    -0.227248 4.274182e-08 8.765895e-07      137
features.8                       342    -0.227197 4.230169e-08 7.765191e-07      137
features.15                      417    -0.226742 3.422775e-07 6.248382e-06      329
features.15                      311    -0.225084 3.199428e-07 1.115057e-06      329
features.15                      740    -0.224373 3.185135e-07 1.003853e-06      329
features.15                      754    -0.223349 3.132088e-07 1.131355e-08      329
features.15                      107    -0.222436 3.138220e-07 4.970586e-07      329
features.15                      397    -0.222340 3.140208e-07 5.826132e-07      329
features.15                      512    -0.221955 3.129157e-07 4.376263e-07      329
features.15                      126    -0.221609 3.146843e-07 1.015923e-06      329
features.15                      943    -0.221072 3.106640e-07 1.777081e-07      329
features.15                      471    -0.221029 3.116455e-07 4.449843e-07      329
features.15                      381    -0.219319 3.075807e-07 1.736547e-08      329
features.15                      105    -0.219110 3.073551e-07 3.456353e-08      329
features.15                       54    -0.218572 3.120169e-07 1.424072e-06      329
features.15                      924    -0.218482 3.068301e-07 1.256416e-07      329
features.15                       48    -0.216129 3.034678e-07 1.093597e-07      329
features.15                      949    -0.215783 3.036009e-07 2.682945e-07      329
features.15                      677    -0.214853 3.055418e-07 1.100501e-06      329
features.15                      439    -0.214668 3.010550e-07 1.595432e-08      329
features.16                      475    -0.214295 9.713534e-07 2.831618e-07      329
features.15                      175    -0.214185 3.003642e-07 1.252211e-08      329
features.15                       11    -0.214007 3.003576e-07 7.497540e-08      329
features.16                       68    -0.213634 9.665723e-07 1.836610e-07      329
features.15                      330    -0.213547 3.006396e-07 3.126445e-07      329
features.8                       266    -0.213472 3.954223e-08 6.822720e-07      137
features.12                      407    -0.213229 5.533208e-08 2.140851e-06      201
features.15                      892    -0.213048 3.089134e-07 2.615014e-06      329
features.15                      432    -0.212270 2.979017e-07 6.979104e-08      329
features.16                       22    -0.209998 9.555572e-07 4.812659e-07      329
features.17                      920    -0.209834 1.749288e-06 1.504577e-07      489
features.17                      821    -0.207190 1.770525e-06 2.399908e-07      489
features.15                      800    -0.207040 2.912507e-07 2.448404e-07      329
features.8                       241    -0.205864 4.096496e-08 1.315091e-06      137
features.15                      229    -0.205293 2.915394e-07 9.472566e-07      329
features.15                      214    -0.205274 2.882752e-07 1.167765e-07      329
features.15                      648    -0.205021 2.910929e-07 9.304985e-07      329
features.16                      519    -0.203797 9.284707e-07 5.294726e-07      329
features.15                      274    -0.200397 2.815719e-07 1.510646e-07      329
features.15                      922    -0.199084 2.808146e-07 4.293976e-07      329
features.8                        83    -0.198815 3.918132e-08 1.181661e-06      137
features.8                       166    -0.195863 3.504047e-08 3.382225e-07      137
features.15                       86    -0.194188 2.725247e-07 6.354942e-08      329
features.8                       152    -0.193814 3.537616e-08 4.976580e-07      137
features.17                      799    -0.193029 1.569069e-06 5.365827e-08      489
