================================================================================
Channel Pruning Log
  iteration  : 11
  alpha      : 0.9000
  timestamp  : 2026-03-31 01:24:53
  remove_target  : 75014
  accum_removed  : 76299
  selected_channels : 296
================================================================================

[ 레이어별 채널 제거 비율 ]
  layer                total_ch  this_iter    cumul  cumul_%
  ----------------------------------------------------------
  features.0                864          0      593    68.6% (weight-level)
  features.1                 32          1       25    78.1%
  features.2                 96          4       69    71.9%
  features.3                144          5      102    70.8%
  features.4                144          5      102    70.8%
  features.5                192          7      134    69.8%
  features.6                192          7      134    69.8%
  features.7                192          7      134    69.8%
  features.8                384         14      265    69.0%
  features.9                384         14      265    69.0%
  features.10               384         14      265    69.0%
  features.11               384         14      265    69.0%
  features.12               576         20      396    68.8%
  features.13               576         20      396    68.8%
  features.14               576         20      396    68.8%
  features.15               960         33      658    68.5%
  features.16               960         33      658    68.5%
  features.17               960         33      658    68.5%
  features.18              1280         45      877    68.5%
  classifier              99840          0    68510    68.6% (weight-level)

[ 블록별 제거 채널 수 ]
  features.1: 1채널 제거
  features.10: 14채널 제거
  features.11: 14채널 제거
  features.12: 20채널 제거
  features.13: 20채널 제거
  features.14: 20채널 제거
  features.15: 33채널 제거
  features.16: 33채널 제거
  features.17: 33채널 제거
  features.18: 45채널 제거
  features.2: 4채널 제거
  features.3: 5채널 제거
  features.4: 5채널 제거
  features.5: 7채널 제거
  features.6: 7채널 제거
  features.7: 7채널 제거
  features.8: 14채널 제거
  features.9: 14채널 제거

[ 선택된 채널 상세 ]
block                             ch        score          phi         perf  weights
--------------------------------------------------------------------------------
features.1                        17     0.000000 0.000000e+00 7.526543e-11       25
features.2                        29    -0.090307 5.174407e-07 9.121422e-04       49
features.2                        86    -0.052123 2.805577e-07 1.973201e-04       49
features.2                        48    -0.041537 2.310574e-07 2.933082e-04       49
features.2                        24    -0.038003 2.047956e-07 1.482712e-04       49
features.3                        12    -0.009895 1.610222e-07 7.483085e-05       57
features.3                       122    -0.009106 4.072517e-08 1.022019e-05       57
features.3                         0    -0.008800 3.765361e-08 8.947362e-06       57
features.3                        13    -0.007370 1.108228e-07 5.076356e-05       57
features.3                        60    -0.003856 2.159505e-08 6.701344e-06       57
features.4                       143     0.027754 4.542462e-07 6.106956e-07       65
features.4                        17     0.028565 2.993954e-07 5.095604e-07       65
features.4                       101     0.030347 1.506503e-08 3.269046e-07       65
features.4                       130     0.030678 6.522508e-07 7.812944e-07       65
features.4                        44     0.036505 8.971010e-08 4.439056e-07       65
features.5                        28     0.001600 3.727828e-08 2.100865e-07       73
features.5                       116     0.002537 2.669405e-08 1.924591e-07       73
features.5                         2     0.003502 5.867214e-09 1.312647e-07       73
features.5                       156     0.003530 6.638260e-09 1.354366e-07       73
features.5                       183     0.003841 2.078390e-08 2.062249e-07       73
features.5                        68     0.003868 4.595181e-08 3.162312e-07       73
features.5                       115     0.003915 7.624141e-08 4.490612e-07       73
features.6                       115    -0.009393 3.357972e-08 4.786565e-07       73
features.6                       116    -0.009283 2.265128e-08 2.465376e-07       73
features.6                       188    -0.009071 1.447432e-08 7.623622e-08       73
features.6                        89    -0.007340 1.388295e-08 1.083642e-07       73
features.6                        22    -0.006808 8.697591e-09 1.065785e-08       73
features.6                       101    -0.006724 1.260761e-08 9.688290e-08       73
features.6                       166    -0.006573 1.530132e-08 1.587126e-07       73
features.7                        57     0.013882 1.023257e-06 8.026792e-08      105
features.7                        23     0.041826 3.702397e-07 8.967696e-08      105
features.7                       139     0.044716 4.969089e-08 7.645830e-08      105
features.7                         2     0.045703 7.947788e-07 1.198783e-07      105
features.7                        97     0.046045 7.155330e-07 1.159957e-07      105
features.7                        38     0.049679 4.715991e-07 1.083008e-07      105
features.7                         1     0.051733 3.948563e-07 1.073796e-07      105
features.8                       111     0.005431 1.069673e-07 4.107066e-08      137
features.8                       380     0.006523 1.478438e-08 1.738595e-08      137
features.8                       132     0.006804 1.066312e-07 4.376083e-08      137
features.8                       229     0.007117 4.869718e-08 2.811793e-08      137
features.8                        49     0.008126 1.827671e-08 2.161788e-08      137
features.8                       182     0.008152 1.923491e-08 2.193896e-08      137
features.8                       117     0.008369 5.181367e-08 3.153255e-08      137
features.8                       173     0.009361 2.806569e-08 2.687352e-08      137
features.8                       201     0.009397 3.216437e-08 2.809768e-08      137
features.8                       330     0.009549 4.195656e-08 3.115653e-08      137
features.8                        19     0.009596 4.034701e-08 3.080093e-08      137
features.8                       368     0.010808 2.136459e-08 2.792651e-08      137
features.8                       169     0.010895 4.871757e-09 2.346757e-08      137
features.8                        12     0.011013 2.261693e-08 2.869345e-08      137
features.9                       367    -0.007297 4.846799e-08 9.874770e-09      137
features.9                       365    -0.005607 1.468275e-07 4.520970e-08      137
features.9                       154    -0.004175 8.952376e-08 2.686391e-08      137
features.9                        60    -0.003286 1.004168e-07 3.142825e-08      137
features.9                       189    -0.000787 5.783479e-08 1.912579e-08      137
features.9                       323    -0.000569 6.345545e-08 2.125763e-08      137
features.9                       105    -0.000460 4.448373e-08 1.484570e-08      137
features.9                       165     0.000764 1.655898e-08 6.392914e-09      137
features.9                       129     0.001474 1.588065e-08 6.818573e-09      137
features.9                       160     0.001698 2.025094e-08 8.526967e-09      137
features.9                       272     0.001953 2.095737e-08 9.005356e-09      137
features.9                       161     0.002195 1.038028e-07 3.767213e-08      137
features.9                        63     0.003005 1.491223e-08 7.905788e-09      137
features.9                       289     0.003419 5.893049e-08 2.340188e-08      137
features.10                       68    -0.021125 1.300580e-07 3.257196e-08      137
features.10                      151    -0.017052 5.998778e-08 1.160878e-08      137
features.10                       74    -0.014420 3.409733e-08 4.389395e-09      137
features.10                       42    -0.013177 5.771319e-08 1.267722e-08      137
features.10                      193    -0.010908 5.429958e-08 1.262345e-08      137
features.10                      296    -0.010894 3.829203e-08 7.405886e-09      137
features.10                      382    -0.010266 5.208467e-08 1.220051e-08      137
features.10                       11    -0.007788 4.965780e-08 1.256611e-08      137
features.10                      209    -0.007507 2.346552e-08 4.149907e-09      137
features.10                      211    -0.007285 1.834357e-08 2.582343e-09      137
features.10                       90    -0.007158 2.196501e-08 3.823457e-09      137
features.10                      299    -0.006832 2.833536e-08 6.054455e-09      137
features.10                      179    -0.005875 5.789122e-08 1.614692e-08      137
features.10                      266    -0.005511 1.007160e-07 3.029202e-08      137
features.11                       17    -0.011759 3.532333e-07 1.623947e-07      169
features.11                      241    -0.005993 2.224935e-07 1.084230e-07      169
features.11                      256    -0.003603 1.793452e-07 9.272279e-08      169
features.11                       93    -0.002935 1.512544e-07 7.865165e-08      169
features.11                       89    -0.002634 2.075371e-07 1.139592e-07      169
features.11                       51    -0.002383 2.900223e-07 1.648872e-07      169
features.11                       64    -0.001175 1.941504e-07 1.122053e-07      169
features.11                       75     0.000093 2.407414e-07 1.458558e-07      169
features.11                      168     0.000828 2.532423e-07 1.565956e-07      169
features.11                      160     0.001066 1.875136e-07 1.179174e-07      169
features.11                        1     0.001288 2.356853e-07 1.479860e-07      169
features.11                        8     0.001393 3.822853e-07 2.370142e-07      169
features.11                      297     0.001537 1.126329e-07 7.471789e-08      169
features.11                      206     0.001660 1.307232e-07 8.618380e-08      169
features.12                      189    -0.003171 9.365594e-08 6.046189e-08      201
features.12                       67    -0.002743 6.987065e-08 4.425684e-08      201
features.12                       43    -0.002553 5.810304e-08 3.619172e-08      201
features.12                      142    -0.002487 2.984972e-08 1.594661e-08      201
features.12                      273    -0.002407 4.319044e-08 2.575725e-08      201
features.12                      386    -0.002361 4.693413e-08 2.856176e-08      201
features.12                      198    -0.002041 2.990192e-08 1.698857e-08      201
features.12                       37    -0.002012 2.739987e-08 1.524707e-08      201
features.12                       60    -0.001511 2.545823e-08 1.497397e-08      201
features.12                      123    -0.001179 3.109657e-08 1.979098e-08      201
features.12                      334    -0.000930 3.255154e-08 2.140153e-08      201
features.12                      514    -0.000889 2.540499e-08 1.633586e-08      201
features.12                      442    -0.000692 3.802657e-08 2.588926e-08      201
features.12                      322    -0.000506 1.926970e-08 1.276877e-08      201
features.12                      549    -0.000445 2.461400e-08 1.676428e-08      201
features.12                      391    -0.000390 3.395613e-08 2.363072e-08      201
features.12                      410    -0.000351 6.204218e-08 4.399059e-08      201
features.12                      215    -0.000327 2.484254e-08 1.719446e-08      201
features.12                      546     0.000081 6.831464e-08 4.949033e-08      201
features.12                      559     0.000170 3.899878e-08 2.853037e-08      201
features.13                      514    -0.025464 1.830499e-07 6.950292e-08      201
features.13                      441    -0.017127 1.226899e-07 4.651486e-08      201
features.13                      141    -0.008640 1.239076e-07 5.705775e-08      201
features.13                      417    -0.007191 8.469830e-08 3.750577e-08      201
features.13                       92    -0.005642 5.059731e-08 2.083787e-08      201
features.13                      574    -0.005234 6.144567e-08 2.718903e-08      201
features.13                      553    -0.001125 3.238700e-08 1.623420e-08      201
features.13                      508    -0.000138 1.126280e-08 5.940430e-09      201
features.13                      511     0.000271 4.687421e-08 2.570718e-08      201
features.13                      245     0.000425 2.712023e-08 1.518590e-08      201
features.13                      571     0.000465 4.888658e-08 2.702260e-08      201
features.13                      486     0.000947 5.450249e-08 3.062578e-08      201
features.13                      487     0.001324 2.813106e-08 1.677997e-08      201
features.13                      480     0.001572 2.256488e-08 1.405423e-08      201
features.13                       12     0.001644 4.543945e-08 2.652856e-08      201
features.13                       16     0.003053 6.650926e-08 3.958297e-08      201
features.13                      447     0.003183 5.460130e-08 3.328332e-08      201
features.13                      394     0.003260 3.779417e-08 2.426874e-08      201
features.13                      379     0.003646 4.272360e-08 2.738912e-08      201
features.13                      564     0.003731 6.320348e-08 3.858158e-08      201
features.14                      401     0.024659 4.094704e-07 7.326568e-09      265
features.14                      335     0.027821 4.702680e-07 8.328348e-09      265
features.14                       98     0.028966 5.933391e-07 9.448838e-09      265
features.14                      154     0.036926 1.043625e-06 1.419926e-08      265
features.14                      147     0.038578 3.122112e-07 8.999749e-09      265
features.14                      528     0.042348 6.560670e-07 1.222882e-08      265
features.14                       28     0.043920 4.180428e-07 1.071530e-08      265
features.14                      228     0.044538 8.858464e-07 1.432987e-08      265
features.14                       25     0.045843 8.105523e-07 1.399049e-08      265
features.14                      127     0.047021 4.434956e-07 1.144142e-08      265
features.14                      496     0.049454 1.132841e-06 1.703055e-08      265
features.14                      357     0.049907 6.171451e-07 1.324170e-08      265
features.14                       43     0.051106 6.326452e-07 1.356481e-08      265
features.14                      125     0.051435 4.269174e-07 1.207892e-08      265
features.14                      207     0.052315 3.148787e-07 1.139062e-08      265
features.14                       13     0.052416 5.124253e-07 1.288938e-08      265
features.14                      398     0.055517 5.869420e-07 1.398343e-08      265
features.14                      186     0.055857 5.147809e-07 1.350105e-08      265
features.14                      308     0.056701 6.804130e-07 1.488873e-08      265
features.14                      466     0.058286 6.471060e-07 1.491257e-08      265
features.15                      807    -0.025206 4.055361e-07 2.946344e-08      329
features.15                      638    -0.012477 2.798774e-07 2.494288e-08      329
features.15                      325    -0.009908 1.293815e-07 7.651765e-09      329
features.15                      187    -0.009084 2.901329e-07 2.946341e-08      329
features.15                      599    -0.006266 1.516323e-07 1.397593e-08      329
features.15                      641    -0.004800 1.568568e-07 1.603340e-08      329
features.15                      510    -0.003924 8.081111e-08 6.900497e-09      329
features.15                      348    -0.003838 1.416348e-07 1.494234e-08      329
features.15                       78    -0.003358 7.183774e-08 6.256489e-09      329
features.15                      243    -0.002986 1.657964e-07 1.890342e-08      329
features.15                       55    -0.002140 7.700028e-08 8.073728e-09      329
features.15                      802    -0.001913 1.464351e-07 1.737399e-08      329
features.15                      751    -0.001759 1.862560e-07 2.273016e-08      329
features.15                       62    -0.001573 3.226341e-07 4.075509e-08      329
features.15                      639    -0.001560 1.020530e-07 1.189572e-08      329
features.15                      814    -0.001539 9.759374e-08 1.133203e-08      329
features.15                      126    -0.001442 1.639627e-07 2.010926e-08      329
features.15                      844    -0.001329 7.745032e-08 8.892336e-09      329
features.15                      118    -0.001220 1.293458e-07 1.578671e-08      329
features.15                      227    -0.001212 8.489958e-08 9.977097e-09      329
features.15                      662    -0.000964 5.658078e-08 6.502686e-09      329
features.15                      232    -0.000733 9.917190e-08 1.229312e-08      329
features.15                      795    -0.000718 2.177418e-07 2.782691e-08      329
features.15                      760    -0.000670 7.031376e-08 8.575192e-09      329
features.15                      900    -0.000596 8.310079e-08 1.031807e-08      329
features.15                      682    -0.000566 7.644453e-08 9.475278e-09      329
features.15                      377    -0.000554 2.914747e-08 3.295728e-09      329
features.15                      395    -0.000524 6.325401e-08 7.787939e-09      329
features.15                      952    -0.000505 6.572194e-08 8.128694e-09      329
features.15                      560    -0.000491 5.337311e-08 6.525906e-09      329
features.15                      848    -0.000483 1.803615e-08 1.908607e-09      329
features.15                      418    -0.000480 1.103930e-07 1.399963e-08      329
features.15                      328    -0.000216 1.213574e-07 1.568174e-08      329
features.16                      278    -0.021190 2.035982e-07 5.325710e-09      329
features.16                      635    -0.020751 1.949170e-07 4.197420e-09      329
features.16                      134    -0.020273 2.284768e-07 1.277826e-08      329
features.16                      887    -0.019871 3.503137e-07 4.134452e-08      329
features.16                      738    -0.019555 1.883358e-07 5.017142e-09      329
features.16                       44    -0.018531 1.731148e-07 3.532871e-09      329
features.16                      361    -0.018175 1.765276e-07 5.000126e-09      329
features.16                      682    -0.018077 1.661055e-07 2.814712e-09      329
features.16                      465    -0.017538 1.795329e-07 6.922777e-09      329
features.16                      632    -0.017308 1.568552e-07 2.197325e-09      329
features.16                       81    -0.017139 1.567292e-07 2.495907e-09      329
features.16                      141    -0.016929 1.601313e-07 3.679672e-09      329
features.16                      217    -0.016700 1.785710e-07 8.327532e-09      329
features.16                      715    -0.016507 1.442156e-07 8.674617e-10      329
features.16                      175    -0.016454 1.810770e-07 9.376113e-09      329
features.16                      187    -0.016421 1.993791e-07 1.361508e-08      329
features.16                      335    -0.016057 1.446029e-07 1.829686e-09      329
features.16                       45    -0.016031 1.800091e-07 9.953196e-09      329
features.16                      906    -0.015914 1.604332e-07 5.715941e-09      329
features.16                      139    -0.015907 1.518590e-07 3.774553e-09      329
features.16                      125    -0.015804 1.907531e-07 1.284558e-08      329
features.16                      876    -0.015540 2.382617e-07 2.419220e-08      329
features.16                      811    -0.015482 1.931207e-07 1.401001e-08      329
features.16                      490    -0.015402 1.464217e-07 3.513812e-09      329
features.16                      948    -0.015271 1.520853e-07 5.060352e-09      329
features.16                      905    -0.015170 1.549800e-07 5.915639e-09      329
features.16                      281    -0.015156 1.547952e-07 5.901995e-09      329
features.16                      232    -0.015063 1.813651e-07 1.214181e-08      329
features.16                      556    -0.014603 1.333998e-07 2.095134e-09      329
features.16                      240    -0.014450 1.526688e-07 6.785057e-09      329
features.16                      575    -0.014407 3.063170e-07 4.191057e-08      329
features.16                      119    -0.014303 1.291315e-07 1.703358e-09      329
features.16                       66    -0.014238 1.384004e-07 3.942275e-09      329
features.17                      440    -0.095005 9.324048e-07 1.271772e-09      489
features.17                      720    -0.088256 9.244453e-07 5.511458e-09      489
features.17                      382    -0.084175 8.276047e-07 1.237658e-09      489
features.17                      782    -0.084091 8.411956e-07 2.307649e-09      489
features.17                      235    -0.084073 8.352280e-07 1.876760e-09      489
features.17                      308    -0.083290 9.634085e-07 1.196124e-08      489
features.17                      922    -0.081345 8.203285e-07 2.722611e-09      489
features.17                      216    -0.079757 8.076913e-07 2.920508e-09      489
features.17                      178    -0.079345 7.863744e-07 1.631757e-09      489
features.17                      115    -0.078347 7.819497e-07 2.017343e-09      489
features.17                      539    -0.078016 7.946288e-07 3.196148e-09      489
features.17                      844    -0.077897 9.341784e-07 1.365006e-08      489
features.17                      650    -0.077468 7.800178e-07 2.502702e-09      489
features.17                      883    -0.073433 7.517248e-07 3.289247e-09      489
features.17                      510    -0.072958 7.248425e-07 1.631858e-09      489
features.17                      462    -0.070508 6.917558e-07 9.268887e-10      489
features.17                      596    -0.070457 6.995647e-07 1.543382e-09      489
features.17                      632    -0.069655 7.435455e-07 5.385655e-09      489
features.17                      891    -0.068421 7.124120e-07 3.955321e-09      489
features.17                      941    -0.068275 7.059523e-07 3.580211e-09      489
features.17                      171    -0.068203 7.160205e-07 4.380075e-09      489
features.17                      453    -0.067020 6.726767e-07 2.006434e-09      489
features.17                       95    -0.066069 6.940126e-07 4.272051e-09      489
features.17                      362    -0.066047 6.844721e-07 3.579121e-09      489
features.17                      123    -0.065778 6.768456e-07 3.205179e-09      489
features.17                      378    -0.065262 6.529114e-07 1.796308e-09      489
features.17                       42    -0.065207 6.539005e-07 1.909134e-09      489
features.17                      484    -0.064712 6.614311e-07 2.822500e-09      489
features.17                      496    -0.064560 6.451187e-07 1.719327e-09      489
features.17                      586    -0.064552 6.680585e-07 3.430013e-09      489
features.17                      329    -0.064523 6.900564e-07 5.084696e-09      489
features.17                      241    -0.064322 6.748356e-07 4.097592e-09      489
features.17                      734    -0.064317 6.701507e-07 3.753599e-09      489
features.18                      986     0.176892 3.591203e-07 8.836933e-12      320
features.18                      428     0.180222 4.178093e-07 9.270212e-12      320
features.18                       91     0.196846 1.755508e-07 8.681858e-12      320
features.18                      106     0.205976 5.228866e-07 1.082816e-11      320
features.18                     1100     0.207076 1.703772e-07 9.059579e-12      320
features.18                       70     0.208073 2.707147e-07 9.614766e-12      320
features.18                      741     0.212232 3.014358e-07 9.937023e-12      320
features.18                      214     0.213782 3.808517e-07 1.040652e-11      320
features.18                      788     0.214700 3.691469e-07 1.038265e-11      320
features.18                      568     0.215642 5.113564e-07 1.115089e-11      320
features.18                      451     0.217725 4.631530e-07 1.098545e-11      320
features.18                      267     0.219816 1.190034e-07 9.298989e-12      320
features.18                       56     0.220168 2.600200e-07 1.003779e-11      320
features.18                      658     0.220681 1.743481e-07 9.617660e-12      320
features.18                     1010     0.221610 2.682322e-07 1.013696e-11      320
features.18                      609     0.222620 5.231262e-07 1.148718e-11      320
features.18                      949     0.222933 1.209807e-07 9.432332e-12      320
features.18                      407     0.223018 1.339577e-07 9.502393e-12      320
features.18                      631     0.224223 3.948441e-07 1.089111e-11      320
features.18                      687     0.224503 2.369279e-07 1.009039e-11      320
features.18                      273     0.225243 3.236225e-07 1.056528e-11      320
features.18                      595     0.225445 3.875860e-07 1.090209e-11      320
features.18                     1019     0.225892 1.897773e-07 9.902928e-12      320
features.18                      578     0.226085 4.862812e-07 1.143472e-11      320
features.18                      791     0.226331 4.987504e-07 1.150855e-11      320
features.18                      823     0.226880 1.650952e-07 9.815085e-12      320
features.18                      384     0.227429 1.392654e-07 9.703980e-12      320
features.18                      704     0.229200 1.214578e-07 9.682445e-12      320
features.18                     1130     0.230610 2.891836e-07 1.060037e-11      320
features.18                      365     0.231175 3.682044e-07 1.102892e-11      320
features.18                      353     0.231480 2.771555e-07 1.057291e-11      320
features.18                       81     0.231738 1.486627e-07 9.922583e-12      320
features.18                      925     0.232316 6.865245e-07 1.271033e-11      320
features.18                      935     0.232589 1.909910e-07 1.017381e-11      320
features.18                      370     0.233047 2.408855e-07 1.044841e-11      320
features.18                      396     0.233107 4.216510e-07 1.138000e-11      320
features.18                      636     0.233745 2.618463e-07 1.058374e-11      320
features.18                      367     0.233945 4.223734e-07 1.141684e-11      320
features.18                      436     0.233968 4.176402e-07 1.139342e-11      320
features.18                      684     0.234273 4.344644e-07 1.149193e-11      320
features.18                      431     0.234342 2.040993e-07 1.031047e-11      320
features.18                      594     0.234727 1.031529e-07 9.806791e-12      320
features.18                      197     0.234888 1.370328e-07 9.987302e-12      320
features.18                     1184     0.234898 2.340198e-07 1.048627e-11      320
features.18                      611     0.236332 3.320809e-07 1.104702e-11      320
