================================================================================
Channel Pruning Log
  iteration  : 17
  alpha      : 0.9000
  timestamp  : 2026-03-31 07:24:40
  remove_target  : 39319
  accum_removed  : 41191
  selected_channels : 159
================================================================================

[ 레이어별 채널 제거 비율 ]
  layer                total_ch  this_iter    cumul  cumul_%
  ----------------------------------------------------------
  features.0                864          0      720    83.3% (weight-level)
  features.1                 32          0       29    90.6%
  features.2                 96          2       84    87.5%
  features.3                144          3      124    86.1%
  features.4                144          3      124    86.1%
  features.5                192          4      163    84.9%
  features.6                192          4      163    84.9%
  features.7                192          4      163    84.9%
  features.8                384          7      322    83.9%
  features.9                384          7      322    83.9%
  features.10               384          7      322    83.9%
  features.11               384          7      322    83.9%
  features.12               576         11      481    83.5%
  features.13               576         11      481    83.5%
  features.14               576         11      481    83.5%
  features.15               960         18      799    83.2%
  features.16               960         18      799    83.2%
  features.17               960         18      799    83.2%
  features.18              1280         24     1065    83.2%
  classifier              99840          0    83190    83.3% (weight-level)

[ 블록별 제거 채널 수 ]
  features.10: 7채널 제거
  features.11: 7채널 제거
  features.12: 11채널 제거
  features.13: 11채널 제거
  features.14: 11채널 제거
  features.15: 18채널 제거
  features.16: 18채널 제거
  features.17: 18채널 제거
  features.18: 24채널 제거
  features.2: 2채널 제거
  features.3: 3채널 제거
  features.4: 3채널 제거
  features.5: 4채널 제거
  features.6: 4채널 제거
  features.7: 4채널 제거
  features.8: 7채널 제거
  features.9: 7채널 제거

[ 선택된 채널 상세 ]
block                             ch        score          phi         perf  weights
--------------------------------------------------------------------------------
features.2                        16    -0.002794 1.663479e-12 3.833481e-05       49
features.2                        13    -0.000407 4.039325e-13 1.601309e-03       49
features.3                       121    -0.000728 1.322664e-13 3.094083e-05       57
features.3                        64     0.000147 3.203181e-16 6.254099e-06       57
features.3                         8     0.000228 8.335183e-16 9.884934e-06       57
features.4                       131     0.000075 7.531970e-15 3.580108e-08       65
features.4                       119     0.010878 1.950141e-11 2.346417e-05       65
features.4                        71     0.011417 1.088585e-11 1.512485e-05       65
features.5                        58    -0.010106 1.345563e-12 7.608989e-06       73
features.5                         5    -0.001775 2.706566e-13 1.644377e-06       73
features.5                        60     0.000288 2.639200e-15 1.507891e-07       73
features.5                        22     0.000393 7.427854e-13 6.839552e-06       73
features.6                        20    -0.040653 8.580499e-13 1.120897e-05       73
features.6                        50    -0.007025 2.363608e-13 1.155100e-05       73
features.6                        59    -0.006838 1.363623e-13 1.016258e-06       73
features.6                       149    -0.006322 1.814017e-13 6.978341e-06       73
features.7                         4    -0.013933 4.355366e-11 1.413708e-05      105
features.7                        49    -0.009198 1.445240e-11 3.721984e-06      105
features.7                        19    -0.006232 8.615355e-12 2.060191e-06      105
features.7                       138    -0.003687 6.307872e-12 1.693960e-06      105
features.8                        84    -0.002229 1.375646e-13 3.319832e-08      137
features.8                       354     0.000045 2.959105e-13 2.344957e-07      137
features.8                       318     0.000774 5.267966e-15 3.024638e-08      137
features.8                       134     0.001134 2.096648e-14 5.472717e-08      137
features.8                       138     0.001244 8.501857e-15 4.862004e-08      137
features.8                       206     0.001416 3.923769e-13 3.566179e-07      137
features.8                       335     0.001460 4.756933e-15 5.294936e-08      137
features.9                        88    -0.006351 2.308772e-13 3.576930e-07      137
features.9                       243    -0.005926 1.906170e-13 2.420219e-07      137
features.9                        23    -0.005159 1.415962e-13 1.207015e-07      137
features.9                       338    -0.004783 1.943292e-13 3.450006e-07      137
features.9                        14    -0.004586 1.860519e-13 3.297962e-07      137
features.9                       252    -0.002309 1.181517e-13 2.565416e-07      137
features.9                       282    -0.002001 5.818786e-14 5.888685e-08      137
features.10                      137    -0.000912 3.971785e-14 1.186307e-08      137
features.10                      234     0.000135 3.543956e-15 2.581916e-09      137
features.10                      346     0.000576 4.983978e-14 2.698111e-08      137
features.10                        4     0.000817 4.151025e-14 2.484193e-08      137
features.10                      348     0.000956 6.474774e-14 3.651157e-08      137
features.10                      272     0.001177 2.472708e-13 1.220398e-07      137
features.10                      370     0.001376 1.220290e-14 1.528794e-08      137
features.11                       58    -0.054147 2.112861e-12 9.501102e-07      169
features.11                      171    -0.030864 2.036804e-12 2.485114e-06      169
features.11                      273    -0.019609 8.726811e-13 5.951214e-07      169
features.11                      112    -0.016525 7.417634e-13 5.162987e-07      169
features.11                      315    -0.015111 7.152220e-13 5.583610e-07      169
features.11                      329    -0.015093 1.068227e-12 1.383805e-06      169
features.11                      185    -0.013867 7.376997e-13 7.023071e-07      169
features.12                      504    -0.022452 4.288690e-13 7.012417e-08      201
features.12                      296    -0.005459 1.596948e-13 5.862117e-08      201
features.12                      183    -0.003885 8.186589e-14 1.787969e-08      201
features.12                      320    -0.002188 6.328981e-14 2.296449e-08      201
features.12                       66    -0.002066 1.950807e-13 1.231991e-07      201
features.12                      340    -0.000469 8.279289e-14 5.685202e-08      201
features.12                      502    -0.000304 1.038658e-13 7.451100e-08      201
features.12                      403     0.000278 3.785264e-15 5.960639e-09      201
features.12                       97     0.000437 7.507755e-14 6.122352e-08      201
features.12                      264     0.000503 5.633406e-15 9.867117e-09      201
features.12                       99     0.000916 4.904795e-16 1.062850e-08      201
features.13                        4    -0.002119 1.424962e-13 5.918745e-08      201
features.13                       29    -0.000880 4.263821e-14 1.598551e-08      201
features.13                      333    -0.000496 3.146710e-14 1.287455e-08      201
features.13                      187     0.000193 1.217108e-14 7.676779e-09      201
features.13                      339     0.000360 8.080183e-15 6.717377e-09      201
features.13                      114     0.000888 3.442183e-15 8.003745e-09      201
features.13                      195     0.001062 1.687649e-14 1.620070e-08      201
features.13                      148     0.001094 4.819420e-15 1.016245e-08      201
features.13                      459     0.001352 5.191020e-14 3.643742e-08      201
features.13                      169     0.001488 1.717466e-14 1.934319e-08      201
features.13                      431     0.001512 6.367671e-15 1.389295e-08      201
features.14                      264    -0.028658 1.756953e-12 1.519965e-08      265
features.14                      464    -0.001485 2.103856e-12 3.605676e-08      265
features.14                      117     0.000820 3.630006e-14 1.081949e-09      265
features.14                       40     0.000909 1.515427e-12 2.704827e-08      265
features.14                      278     0.003356 1.232032e-13 3.983903e-09      265
features.14                       50     0.003634 1.311215e-13 4.274122e-09      265
features.14                      306     0.005831 1.986613e-13 6.652369e-09      265
features.14                      292     0.010174 2.773968e-13 1.039388e-08      265
features.14                      152     0.011502 1.238161e-13 8.425048e-09      265
features.14                      472     0.011544 1.856326e-13 9.530918e-09      265
features.14                      395     0.012861 2.210472e-13 1.086775e-08      265
features.15                      809    -0.009529 3.247833e-13 1.086903e-08      329
features.15                      449     0.000276 1.670630e-14 1.256381e-09      329
features.15                      664     0.000934 2.522063e-14 2.368239e-09      329
features.15                      620     0.002174 4.149677e-14 4.477728e-09      329
features.15                      858     0.002533 1.681838e-15 2.407968e-09      329
features.15                       20     0.002943 3.236416e-14 4.628260e-09      329
features.15                      153     0.003169 7.046313e-14 7.126963e-09      329
features.15                      761     0.003258 3.325097e-15 3.166852e-09      329
features.15                      218     0.003763 2.617457e-15 3.584337e-09      329
features.15                      721     0.003943 2.581979e-14 5.144349e-09      329
features.15                      296     0.004911 1.036763e-14 5.096346e-09      329
features.15                      789     0.006567 4.286620e-14 8.560709e-09      329
features.15                      397     0.007037 2.212201e-14 7.739390e-09      329
features.15                      135     0.007602 3.442626e-15 7.130344e-09      329
features.15                      124     0.007888 7.838415e-14 1.190127e-08      329
features.15                      593     0.007910 6.417883e-15 7.589968e-09      329
features.15                      294     0.008371 1.375112e-15 7.706388e-09      329
features.15                      614     0.008372 1.723343e-14 8.661805e-09      329
features.16                      560    -0.001184 1.418880e-13 1.071123e-08      329
features.16                      833    -0.000935 1.151167e-13 8.851080e-09      329
features.16                      593    -0.000863 7.506491e-14 4.184957e-09      329
features.16                       33    -0.000699 7.316734e-14 4.972731e-09      329
features.16                      533    -0.000696 4.139713e-14 9.325689e-10      329
features.16                      206    -0.000424 1.060563e-13 1.089278e-08      329
features.16                      658    -0.000398 2.022264e-13 2.333863e-08      329
features.16                      796    -0.000337 3.171917e-14 1.939497e-09      329
features.16                      500    -0.000314 2.809150e-14 1.620587e-09      329
features.16                      466    -0.000230 2.548468e-14 1.817140e-09      329
features.16                      166    -0.000188 1.639431e-14 9.154855e-10      329
features.16                        6    -0.000145 9.302221e-15 2.793302e-10      329
features.16                      832    -0.000134 1.416751e-14 9.735041e-10      329
features.16                      772    -0.000016 5.686161e-15 6.262456e-10      329
features.16                      845    -0.000009 4.796584e-14 6.072299e-09      329
features.16                       80     0.000000 0.000000e+00 0.000000e+00      329
features.16                      348     0.000000 0.000000e+00 0.000000e+00      329
features.16                      404     0.000000 0.000000e+00 0.000000e+00      329
features.17                      800    -0.012311 2.977310e-13 6.286064e-09      489
features.17                      231    -0.011416 3.281351e-13 8.797093e-09      489
features.17                      507    -0.009870 2.362049e-13 4.897243e-09      489
features.17                       34    -0.007762 2.192144e-13 5.759661e-09      489
features.17                      850    -0.006644 5.231783e-13 2.406605e-08      489
features.17                      878    -0.004379 3.359161e-13 1.535397e-08      489
features.17                      587    -0.003560 2.828079e-13 1.303637e-08      489
features.17                       72    -0.003360 1.383055e-13 4.969230e-09      489
features.17                      264    -0.002964 2.459381e-13 1.145136e-08      489
features.17                      335    -0.002913 1.700060e-13 7.165665e-09      489
features.17                      312    -0.001599 2.793585e-13 1.454370e-08      489
features.17                      186    -0.001521 2.361059e-13 1.214476e-08      489
features.17                        3    -0.001105 1.244803e-13 6.139075e-09      489
features.17                      338    -0.001014 1.262663e-13 6.320840e-09      489
features.17                      875    -0.000984 1.517121e-13 7.797478e-09      489
features.17                      821    -0.000412 9.299510e-14 4.945994e-09      489
features.17                      396    -0.000243 9.274318e-14 5.078633e-09      489
features.17                      614    -0.000150 2.099507e-13 1.184340e-08      489
features.18                      180     0.018988 1.457735e-16 2.103894e-12      320
features.18                       63     0.022349 7.711639e-16 2.482866e-12      320
features.18                      136     0.025892 1.724372e-15 2.885484e-12      320
features.18                      629     0.026906 1.422059e-15 2.994471e-12      320
features.18                      202     0.028401 5.125276e-15 3.200501e-12      320
features.18                      239     0.029910 6.007872e-16 3.318030e-12      320
features.18                      620     0.031029 3.292946e-16 3.438964e-12      320
features.18                     1246     0.032203 1.438074e-15 3.581148e-12      320
features.18                      989     0.035864 1.888210e-16 3.972757e-12      320
features.18                      199     0.035884 8.805447e-17 3.973856e-12      320
features.18                      639     0.036859 9.687056e-16 4.091417e-12      320
features.18                      134     0.037825 4.389052e-15 4.235841e-12      320
features.18                      927     0.041380 1.292688e-15 4.595600e-12      320
features.18                      194     0.041695 9.367391e-16 4.626474e-12      320
features.18                      514     0.043531 4.754263e-16 4.824795e-12      320
features.18                     1121     0.047285 1.506629e-15 5.251650e-12      320
features.18                      848     0.048012 1.067585e-16 5.316795e-12      320
features.18                      455     0.048687 4.180924e-16 5.394954e-12      320
features.18                     1176     0.048823 1.819885e-15 5.425345e-12      320
features.18                     1116     0.048927 2.154960e-15 5.440553e-12      320
features.18                      478     0.049938 7.869020e-17 5.529706e-12      320
features.18                      520     0.049968 2.739609e-16 5.535200e-12      320
features.18                      567     0.050623 7.391833e-16 5.612841e-12      320
features.18                     1154     0.052017 3.411143e-15 5.796428e-12      320
