================================================================================
Channel Pruning Log
  dataset    : CelebA
  impt_type  : 2
  seed       : 42
  iteration  : 8
  alpha      : 0.5000
  norm       : rank
  timestamp  : 2026-08-31 00:53:19
  remove_target  : 85020
  accum_removed  : 85119
  selected_channels : 335
  gamma             : 0.0050
  cap_multiplier    : None
  remove_target_met : yes
  total_params   : 2289600
  active_after   : 1275385
  model_sparsity : 44.3%
================================================================================

[ 레이어별 채널 제거 비율 ]
  layer                total_ch  this_iter    cumul  cumul_%
  ----------------------------------------------------------
  features.1                 32          1        7    21.9%
  features.2                 96          2       75    78.1%
  features.3                144          7       74    51.4%
  features.4                144          7       55    38.2%
  features.5                192          8      118    61.5%
  features.6                192         15      129    67.2%
  features.7                192          7      110    57.3%
  features.8                384         16      265    69.0%
  features.9                384         27      264    68.8%
  features.10               384         19      258    67.2%
  features.11               384         13      215    56.0%
  features.12               576         20      378    65.6%
  features.13               576         25      395    68.6%
  features.14               576         25      276    47.9%
  features.15               960         39      648    67.5%
  features.16               960         52      600    62.5%
  features.17               960         52      388    40.4%

[ 레이어별 보호 영역 (γ=0.0050) ]
  layer                  active  protected  protect_%
  --------------------------------------------------
  features.1                 26          1       3.8%
  features.2                 23          1       4.3%
  features.3                 77          1       1.3%
  features.4                 96          1       1.0%
  features.5                 82          1       1.2%
  features.6                 78          1       1.3%
  features.7                 89          1       1.1%
  features.8                135          1       0.7%
  features.9                147          1       0.7%
  features.10               145          1       0.7%
  features.11               182          1       0.5%
  features.12               218          2       0.9%
  features.13               206          2       1.0%
  features.14               325          2       0.6%
  features.15               351          2       0.6%
  features.16               412          3       0.7%
  features.17               624          4       0.6%

[ 블록별 제거 채널 수 ]
  features.1: 1채널 제거
  features.10: 19채널 제거
  features.11: 13채널 제거
  features.12: 20채널 제거
  features.13: 25채널 제거
  features.14: 25채널 제거
  features.15: 39채널 제거
  features.16: 52채널 제거
  features.17: 52채널 제거
  features.2: 2채널 제거
  features.3: 7채널 제거
  features.4: 7채널 제거
  features.5: 8채널 제거
  features.6: 15채널 제거
  features.7: 7채널 제거
  features.8: 16채널 제거
  features.9: 27채널 제거

[ 선택된 채널 상세 ]
  (phi/perf: raw, phi_n/perf_n: 정규화 후 값 — score = α·perf_n − (1−α)·phi_n)
block                             ch        score          phi         perf    phi_n   perf_n  weights
----------------------------------------------------------------------------------------------------
features.8                        58    -0.376866 6.926837e-04 8.308367e-09   0.7985   0.0448      137
features.15                      748    -0.324286 1.014415e-03 2.072670e-09   0.6943   0.0457      329
features.15                      248    -0.318571 1.260243e-03 6.805616e-09   0.7657   0.1286      329
features.13                      201    -0.317073 6.005812e-04 8.953097e-09   0.7561   0.1220      201
features.8                        29    -0.313433 4.484598e-04 5.359809e-09   0.6418   0.0149      137
features.7                       175    -0.306818 5.284104e-03 4.191609e-08   0.7045   0.0909      105
features.6                        24    -0.305195 4.040976e-04 3.416831e-08   0.6883   0.0779       73
features.13                      497    -0.304878 6.206355e-04 1.106109e-08   0.7659   0.1561      201
features.16                       33    -0.302920 1.576271e-03 1.433358e-10   0.6277   0.0219      329
features.13                      162    -0.300000 4.752882e-04 5.016438e-09   0.6780   0.0780      201
features.8                       340    -0.298507 5.476610e-04 1.903122e-08   0.7313   0.1343      137
features.12                      274    -0.292627 5.779744e-04 1.025588e-08   0.7512   0.1659      201
features.11                      303    -0.290055 2.731797e-03 4.572611e-08   0.7735   0.1934      169
features.12                       52    -0.278802 4.063813e-04 1.536126e-09   0.6221   0.0645      201
features.16                      783    -0.278589 8.956623e-03 8.453653e-09   0.9635   0.4063      329
features.16                      462    -0.278589 5.874876e-03 7.181116e-09   0.9100   0.3528      329
features.14                      365    -0.276235 3.065457e-03 3.818823e-09   0.7191   0.1667      265
features.14                      387    -0.274691 3.640841e-03 5.064134e-09   0.7716   0.2222      265
features.10                      286    -0.274306 4.076099e-04 1.112598e-09   0.5972   0.0486      137
features.9                       237    -0.273973 4.118945e-04 3.899901e-09   0.6027   0.0548      137
features.14                       62    -0.273148 2.842986e-03 3.253005e-09   0.6914   0.1451      265
features.10                      281    -0.270833 4.881385e-04 3.402297e-09   0.6528   0.1111      137
features.16                      188    -0.270073 1.503954e-03 8.407749e-10   0.6131   0.0730      329
features.15                      420    -0.270000 8.543347e-04 5.045383e-09   0.6286   0.0886      329
features.8                       110    -0.264925 6.761273e-04 3.105418e-08   0.7910   0.2612      137
features.10                      111    -0.263889 1.216642e-03 1.248253e-08   0.9097   0.3819      137
features.12                      559    -0.262673 6.810763e-04 1.506149e-08   0.7834   0.2581      201
features.7                       100    -0.261364 1.602063e-02 1.085230e-07   0.9432   0.4205      105
features.16                      153    -0.260341 2.308892e-03 4.039470e-09   0.7348   0.2141      329
features.9                       189    -0.260274 6.814818e-04 1.258997e-08   0.7603   0.2397      137
features.9                        44    -0.260274 7.504235e-04 1.377097e-08   0.7877   0.2671      137
features.6                        46    -0.259740 1.807395e-03 1.312701e-07   0.9091   0.3896       73
features.13                      441    -0.258537 9.728360e-04 2.538421e-08   0.8488   0.3317      201
features.13                      524    -0.258537 4.122968e-04 7.774608e-09   0.6195   0.1024      201
features.12                      394    -0.255760 1.451890e-03 2.134547e-08   0.8986   0.3871      201
features.14                       19    -0.254630 3.029416e-03 4.334944e-09   0.7099   0.2006      265
features.13                      459    -0.253659 8.541169e-04 2.500954e-08   0.8244   0.3171      201
features.2                        58    -0.250000 3.842092e-04 1.960882e-06   0.5909   0.0909       49
features.3                       123    -0.250000 2.360525e-03 4.153983e-07   0.8816   0.3816       57
features.16                      773    -0.248175 1.342405e-03 1.221286e-09   0.5839   0.0876      329
features.16                      608    -0.246959 1.451336e-03 1.976194e-09   0.6058   0.1119      329
features.6                       162    -0.246753 2.759472e-04 1.246959e-08   0.5195   0.0260       73
features.10                       75    -0.246528 1.449885e-03 1.476773e-08   0.9375   0.4444      137
features.8                       264    -0.246269 4.454135e-04 1.994899e-08   0.6343   0.1418      137
features.15                      531    -0.245714 7.517168e-04 4.667646e-09   0.5743   0.0829      329
features.17                       44    -0.243981 4.265074e-03 1.072893e-09   0.8989   0.4109      489
features.14                      548    -0.243827 3.049231e-03 5.104766e-09   0.7130   0.2253      265
features.9                       360    -0.243151 3.971521e-04 5.589859e-09   0.5753   0.0890      137
features.10                      371    -0.243056 8.498831e-04 1.116596e-08   0.8403   0.3542      137
features.10                      302    -0.243056 4.542655e-03 1.708841e-08   1.0000   0.5139      137
features.10                      313    -0.243056 5.679034e-04 5.584960e-09   0.7014   0.2153      137
features.5                        37    -0.240741 1.595934e-03 1.748055e-07   0.8765   0.3951       73
features.6                        79    -0.240260 5.971304e-04 1.070323e-07   0.7922   0.3117       73
features.9                        24    -0.239726 2.225143e-03 2.987481e-08   0.9795   0.5000      137
features.9                        42    -0.239726 3.986338e-04 5.921424e-09   0.5890   0.1096      137
features.9                         8    -0.239726 1.196722e-03 2.085860e-08   0.8836   0.4041      137
features.13                      120    -0.239024 1.333160e-03 3.266626e-08   0.9024   0.4244      201
features.8                       379    -0.238806 4.783000e-04 2.831521e-08   0.6866   0.2090      137
features.16                      492    -0.237226 1.419031e-03 2.266404e-09   0.6010   0.1265      329
features.15                      454    -0.232857 1.036876e-03 1.121234e-08   0.7057   0.2400      329
features.15                      667    -0.232857 9.167203e-04 1.004587e-08   0.6657   0.2000      329
features.17                      365    -0.232745 4.350328e-03 1.132618e-09   0.9037   0.4382      489
features.12                      565    -0.232719 5.979335e-04 1.664477e-08   0.7650   0.2995      201
features.15                      646    -0.231429 1.887608e-03 1.653142e-08   0.8629   0.4000      329
features.8                       313    -0.231343 3.990907e-04 1.779790e-08   0.5672   0.1045      137
features.8                       140    -0.231343 6.426394e-04 3.383512e-08   0.7687   0.3060      137
features.13                      169    -0.229268 1.230950e-03 3.275272e-08   0.8878   0.4293      201
features.16                      827    -0.228710 1.660812e-03 3.679107e-09   0.6423   0.1849      329
features.16                      524    -0.228710 6.461808e-03 9.441006e-09   0.9246   0.4672      329
features.5                       181    -0.228395 5.048891e-04 6.499016e-08   0.6173   0.1605       73
features.17                      120    -0.227929 1.562729e-03 4.990553e-10   0.6437   0.1878      489
features.6                       114    -0.227273 3.863054e-03 2.215230e-07   0.9870   0.5325       73
features.17                      101    -0.227127 4.885505e-03 1.178331e-09   0.9149   0.4607      489
features.16                      541    -0.226277 1.067743e-03 8.046192e-10   0.5182   0.0657      329
features.16                      596    -0.226277 2.059964e-03 5.190290e-09   0.7105   0.2579      329
features.9                       244    -0.226027 4.492572e-04 1.194095e-08   0.6712   0.2192      137
features.15                      405    -0.225714 1.157631e-03 1.265205e-08   0.7343   0.2829      329
features.14                       25    -0.225309 6.997064e-03 1.089203e-08   0.9198   0.4691      265
features.14                      112    -0.225309 4.279942e-03 8.452274e-09   0.8210   0.3704      265
features.3                         0    -0.223684 1.573055e-03 3.867685e-07   0.8026   0.3553       57
features.12                      169    -0.223502 4.221488e-04 1.224972e-08   0.6452   0.1982      201
features.15                      722    -0.222857 2.990416e-03 1.823713e-08   0.9171   0.4714      329
features.9                       145    -0.222603 4.801736e-04 1.203342e-08   0.6781   0.2329      137
features.17                      712    -0.222311 2.030194e-03 7.381448e-10   0.7416   0.2970      489
features.5                        43    -0.222222 4.447081e-04 4.578285e-08   0.5556   0.1111       73
features.13                      255    -0.221951 3.487674e-04 7.913915e-09   0.5561   0.1122      201
features.15                      131    -0.221429 1.219223e-03 1.355178e-08   0.7571   0.3143      329
features.11                      275    -0.220994 3.861942e-03 1.009658e-07   0.8785   0.4365      169
features.6                        69    -0.220779 5.300854e-04 1.089947e-07   0.7792   0.3377       73
features.6                       136    -0.220779 3.483736e-04 6.280215e-08   0.6494   0.2078       73
features.8                       365    -0.220149 4.156266e-04 2.294057e-08   0.6045   0.1642      137
features.1                        13    -0.220000 9.882335e-04 1.973136e-07   0.7200   0.2800       25
features.17                      724    -0.219904 3.429677e-03 1.081521e-09   0.8555   0.4157      489
features.17                      554    -0.219101 1.089681e-03 2.811213e-10   0.5169   0.0787      489
features.11                      325    -0.218232 1.292075e-03 1.224032e-08   0.4696   0.0331      169
features.14                        9    -0.217593 5.035257e-03 9.941173e-09   0.8580   0.4228      265
features.15                      493    -0.217143 7.824230e-04 8.789760e-09   0.6057   0.1714      329
features.3                        73    -0.217105 6.139003e-04 1.495105e-07   0.5789   0.1447       57
features.9                        88    -0.215753 5.576444e-04 1.412988e-08   0.7123   0.2808      137
features.10                      171    -0.215278 7.021135e-04 1.065599e-08   0.7708   0.3403      137
features.13                      208    -0.214634 7.581274e-04 2.801360e-08   0.7951   0.3659      201
features.14                      132    -0.214506 4.146074e-03 8.809677e-09   0.8117   0.3827      265
features.6                        94    -0.214286 2.825168e-03 2.226441e-07   0.9740   0.5455       73
features.15                      427    -0.214286 1.071778e-03 1.335616e-08   0.7229   0.2943      329
features.16                      660    -0.212895 3.334258e-03 8.026612e-09   0.8151   0.3893      329
features.8                        16    -0.212687 3.455853e-04 1.522494e-08   0.4925   0.0672      137
features.9                        83    -0.212329 7.395843e-04 1.794875e-08   0.7808   0.3562      137
features.9                       377    -0.212329 4.186195e-04 1.006891e-08   0.6096   0.1849      137
features.13                      118    -0.212195 1.359594e-03 3.701756e-08   0.9122   0.4878      201
features.17                      412    -0.211878 1.238944e-03 3.981696e-10   0.5682   0.1445      489
features.10                        4    -0.211806 6.543867e-04 1.029421e-08   0.7431   0.3194      137
features.16                      824    -0.211679 1.025452e-03 8.058696e-10   0.4915   0.0681      329
features.15                      277    -0.211429 2.288032e-03 1.811842e-08   0.8857   0.4629      329
features.4                        64    -0.210526 8.482885e-03 1.002416e-07   0.7684   0.3474       65
features.3                        97    -0.210526 1.767072e-03 4.257485e-07   0.8158   0.3947       57
features.11                      267    -0.209945 2.078603e-03 6.546841e-08   0.6961   0.2762      169
features.13                      354    -0.209756 4.902644e-04 1.887731e-08   0.6927   0.2732      201
features.9                        70    -0.208904 3.950010e-04 7.947282e-09   0.5616   0.1438      137
features.10                      351    -0.208333 8.578129e-04 1.436198e-08   0.8472   0.4306      137
features.13                      112    -0.207317 6.579102e-04 2.738941e-08   0.7707   0.3561      201
features.11                      299    -0.207182 2.669431e-03 7.727487e-08   0.7569   0.3425      169
features.16                       96    -0.206813 4.241006e-03 9.097896e-09   0.8637   0.4501      329
features.15                       96    -0.205714 1.650194e-03 1.655114e-08   0.8171   0.4057      329
features.16                      671    -0.205596 5.961058e-03 1.049985e-08   0.9173   0.5061      329
features.16                      936    -0.205596 3.491008e-03 8.488517e-09   0.8200   0.4088      329
features.13                      223    -0.204878 3.283904e-04 7.845268e-09   0.5171   0.1073      201
features.10                       24    -0.204861 8.847691e-04 1.522765e-08   0.8611   0.4514      137
features.15                      107    -0.204286 9.515544e-04 1.221570e-08   0.6771   0.2686      329
features.3                         5    -0.203947 3.462692e-04 7.723850e-08   0.4342   0.0263       57
features.3                       125    -0.203947 8.819705e-04 2.073536e-07   0.6447   0.2368       57
features.14                      425    -0.203704 2.869846e-03 6.991851e-09   0.7006   0.2932      265
features.14                       15    -0.203704 2.541745e-03 5.124970e-09   0.6389   0.2315      265
features.16                       31    -0.203163 2.204311e-02 1.230424e-08   0.9903   0.5839      329
features.16                      605    -0.203163 1.041660e-03 1.491683e-09   0.4964   0.0900      329
features.15                      453    -0.202857 1.635381e-03 1.677436e-08   0.8143   0.4086      329
features.17                      529    -0.202247 2.284388e-03 9.201107e-10   0.7673   0.3628      489
features.8                        42    -0.201493 9.667075e-04 5.657562e-08   0.8507   0.4478      137
features.15                      872    -0.201429 5.648599e-04 4.162228e-09   0.4829   0.0800      329
features.16                      856    -0.200730 1.983412e-03 6.078102e-09   0.7080   0.3066      329
features.14                      433    -0.200617 2.002230e-03 2.029143e-09   0.5031   0.1019      265
features.14                       72    -0.200617 2.709445e-03 6.134550e-09   0.6728   0.2716      265
features.12                      372    -0.200461 5.812745e-04 1.969931e-08   0.7558   0.3548      201
features.16                      217    -0.199513 3.051726e-03 8.066571e-09   0.7908   0.3917      329
features.7                       125    -0.198864 1.579527e-02 1.397669e-07   0.9318   0.5341      105
features.17                      160    -0.198234 4.142874e-03 1.229673e-09   0.8909   0.4944      489
features.5                       131    -0.197531 3.633097e-04 3.312130e-08   0.4815   0.0864       73
features.14                      170    -0.197531 2.279333e-03 4.045337e-09   0.5679   0.1728      265
features.16                      381    -0.197080 3.221767e-03 8.548191e-09   0.8054   0.4112      329
features.14                       76    -0.195988 3.983245e-03 9.739787e-09   0.8056   0.4136      265
features.14                      374    -0.195988 4.485229e-03 1.023046e-08   0.8333   0.4414      265
features.16                      329    -0.195864 1.017277e-03 1.730947e-09   0.4866   0.0949      329
features.12                      156    -0.195853 8.275392e-04 2.479282e-08   0.8341   0.4424      201
features.17                      726    -0.195827 5.631190e-03 1.416959e-09   0.9422   0.5506      489
features.15                      743    -0.195714 5.106252e-04 3.312391e-09   0.4486   0.0571      329
features.9                       370    -0.195205 7.980085e-04 2.158690e-08   0.8014   0.4110      137
features.17                        6    -0.195024 9.184932e-04 2.153306e-10   0.4382   0.0482      489
features.6                        71    -0.194805 3.219864e-04 6.813456e-08   0.6234   0.2338       73
features.4                        89    -0.194737 5.446514e-03 7.858416e-08   0.6526   0.2632       65
features.10                      325    -0.194444 5.318976e-04 8.070545e-09   0.6806   0.2917      137
features.15                      357    -0.194286 5.792157e-04 5.970333e-09   0.5057   0.1171      329
features.15                      541    -0.194286 8.520633e-04 1.103595e-08   0.6229   0.2343      329
features.12                      164    -0.193548 1.588469e-03 3.310468e-08   0.9217   0.5346      201
features.16                       30    -0.193431 1.795749e-03 5.876017e-09   0.6740   0.2871      329
features.16                      959    -0.193431 1.368033e-03 3.970954e-09   0.5937   0.2068      329
features.7                        81    -0.193182 4.861641e-03 7.684909e-08   0.6477   0.2614      105
features.16                      755    -0.192214 9.437617e-04 9.795479e-10   0.4623   0.0779      329
features.17                      206    -0.191814 1.894597e-03 8.479195e-10   0.7239   0.3403      489
features.17                      580    -0.191814 3.578754e-03 1.204790e-09   0.8620   0.4783      489
features.9                       102    -0.191781 1.502960e-03 3.523454e-08   0.9315   0.5479      137
features.9                       365    -0.191781 2.081045e-03 3.746415e-08   0.9658   0.5822      137
features.15                      511    -0.191429 8.851197e-04 1.206319e-08   0.6400   0.2571      329
features.14                       77    -0.191358 6.694219e-03 1.238147e-08   0.9167   0.5340      265
features.12                      393    -0.191244 5.468201e-04 1.921351e-08   0.7327   0.3502      201
features.16                      555    -0.190998 1.416666e-03 4.159951e-09   0.5985   0.2165      329
features.11                      370    -0.190608 2.249787e-03 7.346161e-08   0.7072   0.3260      169
features.17                      708    -0.190209 4.898449e-03 1.367180e-09   0.9165   0.5361      489
features.16                      382    -0.189781 1.340408e-03 3.785917e-09   0.5815   0.2019      329
features.12                      348    -0.188940 7.373905e-04 2.344902e-08   0.7972   0.4194      201
features.9                       283    -0.188356 4.335625e-04 1.323609e-08   0.6370   0.2603      137
features.6                        78    -0.188312 4.156375e-04 1.255904e-07   0.7273   0.3506       73
features.6                        42    -0.188312 2.273203e-03 2.329019e-07   0.9481   0.5714       73
features.14                       47    -0.188272 3.065203e-03 7.912679e-09   0.7160   0.3395      265
features.16                      862    -0.187348 1.457168e-03 4.602239e-09   0.6083   0.2336      329
features.16                      917    -0.187348 7.280281e-03 1.199862e-08   0.9440   0.5693      329
features.12                      327    -0.186636 4.940233e-04 1.716116e-08   0.6866   0.3134      201
features.8                        45    -0.186567 2.957635e-04 4.342893e-09   0.3731   0.0000      137
features.17                      213    -0.186196 1.552889e-03 6.589184e-10   0.6404   0.2681      489
features.17                        2    -0.186196 4.341170e-03 1.349300e-09   0.9021   0.5297      489
features.17                      117    -0.186196 7.476789e-03 1.547240e-09   0.9727   0.6003      489
features.17                      396    -0.186196 1.049724e-03 3.823729e-10   0.5040   0.1316      489
features.13                      379    -0.185366 4.769359e-04 2.438996e-08   0.6829   0.3122      201
features.13                      389    -0.185366 2.014201e-03 4.433549e-08   0.9463   0.5756      201
features.13                      444    -0.185366 2.089231e-03 4.445758e-08   0.9512   0.5805      201
features.13                      448    -0.185366 2.848257e-04 5.411422e-09   0.4585   0.0878      201
features.5                       158    -0.185185 6.697759e-04 1.701502e-07   0.7531   0.3827       73
features.5                       121    -0.185185 1.381507e-03 2.368464e-07   0.8395   0.4691       73
features.9                       323    -0.184931 8.780098e-04 2.448442e-08   0.8219   0.4521      137
features.15                       14    -0.184286 7.763437e-04 1.098982e-08   0.6000   0.2314      329
features.15                       39    -0.184286 4.718124e-04 2.169034e-09   0.4171   0.0486      329
features.3                        74    -0.184211 4.465950e-04 1.487588e-07   0.5000   0.1316       57
features.16                      269    -0.183698 1.061342e-03 2.643859e-09   0.5085   0.1411      329
features.17                      307    -0.182986 3.747067e-03 1.279882e-09   0.8764   0.5104      489
features.17                      285    -0.182986 1.777872e-03 8.211594e-10   0.6966   0.3307      489
features.17                      566    -0.182986 2.815316e-03 1.157910e-09   0.8154   0.4494      489
features.16                      625    -0.182482 1.103334e-03 3.282341e-09   0.5304   0.1655      329
features.16                      944    -0.182482 7.983958e-04 3.943466e-10   0.4136   0.0487      329
features.17                      395    -0.182183 3.628129e-03 1.269193e-09   0.8700   0.5056      489
features.14                      230    -0.182099 8.975795e-03 1.420688e-08   0.9660   0.6019      265
features.12                      407    -0.182028 3.292165e-04 1.005157e-08   0.5207   0.1567      201
features.2                        43    -0.181818 3.110686e-04 3.116176e-06   0.5455   0.1818       49
features.6                       129    -0.181818 2.442734e-03 2.351472e-07   0.9610   0.5974       73
features.6                       170    -0.181818 1.915964e-04 7.452254e-09   0.3766   0.0130       73
features.15                      100    -0.181429 2.776561e-03 2.079272e-08   0.9086   0.5457      329
features.17                      231    -0.181380 1.263962e-03 5.505312e-10   0.5746   0.2119      489
features.17                      302    -0.181380 1.317687e-03 5.969900e-10   0.5923   0.2295      489
features.17                       48    -0.181380 1.863785e-03 8.868680e-10   0.7175   0.3547      489
features.10                       58    -0.180556 4.376157e-04 6.633032e-09   0.6181   0.2569      137
features.10                      348    -0.180556 3.631755e-04 5.026761e-09   0.5486   0.1875      137
features.15                      949    -0.180000 2.069682e-03 1.986870e-08   0.8771   0.5171      329
features.17                      772    -0.179775 1.862412e-03 9.040334e-10   0.7159   0.3563      489
features.12                      104    -0.179724 4.167668e-04 1.593820e-08   0.6313   0.2719      201
features.12                      308    -0.179724 1.057061e-03 3.260399e-08   0.8710   0.5115      201
features.5                       101    -0.179012 2.138474e-03 3.073729e-07   0.9259   0.5679       73
features.17                       90    -0.178973 5.681518e-03 1.505791e-09   0.9438   0.5859      489
features.15                      356    -0.178571 1.480185e-03 1.774376e-08   0.7971   0.4400      329
features.15                      159    -0.178571 1.018159e-03 1.456935e-08   0.6971   0.3400      329
features.9                         3    -0.178082 7.665503e-04 2.389505e-08   0.7945   0.4384      137
features.9                       279    -0.178082 3.671348e-04 9.590776e-09   0.5274   0.1712      137
features.9                        89    -0.178082 1.751540e-03 3.966412e-08   0.9452   0.5890      137
features.16                      169    -0.177616 9.452878e-04 1.939806e-09   0.4647   0.1095      329
features.16                      539    -0.177616 9.189201e-04 1.756096e-09   0.4526   0.0973      329
features.16                      385    -0.177616 2.803073e-03 8.611674e-09   0.7786   0.4234      329
features.12                      291    -0.177419 2.781186e-04 3.770594e-09   0.4378   0.0829      201
features.17                       69    -0.177368 6.169820e-03 1.545010e-09   0.9535   0.5987      489
features.17                       70    -0.177368 2.106084e-03 1.025154e-09   0.7512   0.3965      489
features.17                      672    -0.177368 2.040144e-03 1.019384e-09   0.7448   0.3900      489
features.15                       20    -0.177143 1.363531e-03 1.717587e-08   0.7743   0.4200      329
features.15                      545    -0.177143 8.211171e-03 2.555535e-08   0.9857   0.6314      329
features.11                       98    -0.176796 2.999300e-03 1.055129e-07   0.8011   0.4475      169
features.11                       20    -0.176796 1.165039e-03 2.220074e-08   0.4365   0.0829      169
features.17                      246    -0.176565 1.671825e-03 7.937649e-10   0.6726   0.3194      489
features.7                       166    -0.176136 3.737159e-03 6.701696e-08   0.5341   0.1818      105
features.15                      114    -0.175714 5.529140e-04 6.722095e-09   0.4743   0.1229      329
features.15                      190    -0.175714 4.365853e-04 9.623606e-10   0.3886   0.0371      329
features.13                       12    -0.175610 3.675264e-04 1.401284e-08   0.5659   0.2146      201
features.13                      486    -0.175610 7.772241e-04 3.419550e-08   0.8098   0.4585      201
features.8                       325    -0.175373 1.849993e-03 8.453065e-08   0.9627   0.6119      137
features.6                        75    -0.175325 8.802381e-04 1.551587e-07   0.8182   0.4675       73
features.16                      124    -0.175182 1.046680e-03 2.838551e-09   0.4988   0.1484      329
features.9                       202    -0.174658 1.800323e-03 4.199437e-08   0.9521   0.6027      137
features.9                       342    -0.174658 3.449586e-04 8.774769e-09   0.5137   0.1644      137
features.9                         6    -0.174658 1.442002e-03 3.686217e-08   0.9247   0.5753      137
features.15                      600    -0.174286 1.166769e-03 1.616874e-08   0.7400   0.3914      329
features.17                       12    -0.174157 1.097403e-03 4.670027e-10   0.5217   0.1734      489
features.11                      170    -0.174033 1.991030e-03 7.211425e-08   0.6685   0.3204      169
features.16                      121    -0.173966 1.056958e-03 3.093459e-09   0.5061   0.1582      329
features.4                       141    -0.173684 1.053015e-02 1.425029e-07   0.8211   0.4737       65
features.10                      266    -0.173611 6.989232e-04 1.352568e-08   0.7639   0.4167      137
features.17                      297    -0.173355 1.946795e-03 9.950655e-10   0.7335   0.3868      489
features.13                      168    -0.173171 7.943037e-04 3.544491e-08   0.8195   0.4732      201
features.15                       59    -0.172857 3.758054e-04 9.708851e-11   0.3543   0.0086      329
features.16                      114    -0.172749 7.355604e-03 1.266886e-08   0.9465   0.6010      329
features.16                      728    -0.172749 4.886528e-03 1.144646e-08   0.8856   0.5401      329
features.17                      388    -0.171750 1.122008e-03 4.993140e-10   0.5329   0.1894      489
features.16                       18    -0.171533 2.187879e-03 7.963521e-09   0.7251   0.3820      329
features.15                      664    -0.171429 1.063642e-03 1.551848e-08   0.7200   0.3771      329
features.11                      163    -0.171271 8.905098e-03 1.835273e-07   0.9834   0.6409      169
features.9                       157    -0.171233 2.478949e-03 4.378606e-08   0.9863   0.6438      137
features.9                       228    -0.171233 1.963433e-03 4.262797e-08   0.9589   0.6164      137
features.17                       95    -0.170947 8.997543e-03 1.622488e-09   0.9791   0.6372      489
features.17                      863    -0.170947 2.140176e-03 1.076668e-09   0.7560   0.4141      489
features.13                      487    -0.170732 3.361064e-04 1.272386e-08   0.5220   0.1805      201
features.12                      111    -0.170507 7.568128e-04 2.567490e-08   0.8065   0.4654      201
features.12                      113    -0.170507 5.208863e-04 2.122233e-08   0.7189   0.3779      201
features.7                        66    -0.170455 3.436726e-03 5.060025e-08   0.4773   0.1364      105
features.10                      356    -0.170139 1.015201e-03 1.780972e-08   0.8819   0.5417      137
features.15                       73    -0.170000 9.058139e-04 1.357363e-08   0.6571   0.3171      329
features.14                      490    -0.169753 1.942624e-03 3.156726e-09   0.4784   0.1389      265
features.16                      429    -0.169100 4.787737e-03 1.145986e-08   0.8808   0.5426      329
features.17                       76    -0.168539 2.887533e-03 1.222877e-09   0.8283   0.4912      489
features.17                      239    -0.168539 9.673712e-04 3.896235e-10   0.4719   0.1348      489
features.17                      279    -0.168539 2.624616e-03 1.176286e-09   0.7961   0.4591      489
features.17                      291    -0.168539 9.565164e-04 3.740367e-10   0.4655   0.1284      489
features.17                      605    -0.168539 3.935718e-03 1.401346e-09   0.8828   0.5457      489
features.11                       51    -0.168508 4.011988e-03 1.374907e-07   0.8895   0.5525      169
features.11                       63    -0.168508 2.115102e-03 8.344649e-08   0.7017   0.3646      169
features.13                      463    -0.168293 2.940979e-04 1.055588e-08   0.4780   0.1415      201
features.8                       176    -0.167910 4.134889e-04 3.060946e-08   0.5896   0.2537      137
features.8                        49    -0.167910 1.980819e-03 9.164956e-08   0.9776   0.6418      137
features.9                       317    -0.167808 1.263959e-03 3.580448e-08   0.8973   0.5616      137
features.17                      959    -0.167737 1.260333e-03 6.089528e-10   0.5714   0.2360      489
features.15                      268    -0.167143 4.984953e-04 5.529378e-09   0.4371   0.1029      329
features.15                      396    -0.167143 8.797565e-04 1.340098e-08   0.6343   0.3000      329
features.15                      751    -0.167143 1.733934e-03 1.930315e-08   0.8371   0.5029      329
features.17                      344    -0.166934 2.336319e-03 1.142852e-09   0.7753   0.4414      489
features.5                       150    -0.166667 5.435940e-04 1.371648e-07   0.6420   0.3086       73
features.16                      369    -0.166667 3.500862e-03 1.023957e-08   0.8224   0.4891      329
features.12                      198    -0.165899 3.819768e-04 1.591827e-08   0.5991   0.2673      201
features.13                      295    -0.165854 2.095529e-04 8.552546e-11   0.3659   0.0341      201
features.15                      152    -0.165714 3.726574e-04 1.478077e-10   0.3486   0.0171      329
features.16                      340    -0.165450 5.036678e-03 1.178303e-08   0.8881   0.5572      329
features.16                      950    -0.165450 6.471281e-03 1.250904e-08   0.9270   0.5961      329
features.16                      674    -0.165450 1.667436e-03 6.139258e-09   0.6448   0.3139      329
features.17                      761    -0.165329 4.813557e-03 1.492632e-09   0.9101   0.5795      489
features.17                       42    -0.165329 1.150533e-03 5.779094e-10   0.5522   0.2215      489
features.17                      630    -0.165329 9.089842e-04 3.260941e-10   0.4318   0.1011      489
features.14                      554    -0.165123 2.587789e-03 7.565881e-09   0.6481   0.3179      265
features.14                      377    -0.165123 8.970397e-03 1.502010e-08   0.9630   0.6327      265
features.7                       102    -0.164773 2.441430e-03 1.263868e-08   0.3523   0.0227      105
features.17                       36    -0.164526 1.338975e-03 6.827697e-10   0.6003   0.2713      489
features.17                      269    -0.164526 1.694346e-03 8.724466e-10   0.6790   0.3499      489
features.16                       98    -0.164234 1.055568e-03 3.496222e-09   0.5036   0.1752      329
features.16                      638    -0.164234 1.768418e-03 6.867302e-09   0.6667   0.3382      329
features.16                      766    -0.164234 1.216396e-03 4.224211e-09   0.5499   0.2214      329
features.16                      379    -0.164234 1.943323e-03 7.822826e-09   0.7032   0.3747      329
features.8                       229    -0.164179 4.157622e-04 3.282099e-08   0.6119   0.2836      137
features.12                      397    -0.163594 4.469966e-04 1.725248e-08   0.6498   0.3226      201
features.13                      114    -0.163415 5.391694e-04 3.202319e-08   0.7366   0.4098      201
features.10                      248    -0.163194 2.785450e-04 3.267484e-09   0.4236   0.0972      137
features.10                      287    -0.163194 3.294596e-04 4.499484e-09   0.4792   0.1528      137
features.10                       76    -0.163194 1.100113e-03 1.882264e-08   0.8958   0.5694      137
features.4                        29    -0.163158 3.563985e-03 5.272808e-08   0.5263   0.2000       65
features.4                        50    -0.163158 1.164354e-02 1.639871e-07   0.8632   0.5368       65
features.4                        52    -0.163158 1.807976e-03 1.241274e-08   0.3579   0.0316       65
features.4                        99    -0.163158 4.873535e-03 8.300256e-08   0.6105   0.2842       65
features.11                      107    -0.162983 3.802812e-03 1.363859e-07   0.8729   0.5470      169
features.6                       166    -0.162338 5.195951e-04 1.423094e-07   0.7662   0.4416       73
features.17                      314    -0.162119 9.526833e-04 3.899550e-10   0.4623   0.1380      489
features.17                      488    -0.162119 8.298915e-04 2.722245e-10   0.3981   0.0738      489
features.14                      135    -0.162037 2.529959e-03 7.376802e-09   0.6327   0.3086      265
features.14                      169    -0.162037 2.243789e-03 5.111843e-09   0.5525   0.2284      265
features.14                      348    -0.162037 3.929105e-03 1.093689e-08   0.7963   0.4722      265
features.16                      292    -0.161800 6.528420e-04 1.685051e-10   0.3479   0.0243      329
features.16                      816    -0.161800 1.930226e-03 7.863108e-09   0.7007   0.3771      329
features.17                       88    -0.161316 4.263770e-03 1.466600e-09   0.8973   0.5746      489
