================================================================================
Channel Pruning Log
  dataset    : CelebA
  impt_type  : 2
  seed       : 42
  iteration  : 5
  alpha      : 0.5000
  norm       : rank
  timestamp  : 2026-08-30 21:47:16
  remove_target  : 116670
  accum_removed  : 116823
  selected_channels : 495
  gamma             : 0.0050
  cap_multiplier    : None
  remove_target_met : yes
  total_params   : 2289600
  active_after   : 1560182
  model_sparsity : 31.9%
================================================================================

[ 레이어별 채널 제거 비율 ]
  layer                total_ch  this_iter    cumul  cumul_%
  ----------------------------------------------------------
  features.1                 32          1        5    15.6%
  features.2                 96         10       55    57.3%
  features.3                144         12       49    34.0%
  features.4                144         10       32    22.2%
  features.5                192         15       83    43.2%
  features.6                192          7       90    46.9%
  features.7                192         11       79    41.1%
  features.8                384         32      206    53.6%
  features.9                384         26      179    46.6%
  features.10               384         34      173    45.1%
  features.11               384         21      160    41.7%
  features.12               576         42      297    51.6%
  features.13               576         43      308    53.5%
  features.14               576         41      188    32.6%
  features.15               960         74      502    52.3%
  features.16               960         81      412    42.9%
  features.17               960         35      256    26.7%

[ 레이어별 보호 영역 (γ=0.0050) ]
  layer                  active  protected  protect_%
  --------------------------------------------------
  features.1                 28          1       3.6%
  features.2                 51          1       2.0%
  features.3                107          1       0.9%
  features.4                122          1       0.8%
  features.5                124          1       0.8%
  features.6                109          1       0.9%
  features.7                124          1       0.8%
  features.8                210          2       1.0%
  features.9                231          2       0.9%
  features.10               245          2       0.8%
  features.11               245          2       0.8%
  features.12               321          2       0.6%
  features.13               311          2       0.6%
  features.14               429          3       0.7%
  features.15               532          3       0.6%
  features.16               629          4       0.6%
  features.17               739          4       0.5%

[ 블록별 제거 채널 수 ]
  features.1: 1채널 제거
  features.10: 34채널 제거
  features.11: 21채널 제거
  features.12: 42채널 제거
  features.13: 43채널 제거
  features.14: 41채널 제거
  features.15: 74채널 제거
  features.16: 81채널 제거
  features.17: 35채널 제거
  features.2: 10채널 제거
  features.3: 12채널 제거
  features.4: 10채널 제거
  features.5: 15채널 제거
  features.6: 7채널 제거
  features.7: 11채널 제거
  features.8: 32채널 제거
  features.9: 26채널 제거

[ 선택된 채널 상세 ]
  (phi/perf: raw, phi_n/perf_n: 정규화 후 값 — score = α·perf_n − (1−α)·phi_n)
block                             ch        score          phi         perf    phi_n   perf_n  weights
----------------------------------------------------------------------------------------------------
features.12                      427    -0.393750 1.117265e-03 1.144603e-09   0.8531   0.0656      201
features.3                        22    -0.372642 1.992059e-03 4.309864e-08   0.8396   0.0943       57
features.11                      237    -0.356557 8.700701e-03 2.584861e-08   0.9795   0.2664      169
features.11                      269    -0.356557 2.647979e-03 4.882263e-09   0.7459   0.0328      169
features.9                       362    -0.352174 1.500449e-03 4.179400e-09   0.8739   0.1696      137
features.13                      380    -0.351613 8.508731e-04 2.067687e-09   0.7742   0.0710      201
features.8                        50    -0.342105 2.677133e-03 1.675964e-08   0.9809   0.2967      137
features.15                      409    -0.341808 1.488484e-03 7.173404e-10   0.7439   0.0603      329
features.15                      916    -0.340866 1.873987e-03 2.215736e-09   0.8098   0.1281      329
features.9                       352    -0.332609 8.450315e-04 1.449845e-09   0.7174   0.0522      137
features.11                      227    -0.329918 2.278856e-03 4.024727e-09   0.6803   0.0205      169
features.13                      496    -0.325806 9.278195e-04 4.970908e-09   0.8032   0.1516      201
features.6                       175    -0.324074 1.688499e-03 4.122963e-08   0.8981   0.2500       73
features.11                        2    -0.321721 2.220807e-03 4.820011e-09   0.6721   0.0287      169
features.3                        34    -0.320755 1.786807e-03 6.463733e-08   0.8113   0.1698       57
features.8                        32    -0.318182 8.343454e-04 8.108431e-09   0.7608   0.1244      137
features.14                      493    -0.317757 3.964863e-03 1.271008e-09   0.7477   0.1121      265
features.14                      441    -0.316589 3.562934e-03 6.206727e-10   0.7009   0.0678      265
features.16                      865    -0.316083 3.719987e-03 9.302155e-10   0.7978   0.1656      329
features.9                       175    -0.315217 2.206285e-03 6.639541e-09   0.9304   0.3000      137
features.14                      217    -0.313084 3.635164e-03 9.002501e-10   0.7103   0.0841      265
features.9                       226    -0.310870 9.149557e-04 2.860597e-09   0.7391   0.1174      137
features.15                      329    -0.310734 1.351298e-03 1.405977e-09   0.7156   0.0942      329
features.12                      281    -0.307813 1.056529e-03 5.844440e-09   0.8344   0.2188      201
features.15                      650    -0.306968 1.331536e-02 6.439044e-09   0.9962   0.3823      329
features.13                      134    -0.304839 7.347734e-04 4.237630e-09   0.7323   0.1226      201
features.10                       63    -0.303279 1.100186e-03 2.687742e-09   0.8033   0.1967      137
features.13                      294    -0.301613 6.680353e-04 3.389030e-09   0.6968   0.0935      201
features.16                      496    -0.300955 2.388492e-03 3.039568e-10   0.6720   0.0701      329
features.13                       16    -0.300000 1.903307e-03 9.122285e-09   0.9452   0.3452      201
features.2                        21    -0.300000 7.531922e-04 1.731220e-07   0.6400   0.0400       49
features.10                      323    -0.297131 7.889888e-04 8.770458e-10   0.6434   0.0492      137
features.14                       68    -0.296729 4.274821e-03 1.820154e-09   0.7593   0.1659      265
features.9                       340    -0.295652 6.915824e-04 1.413272e-09   0.6391   0.0478      137
features.16                       28    -0.293790 1.286852e-02 2.531631e-09   0.9809   0.3933      329
features.6                        22    -0.291667 5.492280e-04 1.856510e-08   0.6574   0.0741       73
features.14                       91    -0.290888 3.444295e-03 1.252480e-09   0.6893   0.1075      265
features.12                       10    -0.290625 8.358675e-04 5.521336e-09   0.7812   0.2000      201
features.13                       91    -0.290323 1.493149e-03 8.753238e-09   0.9032   0.3226      201
features.15                      814    -0.290019 1.364194e-03 2.577833e-09   0.7232   0.1431      329
features.16                      333    -0.289809 4.103932e-03 1.461108e-09   0.8217   0.2420      329
features.8                       214    -0.289474 1.553908e-03 1.702740e-08   0.8947   0.3158      137
features.8                       320    -0.289474 9.848203e-04 1.346675e-08   0.8230   0.2440      137
features.5                         3    -0.288618 2.198208e-03 5.813781e-08   0.9268   0.3496       73
features.13                      181    -0.285484 8.249420e-04 5.918977e-09   0.7581   0.1871      201
features.12                      405    -0.284375 7.693484e-04 5.221067e-09   0.7531   0.1844      201
features.6                       142    -0.282407 8.908630e-04 3.729433e-08   0.7778   0.2130       73
features.13                      214    -0.282258 5.370699e-04 1.534710e-09   0.6258   0.0613      201
features.9                       107    -0.280435 6.048200e-04 5.881420e-10   0.5739   0.0130      137
features.13                       69    -0.279032 4.796921e-04 1.531219e-10   0.5839   0.0258      201
features.10                      277    -0.278689 9.599123e-04 2.551716e-09   0.7336   0.1762      137
features.9                       367    -0.278261 9.512599e-04 4.643967e-09   0.7478   0.1913      137
features.16                        6    -0.277866 2.005854e-03 2.508693e-10   0.6146   0.0589      329
features.13                      397    -0.275806 1.106907e-03 7.934480e-09   0.8484   0.2968      201
features.8                        15    -0.275120 5.710941e-04 7.510097e-09   0.6507   0.1005      137
features.12                      560    -0.273438 6.701102e-04 5.202115e-09   0.7250   0.1781      201
features.14                      319    -0.273364 4.117037e-03 2.336046e-09   0.7523   0.2056      265
features.11                      284    -0.272541 2.491778e-03 1.728525e-08   0.7213   0.1762      169
features.10                      320    -0.272541 1.447782e-03 3.755044e-09   0.8607   0.3156      137
features.7                        82    -0.272358 9.607125e-03 3.472032e-08   0.8049   0.2602      105
features.16                      618    -0.272293 3.117924e-03 1.221862e-09   0.7532   0.2086      329
features.15                      506    -0.272128 7.767656e-03 7.266773e-09   0.9812   0.4369      329
features.9                       330    -0.271739 1.282872e-03 6.430039e-09   0.8348   0.2913      137
features.8                       190    -0.270335 5.222746e-04 5.652641e-09   0.6077   0.0670      137
features.12                      303    -0.270313 5.016825e-04 1.494565e-09   0.6125   0.0719      201
features.2                        48    -0.270000 2.067059e-03 3.858051e-07   0.7200   0.1800       49
features.13                      527    -0.269355 2.101351e-03 1.161245e-08   0.9516   0.4129      201
features.3                         7    -0.268868 9.617592e-04 5.694291e-08   0.6792   0.1415       57
features.12                       22    -0.268750 8.743728e-04 6.724826e-09   0.7937   0.2562      201
features.12                      467    -0.268750 8.743805e-04 6.739385e-09   0.7969   0.2594      201
features.10                      126    -0.268443 4.364709e-03 5.800080e-09   0.9918   0.4549      137
features.7                        79    -0.268293 1.454734e-02 4.441949e-08   0.8780   0.3415      105
features.16                      139    -0.266720 2.401349e-03 7.869659e-10   0.6752   0.1417      329
features.15                      195    -0.265537 2.144652e-03 5.168468e-09   0.8418   0.3107      329
features.13                      510    -0.264516 5.245625e-04 3.113171e-09   0.6161   0.0871      201
features.4                        41    -0.264463 5.720903e-03 1.312239e-08   0.5950   0.0661       65
features.7                        90    -0.264228 7.325760e-03 3.193697e-08   0.7480   0.2195      105
features.12                      211    -0.264062 6.610419e-04 5.394318e-09   0.7188   0.1906      201
features.14                      116    -0.264019 9.306670e-03 5.188109e-09   0.9533   0.4252      265
features.15                      885    -0.263653 2.927756e-03 6.155516e-09   0.8889   0.3616      329
features.15                      922    -0.262712 1.566236e-03 4.022768e-09   0.7608   0.2354      329
features.12                      540    -0.260938 2.320913e-03 1.039534e-08   0.9469   0.4250      201
features.15                      274    -0.260829 1.302659e-03 3.123939e-09   0.7006   0.1789      329
features.15                      285    -0.260829 1.293707e-03 3.073463e-09   0.6987   0.1770      329
features.8                        62    -0.260766 6.388581e-04 1.147847e-08   0.7129   0.1914      137
features.14                      350    -0.260514 3.220724e-03 1.584214e-09   0.6589   0.1379      265
features.11                      272    -0.260246 2.870866e-03 2.320356e-08   0.7623   0.2418      169
features.2                        14    -0.260000 6.384216e-04 2.723248e-07   0.5800   0.0600       49
features.15                       87    -0.259887 1.837810e-03 4.753959e-09   0.8041   0.2844      329
features.15                      578    -0.259887 2.003950e-03 5.050757e-09   0.8230   0.3032      329
features.15                      309    -0.259887 1.324304e-03 3.311809e-09   0.7100   0.1902      329
features.13                      520    -0.259677 1.031839e-03 8.304561e-09   0.8290   0.3097      201
features.16                      835    -0.259554 1.246321e-02 2.967563e-09   0.9745   0.4554      329
features.17                      170    -0.259485 2.687981e-03 5.152602e-10   0.8591   0.3401      489
features.3                        20    -0.259434 3.026774e-03 1.161881e-07   0.8962   0.3774       57
features.14                       22    -0.259346 3.767977e-03 2.356576e-09   0.7290   0.2103      265
features.14                      315    -0.259346 7.405103e-03 4.872698e-09   0.9182   0.3995      265
features.1                        19    -0.259259 2.714191e-02 3.647938e-06   0.9630   0.4444       25
features.15                      238    -0.258945 1.355532e-03 3.339282e-09   0.7175   0.1996      329
features.15                      952    -0.258945 1.618070e-03 4.187711e-09   0.7665   0.2486      329
features.9                       116    -0.258696 8.059294e-04 4.541614e-09   0.7043   0.1870      137
features.15                       58    -0.258004 3.100558e-03 6.340772e-09   0.8927   0.3766      329
features.16                      867    -0.256369 3.566910e-03 1.642460e-09   0.7914   0.2787      329
features.12                      299    -0.256250 9.355319e-04 7.778307e-09   0.8188   0.3063      201
features.4                        19    -0.256198 5.904051e-03 1.691107e-08   0.6198   0.1074       65
features.15                      441    -0.256121 9.714499e-04 7.982026e-10   0.5819   0.0697      329
features.15                      320    -0.256121 9.613493e-04 7.198523e-10   0.5744   0.0621      329
features.13                      106    -0.254839 6.647939e-04 5.836501e-09   0.6935   0.1839      201
features.13                      540    -0.254839 5.378383e-04 4.227612e-09   0.6290   0.1194      201
features.3                        36    -0.254717 9.678197e-04 6.902803e-08   0.6887   0.1792       57
features.9                       302    -0.254348 7.622570e-04 4.076135e-09   0.6739   0.1652      137
features.15                      575    -0.254237 1.406526e-03 3.797890e-09   0.7288   0.2203      329
features.16                      655    -0.253981 2.269328e-03 8.046708e-10   0.6545   0.1465      329
features.8                       258    -0.253589 4.789386e-04 4.881648e-09   0.5598   0.0526      137
features.17                      870    -0.253388 3.826172e-03 6.143788e-10   0.9173   0.4106      489
features.17                      294    -0.253388 2.017332e-03 4.257820e-10   0.7846   0.2778      489
features.16                      497    -0.253185 2.907189e-03 1.271249e-09   0.7277   0.2213      329
features.12                      248    -0.253125 1.102953e-03 8.719508e-09   0.8500   0.3438      201
features.12                      541    -0.253125 1.099758e-03 8.491121e-09   0.8469   0.3406      201
features.14                      269    -0.252336 3.180674e-03 1.673745e-09   0.6519   0.1472      265
features.14                      413    -0.252336 2.367151e-03 2.509589e-10   0.5257   0.0210      265
features.5                       104    -0.252033 6.700549e-04 1.931464e-08   0.6423   0.1382       73
features.13                       71    -0.251613 7.806759e-04 6.926006e-09   0.7484   0.2452      201
features.12                       43    -0.251563 6.295615e-04 5.610501e-09   0.7063   0.2031      201
features.8                       302    -0.251196 1.201055e-03 1.832294e-08   0.8469   0.3445      137
features.15                      201    -0.250471 1.133697e-03 2.402623e-09   0.6347   0.1337      329
features.12                      217    -0.250000 4.087235e-04 8.108807e-10   0.5406   0.0406      201
features.3                        76    -0.250000 4.917659e-04 2.446166e-08   0.5094   0.0094       57
features.10                      241    -0.250000 2.425266e-03 5.482755e-09   0.9303   0.4303      137
features.13                      502    -0.250000 1.302756e-03 1.013224e-08   0.8742   0.3742      201
features.16                       75    -0.250000 2.568072e-03 1.111045e-09   0.6927   0.1927      329
features.2                        63    -0.250000 6.417777e-04 3.164350e-07   0.6000   0.1000       49
features.10                      206    -0.250000 1.304323e-03 4.190696e-09   0.8484   0.3484      137
features.15                       18    -0.249529 1.418767e-03 3.982918e-09   0.7326   0.2335      329
features.15                      581    -0.249529 2.132285e-03 5.863084e-09   0.8399   0.3409      329
features.16                      135    -0.249204 1.791590e-03 3.753527e-10   0.5812   0.0828      329
features.8                        77    -0.248804 1.264729e-03 1.909319e-08   0.8612   0.3636      137
features.17                      722    -0.248645 1.936502e-03 4.200685e-10   0.7737   0.2764      489
features.15                      385    -0.248588 2.385449e-03 6.151830e-09   0.8569   0.3597      329
features.12                      442    -0.248438 8.127913e-04 7.106921e-09   0.7719   0.2750      201
features.16                      572    -0.248408 1.778201e-03 3.692590e-10   0.5764   0.0796      329
features.7                       134    -0.247967 5.532861e-03 2.407787e-08   0.6423   0.1463      105
features.15                      108    -0.247646 2.355963e-03 6.143895e-09   0.8531   0.3578      329
features.16                        3    -0.247611 1.628717e-03 2.295948e-10   0.5510   0.0557      329
features.12                      321    -0.246875 7.445475e-04 6.570827e-09   0.7406   0.2469      201
features.16                      330    -0.246815 1.817406e-03 4.671023e-10   0.5876   0.0939      329
features.13                      452    -0.246774 1.360936e-03 1.076301e-08   0.8871   0.3935      201
features.15                      240    -0.246704 1.278705e-03 3.329661e-09   0.6874   0.1940      329
features.15                      544    -0.246704 8.645510e-03 8.106318e-09   0.9868   0.4934      329
features.15                      199    -0.246704 9.113493e-04 5.627313e-10   0.5443   0.0508      329
features.16                      828    -0.246019 1.712493e-03 3.242701e-10   0.5653   0.0732      329
features.16                      364    -0.246019 6.954907e-03 2.850409e-09   0.9299   0.4379      329
features.10                      258    -0.245902 6.319234e-04 1.396894e-09   0.5574   0.0656      137
features.11                       54    -0.245902 1.571317e-03 2.417439e-09   0.5041   0.0123      169
features.11                      168    -0.245902 7.139133e-03 5.193536e-08   0.9754   0.4836      169
features.10                      278    -0.245902 2.075798e-03 5.385547e-09   0.9098   0.4180      137
features.6                       105    -0.245370 5.975168e-04 3.524486e-08   0.6852   0.1944       73
features.14                      186    -0.245327 6.917605e-03 5.126698e-09   0.9065   0.4159      265
features.3                       114    -0.245283 5.704434e-03 1.894485e-07   0.9811   0.4906       57
features.16                       60    -0.245223 3.454298e-03 1.678292e-09   0.7834   0.2930      329
features.13                      147    -0.245161 4.663872e-04 2.805146e-09   0.5710   0.0806      201
features.16                      778    -0.244427 2.951079e-03 1.481292e-09   0.7357   0.2468      329
features.15                      888    -0.243879 2.850011e-03 6.544455e-09   0.8870   0.3992      329
features.10                      147    -0.243852 3.096847e-03 6.349553e-09   0.9754   0.4877      137
features.4                       129    -0.243802 6.400805e-03 2.228837e-08   0.6612   0.1736       65
features.16                      162    -0.243631 3.432471e-03 1.664729e-09   0.7771   0.2898      329
features.13                       22    -0.243548 5.380026e-04 4.827829e-09   0.6323   0.1452      201
features.9                        20    -0.243478 5.934249e-04 1.712631e-09   0.5565   0.0696      137
features.15                      828    -0.242938 1.307319e-03 3.748972e-09   0.7024   0.2166      329
features.15                       55    -0.241996 9.842645e-04 1.691161e-09   0.5913   0.1073      329
features.14                       21    -0.241822 2.630849e-03 9.088660e-10   0.5701   0.0864      265
features.9                       332    -0.241304 5.192381e-04 1.259748e-09   0.5174   0.0348      137
features.15                      212    -0.241055 1.670904e-03 4.920703e-09   0.7759   0.2938      329
features.12                       38    -0.240625 5.464327e-04 5.211715e-09   0.6625   0.1813      201
features.15                      670    -0.240113 1.799491e-03 5.246943e-09   0.7985   0.3183      329
features.2                        13    -0.240000 2.404864e-03 4.971627e-07   0.7400   0.2600       49
features.5                        90    -0.239837 5.788069e-04 1.510373e-08   0.5691   0.0894       73
features.5                        27    -0.239837 1.217387e-03 4.818384e-08   0.7886   0.3089       73
features.14                      529    -0.239486 5.451598e-03 4.269102e-09   0.8294   0.3505      265
features.8                       356    -0.239234 4.923524e-04 7.404097e-09   0.5694   0.0909      137
features.12                      482    -0.239063 1.745540e-03 1.067871e-08   0.9156   0.4375      201
features.12                      567    -0.239063 5.849572e-03 1.298416e-08   0.9938   0.5156      201
features.12                      206    -0.239062 4.985944e-04 4.314051e-09   0.6062   0.1281      201
features.16                      902    -0.238854 5.582367e-03 2.726007e-09   0.8965   0.4188      329
features.16                      256    -0.238853 1.509118e-03 1.768178e-10   0.5271   0.0494      329
features.16                      721    -0.238853 3.838017e-03 1.999770e-09   0.8057   0.3280      329
features.14                      499    -0.238318 4.344517e-03 3.275852e-09   0.7664   0.2897      265
features.16                      202    -0.238057 5.394737e-03 2.676658e-09   0.8901   0.4140      329
features.12                      273    -0.237500 6.495125e-04 6.527637e-09   0.7156   0.2406      201
features.15                      645    -0.237288 7.324577e-03 8.167951e-09   0.9755   0.5009      329
features.16                      106    -0.237261 6.494747e-03 2.852071e-09   0.9140   0.4395      329
features.16                      283    -0.237261 8.187153e-03 3.113751e-09   0.9427   0.4682      329
features.8                       142    -0.236842 5.368791e-04 8.714327e-09   0.6172   0.1435      137
features.8                       333    -0.236842 4.166096e-04 2.887790e-09   0.4880   0.0144      137
features.16                      152    -0.236465 2.808406e-03 1.481455e-09   0.7213   0.2484      329
features.15                      906    -0.236347 2.023953e-03 6.119312e-09   0.8267   0.3540      329
features.12                      463    -0.235938 5.478688e-04 5.406113e-09   0.6656   0.1938      201
features.5                       170    -0.235772 2.897210e-03 9.354982e-08   0.9593   0.4878       73
features.5                        61    -0.235772 4.117721e-03 9.512294e-08   0.9919   0.5203       73
features.10                      279    -0.235656 8.305544e-04 2.656758e-09   0.6639   0.1926      137
features.10                      357    -0.235656 9.236616e-04 3.251539e-09   0.7213   0.2500      137
features.4                         7    -0.235537 1.117027e-02 5.117626e-08   0.8430   0.3719       65
features.16                       61    -0.234873 3.244370e-03 1.709506e-09   0.7675   0.2978      329
features.16                      196    -0.234873 2.290744e-03 1.091781e-09   0.6561   0.1863      329
features.16                      334    -0.234873 4.321173e-03 2.341036e-09   0.8392   0.3694      329
features.9                       187    -0.234783 4.468442e-03 1.281997e-08   1.0000   0.5304      137
features.17                      253    -0.234417 2.028968e-03 4.833993e-10   0.7873   0.3184      489
features.16                      309    -0.234076 3.261210e-03 1.744430e-09   0.7691   0.3010      329
features.14                      434    -0.233645 3.569051e-03 2.561087e-09   0.7033   0.2360      265
features.14                      157    -0.233645 5.846945e-03 4.694070e-09   0.8551   0.3879      265
features.16                      804    -0.233280 1.735287e-03 5.725736e-10   0.5717   0.1051      329
features.9                       383    -0.232609 1.481087e-03 9.317356e-09   0.8696   0.4043      137
features.15                      467    -0.232580 2.600420e-03 6.653786e-09   0.8719   0.4068      329
features.16                       62    -0.232484 5.402638e-03 2.779788e-09   0.8933   0.4283      329
features.14                      391    -0.232477 5.323594e-03 4.378184e-09   0.8248   0.3598      265
features.8                       260    -0.232057 1.740235e-03 2.450281e-08   0.9282   0.4641      137
features.5                        91    -0.231707 4.163801e-04 3.162091e-09   0.4715   0.0081       73
features.5                       191    -0.231707 6.148604e-04 1.899646e-08   0.5935   0.1301       73
features.16                      335    -0.231688 2.626787e-03 1.451951e-09   0.7006   0.2373      329
features.16                      786    -0.231688 1.742606e-03 5.978844e-10   0.5732   0.1099      329
features.15                      854    -0.231638 1.761516e-03 5.367693e-09   0.7834   0.3202      329
features.10                      122    -0.231557 3.038324e-03 6.819749e-09   0.9713   0.5082      137
features.10                      187    -0.231557 1.059199e-03 3.902528e-09   0.7869   0.3238      137
features.6                       137    -0.231481 1.022015e-03 6.032818e-08   0.8056   0.3426       73
features.4                       121    -0.231405 2.150956e-02 6.786370e-08   0.9587   0.4959       65
features.3                       104    -0.231132 6.290776e-04 4.344594e-08   0.5660   0.1038       57
features.3                        56    -0.231132 1.377211e-03 9.766217e-08   0.7547   0.2925       57
features.15                      193    -0.230697 1.783941e-03 5.709736e-09   0.7928   0.3315      329
features.15                      442    -0.230697 1.062346e-03 2.859692e-09   0.6215   0.1601      329
features.15                      890    -0.230697 8.691876e-04 6.751434e-10   0.5179   0.0565      329
features.13                       36    -0.230645 4.172616e-04 2.788657e-09   0.5387   0.0774      201
features.13                       89    -0.230645 8.596611e-04 8.652572e-09   0.7774   0.3161      201
features.2                        60    -0.230000 6.785130e-03 7.214414e-07   0.8200   0.3600       49
features.2                         9    -0.230000 3.821155e-04 7.997448e-08   0.4800   0.0200       49
features.2                        50    -0.230000 7.806438e-04 4.484153e-07   0.6600   0.2000       49
features.15                      102    -0.229755 7.831607e-04 9.509839e-11   0.4859   0.0264      329
features.12                      238    -0.229688 5.065734e-04 4.741752e-09   0.6156   0.1562      201
features.8                        91    -0.229665 1.561095e-03 2.404294e-08   0.8995   0.4402      137
features.11                      373    -0.229508 6.195304e-03 5.112978e-08   0.9385   0.4795      169
features.10                       89    -0.229508 1.437266e-03 4.787923e-09   0.8566   0.3975      137
features.16                      328    -0.229299 1.627921e-02 3.969681e-09   0.9873   0.5287      329
features.13                      482    -0.229032 2.909109e-03 1.518856e-08   0.9742   0.5161      201
features.15                       57    -0.228814 1.248879e-03 3.637858e-09   0.6723   0.2147      329
features.16                      359    -0.228503 2.667618e-03 1.485680e-09   0.7070   0.2500      329
features.16                      833    -0.228503 1.450665e-03 1.851904e-10   0.5080   0.0510      329
features.12                      249    -0.228125 4.606656e-04 3.113069e-09   0.5656   0.1094      201
features.12                      306    -0.228125 2.283203e-03 1.223959e-08   0.9438   0.4875      201
features.14                      533    -0.227804 6.328583e-03 5.203233e-09   0.8832   0.4276      265
features.7                       143    -0.227642 4.931741e-03 2.626773e-08   0.6179   0.1626      105
features.5                        44    -0.227642 1.167811e-03 4.966993e-08   0.7724   0.3171       73
features.7                       153    -0.227642 4.320133e-03 1.542406e-08   0.5122   0.0569      105
features.5                        95    -0.227642 2.428452e-03 9.245626e-08   0.9350   0.4797       73
features.13                      387    -0.227419 5.666372e-04 6.031674e-09   0.6484   0.1935      201
features.4                        21    -0.227273 4.398015e-03 8.352614e-09   0.4793   0.0248       65
features.8                         9    -0.227273 3.890898e-04 7.274918e-10   0.4545   0.0000      137
features.8                       115    -0.227273 6.641532e-04 1.462322e-08   0.7225   0.2679      137
features.6                         4    -0.226852 1.155517e-03 6.556697e-08   0.8519   0.3981       73
features.14                      419    -0.226636 2.876983e-03 1.584888e-09   0.5935   0.1402      265
features.16                      377    -0.226115 1.349111e-03 9.696964e-11   0.4841   0.0318      329
features.16                      765    -0.226115 4.456681e-03 2.524448e-09   0.8424   0.3901      329
features.15                      734    -0.225989 2.435723e-03 6.698285e-09   0.8606   0.4087      329
features.13                      574    -0.225806 1.422681e-03 1.239380e-08   0.8935   0.4419      201
features.10                       43    -0.225410 1.168438e-03 4.456514e-09   0.8238   0.3730      137
features.16                      137    -0.225318 1.901260e-03 7.940540e-10   0.5955   0.1449      329
features.12                        7    -0.225000 4.926933e-04 4.623319e-09   0.6000   0.1500      201
features.12                       29    -0.225000 3.844849e-04 1.106912e-09   0.5125   0.0625      201
features.12                      409    -0.225000 2.858603e-03 1.256507e-08   0.9531   0.5031      201
features.8                        73    -0.224880 4.773358e-04 7.575576e-09   0.5550   0.1053      137
features.16                      126    -0.224522 1.530028e-03 3.873769e-10   0.5334   0.0844      329
features.16                      272    -0.224522 2.595992e-03 1.477315e-09   0.6943   0.2452      329
features.16                      305    -0.224522 2.091528e-03 9.997736e-10   0.6242   0.1752      329
features.5                        88    -0.223577 1.134388e-03 4.725242e-08   0.7480   0.3008       73
features.17                      582    -0.223577 9.066150e-04 1.388408e-10   0.5041   0.0569      489
features.12                      167    -0.223437 4.304981e-04 3.350632e-09   0.5594   0.1125      201
features.15                      580    -0.223164 7.526767e-04 7.705002e-11   0.4708   0.0245      329
features.15                      613    -0.223164 7.703602e-04 1.721048e-10   0.4821   0.0358      329
features.15                      457    -0.223164 1.496134e-03 5.046887e-09   0.7476   0.3013      329
features.15                      529    -0.223164 9.279042e-04 1.718869e-09   0.5556   0.1092      329
features.4                        80    -0.223140 6.944928e-03 3.472498e-08   0.7025   0.2562       65
features.8                       315    -0.222488 2.499357e-03 2.734037e-08   0.9713   0.5263      137
features.8                       381    -0.222488 5.038475e-04 8.590870e-09   0.5837   0.1388      137
features.16                      714    -0.222134 7.399561e-03 3.398249e-09   0.9363   0.4920      329
features.16                       46    -0.222134 6.916461e-03 3.240413e-09   0.9283   0.4841      329
features.14                      538    -0.221963 3.157013e-03 2.322789e-09   0.6472   0.2033      265
features.15                      326    -0.221281 1.310784e-03 4.500516e-09   0.7043   0.2618      329
features.15                      447    -0.221281 1.764046e-03 5.898555e-09   0.7853   0.3427      329
features.15                      708    -0.221281 2.478179e-03 6.837737e-09   0.8625   0.4200      329
features.15                      198    -0.221281 1.256672e-03 3.942737e-09   0.6742   0.2316      329
features.13                      241    -0.220968 5.029874e-04 5.299304e-09   0.6065   0.1645      201
features.14                      406    -0.220794 4.242645e-03 3.618979e-09   0.7547   0.3131      265
features.12                      319    -0.220313 7.745299e-04 7.913457e-09   0.7563   0.3156      201
features.17                      609    -0.220190 2.246869e-03 5.721973e-10   0.8171   0.3767      489
features.2                        33    -0.220000 1.096369e-02 8.389325e-07   0.8600   0.4200       49
features.14                       44    -0.219626 2.876508e-03 1.680437e-09   0.5911   0.1519      265
features.9                        75    -0.219565 7.752617e-04 5.576498e-09   0.6913   0.2522      137
features.5                        18    -0.219512 5.280424e-04 1.638599e-08   0.5366   0.0976       73
features.13                      336    -0.219355 6.005744e-04 6.618291e-09   0.6677   0.2290      201
features.10                      298    -0.219262 2.424726e-03 6.323696e-09   0.9221   0.4836      137
features.10                      264    -0.219262 6.837862e-04 2.252638e-09   0.5943   0.1557      137
features.11                       22    -0.219262 1.982986e-03 1.905321e-08   0.6352   0.1967      169
features.17                       11    -0.218835 2.932804e-03 7.017430e-10   0.8835   0.4458      489
features.14                        5    -0.218458 3.339474e-03 2.550024e-09   0.6706   0.2336      265
features.8                       208    -0.217703 3.766182e-04 1.523465e-09   0.4402   0.0048      137
features.15                      173    -0.217514 1.004975e-03 3.008905e-09   0.6045   0.1695      329
features.15                      628    -0.217514 1.281336e-03 4.313387e-09   0.6893   0.2542      329
features.9                       110    -0.217391 9.607885e-04 6.862637e-09   0.7522   0.3174      137
features.16                      307    -0.217357 1.728528e-02 4.166812e-09   0.9889   0.5541      329
features.11                      258    -0.217213 1.917382e-03 1.720706e-08   0.6066   0.1721      169
features.3                       129    -0.216981 5.646331e-03 2.268625e-07   0.9717   0.5377       57
features.16                      122    -0.216561 4.950754e-03 2.790615e-09   0.8662   0.4331      329
features.17                      923    -0.216125 1.039812e-03 2.090268e-10   0.5515   0.1192      489
features.17                      352    -0.216125 1.131948e-03 2.700159e-10   0.5949   0.1626      489
features.17                      402    -0.216125 1.756879e-03 4.874646e-10   0.7561   0.3238      489
features.16                      657    -0.215764 2.783063e-03 1.660160e-09   0.7182   0.2866      329
features.15                       99    -0.215631 1.492657e-03 5.211271e-09   0.7458   0.3145      329
features.15                      221    -0.215631 4.867721e-03 8.390867e-09   0.9492   0.5179      329
features.15                      480    -0.215631 3.823912e-03 7.872923e-09   0.9153   0.4840      329
features.7                       170    -0.215447 6.887474e-03 3.776329e-08   0.7317   0.3008      105
features.5                       163    -0.215447 2.430524e-03 9.497334e-08   0.9431   0.5122       73
features.9                        58    -0.215217 8.446287e-04 6.261316e-09   0.7130   0.2826      137
features.10                      215    -0.215164 2.424861e-03 6.500304e-09   0.9262   0.4959      137
features.11                      369    -0.215164 3.601175e-03 3.839897e-08   0.8115   0.3811      169
features.16                      806    -0.214968 4.677890e-03 2.740721e-09   0.8535   0.4236      329
features.16                      574    -0.214968 3.447793e-03 2.157269e-09   0.7803   0.3503      329
features.14                      397    -0.214953 6.908079e-03 5.858699e-09   0.9042   0.4743      265
features.4                        68    -0.214876 8.882943e-03 4.606327e-08   0.7769   0.3471       65
features.17                      784    -0.214770 3.173301e-03 7.396201e-10   0.8957   0.4661      489
features.15                      139    -0.214689 6.189901e-03 8.560410e-09   0.9680   0.5386      329
features.15                      767    -0.214689 1.257959e-03 4.181678e-09   0.6761   0.2467      329
features.13                      287    -0.214516 1.588704e-03 1.443432e-08   0.9194   0.4903      201
features.16                      423    -0.214172 2.604890e-03 1.595104e-09   0.6959   0.2675      329
features.17                       26    -0.214092 1.142262e-03 2.885005e-10   0.6016   0.1734      489
features.12                      488    -0.214063 1.479454e-03 1.148068e-08   0.8969   0.4688      201
features.14                      545    -0.213785 2.909406e-03 1.938077e-09   0.6005   0.1729      265
features.15                      228    -0.213748 2.666306e-03 7.363973e-09   0.8757   0.4482      329
features.16                      518    -0.213376 8.615809e-03 3.806596e-09   0.9459   0.5191      329
features.10                      140    -0.213115 2.659734e-03 6.969613e-09   0.9590   0.5328      137
features.10                      180    -0.213115 5.455136e-04 1.427285e-09   0.4959   0.0697      137
features.10                      301    -0.213115 6.230251e-04 1.606128e-09   0.5369   0.1107      137
features.15                      348    -0.212806 2.089394e-03 6.586375e-09   0.8305   0.4049      329
features.14                      272    -0.212617 2.183189e-03 5.916396e-10   0.4883   0.0631      265
features.12                       60    -0.212500 5.098510e-04 5.414496e-09   0.6219   0.1969      201
features.12                       70    -0.212500 5.306510e-04 6.008518e-09   0.6531   0.2281      201
features.3                        52    -0.212264 6.942663e-04 5.823107e-08   0.5849   0.1604       57
features.14                      235    -0.211449 5.671966e-03 5.152022e-09   0.8435   0.4206      265
features.13                      569    -0.211290 1.037512e-03 1.131329e-08   0.8323   0.4097      201
features.11                      132    -0.211066 1.362252e-03 7.809404e-10   0.4221   0.0000      169
features.12                       20    -0.210938 7.847283e-04 8.418980e-09   0.7594   0.3375      201
features.12                      219    -0.210938 6.420079e-04 7.465514e-09   0.7094   0.2875      201
features.9                       268    -0.210870 5.886717e-04 3.365555e-09   0.5522   0.1304      137
features.9                       149    -0.210870 5.314354e-04 2.646559e-09   0.5261   0.1043      137
features.9                       241    -0.210870 2.335546e-03 1.260032e-08   0.9478   0.5261      137
features.9                       253    -0.210870 6.561626e-04 4.736776e-09   0.6174   0.1957      137
features.4                        18    -0.210744 4.328794e-03 9.115910e-09   0.4628   0.0413       65
features.4                        30    -0.210744 7.519181e-03 3.857415e-08   0.7190   0.2975       65
features.8                       173    -0.210526 1.641507e-03 2.595299e-08   0.9139   0.4928      137
features.14                      326    -0.210280 5.944316e-03 5.427157e-09   0.8621   0.4416      265
features.14                      551    -0.210280 2.484399e-03 1.517397e-09   0.5514   0.1308      265
features.16                        0    -0.210191 1.606429e-03 6.727922e-10   0.5462   0.1258      329
features.16                      508    -0.210191 2.904478e-03 1.760303e-09   0.7261   0.3057      329
features.16                      719    -0.210191 4.946068e-03 2.856661e-09   0.8631   0.4427      329
features.17                      496    -0.210027 3.343126e-03 7.727217e-10   0.9024   0.4824      489
features.17                      634    -0.210027 1.725599e-03 4.941440e-10   0.7507   0.3306      489
features.17                      758    -0.210027 8.369429e-04 1.345660e-10   0.4675   0.0474      489
features.15                      197    -0.209981 7.054952e-04 1.298727e-10   0.4482   0.0282      329
features.17                      300    -0.209350 1.035095e-03 2.251969e-10   0.5488   0.1301      489
features.17                      316    -0.209350 8.752085e-04 1.577689e-10   0.4892   0.0705      489
features.14                      239    -0.209112 4.844776e-03 4.602596e-09   0.7967   0.3785      265
features.10                      260    -0.209016 8.844844e-04 3.496251e-09   0.6844   0.2664      137
features.10                       21    -0.209016 8.894278e-04 3.639094e-09   0.6967   0.2787      137
features.9                        22    -0.208696 7.185382e-04 5.172190e-09   0.6478   0.2304      137
features.9                        31    -0.208696 4.221904e-03 1.547497e-08   0.9957   0.5783      137
features.17                      801    -0.208672 1.384081e-03 4.065125e-10   0.6775   0.2602      489
features.16                      482    -0.208599 2.565619e-03 1.627124e-09   0.6911   0.2739      329
features.6                       124    -0.208333 3.085375e-04 1.752755e-08   0.4630   0.0463       73
features.15                      301    -0.208098 9.577398e-04 2.824104e-09   0.5706   0.1544      329
features.17                      312    -0.207995 2.102918e-03 5.797497e-10   0.8035   0.3875      489
features.14                      510    -0.207944 9.578346e-03 6.901494e-09   0.9556   0.5397      265
features.14                      330    -0.207944 2.952727e-03 2.225349e-09   0.6098   0.1939      265
features.14                       46    -0.207944 2.095811e-03 3.808578e-10   0.4579   0.0421      265
features.5                       124    -0.207317 3.912055e-04 7.054791e-09   0.4472   0.0325       73
features.17                      611    -0.207317 1.100739e-03 2.851465e-10   0.5840   0.1694      489
features.7                        93    -0.207317 4.466872e-03 2.367608e-08   0.5447   0.1301      105
features.15                      755    -0.207156 2.776856e-03 7.784669e-09   0.8814   0.4670      329
features.16                      956    -0.207006 2.952235e-03 1.999286e-09   0.7389   0.3248      329
features.10                      124    -0.206967 1.609782e-03 5.926923e-09   0.8770   0.4631      137
features.10                      196    -0.206967 8.862300e-04 3.635248e-09   0.6885   0.2746      137
features.10                        2    -0.206967 6.299842e-04 1.886536e-09   0.5492   0.1352      137
features.17                      134    -0.206640 2.806067e-03 7.277665e-10   0.8699   0.4566      489
features.9                       304    -0.206522 4.956312e-04 2.050553e-09   0.4957   0.0826      137
features.13                      320    -0.206452 6.723870e-04 7.578230e-09   0.7000   0.2871      201
features.16                      940    -0.206210 3.685902e-03 2.434103e-09   0.7946   0.3822      329
features.16                      505    -0.206210 4.288145e-03 2.751894e-09   0.8376   0.4252      329
features.17                       97    -0.205962 2.966681e-03 7.629429e-10   0.8862   0.4743      489
features.8                       380    -0.205742 6.333644e-04 1.580410e-08   0.6986   0.2871      137
features.8                        41    -0.205742 8.495670e-04 1.947378e-08   0.7847   0.3732      137
features.14                      172    -0.205607 2.991835e-03 2.351238e-09   0.6192   0.2079      265
features.14                       55    -0.205607 6.292345e-03 5.693104e-09   0.8808   0.4696      265
features.17                      451    -0.205285 1.517520e-03 4.597168e-10   0.7141   0.3035      489
features.10                      365    -0.204918 5.595547e-04 1.544153e-09   0.5041   0.0943      137
features.11                      131    -0.204918 2.735778e-03 3.437253e-08   0.7500   0.3402      169
features.13                       98    -0.204839 6.171502e-04 7.372207e-09   0.6774   0.2677      201
features.13                      217    -0.204839 5.994189e-04 7.113030e-09   0.6645   0.2548      201
features.12                      142    -0.204688 8.188426e-04 9.377008e-09   0.7750   0.3656      201
features.12                      136    -0.204688 4.323236e-04 4.652649e-09   0.5625   0.1531      201
features.9                       193    -0.204348 6.753122e-04 5.072979e-09   0.6261   0.2174      137
features.15                      562    -0.204331 1.535326e-03 5.906867e-09   0.7533   0.3446      329
features.15                      401    -0.203390 8.696772e-04 1.937380e-09   0.5198   0.1130      329
features.8                       193    -0.203349 2.006250e-03 3.046943e-08   0.9569   0.5502      137
features.17                      212    -0.203252 8.380380e-04 1.450652e-10   0.4702   0.0637      489
features.7                        92    -0.203252 1.867363e-02 6.773284e-08   0.9431   0.5366      105
features.13                      108    -0.203226 7.175099e-04 8.596944e-09   0.7194   0.3129      201
features.12                      263    -0.203125 1.138320e-03 1.131091e-08   0.8625   0.4563      201
features.16                      239    -0.203025 2.926804e-03 1.999585e-09   0.7325   0.3264      329
features.16                      516    -0.203025 3.891243e-03 2.595179e-09   0.8121   0.4061      329
features.10                      150    -0.202869 4.728793e-04 8.371433e-10   0.4508   0.0451      137
features.17                      491    -0.202575 9.873196e-04 2.268490e-10   0.5366   0.1314      489
features.16                      716    -0.202229 3.127357e-03 2.162897e-09   0.7564   0.3519      329
features.17                      740    -0.201897 9.272314e-04 1.989593e-10   0.5149   0.1111      489
features.16                      640    -0.201433 3.231546e-03 2.256127e-09   0.7659   0.3631      329
features.8                       353    -0.200957 6.093216e-04 1.542351e-08   0.6794   0.2775      137
features.8                        26    -0.200957 3.682870e-04 3.449781e-09   0.4258   0.0239      137
features.11                       24    -0.200820 5.044552e-03 5.310421e-08   0.9016   0.5000      169
features.11                      192    -0.200820 1.352308e-03 3.116624e-09   0.4180   0.0164      169
features.11                      345    -0.200820 1.691352e-03 1.413098e-08   0.5246   0.1230      169
features.16                      118    -0.200637 5.940422e-03 3.610990e-09   0.9076   0.5064      329
features.16                      323    -0.200637 1.796186e-03 1.069210e-09   0.5844   0.1831      329
features.16                      641    -0.200637 2.952042e-03 2.067692e-09   0.7373   0.3360      329
features.2                        32    -0.200000 5.624688e-04 3.728952e-07   0.5600   0.1600       49
features.13                       96    -0.200000 6.392145e-04 7.701106e-09   0.6903   0.2903      201
features.14                      496    -0.199766 1.276541e-02 7.661082e-09   0.9836   0.5841      265
features.15                      851    -0.199623 2.299200e-03 7.391606e-09   0.8493   0.4501      329
features.10                       30    -0.198770 5.447152e-03 7.754729e-09   1.0000   0.6025      137
features.11                      121    -0.198770 4.803877e-03 5.308562e-08   0.8893   0.4918      169
features.15                       36    -0.198682 2.005872e-03 6.954256e-09   0.8249   0.4275      329
features.8                       146    -0.198565 6.708985e-04 1.796345e-08   0.7321   0.3349      137
features.13                       84    -0.198387 5.491639e-04 6.719464e-09   0.6355   0.2387      201
features.16                      707    -0.198248 2.738237e-03 1.892662e-09   0.7118   0.3153      329
features.3                        33    -0.198113 5.887243e-04 5.172203e-08   0.5283   0.1321       57
features.17                      480    -0.197832 2.050889e-03 5.975412e-10   0.7927   0.3970      489
features.15                      717    -0.197740 1.001418e-03 3.444703e-09   0.6008   0.2053      329
features.15                      133    -0.197740 7.012536e-04 3.836616e-10   0.4444   0.0490      329
features.15                      677    -0.197740 2.363497e-03 7.688212e-09   0.8550   0.4595      329
features.16                      407    -0.197452 1.554904e-03 7.893262e-10   0.5382   0.1433      329
features.14                      430    -0.197430 2.204114e-03 1.084548e-09   0.4930   0.0981      265
features.17                      664    -0.197154 1.054577e-03 2.682206e-10   0.5556   0.1612      489
features.17                      166    -0.197154 1.433985e-03 4.573433e-10   0.6951   0.3008      489
features.15                      593    -0.196798 8.091281e-04 1.518992e-09   0.4953   0.1017      329
features.13                      432    -0.196774 5.765416e-04 7.188433e-09   0.6516   0.2581      201
features.16                      280    -0.196656 1.922163e-03 1.203832e-09   0.5987   0.2054      329
features.16                      581    -0.196656 1.459136e-03 6.497541e-10   0.5127   0.1194      329
features.16                      906    -0.196656 2.382212e-03 1.637702e-09   0.6704   0.2771      329
features.16                      155    -0.196656 2.043257e-03 1.276645e-09   0.6178   0.2245      329
features.16                      267    -0.196656 2.743953e-03 1.930260e-09   0.7134   0.3201      329
features.8                       148    -0.196172 3.998807e-04 6.808833e-09   0.4737   0.0813      137
features.8                       202    -0.196172 1.004139e-03 2.394933e-08   0.8278   0.4354      137
features.15                      565    -0.195857 9.251743e-04 2.864177e-09   0.5537   0.1620      329
features.15                       41    -0.195857 2.089500e-03 7.280443e-09   0.8324   0.4407      329
features.12                      402    -0.195312 5.643082e-04 7.297349e-09   0.6719   0.2812      201
features.13                       62    -0.195161 6.096971e-04 7.565893e-09   0.6710   0.2806      201
features.13                      545    -0.195161 1.900041e-03 1.683567e-08   0.9419   0.5516      201
features.17                      777    -0.195122 1.122200e-03 3.249198e-10   0.5921   0.2019      489
features.15                      844    -0.194915 9.882457e-04 3.416932e-09   0.5932   0.2034      329
features.10                      120    -0.194672 4.333864e-04 4.565303e-10   0.4180   0.0287      137
features.10                      214    -0.194672 4.637133e-04 1.210147e-09   0.4467   0.0574      137
features.11                      240    -0.194672 6.468058e-03 6.260898e-08   0.9549   0.5656      169
features.16                      201    -0.194268 1.868808e-03 1.189704e-09   0.5924   0.2038      329
features.16                      911    -0.194268 3.419167e-03 2.507675e-09   0.7755   0.3869      329
features.14                      392    -0.193925 3.782140e-03 4.167475e-09   0.7313   0.3435      265
features.8                       184    -0.193780 1.571233e-03 2.696583e-08   0.9043   0.5167      137
features.17                      841    -0.193767 1.383135e-03 4.459519e-10   0.6762   0.2886      489
features.13                       19    -0.193548 1.701315e-03 1.646386e-08   0.9290   0.5419      201
features.13                      313    -0.193548 4.044640e-04 4.554904e-09   0.5226   0.1355      201
features.9                       300    -0.193478 8.764241e-04 7.308818e-09   0.7261   0.3391      137
features.17                      376    -0.193089 1.673034e-03 5.325189e-10   0.7425   0.3564      489
features.17                      540    -0.193089 1.590324e-03 5.018021e-10   0.7222   0.3360      489
features.14                      221    -0.192757 4.763949e-03 4.949745e-09   0.7921   0.4065      265
features.10                      306    -0.192623 3.803391e-03 7.620017e-09   0.9795   0.5943      137
features.17                      125    -0.192412 1.335186e-03 4.421748e-10   0.6694   0.2846      489
features.12                      242    -0.192187 9.736506e-04 1.087382e-08   0.8250   0.4406      201
features.12                      382    -0.192187 2.908425e-03 1.539580e-08   0.9563   0.5719      201
features.13                      461    -0.191935 9.239853e-04 1.162244e-08   0.8000   0.4161      201
features.13                      259    -0.191935 3.458955e-04 6.259649e-10   0.4258   0.0419      201
features.13                      102    -0.191935 5.009131e-04 6.546261e-09   0.6032   0.2194      201
features.16                      846    -0.191879 1.278077e-02 4.557663e-09   0.9777   0.5939      329
features.8                       276    -0.191388 4.178535e-04 7.881361e-09   0.4928   0.1100      137
features.16                       16    -0.191083 7.747609e-03 4.206085e-09   0.9395   0.5573      329
features.16                       39    -0.191083 4.175298e-03 2.927160e-09   0.8328   0.4506      329
features.7                        43    -0.191057 2.195738e-02 7.236096e-08   0.9593   0.5772      105
features.5                       114    -0.191057 1.228321e-03 7.086305e-08   0.8049   0.4228       73
features.7                       151    -0.191057 4.411450e-03 2.548522e-08   0.5366   0.1545      105
features.10                       82    -0.190574 7.261395e-04 3.100703e-09   0.6189   0.2377      137
features.11                      152    -0.190574 1.175051e-03 2.188560e-09   0.3893   0.0082      169
features.11                       66    -0.190574 6.205538e-03 6.176068e-08   0.9426   0.5615      169
features.16                      896    -0.190287 9.538232e-03 4.379143e-09   0.9586   0.5780      329
