================================================================================
Channel Pruning Log
  dataset    : CelebA
  impt_type  : 2
  seed       : 42
  iteration  : 15
  alpha      : 0.5000
  norm       : rank
  timestamp  : 2026-08-31 08:03:31
  remove_target  : 40557
  accum_removed  : 40766
  selected_channels : 158
  gamma             : 0.0050
  cap_multiplier    : None
  remove_target_met : yes
  total_params   : 2289600
  active_after   : 875106
  model_sparsity : 61.8%
================================================================================

[ 레이어별 채널 제거 비율 ]
  layer                total_ch  this_iter    cumul  cumul_%
  ----------------------------------------------------------
  features.1                 32          1       17    53.1%
  features.2                 96          1       87    90.6%
  features.3                144          3      122    84.7%
  features.4                144          7      104    72.2%
  features.5                192          4      169    88.0%
  features.6                192          3      171    89.1%
  features.7                192          5      158    82.3%
  features.8                384         10      349    90.9%
  features.9                384          5      351    91.4%
  features.10               384          7      343    89.3%
  features.11               384         13      326    84.9%
  features.12               576          7      473    82.1%
  features.13               576         11      495    85.9%
  features.14               576         12      411    71.4%
  features.15               960         16      828    86.2%
  features.16               960         26      826    86.0%
  features.17               960         27      632    65.8%

[ 레이어별 보호 영역 (γ=0.0050) ]
  layer                  active  protected  protect_%
  --------------------------------------------------
  features.1                 16          1       6.2%
  features.2                 10          1      10.0%
  features.3                 25          1       4.0%
  features.4                 47          1       2.1%
  features.5                 27          1       3.7%
  features.6                 24          1       4.2%
  features.7                 39          1       2.6%
  features.8                 45          1       2.2%
  features.9                 38          1       2.6%
  features.10                48          1       2.1%
  features.11                71          1       1.4%
  features.12               110          1       0.9%
  features.13                92          1       1.1%
  features.14               177          1       0.6%
  features.15               148          1       0.7%
  features.16               160          1       0.6%
  features.17               355          2       0.6%

[ 블록별 제거 채널 수 ]
  features.1: 1채널 제거
  features.10: 7채널 제거
  features.11: 13채널 제거
  features.12: 7채널 제거
  features.13: 11채널 제거
  features.14: 12채널 제거
  features.15: 16채널 제거
  features.16: 26채널 제거
  features.17: 27채널 제거
  features.2: 1채널 제거
  features.3: 3채널 제거
  features.4: 7채널 제거
  features.5: 4채널 제거
  features.6: 3채널 제거
  features.7: 5채널 제거
  features.8: 10채널 제거
  features.9: 5채널 제거

[ 선택된 채널 상세 ]
  (phi/perf: raw, phi_n/perf_n: 정규화 후 값 — score = α·perf_n − (1−α)·phi_n)
block                             ch        score          phi         perf    phi_n   perf_n  weights
----------------------------------------------------------------------------------------------------
features.6                        50    -0.304348 5.648239e-04 1.127631e-06   0.9130   0.3043       73
features.7                       169    -0.289474 6.000798e-03 3.297005e-07   0.7105   0.1316      105
features.11                       50    -0.285714 3.981175e-03 8.268137e-07   0.9429   0.3714      169
features.8                       281    -0.284091 3.982911e-04 5.983989e-08   0.5909   0.0227      137
features.17                      610    -0.279661 1.900785e-03 1.317092e-09   0.6610   0.1017      489
features.15                      376    -0.272109 6.669681e-04 3.727302e-08   0.6871   0.1429      329
features.3                        85    -0.270833 1.701628e-03 8.297635e-06   0.9167   0.3750       57
features.14                      347    -0.267045 3.688558e-03 2.470914e-08   0.8068   0.2727      265
features.15                      347    -0.261905 1.558373e-03 7.365986e-08   0.8639   0.3401      329
features.11                      294    -0.257143 1.264464e-03 1.720447e-07   0.5857   0.0714      169
features.15                       95    -0.255102 4.721434e-04 9.004571e-09   0.5578   0.0476      329
features.6                         0    -0.239130 2.561529e-04 3.571426e-07   0.6087   0.1304       73
features.7                         2    -0.236842 4.882979e-03 3.417971e-07   0.6316   0.1579      105
features.13                      141    -0.236264 4.950571e-03 2.221422e-07   0.9780   0.5055      201
features.10                      222    -0.234043 2.893245e-04 4.582469e-08   0.6383   0.1702      137
features.12                      545    -0.233945 7.825374e-04 1.094886e-07   0.8532   0.3853      201
features.15                      153    -0.231293 9.169165e-04 7.721856e-08   0.8095   0.3469      329
features.16                      923    -0.229560 8.706496e-04 3.632422e-08   0.6226   0.1635      329
features.4                       103    -0.228261 4.849482e-03 3.814426e-07   0.7174   0.2609       65
features.8                       134    -0.227273 6.873007e-04 3.172546e-07   0.7727   0.3182      137
features.17                      179    -0.221751 1.711035e-03 1.838855e-09   0.6130   0.1695      489
features.15                      637    -0.221088 4.389433e-04 1.570154e-08   0.5170   0.0748      329
features.9                       327    -0.216216 6.242907e-04 4.453227e-07   0.9189   0.4865      137
features.8                        70    -0.215909 2.801923e-03 7.000948e-07   0.9773   0.5455      137
features.8                       267    -0.215909 7.575478e-04 3.487294e-07   0.7955   0.3636      137
features.11                      195    -0.214286 2.423326e-03 9.540696e-07   0.8714   0.4429      169
features.17                      147    -0.213277 9.999396e-03 5.394265e-09   0.9633   0.5367      489
features.14                      308    -0.213068 3.407798e-03 2.804974e-08   0.7670   0.3409      265
features.5                        20    -0.211538 4.734450e-04 1.364119e-06   0.7308   0.3077       73
features.5                        56    -0.211538 3.209301e-03 2.887626e-06   1.0000   0.5769       73
features.12                      439    -0.211009 2.279657e-04 5.342284e-09   0.5413   0.1193      201
features.15                      312    -0.210884 7.060817e-04 6.807650e-08   0.7279   0.3061      329
features.14                       43    -0.210227 2.996181e-03 2.508951e-08   0.7102   0.2898      265
features.17                       83    -0.209040 2.593218e-03 3.731242e-09   0.7458   0.3277      489
features.3                         1    -0.208333 5.900941e-04 5.386584e-06   0.7500   0.3333       57
features.16                      493    -0.207547 3.516150e-03 7.459544e-08   0.8616   0.4465      329
features.14                      195    -0.207386 2.103082e-03 8.454425e-09   0.5455   0.1307      265
features.14                      317    -0.207386 1.702901e-03 2.105662e-09   0.4716   0.0568      265
features.11                        9    -0.207143 2.105813e-03 9.216632e-07   0.8429   0.4286      169
features.13                      488    -0.203297 5.628630e-04 1.764427e-07   0.8242   0.4176      201
features.16                       53    -0.201258 6.334342e-04 3.547753e-08   0.5597   0.1572      329
features.7                       111    -0.197368 1.279582e-02 1.060796e-06   1.0000   0.6053      105
features.17                      880    -0.196328 4.296721e-03 4.818988e-09   0.8701   0.4774      489
features.4                         0    -0.195652 1.640788e-02 1.079407e-06   0.9565   0.5652       65
features.15                      208    -0.193878 1.001856e-03 9.141289e-08   0.8163   0.4286      329
features.14                      213    -0.193182 7.797293e-03 4.665156e-08   0.9432   0.5568      265
features.14                      161    -0.193182 1.744039e-03 5.124821e-09   0.4830   0.0966      265
features.11                      282    -0.192857 1.447287e-03 5.294701e-07   0.6714   0.2857      169
features.5                        70    -0.192308 3.118035e-04 5.774200e-07   0.4615   0.0769       73
features.13                       32    -0.192308 3.663382e-04 7.426540e-08   0.6154   0.2308      201
features.16                      133    -0.191824 9.680153e-04 5.076129e-08   0.6415   0.2579      329
features.17                      100    -0.189266 1.108290e-03 1.170190e-09   0.4661   0.0876      489
features.17                      470    -0.189266 4.141895e-03 4.817337e-09   0.8531   0.4746      489
features.9                       295    -0.189189 2.495596e-04 1.370661e-07   0.6216   0.2432      137
features.16                      745    -0.188679 1.763460e-03 6.544479e-08   0.7484   0.3711      329
features.13                      567    -0.186813 2.573986e-04 5.932589e-08   0.5385   0.1648      201
features.17                      254    -0.186441 4.411400e-03 5.149220e-09   0.8785   0.5056      489
features.11                      176    -0.185714 4.550991e-03 1.562985e-06   0.9714   0.6000      169
features.16                      795    -0.185535 3.420124e-03 8.072298e-08   0.8553   0.4843      329
features.16                       35    -0.185535 4.546580e-04 5.364311e-10   0.4088   0.0377      329
features.4                        23    -0.184783 4.768664e-03 4.460067e-07   0.6739   0.3043       65
features.4                       117    -0.184783 1.007895e-02 7.235396e-07   0.8043   0.4348       65
features.17                       21    -0.183616 1.420032e-03 2.198585e-09   0.5678   0.2006      489
features.17                      360    -0.182203 3.029838e-03 4.560672e-09   0.8051   0.4407      489
features.8                       249    -0.181818 4.446191e-04 2.771522e-07   0.6364   0.2727      137
features.10                      336    -0.180851 1.964446e-04 1.400530e-08   0.4894   0.1277      137
features.17                      583    -0.180791 2.253587e-03 3.664799e-09   0.6864   0.3249      489
features.17                      437    -0.180791 4.165495e-03 5.065047e-09   0.8588   0.4972      489
features.15                      552    -0.180272 1.181905e-03 1.000420e-07   0.8299   0.4694      329
features.16                      166    -0.176101 1.947279e-03 7.104763e-08   0.7736   0.4214      329
features.13                       29    -0.175824 1.198962e-03 2.568768e-07   0.9341   0.5824      201
features.9                        47    -0.175676 3.290172e-04 3.414681e-07   0.7297   0.3784      137
features.17                      348    -0.175141 1.431309e-03 2.423175e-09   0.5706   0.2203      489
features.17                      456    -0.175141 1.354187e-03 2.200162e-09   0.5537   0.2034      489
features.17                      737    -0.175141 8.783958e-04 6.561728e-10   0.3927   0.0424      489
features.17                      234    -0.175141 1.456159e-03 2.602919e-09   0.5791   0.2288      489
features.12                      148    -0.174312 2.638443e-04 6.784703e-08   0.6055   0.2569      201
features.12                      423    -0.174312 3.211175e-04 6.999412e-08   0.6330   0.2844      201
features.6                       138    -0.173913 1.646679e-04 2.562989e-08   0.3913   0.0435       73
features.14                      349    -0.173295 4.508862e-03 4.238930e-08   0.8409   0.4943      265
features.5                        60    -0.173077 5.454138e-04 2.393205e-06   0.8077   0.4615       73
features.16                      748    -0.172956 3.077970e-03 8.461184e-08   0.8491   0.5031      329
features.11                       18    -0.171429 1.238073e-03 4.011574e-07   0.5714   0.2286      169
features.11                      116    -0.171429 2.025762e-03 9.568938e-07   0.8000   0.4571      169
features.7                        39    -0.171053 1.191511e-02 1.084778e-06   0.9737   0.6316      105
features.8                         2    -0.170455 3.541819e-04 2.417803e-07   0.5455   0.2045      137
features.8                        96    -0.170455 2.629852e-04 1.193123e-07   0.4318   0.0909      137
features.8                       265    -0.170455 3.022949e-04 1.531384e-07   0.4545   0.1136      137
features.13                      269    -0.170330 2.723938e-04 7.321386e-08   0.5495   0.2088      201
features.10                       19    -0.170213 2.137159e-04 4.608540e-08   0.5319   0.1915      137
features.10                      256    -0.170213 6.847066e-04 2.066021e-07   0.8723   0.5319      137
features.15                      761    -0.170068 6.727471e-04 7.817486e-08   0.7007   0.3605      329
features.16                      570    -0.169811 4.930542e-04 1.936212e-08   0.4403   0.1006      329
features.3                       113    -0.166667 3.027173e-04 2.111070e-06   0.5417   0.2083       57
features.15                      370    -0.166667 5.975181e-04 6.651536e-08   0.6327   0.2993      329
features.1                         8    -0.166667 1.687679e-02 8.958895e-05   1.0000   0.6667       25
features.2                         3    -0.166667 1.455123e-02 5.538972e-05   0.8889   0.5556       49
features.16                      861    -0.166667 8.567610e-03 1.037844e-07   0.9686   0.6352      329
features.14                      100    -0.164773 2.955925e-02 5.884910e-08   1.0000   0.6705      265
features.11                      155    -0.164286 9.466382e-04 2.786760e-07   0.4571   0.1286      169
features.15                      950    -0.163265 7.998110e-04 9.175547e-08   0.7619   0.4354      329
features.4                        48    -0.163043 9.716632e-04 1.188938e-07   0.3913   0.0652       65
features.9                       225    -0.162162 6.093645e-04 5.704723e-07   0.8919   0.5676      137
features.12                      151    -0.160550 1.988330e-03 2.305771e-07   0.9541   0.6330      201
features.12                      400    -0.160550 9.989091e-04 1.803543e-07   0.8807   0.5596      201
features.16                      446    -0.160377 5.753203e-04 4.378727e-08   0.5283   0.2075      329
features.16                      300    -0.160377 4.432900e-04 1.220780e-08   0.4025   0.0818      329
features.16                      467    -0.160377 1.156265e-03 6.482397e-08   0.6792   0.3585      329
features.15                      273    -0.159864 4.261512e-04 4.326851e-08   0.4966   0.1769      329
features.15                      604    -0.159864 8.213316e-04 9.270858e-08   0.7687   0.4490      329
features.17                      309    -0.159605 1.722477e-03 3.328287e-09   0.6158   0.2966      489
features.10                      255    -0.159574 6.674425e-04 2.000282e-07   0.8298   0.5106      137
features.13                      140    -0.159341 5.092760e-04 2.066287e-07   0.7802   0.4615      201
features.13                      272    -0.159341 5.156892e-04 2.070744e-07   0.7912   0.4725      201
features.16                       23    -0.157233 5.633309e-04 4.161214e-08   0.5157   0.2013      329
features.16                      775    -0.157233 6.937598e-04 5.396356e-08   0.5975   0.2830      329
features.11                      161    -0.157143 1.696584e-03 8.964998e-07   0.7286   0.4143      169
features.17                      805    -0.156780 3.052862e-03 5.048426e-09   0.8079   0.4944      489
features.14                      207    -0.156250 2.263519e-03 2.446646e-08   0.5795   0.2670      265
features.16                      844    -0.154088 1.349074e-03 6.616813e-08   0.6918   0.3836      329
features.16                      468    -0.154088 1.067033e-03 6.210547e-08   0.6604   0.3522      329
features.17                      653    -0.153955 1.828763e-03 3.873724e-09   0.6497   0.3418      489
features.17                      150    -0.152542 4.332403e-03 5.650622e-09   0.8757   0.5706      489
features.4                       101    -0.152174 1.068068e-03 2.159585e-07   0.4565   0.1522       65
features.12                       30    -0.151376 9.737682e-04 1.811658e-07   0.8716   0.5688      201
features.17                      858    -0.151130 5.769640e-03 5.951205e-09   0.9040   0.6017      489
features.11                      314    -0.150000 3.729213e-03 2.001323e-06   0.9286   0.6286      169
features.9                        11    -0.148649 3.044411e-04 3.447526e-07   0.7027   0.4054      137
features.17                      693    -0.148305 1.864713e-03 3.962775e-09   0.6554   0.3588      489
features.16                      119    -0.147799 3.939837e-04 3.929240e-09   0.3522   0.0566      329
features.8                       200    -0.147727 8.458445e-04 6.794343e-07   0.8182   0.5227      137
features.8                       192    -0.147727 3.810568e-03 1.351963e-06   1.0000   0.7045      137
features.17                      136    -0.146893 5.972947e-03 6.020048e-09   0.9068   0.6130      489
features.14                      137    -0.144886 1.830161e-03 1.491368e-08   0.5000   0.2102      265
features.7                        36    -0.144737 5.156300e-03 6.455389e-07   0.6842   0.3947      105
features.16                      747    -0.144654 1.941088e-03 7.961924e-08   0.7673   0.4780      329
features.16                      792    -0.144654 5.350455e-04 4.148951e-08   0.4843   0.1950      329
features.11                      313    -0.142857 5.487369e-03 2.377251e-06   0.9857   0.7000      169
features.15                      286    -0.142857 3.990809e-03 1.525686e-07   0.9388   0.6531      329
features.17                      182    -0.142655 1.478908e-03 3.424433e-09   0.5847   0.2994      489
features.16                      109    -0.141509 4.875096e-04 3.195486e-08   0.4340   0.1509      329
features.16                      232    -0.141509 1.686162e-03 7.581053e-08   0.7421   0.4591      329
features.16                      487    -0.141509 9.298072e-03 1.180720e-07   0.9811   0.6981      329
features.4                       140    -0.141304 5.684259e-04 9.609237e-08   0.3261   0.0435       65
features.17                      837    -0.141243 6.791719e-04 5.931610e-10   0.3136   0.0311      489
features.17                      187    -0.138418 2.832057e-03 5.159277e-09   0.7853   0.5085      489
features.16                      123    -0.138365 3.515080e-04 4.850493e-10   0.3082   0.0314      329
features.16                      737    -0.138365 3.555872e-04 1.468686e-09   0.3208   0.0440      329
features.10                      110    -0.138298 2.280763e-04 7.715165e-08   0.5532   0.2766      137
features.10                      232    -0.138298 1.049278e-03 2.714030e-07   0.9149   0.6383      137
features.13                       35    -0.137363 1.535371e-04 1.167453e-08   0.3736   0.0989      201
features.13                      262    -0.137363 4.500366e-04 2.017941e-07   0.7253   0.4505      201
features.13                      209    -0.137363 1.722057e-04 3.653762e-08   0.4066   0.1319      201
features.14                      162    -0.136364 2.116607e-03 2.490691e-08   0.5568   0.2841      265
features.15                      619    -0.136054 7.247874e-04 1.002874e-07   0.7483   0.4762      329
features.15                      876    -0.136054 2.308891e-04 8.816585e-10   0.2857   0.0136      329
features.11                      379    -0.135714 5.296839e-04 7.028723e-08   0.2857   0.0143      169
features.17                       15    -0.135593 1.334236e-02 7.231884e-09   0.9944   0.7232      489
