================================================================================
Channel Pruning Log
  dataset    : CelebA
  impt_type  : 2
  seed       : 42
  iteration  : 16
  alpha      : 0.5000
  norm       : rank
  timestamp  : 2026-08-31 09:04:45
  remove_target  : 36480
  accum_removed  : 36915
  selected_channels : 139
  gamma             : 0.0050
  cap_multiplier    : None
  remove_target_met : yes
  total_params   : 2289600
  active_after   : 838191
  model_sparsity : 63.4%
================================================================================

[ 레이어별 채널 제거 비율 ]
  layer                total_ch  this_iter    cumul  cumul_%
  ----------------------------------------------------------
  features.1                 32          3       20    62.5%
  features.2                 96          1       88    91.7%
  features.3                144          6      128    88.9%
  features.4                144          5      109    75.7%
  features.5                192          4      173    90.1%
  features.6                192          4      175    91.1%
  features.7                192          7      165    85.9%
  features.8                384          4      353    91.9%
  features.9                384          2      353    91.9%
  features.10               384          4      347    90.4%
  features.11               384         11      337    87.8%
  features.12               576          9      482    83.7%
  features.13               576          4      499    86.6%
  features.14               576         13      424    73.6%
  features.15               960         14      842    87.7%
  features.16               960         16      842    87.7%
  features.17               960         32      664    69.2%

[ 레이어별 보호 영역 (γ=0.0050) ]
  layer                  active  protected  protect_%
  --------------------------------------------------
  features.1                 15          1       6.7%
  features.2                  9          1      11.1%
  features.3                 22          1       4.5%
  features.4                 40          1       2.5%
  features.5                 23          1       4.3%
  features.6                 21          1       4.8%
  features.7                 34          1       2.9%
  features.8                 35          1       2.9%
  features.9                 33          1       3.0%
  features.10                41          1       2.4%
  features.11                58          1       1.7%
  features.12               103          1       1.0%
  features.13                81          1       1.2%
  features.14               165          1       0.6%
  features.15               132          1       0.8%
  features.16               134          1       0.7%
  features.17               328          2       0.6%

[ 블록별 제거 채널 수 ]
  features.1: 3채널 제거
  features.10: 4채널 제거
  features.11: 11채널 제거
  features.12: 9채널 제거
  features.13: 4채널 제거
  features.14: 13채널 제거
  features.15: 14채널 제거
  features.16: 16채널 제거
  features.17: 32채널 제거
  features.2: 1채널 제거
  features.3: 6채널 제거
  features.4: 5채널 제거
  features.5: 4채널 제거
  features.6: 4채널 제거
  features.7: 7채널 제거
  features.8: 4채널 제거
  features.9: 2채널 제거

[ 선택된 채널 상세 ]
  (phi/perf: raw, phi_n/perf_n: 정규화 후 값 — score = α·perf_n − (1−α)·phi_n)
block                             ch        score          phi         perf    phi_n   perf_n  weights
----------------------------------------------------------------------------------------------------
features.2                        66    -0.312500 6.148399e-04 2.090877e-05   0.6250   0.0000       49
features.6                        20    -0.300000 3.597680e-04 4.963571e-07   0.7000   0.1000       73
features.8                       244    -0.294118 6.196385e-04 4.154424e-07   0.8235   0.2353      137
features.16                      214    -0.281955 8.049052e-03 1.040779e-07   0.9549   0.3910      329
features.11                       25    -0.280702 4.485036e-03 1.185508e-06   0.9825   0.4211      169
features.17                      939    -0.273700 3.603260e-03 3.813139e-09   0.8104   0.2630      489
features.15                      557    -0.270992 6.004323e-04 5.397365e-08   0.7099   0.1679      329
features.10                      296    -0.262500 2.820192e-04 1.303949e-08   0.6500   0.1250      137
features.15                      662    -0.259542 3.919585e-04 1.478046e-08   0.5725   0.0534      329
features.11                      101    -0.254386 1.263441e-03 3.978641e-07   0.6491   0.1404      169
features.13                      485    -0.250000 4.141343e-04 8.487807e-08   0.6875   0.1875      201
features.11                      156    -0.245614 2.326177e-03 1.075139e-06   0.8947   0.4035      169
features.11                      112    -0.236842 1.945223e-03 9.749788e-07   0.8421   0.3684      169
features.8                       346    -0.235294 3.305743e-04 2.151514e-07   0.5882   0.1176      137
features.9                        72    -0.234375 2.644170e-04 9.740191e-08   0.6875   0.2188      137
features.16                      145    -0.233083 8.600423e-04 6.100393e-08   0.6466   0.1805      329
features.4                        36    -0.230769 1.799732e-02 1.238800e-06   1.0000   0.5385       65
features.12                      459    -0.230392 2.869452e-04 3.481411e-08   0.6471   0.1863      201
features.5                        42    -0.227273 5.091602e-04 2.317650e-06   0.8182   0.3636       73
features.5                       153    -0.227273 3.456500e-04 1.011812e-06   0.6364   0.1818       73
features.5                       173    -0.227273 4.136052e-04 1.034697e-06   0.6818   0.2273       73
features.16                      826    -0.225564 6.516586e-04 3.007256e-08   0.5489   0.0977      329
features.11                      221    -0.219298 1.771555e-03 8.877774e-07   0.7719   0.3333      169
features.15                      176    -0.217557 8.473144e-03 1.372591e-07   0.9924   0.5573      329
features.17                      676    -0.217125 9.972564e-04 6.249504e-10   0.4404   0.0061      489
features.3                       109    -0.214286 2.513635e-04 1.186314e-06   0.5238   0.0952       57
features.17                      532    -0.214067 9.887633e-04 4.429587e-10   0.4312   0.0031      489
features.7                         8    -0.212121 5.823995e-03 8.111758e-07   0.8788   0.4545      105
features.16                      548    -0.206767 4.877049e-04 2.178335e-08   0.4962   0.0827      329
features.4                        15    -0.205128 5.351351e-03 6.960942e-07   0.7436   0.3333       65
features.17                      133    -0.204893 3.039227e-03 4.916290e-09   0.7676   0.3578      489
features.5                        58    -0.204545 1.488196e-03 3.031364e-06   0.9545   0.5455       73
features.14                       87    -0.204268 3.640537e-03 3.904569e-08   0.8110   0.4024      265
features.11                      243    -0.201754 1.345922e-03 6.102122e-07   0.6842   0.2807      169
features.14                      277    -0.201220 2.453572e-03 1.793376e-08   0.6280   0.2256      265
features.12                      401    -0.200980 1.011288e-03 1.552196e-07   0.8922   0.4902      201
features.6                       120    -0.200000 2.693332e-04 9.102978e-07   0.6000   0.2000       73
features.6                       123    -0.200000 3.989734e-04 1.369719e-06   0.7500   0.3500       73
features.6                        12    -0.200000 2.349636e-03 2.072779e-06   1.0000   0.6000       73
features.17                        5    -0.195719 2.290690e-03 4.243427e-09   0.6881   0.2966      489
features.11                       31    -0.192982 2.554559e-03 1.668139e-06   0.9123   0.5263      169
features.4                       137    -0.192308 2.673628e-03 3.893933e-07   0.5385   0.1538       65
features.16                      326    -0.191729 4.461647e-03 1.188701e-07   0.9023   0.5188      329
features.15                      791    -0.190840 5.261424e-04 6.970352e-08   0.6412   0.2595      329
features.3                        98    -0.190476 2.093484e-04 7.990247e-07   0.3810   0.0000       57
features.3                       124    -0.190476 1.987106e-03 7.624466e-06   0.9048   0.5238       57
features.17                      118    -0.189602 1.047741e-03 1.592495e-09   0.4618   0.0826      489
features.17                      531    -0.189602 9.342345e-04 9.395342e-10   0.3976   0.0183      489
features.14                      463    -0.189024 2.013692e-03 1.325812e-08   0.5549   0.1768      265
features.10                      138    -0.187500 2.014015e-04 3.806059e-08   0.5250   0.1500      137
features.9                       159    -0.187500 2.077991e-04 4.530084e-08   0.5000   0.1250      137
features.15                      821    -0.187023 1.621980e-03 1.266318e-07   0.8702   0.4962      329
features.17                      124    -0.186544 7.126511e-03 6.340008e-09   0.9205   0.5474      489
features.12                      366    -0.186275 3.171466e-04 7.375862e-08   0.6569   0.2843      201
features.17                      567    -0.185015 2.110659e-03 4.244129e-09   0.6697   0.2997      489
features.14                      353    -0.182927 4.733418e-03 4.664269e-08   0.8659   0.5000      265
features.17                      210    -0.181957 2.823789e-03 5.030807e-09   0.7401   0.3761      489
features.7                       190    -0.181818 3.408717e-03 7.920007e-07   0.7273   0.3636      105
features.12                      539    -0.181373 1.307144e-03 2.112287e-07   0.9314   0.5686      201
features.16                      150    -0.180451 3.964266e-04 9.207973e-09   0.4135   0.0526      329
features.17                      236    -0.178899 1.570569e-03 3.394729e-09   0.5841   0.2263      489
features.1                         3    -0.178571 3.841381e-03 5.818666e-05   0.8571   0.5000       25
features.17                       68    -0.177370 1.322059e-03 2.950914e-09   0.5443   0.1896      489
features.16                      134    -0.176692 8.659189e-04 8.558389e-08   0.6541   0.3008      329
features.17                      573    -0.174312 1.626854e-03 3.725011e-09   0.5994   0.2508      489
features.14                       32    -0.173780 2.468605e-03 2.765672e-08   0.6402   0.2927      265
features.14                       93    -0.173780 2.125701e-03 2.278419e-08   0.5854   0.2378      265
features.16                      331    -0.172932 3.717614e-03 1.198219e-07   0.8797   0.5338      329
features.15                      505    -0.171756 6.697167e-04 1.070247e-07   0.7557   0.4122      329
features.15                      554    -0.171756 2.570193e-04 7.114131e-09   0.3817   0.0382      329
features.17                      464    -0.171254 1.964505e-03 4.368665e-09   0.6483   0.3058      489
features.17                      626    -0.168196 8.415096e-03 6.901120e-09   0.9327   0.5963      489
features.15                      245    -0.167939 3.051962e-03 1.436545e-07   0.9237   0.5878      329
features.3                        44    -0.166667 2.671949e-04 3.939816e-06   0.5714   0.2381       57
features.4                        28    -0.166667 2.692196e-03 5.023177e-07   0.5641   0.2308       65
features.12                       11    -0.166667 2.054441e-04 4.369967e-08   0.5490   0.2157      201
features.12                      266    -0.166667 1.091602e-03 2.190519e-07   0.9118   0.5784      201
features.17                      394    -0.163609 5.824285e-03 6.683160e-09   0.9083   0.5810      489
features.13                       77    -0.162500 2.356400e-04 1.186503e-07   0.5750   0.2500      201
features.13                      306    -0.162500 5.294957e-04 2.069514e-07   0.7625   0.4375      201
features.17                      658    -0.162080 3.008951e-03 5.618519e-09   0.7615   0.4373      489
features.16                      315    -0.161654 4.343906e-04 3.010481e-08   0.4286   0.1053      329
features.17                      729    -0.160550 9.162782e-04 1.387097e-09   0.3914   0.0703      489
features.17                      427    -0.159021 2.268181e-03 4.969279e-09   0.6850   0.3670      489
features.17                      328    -0.159021 2.822264e-03 5.305695e-09   0.7370   0.4190      489
features.17                      433    -0.159021 7.829517e-03 7.139161e-09   0.9266   0.6086      489
features.14                      168    -0.158537 4.156926e-03 4.691437e-08   0.8354   0.5183      265
features.11                      185    -0.157895 4.092162e-03 2.564972e-06   0.9474   0.6316      169
features.11                      293    -0.157895 7.037038e-04 3.010405e-07   0.4211   0.1053      169
features.16                      260    -0.157895 4.609906e-04 4.691267e-08   0.4586   0.1429      329
features.16                      664    -0.157895 3.711987e-03 1.207947e-07   0.8722   0.5564      329
features.12                       42    -0.156863 1.105377e-03 2.336420e-07   0.9216   0.6078      201
features.15                      465    -0.156489 2.717378e-04 3.674364e-08   0.4122   0.0992      329
features.15                      917    -0.156489 4.877736e-04 7.596174e-08   0.6031   0.2901      329
features.13                      364    -0.156250 6.630311e-03 3.444660e-07   0.9875   0.6750      201
features.17                      230    -0.155963 2.568747e-03 5.301791e-09   0.7248   0.4128      489
features.17                      467    -0.155963 5.413587e-03 6.703210e-09   0.8960   0.5841      489
features.14                      279    -0.155488 2.618345e-03 3.543408e-08   0.6829   0.3720      265
features.4                        81    -0.153846 5.402584e-04 2.960026e-07   0.4359   0.1282       65
features.14                      119    -0.152439 5.275001e-03 5.672581e-08   0.9024   0.5976      265
features.12                      359    -0.151961 8.346605e-04 2.011590e-07   0.8529   0.5490      201
features.7                        27    -0.151515 5.941055e-03 1.023201e-06   0.9091   0.6061      105
features.7                       156    -0.151515 2.060154e-03 5.600233e-07   0.6061   0.3030      105
features.16                      742    -0.150376 4.229103e-03 1.282390e-07   0.8947   0.5940      329
features.16                      533    -0.150376 7.654023e-04 8.681310e-08   0.6165   0.3158      329
features.10                      107    -0.150000 3.680373e-04 2.243651e-07   0.8000   0.5000      137
features.14                      485    -0.149390 5.370642e-03 5.693592e-08   0.9085   0.6098      265
features.11                       26    -0.149123 5.457590e-04 1.997923e-07   0.3333   0.0351      169
features.11                      165    -0.149123 1.132652e-03 5.305509e-07   0.5439   0.2456      169
features.17                      287    -0.148318 2.409048e-03 5.253050e-09   0.7034   0.4067      489
features.8                       312    -0.147059 1.941339e-04 4.728968e-08   0.3235   0.0294      137
features.8                       177    -0.147059 2.907478e-04 2.871260e-07   0.4706   0.1765      137
features.12                      353    -0.147059 6.305301e-04 1.628636e-07   0.8039   0.5098      201
features.16                      229    -0.146617 8.904650e-03 1.565938e-07   0.9850   0.6917      329
features.14                      325    -0.146341 2.251671e-03 2.803206e-08   0.5976   0.3049      265
features.17                      847    -0.145260 1.043680e-03 2.695467e-09   0.4587   0.1682      489
features.15                      296    -0.145038 3.254792e-04 6.037189e-08   0.4809   0.1908      329
features.17                      590    -0.143731 1.102898e-03 2.897401e-09   0.4740   0.1865      489
features.1                        14    -0.142857 7.768467e-06 0.000000e+00   0.2857   0.0000       25
features.16                      576    -0.142857 1.700736e-03 1.101181e-07   0.7293   0.4436      329
features.1                        27    -0.142857 9.886188e-03 1.906700e-04   1.0000   0.7143       25
features.3                        29    -0.142857 2.188072e-04 1.560663e-06   0.4286   0.1429       57
features.3                        48    -0.142857 2.279406e-03 1.765020e-05   0.9524   0.6667       57
features.16                      683    -0.142857 4.595365e-04 5.444458e-08   0.4511   0.1654      329
features.17                      768    -0.142202 4.207831e-03 6.441710e-09   0.8440   0.5596      489
features.17                      817    -0.142202 1.001112e-03 2.650439e-09   0.4434   0.1590      489
features.15                      738    -0.141221 6.638073e-04 1.181883e-07   0.7481   0.4656      329
features.17                      828    -0.140673 9.096976e-04 1.673790e-09   0.3761   0.0948      489
features.17                      389    -0.140673 1.230546e-03 3.577890e-09   0.5199   0.2385      489
features.17                      606    -0.137615 2.063858e-03 5.149545e-09   0.6636   0.3884      489
features.10                      177    -0.137500 7.476292e-04 3.099668e-07   0.9000   0.6250      137
features.15                      522    -0.137405 2.168071e-02 2.064463e-07   1.0000   0.7252      329
features.15                      284    -0.137405 6.307833e-04 1.179838e-07   0.7252   0.4504      329
features.14                      189    -0.137195 2.697323e-03 3.953414e-08   0.6890   0.4146      265
features.14                       30    -0.137195 2.828182e-03 4.227349e-08   0.7256   0.4512      265
features.7                        73    -0.136364 9.746683e-03 1.383626e-06   0.9394   0.6667      105
features.7                        42    -0.136364 1.261692e-03 2.600902e-07   0.3939   0.1212      105
features.7                        12    -0.136364 1.175431e-02 1.469755e-06   1.0000   0.7273      105
features.17                      569    -0.136086 1.702077e-02 8.657973e-09   0.9908   0.7187      489
