================================================================================
Channel Pruning Log
  dataset    : UTKFace
  impt_type  : 2
  seed       : 42
  iteration  : 7
  alpha      : 0.9000
  norm       : rank
  timestamp  : 2026-08-23 11:56:17
  remove_target  : 38190
  accum_removed  : 38445
  selected_channels : 173
  gamma             : 0.0050
  remove_target_met : yes
  total_params   : 2192320
  active_after   : 1902169
  model_sparsity : 13.2%
================================================================================

[ 레이어별 채널 제거 비율 ]
  layer                total_ch  this_iter    cumul  cumul_%
  ----------------------------------------------------------
  features.1                 32          1        5    15.6%
  features.2                 96          6       35    36.5%
  features.3                144          5       36    25.0%
  features.4                144          3       32    22.2%
  features.5                192          9       59    30.7%
  features.6                192          5       52    27.1%
  features.7                192          5       55    28.6%
  features.8                384         10      119    31.0%
  features.9                384         10      115    29.9%
  features.10               384         11       98    25.5%
  features.11               384          8      100    26.0%
  features.12               576         17      135    23.4%
  features.13               576          4       72    12.5%
  features.14               576         18       97    16.8%
  features.15               960         37      271    28.2%
  features.16               960         15       88     9.2%
  features.17               960          9       46     4.8%

[ 레이어별 보호 영역 (γ=0.0050) ]
  layer                  active  protected  protect_%
  --------------------------------------------------
  features.1                 28          1       3.6%
  features.2                 67          1       1.5%
  features.3                113          1       0.9%
  features.4                115          1       0.9%
  features.5                142          1       0.7%
  features.6                145          1       0.7%
  features.7                142          1       0.7%
  features.8                275          2       0.7%
  features.9                279          2       0.7%
  features.10               297          2       0.7%
  features.11               292          2       0.7%
  features.12               458          3       0.7%
  features.13               508          3       0.6%
  features.14               497          3       0.6%
  features.15               726          4       0.6%
  features.16               887          5       0.6%
  features.17               923          5       0.5%

[ 블록별 제거 채널 수 ]
  features.1: 1채널 제거
  features.10: 11채널 제거
  features.11: 8채널 제거
  features.12: 17채널 제거
  features.13: 4채널 제거
  features.14: 18채널 제거
  features.15: 37채널 제거
  features.16: 15채널 제거
  features.17: 9채널 제거
  features.2: 6채널 제거
  features.3: 5채널 제거
  features.4: 3채널 제거
  features.5: 9채널 제거
  features.6: 5채널 제거
  features.7: 5채널 제거
  features.8: 10채널 제거
  features.9: 10채널 제거

[ 선택된 채널 상세 ]
block                             ch        score          phi         perf  weights
--------------------------------------------------------------------------------
features.3                       137    -0.088393 1.219802e-07 2.791706e-06       57
features.8                       171    -0.075547 1.286059e-07 2.500571e-07      137
features.15                      931    -0.068000 2.432701e-07 6.424970e-08      329
features.5                       105    -0.065248 1.241304e-07 1.294937e-06       73
features.15                      163    -0.063724 2.122615e-07 6.465085e-08      329
features.15                      733    -0.060552 1.113762e-06 9.460253e-08      329
features.15                       37    -0.057655 6.432167e-07 8.768476e-08      329
features.2                        30    -0.057576 5.885431e-07 8.619510e-06       49
features.5                       165    -0.057447 1.746216e-07 1.418329e-06       73
features.5                       110    -0.057447 1.094869e-07 1.330033e-06       73
features.8                        20    -0.055109 1.136308e-07 2.917183e-07      137
features.15                      550    -0.052690 3.210530e-07 8.534466e-08      329
features.15                      405    -0.052000 1.542242e-07 6.958675e-08      329
features.15                      319    -0.047862 1.633274e-07 7.711578e-08      329
features.15                      926    -0.047862 1.020649e-06 1.002198e-07      329
features.8                        74    -0.047445 8.346985e-08 2.878341e-07      137
features.9                       251    -0.046043 5.135276e-08 1.444946e-07      137
features.8                       317    -0.043796 3.355260e-07 3.432289e-07      137
features.15                      936    -0.041931 2.923670e-07 9.460064e-08      329
features.17                      590    -0.040347 1.264588e-07 1.364420e-09      489
features.5                        96    -0.039007 2.734384e-08 1.265363e-06       73
features.14                      403    -0.036895 5.789896e-07 9.620179e-08      265
features.7                       148    -0.036170 4.960380e-07 1.094318e-06      105
features.10                      155    -0.035473 2.847891e-07 1.458373e-07      137
features.16                      325    -0.035327 9.642347e-08 9.600809e-09      329
features.10                      163    -0.034797 1.089637e-07 1.369532e-07      137
features.5                         0    -0.034043 1.260416e-08 1.213681e-06       73
features.15                      271    -0.033517 6.249246e-07 1.021090e-07      329
features.14                      537    -0.033468 9.148129e-07 1.292389e-07      265
features.15                      495    -0.033241 2.359485e-07 9.645250e-08      329
features.6                       178    -0.032639 2.168073e-08 7.241114e-07       73
features.12                      326    -0.032385 5.332630e-08 1.324563e-07      201
features.9                       104    -0.032374 6.930172e-08 1.869090e-07      137
features.3                        61    -0.032143 5.308539e-08 3.552378e-06       57
features.15                      941    -0.032000 6.141150e-08 5.993293e-08      329
features.15                      191    -0.031862 9.433651e-08 8.010996e-08      329
features.11                      179    -0.030928 6.775067e-08 4.588491e-07      169
features.14                       46    -0.030645 1.209641e-06 1.407337e-07      265
features.5                       153    -0.030496 1.620054e-08 1.214459e-06       73
features.9                        57    -0.029496 2.757626e-08 1.332413e-07      137
features.14                      131    -0.028629 7.090475e-07 1.265050e-07      265
features.8                       349    -0.028467 1.444393e-07 3.526175e-07      137
features.11                      266    -0.028179 1.324366e-06 7.719758e-07      169
features.9                        55    -0.027698 1.806594e-07 1.991932e-07      137
features.11                      365    -0.027491 4.830606e-08 4.341408e-07      169
features.15                      895    -0.027034 2.781697e-07 1.006018e-07      329
features.7                       153    -0.026950 4.800640e-07 1.187841e-06      105
features.7                       188    -0.025532 5.126700e-07 1.193709e-06      105
features.15                      426    -0.025517 7.358646e-07 1.071525e-07      329
features.4                         3    -0.024561 2.731180e-07 1.734198e-06       65
features.12                      501    -0.023414 1.365815e-07 1.653463e-07      201
features.7                        93    -0.023404 2.509958e-07 1.011804e-06      105
features.15                      585    -0.023310 1.708382e-07 9.830102e-08      329
features.16                      183    -0.023138 1.172774e-07 1.413631e-08      329
features.11                       83    -0.023024 9.855800e-08 5.824432e-07      169
features.14                      427    -0.022984 7.222033e-07 1.303888e-07      265
features.14                      388    -0.022782 9.154577e-07 1.401104e-07      265
features.10                       79    -0.022297 7.852123e-08 1.386945e-07      137
features.15                      742    -0.022207 2.562940e-07 1.013768e-07      329
features.12                      358    -0.021882 5.284116e-07 1.826099e-07      201
features.11                        4    -0.021306 7.110113e-08 5.240015e-07      169
features.4                       102    -0.021053 1.437363e-07 1.493045e-06       65
features.3                        28    -0.020536 1.107368e-08 2.902958e-06       57
features.9                       167    -0.020144 9.755587e-08 1.965676e-07      137
features.8                        13    -0.020073 3.126012e-08 2.843801e-07      137
features.15                      676    -0.019862 1.746190e-07 9.960489e-08      329
features.14                       14    -0.019758 1.324087e-06 1.521690e-07      265
features.11                       92    -0.019588 2.852402e-07 7.065699e-07      169
features.14                       82    -0.019556 5.068179e-07 1.213938e-07      265
features.15                       17    -0.019448 1.527557e-07 9.878275e-08      329
features.6                       144    -0.019444 3.577627e-08 9.055846e-07       73
features.15                      665    -0.019034 2.946791e-08 3.324307e-08      329
features.8                       275    -0.018978 7.120607e-08 3.215580e-07      137
features.9                        59    -0.018345 3.933823e-08 1.741622e-07      137
features.15                      767    -0.018345 5.486736e-08 7.481302e-08      329
features.10                      364    -0.018243 9.433651e-08 1.444469e-07      137
features.15                      360    -0.017517 8.673067e-08 8.754697e-08      329
features.15                      133    -0.017379 3.075505e-08 5.079026e-08      329
features.15                      642    -0.017241 2.199731e-07 1.013990e-07      329
features.13                      501    -0.017160 1.005903e-07 1.077453e-07      201
features.12                      433    -0.017068 8.340202e-07 1.855871e-07      201
features.13                      472    -0.016765 4.133644e-07 1.250205e-07      201
features.17                      601    -0.016161 3.400102e-08 9.972179e-10      489
features.3                       104    -0.016071 1.528014e-08 3.359988e-06       57
features.15                      587    -0.016000 5.100154e-08 7.700079e-08      329
features.15                      898    -0.015862 7.107037e-07 1.109868e-07      329
features.11                      366    -0.015808 1.088127e-07 6.004302e-07      169
features.10                      369    -0.015203 1.357997e-07 1.533949e-07      137
features.16                      336    -0.015011 2.516248e-07 2.141611e-08      329
features.15                      953    -0.014897 9.303010e-07 1.119758e-07      329
features.12                      463    -0.014880 4.338791e-08 1.524023e-07      201
features.10                      311    -0.014527 1.822265e-08 9.823235e-08      137
features.16                      563    -0.014334 1.039115e-07 1.545781e-08      329
features.5                        15    -0.014184 2.300905e-07 1.858150e-06       73
features.12                      255    -0.013786 2.512808e-07 1.829346e-07      201
features.12                      238    -0.013786 5.725043e-08 1.544654e-07      201
features.2                        46    -0.013636 8.479559e-08 1.005705e-05       49
features.2                         9    -0.013636 9.747498e-09 6.897035e-06       49
features.5                        81    -0.013475 1.192531e-07 1.812120e-06       73
features.7                       144    -0.013475 6.751090e-07 1.226069e-06      105
features.12                      519    -0.013348 9.799236e-08 1.707914e-07      201
features.9                       284    -0.012950 1.795571e-08 1.582359e-07      137
features.12                      523    -0.012910 1.995511e-08 1.183357e-07      201
features.16                      527    -0.012302 3.248632e-08 9.280618e-09      329
features.14                      463    -0.012298 9.989933e-07 1.499615e-07      265
features.15                      535    -0.012138 2.159501e-07 1.034934e-07      329
features.8                       141    -0.012044 1.339225e-08 2.469302e-07      137
features.10                      203    -0.011486 5.707139e-08 1.404792e-07      137
features.15                      293    -0.011310 8.111343e-07 1.127045e-07      329
features.15                      872    -0.011172 6.001959e-08 8.072278e-08      329
features.10                       32    -0.011149 1.498863e-08 8.748295e-08      137
features.16                      635    -0.010948 3.179947e-08 9.440885e-09      329
features.2                        40    -0.010606 3.810864e-07 1.088278e-05       49
features.12                      330    -0.010503 1.042355e-08 6.328201e-08      201
features.9                       359    -0.010432 1.275749e-07 2.041047e-07      137
features.16                      625    -0.010271 1.005388e-07 1.565384e-08      329
features.17                      761    -0.010195 4.375702e-08 1.282101e-09      489
features.10                      246    -0.010135 1.069960e-08 4.500958e-08      137
features.15                      236    -0.009793 3.066764e-08 6.722822e-08      329
features.15                      702    -0.009793 2.925158e-07 1.079246e-07      329
features.10                       48    -0.009459 1.161642e-07 1.533955e-07      137
features.13                      176    -0.009270 2.533069e-07 1.286953e-07      201
features.15                      850    -0.009241 5.920540e-08 8.341011e-08      329
features.17                      207    -0.009111 7.115435e-08 1.532740e-09      489
features.15                      517    -0.009103 4.311727e-07 1.106363e-07      329
features.14                      271    -0.009073 2.053299e-07 8.115917e-08      265
features.6                       176    -0.008333 8.949592e-09 6.994196e-07       73
features.16                      334    -0.008239 4.196663e-08 1.176564e-08      329
features.4                       128    -0.007895 4.540245e-07 1.930827e-06       65
features.16                       68    -0.007562 1.436093e-07 1.968016e-08      329
features.9                       343    -0.007554 5.198429e-08 1.955849e-07      137
features.12                      557    -0.007440 3.035367e-07 1.866498e-07      201
features.1                        23    -0.007407 7.290342e-17 9.073894e-14       25
features.5                       124    -0.007092 1.992626e-09 7.763937e-07       73
features.17                       86    -0.006616 4.172274e-08 1.293715e-09      489
features.12                      419    -0.006565 3.317999e-07 1.883317e-07      201
features.15                      290    -0.006345 5.781336e-07 1.120413e-07      329
features.11                      265    -0.006186 4.506889e-08 5.560735e-07      169
features.17                      903    -0.006182 1.864431e-08 1.027842e-09      489
features.9                       149    -0.006115 1.605390e-08 1.586096e-07      137
features.2                        91    -0.006061 6.321844e-07 1.195551e-05       49
features.14                      372    -0.006048 5.130878e-07 1.319027e-07      265
features.14                      269    -0.005847 1.942449e-07 8.596864e-08      265
features.6                        24    -0.005556 1.354982e-08 8.306760e-07       73
features.14                      389    -0.004839 7.587151e-07 1.486703e-07      265
features.16                      933    -0.004628 3.172816e-08 1.089346e-08      329
features.15                       50    -0.004552 8.012634e-07 1.138187e-07      329
features.3                        76    -0.004464 8.005609e-10 2.124172e-06       57
features.14                      525    -0.004435 5.566682e-07 1.335274e-07      265
features.16                      246    -0.003837 3.739416e-08 1.187058e-08      329
features.14                      204    -0.003831 1.382068e-07 7.747285e-08      265
features.16                      898    -0.003612 1.873877e-08 7.954634e-09      329
features.12                      467    -0.003501 8.906077e-08 1.806007e-07      201
features.14                      425    -0.003427 2.046121e-07 9.071516e-08      265
features.14                      109    -0.003427 7.053271e-08 6.886232e-08      265
features.2                        26    -0.003030 1.141546e-07 1.049687e-05       49
features.12                      461    -0.002845 9.448297e-09 1.054290e-07      201
features.6                       161    -0.002778 2.386108e-09 5.723027e-07       73
features.12                      327    -0.002626 1.233442e-07 1.841779e-07      201
features.16                      615    -0.002483 2.651833e-08 1.070527e-08      329
features.10                      205    -0.002365 9.266924e-09 4.651288e-08      137
features.17                      204    -0.002169 1.426746e-08 1.133107e-09      489
features.15                      386    -0.002069 7.577192e-09 2.500878e-08      329
features.8                       208    -0.001825 2.201952e-09 1.668802e-07      137
features.13                       69    -0.001775 9.122949e-09 5.513592e-08      201
features.12                      229    -0.001751 2.921200e-08 1.527092e-07      201
features.12                      489    -0.001751 1.858828e-08 1.379402e-07      201
features.16                      202    -0.001693 7.857788e-08 1.729054e-08      329
features.14                      219    -0.001613 2.564077e-08 4.771820e-08      265
features.16                      622    -0.001467 4.092080e-08 1.233641e-08      329
features.8                       353    -0.001460 3.355449e-07 4.228557e-07      137
features.17                      371    -0.001410 1.467755e-08 1.134308e-09      489
features.17                      118    -0.001302 1.621731e-08 1.175172e-09      489
