================================================================================
Channel Pruning Log
  dataset    : UTKFace
  impt_type  : 2
  seed       : 42
  iteration  : 26
  alpha      : 1.0000
  norm       : raw
  timestamp  : 2026-09-08 23:50:46
  remove_target  : 23559
  accum_removed  : 23831
  selected_channels : 95
  gamma             : 0.0000
  cap_multiplier    : None
  remove_target_met : yes
  total_params   : 2192320
  active_after   : 1331555
  model_sparsity : 39.3%
================================================================================

[ 레이어별 채널 제거 비율 ]
  layer                total_ch  this_iter    cumul  cumul_%
  ----------------------------------------------------------
  features.1                 32          0        7    21.9%
  features.2                 96          0        0     0.0%
  features.3                144          0        0     0.0%
  features.4                144          0        0     0.0%
  features.5                192          0        5     2.6%
  features.6                192          0        8     4.2%
  features.7                192          0        2     1.0%
  features.8                384          5       70    18.2%
  features.9                384          6       97    25.3%
  features.10               384          8      108    28.1%
  features.11               384          3       21     5.5%
  features.12               576         18      151    26.2%
  features.13               576         12      137    23.8%
  features.14               576          9      141    24.5%
  features.15               960         12      390    40.6%
  features.16               960         15      550    57.3%
  features.17               960          7      846    88.1%

[ 레이어별 보호 영역 (γ=0.0000) ]
  layer                  active  protected  protect_%
  --------------------------------------------------
  features.1                  0          0       0.0%
  features.2                  0          0       0.0%
  features.3                  0          0       0.0%
  features.4                  0          0       0.0%
  features.5                  0          0       0.0%
  features.6                  0          0       0.0%
  features.7                  0          0       0.0%
  features.8                  0          0       0.0%
  features.9                  0          0       0.0%
  features.10                 0          0       0.0%
  features.11                 0          0       0.0%
  features.12                 0          0       0.0%
  features.13                 0          0       0.0%
  features.14                 0          0       0.0%
  features.15                 0          0       0.0%
  features.16                 0          0       0.0%
  features.17                 0          0       0.0%

[ 블록별 제거 채널 수 ]
  features.10: 8채널 제거
  features.11: 3채널 제거
  features.12: 18채널 제거
  features.13: 12채널 제거
  features.14: 9채널 제거
  features.15: 12채널 제거
  features.16: 15채널 제거
  features.17: 7채널 제거
  features.8: 5채널 제거
  features.9: 6채널 제거

[ 선택된 채널 상세 ]
  (phi/perf: raw, phi_n/perf_n: 정규화 후 값 — score = α·perf_n − (1−α)·phi_n)
block                             ch        score          phi         perf    phi_n   perf_n  weights
----------------------------------------------------------------------------------------------------
features.9                       186 2.765296e-07 0.000000e+00 2.765296e-07   0.0000   0.0000      137
features.12                      273 2.801003e-07 0.000000e+00 2.801003e-07   0.0000   0.0000      201
features.15                       18 2.954083e-07 0.000000e+00 2.954083e-07   0.0000   0.0000      329
features.16                      240 2.958958e-07 0.000000e+00 2.958958e-07   0.0000   0.0000      329
features.17                      503 2.963189e-07 0.000000e+00 2.963189e-07   0.0000   0.0000      489
features.16                      166 2.982983e-07 0.000000e+00 2.982983e-07   0.0000   0.0000      329
features.11                      272 3.045946e-07 0.000000e+00 3.045946e-07   0.0000   0.0000      169
features.16                      657 3.046765e-07 0.000000e+00 3.046765e-07   0.0000   0.0000      329
features.10                       96 3.067890e-07 0.000000e+00 3.067890e-07   0.0000   0.0000      137
features.15                      175 3.072498e-07 0.000000e+00 3.072498e-07   0.0000   0.0000      329
features.10                      150 3.077223e-07 0.000000e+00 3.077223e-07   0.0000   0.0000      137
features.8                       333 3.080855e-07 0.000000e+00 3.080855e-07   0.0000   0.0000      137
features.13                      228 3.099689e-07 0.000000e+00 3.099689e-07   0.0000   0.0000      201
features.16                      156 3.143251e-07 0.000000e+00 3.143251e-07   0.0000   0.0000      329
features.11                       76 3.144296e-07 0.000000e+00 3.144296e-07   0.0000   0.0000      169
features.8                       137 3.183245e-07 0.000000e+00 3.183245e-07   0.0000   0.0000      137
features.13                       59 3.228028e-07 0.000000e+00 3.228028e-07   0.0000   0.0000      201
features.15                      657 3.233183e-07 0.000000e+00 3.233183e-07   0.0000   0.0000      329
features.16                      781 3.236559e-07 0.000000e+00 3.236559e-07   0.0000   0.0000      329
features.16                      669 3.273909e-07 0.000000e+00 3.273909e-07   0.0000   0.0000      329
features.10                       82 3.284622e-07 0.000000e+00 3.284622e-07   0.0000   0.0000      137
features.15                       87 3.340315e-07 0.000000e+00 3.340315e-07   0.0000   0.0000      329
features.12                      362 3.367796e-07 0.000000e+00 3.367796e-07   0.0000   0.0000      201
features.17                      868 3.369142e-07 0.000000e+00 3.369142e-07   0.0000   0.0000      489
features.10                      238 3.369674e-07 0.000000e+00 3.369674e-07   0.0000   0.0000      137
features.9                       350 3.386284e-07 0.000000e+00 3.386284e-07   0.0000   0.0000      137
features.8                       131 3.393291e-07 0.000000e+00 3.393291e-07   0.0000   0.0000      137
features.14                      115 3.400436e-07 0.000000e+00 3.400436e-07   0.0000   0.0000      265
features.13                      438 3.402964e-07 0.000000e+00 3.402964e-07   0.0000   0.0000      201
features.14                      382 3.423637e-07 0.000000e+00 3.423637e-07   0.0000   0.0000      265
features.8                       284 3.444260e-07 0.000000e+00 3.444260e-07   0.0000   0.0000      137
features.16                      755 3.446205e-07 0.000000e+00 3.446205e-07   0.0000   0.0000      329
features.15                      370 3.451023e-07 0.000000e+00 3.451023e-07   0.0000   0.0000      329
features.17                      554 3.487806e-07 0.000000e+00 3.487806e-07   0.0000   0.0000      489
features.12                      213 3.492348e-07 0.000000e+00 3.492348e-07   0.0000   0.0000      201
features.13                      355 3.499550e-07 0.000000e+00 3.499550e-07   0.0000   0.0000      201
features.15                      429 3.499791e-07 0.000000e+00 3.499791e-07   0.0000   0.0000      329
features.12                       88 3.504509e-07 0.000000e+00 3.504509e-07   0.0000   0.0000      201
features.10                      236 3.505889e-07 0.000000e+00 3.505889e-07   0.0000   0.0000      137
features.14                      479 3.519716e-07 0.000000e+00 3.519716e-07   0.0000   0.0000      265
features.10                       45 3.531600e-07 0.000000e+00 3.531600e-07   0.0000   0.0000      137
features.16                       15 3.536952e-07 0.000000e+00 3.536952e-07   0.0000   0.0000      329
features.16                      373 3.555193e-07 0.000000e+00 3.555193e-07   0.0000   0.0000      329
features.12                      455 3.558770e-07 0.000000e+00 3.558770e-07   0.0000   0.0000      201
features.12                      354 3.565818e-07 0.000000e+00 3.565818e-07   0.0000   0.0000      201
features.12                      360 3.568859e-07 0.000000e+00 3.568859e-07   0.0000   0.0000      201
features.12                      159 3.570322e-07 0.000000e+00 3.570322e-07   0.0000   0.0000      201
features.13                      552 3.592525e-07 0.000000e+00 3.592525e-07   0.0000   0.0000      201
features.16                       69 3.602847e-07 0.000000e+00 3.602847e-07   0.0000   0.0000      329
features.16                      191 3.607712e-07 0.000000e+00 3.607712e-07   0.0000   0.0000      329
features.12                      384 3.609924e-07 0.000000e+00 3.609924e-07   0.0000   0.0000      201
features.13                      183 3.611958e-07 0.000000e+00 3.611958e-07   0.0000   0.0000      201
features.16                      229 3.615645e-07 0.000000e+00 3.615645e-07   0.0000   0.0000      329
features.12                      460 3.622646e-07 0.000000e+00 3.622646e-07   0.0000   0.0000      201
features.15                      516 3.623068e-07 0.000000e+00 3.623068e-07   0.0000   0.0000      329
features.9                       291 3.629279e-07 0.000000e+00 3.629279e-07   0.0000   0.0000      137
features.16                      376 3.646080e-07 0.000000e+00 3.646080e-07   0.0000   0.0000      329
features.14                      374 3.646610e-07 0.000000e+00 3.646610e-07   0.0000   0.0000      265
features.15                      856 3.649884e-07 0.000000e+00 3.649884e-07   0.0000   0.0000      329
features.13                       64 3.652561e-07 0.000000e+00 3.652561e-07   0.0000   0.0000      201
features.13                      343 3.653990e-07 0.000000e+00 3.653990e-07   0.0000   0.0000      201
features.12                      403 3.661586e-07 0.000000e+00 3.661586e-07   0.0000   0.0000      201
features.12                      221 3.677308e-07 0.000000e+00 3.677308e-07   0.0000   0.0000      201
features.13                      217 3.678309e-07 0.000000e+00 3.678309e-07   0.0000   0.0000      201
features.15                      270 3.680829e-07 0.000000e+00 3.680829e-07   0.0000   0.0000      329
features.17                      158 3.683473e-07 0.000000e+00 3.683473e-07   0.0000   0.0000      489
features.9                        55 3.685844e-07 0.000000e+00 3.685844e-07   0.0000   0.0000      137
features.15                      527 3.700868e-07 0.000000e+00 3.700868e-07   0.0000   0.0000      329
features.13                      238 3.701260e-07 0.000000e+00 3.701260e-07   0.0000   0.0000      201
features.12                      457 3.703464e-07 0.000000e+00 3.703464e-07   0.0000   0.0000      201
features.14                       67 3.711196e-07 0.000000e+00 3.711196e-07   0.0000   0.0000      265
features.15                       43 3.713163e-07 0.000000e+00 3.713163e-07   0.0000   0.0000      329
features.14                      231 3.722050e-07 0.000000e+00 3.722050e-07   0.0000   0.0000      265
features.10                      190 3.731768e-07 0.000000e+00 3.731768e-07   0.0000   0.0000      137
features.14                      473 3.731860e-07 0.000000e+00 3.731860e-07   0.0000   0.0000      265
features.17                      335 3.734937e-07 0.000000e+00 3.734937e-07   0.0000   0.0000      489
features.15                      914 3.736894e-07 0.000000e+00 3.736894e-07   0.0000   0.0000      329
features.12                      118 3.738552e-07 0.000000e+00 3.738552e-07   0.0000   0.0000      201
features.9                       251 3.741742e-07 0.000000e+00 3.741742e-07   0.0000   0.0000      137
features.13                      400 3.741976e-07 0.000000e+00 3.741976e-07   0.0000   0.0000      201
features.12                      216 3.745195e-07 0.000000e+00 3.745195e-07   0.0000   0.0000      201
features.9                       271 3.746575e-07 0.000000e+00 3.746575e-07   0.0000   0.0000      137
features.14                       84 3.765934e-07 0.000000e+00 3.765934e-07   0.0000   0.0000      265
features.8                       304 3.776738e-07 0.000000e+00 3.776738e-07   0.0000   0.0000      137
features.17                      693 3.790830e-07 0.000000e+00 3.790830e-07   0.0000   0.0000      489
features.16                       26 3.790873e-07 0.000000e+00 3.790873e-07   0.0000   0.0000      329
features.12                      218 3.794876e-07 0.000000e+00 3.794876e-07   0.0000   0.0000      201
features.12                      220 3.798793e-07 0.000000e+00 3.798793e-07   0.0000   0.0000      201
features.11                       13 3.800925e-07 0.000000e+00 3.800925e-07   0.0000   0.0000      169
features.13                      152 3.809743e-07 0.000000e+00 3.809743e-07   0.0000   0.0000      201
features.17                      637 3.810990e-07 0.000000e+00 3.810990e-07   0.0000   0.0000      489
features.10                       94 3.811871e-07 0.000000e+00 3.811871e-07   0.0000   0.0000      137
features.12                      483 3.813034e-07 0.000000e+00 3.813034e-07   0.0000   0.0000      201
features.14                      566 3.820772e-07 0.000000e+00 3.820772e-07   0.0000   0.0000      265
features.16                      494 3.822589e-07 0.000000e+00 3.822589e-07   0.0000   0.0000      329
