================================================================================
Channel Pruning Log
  iteration  : 18
  alpha      : 0.3000
  timestamp  : 2026-05-21 11:14:38
  remove_target  : 29484
  accum_removed  : 29554
  selected_channels : 98
  gamma             : 0.0100
  remove_target_met : yes
  total_params   : 2289600
  active_after   : 775591
  model_sparsity : 66.1%
================================================================================

[ 레이어별 채널 제거 비율 ]
  layer                total_ch  this_iter    cumul  cumul_%
  ----------------------------------------------------------
  features.1                 32          0       24    75.0%
  features.2                 96          0       86    89.6%
  features.3                144          0      129    89.6%
  features.4                144          0      129    89.6%
  features.5                192          0      172    89.6%
  features.6                192          0      172    89.6%
  features.7                192          0      172    89.6%
  features.8                384         14      272    70.8%
  features.9                384          0      345    89.8%
  features.10               384          0      345    89.8%
  features.11               384          0      345    89.8%
  features.12               576          0      518    89.9%
  features.13               576          0      518    89.9%
  features.14               576          0      518    89.9%
  features.15               960         68      840    87.5%
  features.16               960         16      656    68.3%
  features.17               960          0      864    90.0%

[ 레이어별 보호 영역 (γ=0.01) ]
  layer                  active  protected  protect_%
  --------------------------------------------------
  features.1                  8          1      12.5%
  features.2                 10          1      10.0%
  features.3                 15          1       6.7%
  features.4                 15          1       6.7%
  features.5                 20          1       5.0%
  features.6                 20          1       5.0%
  features.7                 20          1       5.0%
  features.8                126          2       1.6%
  features.9                 39          1       2.6%
  features.10                39          1       2.6%
  features.11                39          1       2.6%
  features.12                58          1       1.7%
  features.13                58          1       1.7%
  features.14                58          1       1.7%
  features.15               188          2       1.1%
  features.16               320          4       1.2%
  features.17                96          1       1.0%

[ 블록별 제거 채널 수 ]
  features.15: 68채널 제거
  features.16: 16채널 제거
  features.8: 14채널 제거

[ 선택된 채널 상세 ]
block                             ch        score          phi         perf  weights
--------------------------------------------------------------------------------
features.8                       164    -0.206564 1.241178e-07 1.320350e-07      137
features.15                      159    -0.206369 2.517416e-07 5.933878e-07      329
features.15                      246    -0.200105 3.734758e-07 6.677533e-06      329
features.8                       207    -0.197672 1.182974e-07 9.391524e-08      137
features.15                       58    -0.192047 2.240577e-07 7.051664e-08      329
features.15                      190    -0.191318 2.217769e-07 2.789259e-09      329
features.15                      475    -0.189934 2.216358e-07 7.177614e-08      329
features.15                      900    -0.186203 2.214234e-07 2.657066e-07      329
features.15                      785    -0.185852 2.186650e-07 1.547616e-07      329
features.15                      525    -0.184538 2.148024e-07 4.441331e-08      329
features.15                      718    -0.183964 2.211905e-07 3.770740e-07      329
features.15                      814    -0.181583 2.120050e-07 7.400358e-08      329
features.15                      958    -0.179476 2.192479e-07 5.307480e-07      329
features.15                      380    -0.179079 2.113823e-07 1.814624e-07      329
features.15                      614    -0.174193 2.081058e-07 2.940365e-07      329
features.15                      879    -0.173655 2.021798e-07 4.394442e-08      329
features.15                      197    -0.173344 2.010092e-07 5.705081e-09      329
features.15                      453    -0.171118 2.018649e-07 1.677132e-07      329
features.15                      635    -0.169692 2.004741e-07 1.801106e-07      329
features.15                      836    -0.168867 2.096316e-07 6.571331e-07      329
features.15                      934    -0.168829 1.966120e-07 4.509033e-08      329
features.15                      862    -0.168714 1.957032e-07 8.506420e-09      329
features.15                      261    -0.168145 1.956411e-07 3.669944e-08      329
features.15                      530    -0.167524 1.980070e-07 1.822066e-07      329
features.15                      570    -0.167448 1.956526e-07 7.534526e-08      329
features.15                      930    -0.167249 1.956837e-07 8.770309e-08      329
features.15                       95    -0.163467 1.895434e-07 4.789281e-09      329
features.15                      647    -0.163213 1.933608e-07 1.987332e-07      329
features.8                       315    -0.162195 9.951353e-08 2.433183e-07      137
features.15                      272    -0.161359 2.013874e-07 6.786660e-07      329
features.15                      913    -0.158933 1.845212e-07 1.576763e-08      329
features.15                      798    -0.158354 1.839581e-07 2.083835e-08      329
features.15                      258    -0.158335 1.908253e-07 3.457847e-07      329
features.16                      946    -0.157948 5.563880e-07 7.510077e-09      329
features.15                       18    -0.157259 1.836108e-07 6.429757e-08      329
features.8                        96    -0.156535 9.383517e-08 8.496697e-08      137
features.15                      818    -0.155398 1.804330e-07 1.617549e-08      329
features.15                      307    -0.155228 1.829936e-07 1.461919e-07      329
features.15                      583    -0.154910 1.849860e-07 2.575476e-07      329
features.15                      343    -0.154534 1.853823e-07 2.968171e-07      329
features.15                      461    -0.154313 1.800686e-07 5.825095e-08      329
features.15                       46    -0.154192 1.789616e-07 1.266447e-08      329
features.15                      648    -0.154185 1.816634e-07 1.404943e-07      329
features.15                      462    -0.154151 1.793080e-07 3.124618e-08      329
features.15                      141    -0.153619 1.827711e-07 2.236421e-07      329
features.16                      457    -0.153344 5.476893e-07 3.253747e-07      329
features.15                      212    -0.153167 1.829139e-07 2.550957e-07      329
features.15                      291    -0.152197 2.422173e-07 3.105277e-06      329
features.15                      113    -0.152031 1.802916e-07 1.935416e-07      329
features.15                      678    -0.150540 1.744979e-07 1.780779e-09      329
features.8                        78    -0.150315 9.457587e-08 3.851958e-07      137
features.15                      630    -0.147685 1.728668e-07 8.086396e-08      329
features.15                      107    -0.147452 1.757119e-07 2.278308e-07      329
features.15                       32    -0.144923 1.705455e-07 1.223450e-07      329
features.15                      490    -0.144890 1.745429e-07 3.126842e-07      329
features.15                      529    -0.144637 1.679592e-07 1.602156e-08      329
features.15                      654    -0.143688 1.707506e-07 1.995622e-07      329
features.8                       328    -0.142592 8.612631e-08 1.215288e-07      137
features.16                      642    -0.141607 5.028695e-07 1.778109e-07      329
features.15                      396    -0.141279 1.652526e-07 7.191245e-08      329
features.16                      896    -0.140709 4.961001e-07 2.531349e-08      329
features.8                       264    -0.140165 8.325826e-08 2.421422e-08      137
features.15                      323    -0.139399 1.650666e-07 1.658753e-07      329
features.15                      637    -0.139162 1.625714e-07 6.117937e-08      329
features.16                      785    -0.138997 4.903516e-07 3.717239e-08      329
features.15                      134    -0.138603 1.629578e-07 1.099544e-07      329
features.15                      568    -0.138594 1.632285e-07 1.232181e-07      329
features.15                      407    -0.138482 1.653630e-07 2.300128e-07      329
features.8                       293    -0.137607 8.196853e-08 3.935568e-08      137
features.16                      815    -0.136987 4.829890e-07 2.507897e-08      329
features.15                      126    -0.136631 1.654987e-07 3.375912e-07      329
features.8                        54    -0.136459 8.214958e-08 9.780064e-08      137
features.16                      836    -0.136385 5.028649e-07 9.555765e-07      329
features.15                      580    -0.135890 1.575644e-07 3.823970e-09      329
features.15                      208    -0.135344 1.695226e-07 5.977017e-07      329
features.16                      714    -0.135107 4.764682e-07 2.938483e-08      329
features.15                      428    -0.134392 1.679253e-07 5.744257e-07      329
features.16                      475    -0.134386 4.742417e-07 4.260781e-08      329
features.15                      664    -0.133123 1.580524e-07 1.781003e-07      329
features.16                      586    -0.132904 4.689904e-07 4.113364e-08      329
features.15                      171    -0.132571 1.556078e-07 9.299701e-08      329
features.8                       254    -0.132554 7.932743e-08 6.296614e-08      137
features.15                      924    -0.132447 1.551611e-07 7.871860e-08      329
features.8                       379    -0.132040 8.060430e-08 1.703782e-07      137
features.15                       71    -0.131983 2.000126e-07 2.219534e-06      329
features.16                      948    -0.131595 4.639045e-07 2.103650e-08      329
features.15                      264    -0.131588 1.537338e-07 5.830600e-08      329
features.16                      776    -0.131307 4.629039e-07 2.162962e-08      329
features.15                      273    -0.130453 1.616762e-07 4.950019e-07      329
features.16                      874    -0.130142 4.592331e-07 3.981727e-08      329
features.16                      382    -0.129791 4.575003e-07 1.879923e-08      329
features.15                      884    -0.129672 1.566573e-07 3.009500e-07      329
features.8                       256    -0.129332 7.687937e-08 2.611302e-08      137
features.8                        59    -0.128743 7.803244e-08 1.281250e-07      137
features.16                      517    -0.128593 4.531868e-07 1.479620e-08      329
features.15                      846    -0.128412 1.507563e-07 9.149884e-08      329
features.8                       232    -0.127731 7.693943e-08 9.454447e-08      137
features.16                      396    -0.127400 4.501578e-07 6.438809e-08      329
