================================================================================
Channel Pruning Log
  iteration  : 4
  alpha      : 0.3000
  timestamp  : 2026-05-20 15:04:38
  remove_target  : 129681
  accum_removed  : 129700
  selected_channels : 540
  gamma             : 0.0100
  remove_target_met : yes
  total_params   : 2289600
  active_after   : 1677413
  model_sparsity : 26.7%
================================================================================

[ 레이어별 채널 제거 비율 ]
  layer                total_ch  this_iter    cumul  cumul_%
  ----------------------------------------------------------
  features.1                 32          3       15    46.9%
  features.2                 96         10       63    65.6%
  features.3                144          5       18    12.5%
  features.4                144          5       23    16.0%
  features.5                192          3       16     8.3%
  features.6                192         27       55    28.6%
  features.7                192          6       36    18.8%
  features.8                384          0       66    17.2%
  features.9                384         21      179    46.6%
  features.10               384         45      302    78.6%
  features.11               384         87      239    62.2%
  features.12               576         12      160    27.8%
  features.13               576         13      334    58.0%
  features.14               576         83      513    89.1%
  features.15               960        146      282    29.4%
  features.16               960         58      279    29.1%
  features.17               960         16      127    13.2%

[ 레이어별 보호 영역 (γ=0.01) ]
  layer                  active  protected  protect_%
  --------------------------------------------------
  features.1                 20          1       5.0%
  features.2                 43          1       2.3%
  features.3                131          2       1.5%
  features.4                126          2       1.6%
  features.5                179          2       1.1%
  features.6                164          2       1.2%
  features.7                162          2       1.2%
  features.8                318          4       1.3%
  features.9                226          3       1.3%
  features.10               127          2       1.6%
  features.11               232          3       1.3%
  features.12               428          5       1.2%
  features.13               255          3       1.2%
  features.14               146          2       1.4%
  features.15               824          9       1.1%
  features.16               739          8       1.1%
  features.17               849          9       1.1%

[ 블록별 제거 채널 수 ]
  features.1: 3채널 제거
  features.10: 45채널 제거
  features.11: 87채널 제거
  features.12: 12채널 제거
  features.13: 13채널 제거
  features.14: 83채널 제거
  features.15: 146채널 제거
  features.16: 58채널 제거
  features.17: 16채널 제거
  features.2: 10채널 제거
  features.3: 5채널 제거
  features.4: 5채널 제거
  features.5: 3채널 제거
  features.6: 27채널 제거
  features.7: 6채널 제거
  features.9: 21채널 제거

[ 선택된 채널 상세 ]
block                             ch        score          phi         perf  weights
--------------------------------------------------------------------------------
features.2                        53    -0.692977 1.493760e-07 1.361026e-06       49
features.14                      211    -0.658276 2.158177e-06 1.109623e-07      265
features.1                        18    -0.641933 2.116661e-07 8.703506e-05       25
features.14                      265    -0.630425 1.957190e-06 1.166174e-08      265
features.15                       84    -0.597836 6.075341e-07 2.171962e-09      329
features.15                      834    -0.594158 6.081710e-07 1.749904e-08      329
features.2                        31    -0.585269 1.270224e-07 1.934402e-06       49
features.15                      908    -0.553807 5.640530e-07 6.436962e-09      329
features.6                         7    -0.550319 7.603196e-08 3.072919e-08       73
features.2                        46    -0.545527 1.172852e-07 7.924870e-07       49
features.15                      477    -0.523393 5.338937e-07 8.951091e-09      329
features.15                      860    -0.521138 5.295728e-07 1.823794e-09      329
features.15                       51    -0.520658 5.296025e-07 3.638097e-09      329
features.15                      269    -0.516961 5.254958e-07 2.398787e-09      329
features.15                      315    -0.505772 5.141173e-07 2.328825e-09      329
features.14                      394    -0.484196 1.569433e-06 6.607744e-08      265
features.15                      567    -0.481157 4.891006e-07 2.230179e-09      329
features.15                      138    -0.480199 4.888643e-07 4.813570e-09      329
features.15                      592    -0.477142 4.849063e-07 1.817438e-09      329
features.15                      945    -0.474808 4.824367e-07 1.466750e-09      329
features.15                      289    -0.467707 4.750061e-07 6.900029e-10      329
features.15                      182    -0.466933 4.749580e-07 3.274648e-09      329
features.16                      274    -0.466431 7.065336e-07 2.854965e-10      329
features.15                      948    -0.465893 4.735834e-07 2.156668e-09      329
features.15                       34    -0.461049 4.691739e-07 3.937557e-09      329
features.2                        27    -0.453271 9.689897e-08 1.570393e-07       49
features.15                      281    -0.453023 4.612164e-07 4.604797e-09      329
features.6                       129    -0.451392 6.394888e-08 1.732970e-07       73
features.14                       62    -0.444897 1.394858e-06 2.000568e-08      265
features.15                      384    -0.441737 4.518949e-07 1.209659e-08      329
features.15                      722    -0.441033 4.565618e-07 3.096976e-08      329
features.1                        12    -0.440841 1.357178e-07 1.197455e-05       25
features.15                      345    -0.433259 4.401797e-07 1.193938e-09      329
features.14                      146    -0.430912 1.496323e-06 1.447196e-07      265
features.15                      423    -0.428887 4.386018e-07 1.122908e-08      329
features.13                      398    -0.427404 1.051008e-07 3.598717e-07      201
features.15                      838    -0.423551 4.303701e-07 1.357502e-09      329
features.15                      499    -0.419114 4.259986e-07 1.821250e-09      329
features.15                      841    -0.415009 4.218907e-07 2.031371e-09      329
features.15                      859    -0.412966 4.197494e-07 1.795315e-09      329
features.15                      898    -0.412868 4.199013e-07 2.675742e-09      329
features.15                      788    -0.411830 4.194388e-07 4.748890e-09      329
features.14                        1    -0.411452 1.343064e-06 6.427298e-08      265
features.15                      540    -0.410906 4.178912e-07 2.611302e-09      329
features.15                      351    -0.410071 4.190705e-07 9.719878e-09      329
features.14                      575    -0.410005 1.301706e-06 3.244571e-08      265
features.15                      758    -0.409948 4.164692e-07 1.034509e-09      329
features.6                       168    -0.405931 5.607687e-08 2.206109e-08       73
features.15                      558    -0.405642 4.119767e-07 6.105539e-10      329
features.15                      277    -0.404086 4.179697e-07 2.716755e-08      329
features.6                        92    -0.403557 5.562593e-08 1.043717e-08       73
features.15                      521    -0.401829 4.104420e-07 8.806221e-09      329
features.14                       81    -0.400683 1.305441e-06 6.045809e-08      265
features.14                      491    -0.398911 1.446423e-06 1.867824e-07      265
features.6                        26    -0.398849 5.487595e-08 8.739785e-10       73
features.15                      953    -0.398649 4.050717e-07 1.291851e-09      329
features.14                      249    -0.396154 1.287483e-06 5.701307e-08      265
features.16                       97    -0.395690 6.018132e-07 7.230416e-09      329
features.15                      621    -0.394622 4.026196e-07 7.030375e-09      329
features.15                      127    -0.392791 3.993935e-07 2.234915e-09      329
features.14                       23    -0.392656 1.217807e-06 6.215350e-09      265
features.10                      353    -0.392190 5.888920e-08 7.349058e-08      137
features.6                        55    -0.390703 5.413458e-08 3.631892e-08       73
features.11                      372    -0.388887 2.823251e-07 3.476542e-07      169
features.13                      515    -0.388157 7.959522e-08 1.146578e-08      201
features.15                      920    -0.387845 3.954498e-07 6.013504e-09      329
features.10                      329    -0.387765 5.340934e-08 1.211058e-08      137
features.15                      438    -0.385261 3.913990e-07 1.007062e-09      329
features.14                      367    -0.383803 1.273265e-06 7.759672e-08      265
features.15                      497    -0.383416 3.945661e-07 1.868250e-08      329
features.6                        25    -0.381676 5.496549e-08 2.300009e-07       73
features.14                      166    -0.381407 1.433214e-06 2.219385e-07      265
features.2                        21    -0.379815 8.191680e-08 7.869565e-07       49
features.15                      411    -0.378080 3.845948e-07 2.711062e-09      329
features.15                      584    -0.376429 3.832318e-07 3.810401e-09      329
features.14                      440    -0.376189 1.245708e-06 7.407463e-08      265
features.11                       36    -0.375883 2.544783e-07 7.894588e-08      169
features.14                      312    -0.374454 1.228529e-06 6.387043e-08      265
features.14                      130    -0.374379 1.175601e-06 1.841609e-08      265
features.14                       53    -0.373110 1.203886e-06 4.618811e-08      265
features.11                      123    -0.372245 2.582912e-07 1.658402e-07      169
features.6                        56    -0.371290 5.125133e-08 1.643909e-08       73
features.6                       111    -0.370603 5.101511e-08 3.192801e-09       73
features.15                      167    -0.368688 3.744699e-07 6.403693e-10      329
features.11                      139    -0.368360 2.527826e-07 1.248191e-07      169
features.15                      147    -0.368353 3.748809e-07 3.275484e-09      329
features.15                       90    -0.367958 3.740632e-07 1.815264e-09      329
features.11                      177    -0.366817 2.502624e-07 1.038845e-07      169
features.15                      354    -0.366439 3.720216e-07 6.267031e-11      329
features.11                      330    -0.364742 2.423024e-07 1.189288e-08      169
features.14                      160    -0.364447 1.220557e-06 8.360922e-08      265
features.15                      790    -0.364314 3.700965e-07 8.748288e-10      329
features.10                       32    -0.363861 4.955706e-08 4.324211e-09      137
features.15                      849    -0.363757 3.727809e-07 1.227443e-08      329
features.11                      202    -0.363419 2.421579e-07 2.210761e-08      169
features.14                      545    -0.361162 1.140042e-06 2.289399e-08      265
features.15                      260    -0.359318 3.762985e-07 4.041324e-08      329
features.15                      161    -0.359086 3.649928e-07 1.589301e-09      329
features.15                      242    -0.358452 3.645251e-07 2.207819e-09      329
features.15                      176    -0.358093 3.721397e-07 3.018834e-08      329
features.15                      211    -0.357955 4.268868e-07 2.226767e-07      329
features.15                      429    -0.355702 3.640020e-07 1.016533e-08      329
features.15                      852    -0.354811 3.607654e-07 1.984713e-09      329
features.14                      225    -0.354137 1.116211e-06 2.101761e-08      265
features.14                      500    -0.353317 1.144497e-06 4.759978e-08      265
features.4                        46    -0.352313 8.982606e-07 7.118727e-07       65
features.11                      328    -0.352307 2.342153e-07 1.390721e-08      169
features.15                      532    -0.350866 3.569128e-07 2.517539e-09      329
features.15                      652    -0.348914 3.545545e-07 1.197632e-09      329
features.14                      425    -0.348571 1.110085e-06 3.053781e-08      265
features.3                        56    -0.347467 6.559913e-08 3.825955e-07       57
features.10                      175    -0.345123 4.721516e-08 6.744032e-09      137
features.14                      254    -0.344972 1.170054e-06 9.183704e-08      265
features.15                      650    -0.342699 3.546941e-07 2.381576e-08      329
features.10                       41    -0.342492 4.740543e-08 1.361205e-08      137
features.14                      340    -0.342427 1.059139e-06 2.931620e-09      265
features.14                      215    -0.342101 1.166445e-06 9.635809e-08      265
features.11                       53    -0.342008 2.366557e-07 1.432196e-07      169
features.3                        80    -0.341790 6.329292e-08 2.459170e-08       57
features.10                      303    -0.341382 4.639699e-08 2.819511e-09      137
features.15                      649    -0.339182 3.479729e-07 1.276443e-08      329
features.14                       11    -0.338270 1.087737e-06 3.865619e-08      265
features.15                      448    -0.337846 3.435532e-07 2.021452e-09      329
features.14                       51    -0.337768 1.120125e-06 6.792838e-08      265
features.11                       97    -0.337461 2.270023e-07 5.042660e-08      169
features.14                      123    -0.335882 1.046769e-06 9.668494e-09      265
features.15                      916    -0.335812 3.409777e-07 2.308705e-10      329
features.10                      234    -0.334763 5.210093e-08 8.580098e-08      137
features.15                      918    -0.334141 3.574592e-07 6.397908e-08      329
features.15                      895    -0.334011 3.394903e-07 1.425338e-09      329
features.11                        1    -0.334005 2.403307e-07 2.685464e-07      169
features.14                      529    -0.333919 1.116411e-06 7.495990e-08      265
features.14                      370    -0.332918 1.364705e-06 2.917983e-07      265
features.15                       76    -0.332800 3.382613e-07 1.428339e-09      329
features.15                       61    -0.330912 3.363876e-07 1.577526e-09      329
features.16                      401    -0.330784 5.017212e-07 2.098149e-09      329
features.16                       30    -0.330231 5.026365e-07 7.127774e-09      329
features.14                        8    -0.330113 1.223437e-06 1.774020e-07      265
features.14                      461    -0.330105 1.045465e-06 2.390660e-08      265
features.11                       20    -0.328905 2.233420e-07 7.841535e-08      169
features.11                        5    -0.328856 2.181807e-07 6.783685e-09      169
features.14                      223    -0.328777 1.152208e-06 1.195139e-07      265
features.10                      198    -0.328607 4.490590e-08 5.796753e-09      137
features.11                      327    -0.328556 2.418742e-07 3.404868e-07      169
features.14                      479    -0.325443 1.015369e-06 1.034394e-08      265
features.15                      293    -0.324852 3.301216e-07 1.179778e-09      329
features.15                      609    -0.324219 3.328807e-07 1.310864e-08      329
features.15                      666    -0.323839 3.290992e-07 1.198363e-09      329
features.14                       52    -0.323816 1.152971e-06 1.333671e-07      265
features.14                      150    -0.323338 1.039647e-06 3.688259e-08      265
features.6                       132    -0.323246 4.486119e-08 3.689248e-08       73
features.14                      571    -0.323238 1.084712e-06 7.602402e-08      265
features.14                      303    -0.323123 1.123016e-06 1.093685e-07      265
features.11                       61    -0.322399 2.142805e-07 1.200870e-08      169
features.15                      424    -0.322379 3.280535e-07 2.730999e-09      329
features.10                      282    -0.322316 4.394457e-08 4.407192e-09      137
features.11                        6    -0.320404 2.286431e-07 2.310518e-07      169
features.10                      311    -0.320052 4.360112e-08 3.938591e-09      137
features.16                      585    -0.319829 4.869971e-07 7.458724e-09      329
features.14                      504    -0.318546 1.154874e-06 1.490236e-07      265
features.11                       43    -0.317638 2.135896e-07 4.637544e-08      169
features.15                       33    -0.317418 3.229707e-07 2.566133e-09      329
features.15                      663    -0.317396 3.307712e-07 3.000322e-08      329
features.11                      118    -0.317068 2.167132e-07 9.527022e-08      169
features.10                      367    -0.316860 5.535055e-08 1.571105e-07      137
features.10                        8    -0.316520 4.479394e-08 2.494413e-08      137
features.15                      577    -0.315611 3.208193e-07 1.456479e-09      329
features.14                      551    -0.315592 9.810317e-07 6.923444e-09      265
features.11                       89    -0.315206 2.223635e-07 1.914111e-07      169
features.11                      117    -0.314632 2.097297e-07 2.025671e-08      169
features.6                       160    -0.314356 4.342195e-08 1.667344e-08       73
features.14                      218    -0.314256 1.130863e-06 1.397186e-07      265
features.15                      793    -0.314191 3.194381e-07 1.667088e-09      329
features.6                         4    -0.313890 4.371894e-08 5.042341e-08       73
features.15                      286    -0.313212 3.224898e-07 1.585442e-08      329
features.10                       94    -0.312910 4.237236e-08 6.349358e-10      137
features.11                      100    -0.311756 2.191066e-07 1.778184e-07      169
features.6                        44    -0.311109 4.286751e-08 6.604640e-09       73
features.11                      204    -0.311042 2.083414e-07 3.405636e-08      169
features.10                      375    -0.310190 4.264978e-08 8.748804e-09      137
features.10                      381    -0.310171 5.101990e-08 1.140312e-07      137
features.10                      292    -0.310168 4.485841e-08 3.655857e-08      137
features.16                      491    -0.310005 4.711221e-07 4.599434e-09      329
features.10                      269    -0.309999 4.252135e-08 7.458329e-09      137
features.15                        3    -0.309872 3.151043e-07 1.845428e-09      329
features.15                      404    -0.309849 3.165211e-07 6.897301e-09      329
features.15                      166    -0.309688 3.149341e-07 1.904827e-09      329
features.15                      143    -0.309499 3.193305e-07 1.799601e-08      329
features.11                      168    -0.308452 2.112280e-07 9.832094e-08      169
features.6                        94    -0.307752 4.359965e-08 1.181787e-07       73
features.14                      347    -0.307014 1.054334e-06 9.296487e-08      265
features.11                      182    -0.306857 2.034191e-07 4.003114e-09      169
features.10                      268    -0.306244 4.265698e-08 1.555016e-08      137
features.14                      401    -0.306196 1.029060e-06 7.334042e-08      265
features.15                      910    -0.306018 3.183035e-07 2.678704e-08      329
features.6                        11    -0.305310 4.224788e-08 2.324877e-08       73
features.14                      195    -0.305255 9.518761e-07 9.265264e-09      265
features.14                      174    -0.303965 1.009235e-06 6.217256e-08      265
features.10                       77    -0.303943 4.148445e-08 4.719998e-09      137
features.2                         5    -0.303353 6.795423e-08 2.926277e-06       49
features.11                      220    -0.303204 3.274088e-07 1.769563e-06      169
features.16                      296    -0.302945 4.593390e-07 1.469536e-09      329
features.14                      433    -0.302905 9.401157e-07 5.368935e-09      265
features.11                      227    -0.302863 2.011247e-07 8.885928e-09      169
features.15                      825    -0.302373 3.070886e-07 4.336224e-10      329
features.11                      151    -0.302353 2.039261e-07 5.272618e-08      169
features.1                        24    -0.301877 9.179128e-08 2.524517e-06       25
features.15                      230    -0.300715 3.060097e-07 2.553011e-09      329
features.4                         3    -0.300383 5.522400e-07 2.011034e-07       65
features.15                      611    -0.299478 3.089098e-07 1.712602e-08      329
features.15                      321    -0.299200 3.043481e-07 2.118302e-09      329
features.9                       325    -0.299168 7.671562e-08 4.660736e-09      137
features.11                       38    -0.298864 2.041674e-07 8.835702e-08      169
features.11                      113    -0.298308 2.090015e-07 1.610201e-07      169
features.14                      297    -0.298154 9.921758e-07 6.291197e-08      265
features.10                      142    -0.298066 4.093514e-08 7.806933e-09      137
features.11                      185    -0.297408 2.224610e-07 3.573308e-07      169
features.11                      223    -0.297235 2.073033e-07 1.472223e-07      169
features.10                      168    -0.297101 4.048360e-08 3.770205e-09      137
features.6                        63    -0.296900 4.126966e-08 3.994725e-08       73
features.14                       92    -0.296100 1.068207e-06 1.339599e-07      265
features.15                      747    -0.295354 3.002853e-07 1.564419e-09      329
features.9                        32    -0.294374 8.476116e-08 4.773079e-08      137
features.15                      765    -0.293217 2.998931e-07 7.795847e-09      329
features.16                      754    -0.293092 4.453540e-07 4.160365e-09      329
features.14                      125    -0.292277 1.015247e-06 9.844221e-08      265
features.16                      917    -0.291574 4.461961e-07 1.317422e-08      329
features.10                       90    -0.291470 3.980628e-08 4.830784e-09      137
features.13                      109    -0.291456 6.046943e-08 2.260666e-08      201
features.16                      431    -0.290761 4.625320e-07 6.356940e-08      329
features.14                      429    -0.290427 9.515912e-07 4.845295e-08      265
features.14                      378    -0.290233 9.126712e-07 1.539780e-08      265
features.14                      262    -0.289895 1.116961e-06 1.925149e-07      265
features.14                      357    -0.289741 9.838643e-07 7.811769e-08      265
features.15                       22    -0.288690 2.938555e-07 2.740775e-09      329
features.6                       114    -0.288425 4.051599e-08 7.845392e-08       73
features.6                       100    -0.287545 4.003504e-08 4.482529e-08       73
features.13                      213    -0.286731 5.959881e-08 2.441906e-08      201
features.11                       49    -0.285726 1.896687e-07 7.321014e-09      169
features.14                      556    -0.285039 1.040763e-06 1.397012e-07      265
features.11                      170    -0.284966 1.952033e-07 9.165131e-08      169
features.15                      786    -0.284966 3.011747e-07 4.166753e-08      329
features.14                      240    -0.283785 9.411689e-07 5.712844e-08      265
features.7                       182    -0.283531 8.738666e-07 1.352456e-08      105
features.15                      262    -0.283227 2.877409e-07 7.467106e-10      329
features.11                       64    -0.283052 1.955229e-07 1.138147e-07      169
features.7                        82    -0.282529 9.403236e-07 4.764909e-08      105
features.11                      149    -0.282466 1.968569e-07 1.378658e-07      169
features.15                      590    -0.282302 2.870348e-07 1.563338e-09      329
features.14                      475    -0.282037 9.440735e-07 6.428093e-08      265
features.10                      136    -0.281730 3.817321e-08 8.614783e-10      137
features.10                      139    -0.281531 3.966025e-08 1.989772e-08      137
features.15                      736    -0.281321 2.859905e-07 1.394513e-09      329
features.11                      370    -0.280910 1.951609e-07 1.285680e-07      169
features.6                       128    -0.280778 3.866215e-08 3.522856e-09       73
features.15                      615    -0.280690 2.851125e-07 5.602784e-10      329
features.15                      951    -0.280398 2.881303e-07 1.218298e-08      329
features.14                      261    -0.279612 8.807422e-07 1.610259e-08      265
features.15                      209    -0.279508 2.861548e-07 8.425369e-09      329
features.11                      265    -0.279406 1.869958e-07 2.842840e-08      169
features.12                       91    -0.279150 1.181149e-07 1.619947e-08      201
features.15                      422    -0.279065 2.835244e-07 7.775399e-10      329
features.15                      434    -0.279017 2.835072e-07 8.870630e-10      329
features.11                      317    -0.278843 2.288088e-07 6.176359e-07      169
features.15                      394    -0.278816 2.836748e-07 2.188955e-09      329
features.16                      385    -0.278743 4.244186e-07 6.446399e-09      329
features.11                       84    -0.278312 2.015726e-07 2.421344e-07      169
features.11                       12    -0.278100 1.844077e-07 4.358049e-09      169
features.15                       17    -0.278076 2.829967e-07 2.447281e-09      329
features.11                      282    -0.278052 2.019778e-07 2.502001e-07      169
features.11                      131    -0.277910 1.869386e-07 4.145937e-08      169
features.6                       151    -0.277691 3.907093e-08 8.140238e-08       73
features.14                       66    -0.277473 8.854135e-07 2.582117e-08      265
features.14                       64    -0.276464 8.646762e-07 1.061569e-08      265
features.14                      236    -0.276461 9.280782e-07 6.531403e-08      265
features.14                      220    -0.276126 9.035044e-07 4.500774e-08      265
features.14                      419    -0.275754 8.706959e-07 1.769632e-08      265
features.15                        4    -0.275672 2.874361e-07 2.657562e-08      329
features.16                      408    -0.275293 4.180243e-07 3.094096e-09      329
features.9                        25    -0.275149 7.011610e-08 2.239065e-09      137
features.14                       56    -0.275123 8.533935e-07 4.448980e-09      265
features.11                      289    -0.274697 1.915005e-07 1.348803e-07      169
features.16                      293    -0.274557 4.195112e-07 1.055894e-08      329
features.10                       82    -0.274289 3.749962e-08 5.046221e-09      137
features.16                      741    -0.274135 4.157505e-07 1.603035e-09      329
features.15                      591    -0.273963 2.793487e-07 4.296215e-09      329
features.6                        28    -0.273864 3.856955e-08 8.374584e-08       73
features.11                      361    -0.273833 1.857170e-07 6.209737e-08      169
features.14                      438    -0.273671 9.044767e-07 5.237641e-08      265
features.11                      274    -0.273625 1.813910e-07 3.590810e-09      169
features.11                      381    -0.272943 1.824445e-07 2.461322e-08      169
features.11                      324    -0.272767 1.810338e-07 6.541014e-09      169
features.15                      829    -0.272351 2.768603e-07 1.309328e-09      329
features.10                      297    -0.271813 3.703103e-08 3.364333e-09      137
features.14                      299    -0.271268 8.554989e-07 1.651717e-08      265
features.11                      371    -0.271104 1.892899e-07 1.372315e-07      169
features.11                       10    -0.270905 2.561203e-07 1.072500e-06      169
features.16                      148    -0.270865 4.140843e-07 1.103270e-08      329
features.14                      198    -0.270813 8.649688e-07 2.589794e-08      265
features.15                      623    -0.270734 2.750938e-07 8.694641e-10      329
features.15                      912    -0.270601 2.787601e-07 1.420283e-08      329
features.17                      331    -0.270000 8.569372e-07 1.175146e-09      489
features.10                      128    -0.269654 3.684271e-08 4.668479e-09      137
features.10                      285    -0.269551 3.667091e-08 2.684138e-09      137
features.16                      721    -0.269507 4.095508e-07 3.924475e-09      329
features.11                      310    -0.269276 1.796755e-07 1.984720e-08      169
features.16                      218    -0.268558 4.089301e-07 6.269812e-09      329
features.11                      221    -0.268282 1.873095e-07 1.356564e-07      169
features.15                       70    -0.268079 2.914743e-07 6.776743e-08      329
features.16                      504    -0.267990 4.070413e-07 3.319485e-09      329
features.9                        50    -0.267926 7.105759e-08 1.512088e-08      137
features.15                       25    -0.267818 2.785402e-07 2.334008e-08      329
features.15                      797    -0.267317 2.736853e-07 8.098024e-09      329
features.15                      626    -0.267125 2.721343e-07 3.339530e-09      329
features.15                      122    -0.266240 2.718193e-07 5.385161e-09      329
features.15                      956    -0.265636 2.700610e-07 1.371997e-09      329
features.15                      489    -0.265524 2.775996e-07 2.820771e-08      329
features.14                      110    -0.265357 1.023086e-06 1.767986e-07      265
features.11                      153    -0.265338 1.807054e-07 7.063615e-08      169
features.10                       16    -0.264097 3.602235e-08 3.804729e-09      137
features.5                       134    -0.263897 1.157697e-07 5.285471e-07       73
features.17                      935    -0.263616 8.365288e-07 1.105819e-09      489
features.11                      210    -0.263309 1.873132e-07 1.816917e-07      169
features.2                        16    -0.263130 5.636937e-08 1.985686e-07       49
features.11                       92    -0.263089 1.803570e-07 8.656695e-08      169
features.14                      287    -0.263075 8.205004e-07 8.117733e-09      265
features.15                      550    -0.262776 2.671378e-07 1.302330e-09      329
features.2                        63    -0.262668 5.783584e-08 1.620852e-06       49
features.10                      201    -0.262153 3.615823e-08 8.819539e-09      137
features.15                      139    -0.262025 2.691128e-07 1.090217e-08      329
features.11                      178    -0.261934 1.843257e-07 1.526821e-07      169
features.11                      376    -0.261886 1.983697e-07 3.492764e-07      169
features.15                      202    -0.261726 2.658902e-07 6.660248e-10      329
features.6                       130    -0.261467 3.849654e-08 2.362963e-07       73
features.16                      104    -0.261248 3.966151e-07 2.700463e-09      329
features.11                      126    -0.261112 1.766728e-07 5.338688e-08      169
features.14                      248    -0.260247 8.903531e-07 7.589367e-08      265
features.16                      748    -0.260127 4.061057e-07 3.479667e-08      329
features.9                        72    -0.259869 6.955763e-08 1.762902e-08      137
features.15                      894    -0.259618 2.653503e-07 6.275306e-09      329
features.4                       142    -0.259543 5.069875e-07 2.304317e-07       65
features.15                       89    -0.259449 2.878596e-07 8.581719e-08      329
features.11                       44    -0.259353 1.868554e-07 2.118772e-07      169
features.15                      441    -0.258857 2.629204e-07 4.651344e-10      329
features.11                        2    -0.258717 1.736724e-07 3.363032e-08      169
features.9                        89    -0.258545 7.092817e-08 2.556299e-08      137
features.15                      483    -0.258370 2.627718e-07 1.676805e-09      329
features.17                      849    -0.258188 8.186196e-07 8.920524e-10      489
features.2                        13    -0.257217 5.671831e-08 1.662475e-06       49
features.16                      938    -0.257190 3.902087e-07 1.954119e-09      329
features.15                      148    -0.257183 2.616933e-07 2.119155e-09      329
features.15                       27    -0.257178 2.631467e-07 7.235914e-09      329
features.11                      382    -0.256805 1.723319e-07 3.257786e-08      169
features.16                      863    -0.256774 3.894818e-07 1.677163e-09      329
features.10                      283    -0.256619 3.794204e-08 4.066162e-08      137
features.17                      949    -0.256198 8.242662e-07 4.225891e-09      489
features.11                      162    -0.255434 1.727048e-07 5.046109e-08      169
features.12                      465    -0.254855 1.058553e-07 2.005593e-09      201
features.16                      882    -0.254530 3.858963e-07 1.137374e-09      329
features.11                       48    -0.254394 1.687592e-07 4.970954e-09      169
features.9                       343    -0.254133 6.615478e-08 8.552450e-09      137
features.12                      515    -0.254133 1.123575e-07 4.592212e-08      201
features.16                      566    -0.254086 3.860042e-07 3.378095e-09      329
features.11                      175    -0.253969 1.725275e-07 6.153224e-08      169
features.14                      360    -0.253800 8.061048e-07 2.036561e-08      265
features.10                       11    -0.253577 3.502029e-08 9.094791e-09      137
features.17                      654    -0.253015 8.040519e-07 1.386224e-09      489
features.12                      415    -0.252845 1.049174e-07 1.325524e-09      201
features.11                       85    -0.252518 1.716971e-07 6.335147e-08      169
features.16                      452    -0.251811 3.843034e-07 8.382616e-09      329
features.16                      897    -0.251346 3.863394e-07 1.624549e-08      329
features.16                      160    -0.250864 3.803441e-07 1.140901e-09      329
features.16                      851    -0.250862 3.832711e-07 9.545218e-09      329
features.16                      857    -0.250775 3.803290e-07 1.481676e-09      329
features.16                       90    -0.250503 3.815569e-07 6.186825e-09      329
features.14                      113    -0.250267 7.893279e-07 1.528969e-08      265
features.6                         2    -0.249863 3.582153e-08 1.354901e-07       73
features.15                      687    -0.249219 2.541888e-07 4.157439e-09      329
features.10                      359    -0.249139 3.463008e-08 1.173614e-08      137
features.15                      755    -0.248212 2.553984e-07 1.198379e-08      329
features.14                      435    -0.247827 7.942028e-07 2.598465e-08      265
features.10                      252    -0.247717 3.541225e-08 2.399063e-08      137
features.12                      197    -0.247515 1.293666e-07 1.734520e-07      201
features.16                      423    -0.247493 3.771162e-07 6.528277e-09      329
features.11                       70    -0.247462 1.649086e-07 1.528708e-08      169
features.6                        50    -0.247409 3.589232e-08 1.736514e-07       73
features.16                      885    -0.247254 3.750232e-07 1.559448e-09      329
features.9                       105    -0.247049 6.485596e-08 1.085034e-08      137
features.11                        0    -0.246869 1.824601e-07 2.659096e-07      169
features.15                      337    -0.246744 2.852338e-07 1.218401e-07      329
features.11                      269    -0.246633 1.639066e-07 8.954245e-09      169
features.17                      271    -0.246249 7.800321e-07 6.461577e-10      489
features.16                      269    -0.246112 3.737281e-07 2.808811e-09      329
features.10                      377    -0.245890 3.358195e-08 4.082466e-09      137
features.15                      746    -0.245806 2.507518e-07 4.251941e-09      329
features.12                      333    -0.245705 1.121791e-07 6.730845e-08      201
features.15                      163    -0.245572 2.494905e-07 6.647268e-10      329
features.15                      899    -0.244989 2.490278e-07 1.115392e-09      329
features.11                      247    -0.244957 1.876542e-07 3.561371e-07      169
features.5                        85    -0.244889 9.438487e-08 3.586577e-09       73
features.3                       108    -0.244728 4.551253e-08 7.279624e-08       57
features.6                       122    -0.244559 3.398161e-08 3.173379e-08       73
features.9                       277    -0.244543 6.639937e-08 2.098043e-08      137
features.16                      550    -0.244495 3.733757e-07 8.822545e-09      329
features.15                      189    -0.244053 2.489016e-07 4.005391e-09      329
features.10                      258    -0.243778 3.323065e-08 3.257630e-09      137
features.9                       182    -0.243598 6.231330e-08 3.085729e-09      137
features.9                       110    -0.243221 6.240960e-08 3.977692e-09      137
features.9                       347    -0.243215 6.276407e-08 5.633324e-09      137
features.10                      130    -0.242951 3.310800e-08 3.122057e-09      137
features.16                      493    -0.242888 3.743784e-07 1.868309e-08      329
features.10                      231    -0.242869 3.307416e-08 2.835678e-09      137
features.14                      182    -0.242620 8.734311e-07 1.081735e-07      265
features.13                      459    -0.242099 5.001160e-08 1.444940e-08      201
features.16                       17    -0.241968 3.667309e-07 7.393630e-10      329
features.16                      911    -0.241930 3.683609e-07 5.581409e-09      329
features.13                      120    -0.241251 5.220588e-08 6.153071e-08      201
features.11                       46    -0.240862 1.682838e-07 1.234519e-07      169
features.11                      278    -0.240729 1.594481e-07 1.270806e-09      169
features.11                      318    -0.240706 1.697916e-07 1.459473e-07      169
features.3                       104    -0.240680 4.471489e-08 5.880210e-08       57
features.14                      114    -0.240670 8.368470e-07 8.180276e-08      265
features.15                      606    -0.240609 2.446601e-07 1.392056e-09      329
features.2                        35    -0.240358 5.713759e-08 5.313017e-06       49
features.17                      306    -0.240280 7.644057e-07 1.547313e-09      489
features.14                      167    -0.240036 7.463204e-07 5.401916e-09      265
features.9                       132    -0.239836 6.195337e-08 5.840815e-09      137
features.16                      526    -0.239674 3.640006e-07 2.874949e-09      329
features.11                      192    -0.239661 1.589058e-07 3.573221e-09      169
features.11                       80    -0.239327 1.630594e-07 6.467354e-08      169
features.11                       88    -0.239317 1.618180e-07 4.742654e-08      169
features.10                       81    -0.239310 3.290084e-08 6.708888e-09      137
features.15                      926    -0.238915 2.427673e-07 7.871242e-10      329
features.17                      784    -0.238689 7.641305e-07 2.873787e-09      489
features.11                      219    -0.238672 1.667486e-07 1.222560e-07      169
features.16                      722    -0.238392 3.615322e-07 1.363319e-09      329
features.7                        89    -0.238327 7.763867e-07 3.192937e-08      105
features.6                       186    -0.237929 3.324530e-08 4.814918e-08       73
features.15                      725    -0.237904 2.417859e-07 9.435921e-10      329
features.9                        68    -0.237253 6.026409e-08 1.022842e-09      137
features.16                      531    -0.237239 3.601843e-07 2.507668e-09      329
features.17                      756    -0.237074 7.517694e-07 8.458631e-10      489
features.15                      414    -0.236930 2.409841e-07 1.598191e-09      329
features.13                      383    -0.236847 4.865259e-08 8.684466e-09      201
features.16                      265    -0.236842 3.637016e-07 1.431909e-08      329
features.15                      869    -0.236497 2.404838e-07 1.384689e-09      329
features.17                      364    -0.236363 7.727496e-07 7.334472e-09      489
features.15                      480    -0.235637 2.407208e-07 5.279631e-09      329
features.13                      508    -0.235206 5.363085e-08 1.143501e-07      201
features.6                        53    -0.235052 3.252297e-08 1.763691e-08       73
features.14                      318    -0.234698 7.450454e-07 1.849767e-08      265
features.16                      852    -0.234597 3.582673e-07 8.484601e-09      329
features.10                      304    -0.234320 3.395449e-08 2.844471e-08      137
features.9                        60    -0.234218 6.093518e-08 7.717842e-09      137
features.16                      587    -0.234147 3.552141e-07 1.683570e-09      329
features.16                      583    -0.234105 3.551689e-07 1.735772e-09      329
features.16                       51    -0.233762 3.542873e-07 6.967612e-10      329
features.7                       116    -0.233691 7.355874e-07 1.868077e-08      105
features.17                      424    -0.233649 7.442848e-07 1.776873e-09      489
features.16                      797    -0.233545 3.542175e-07 1.438003e-09      329
features.16                      558    -0.233313 3.561368e-07 7.951437e-09      329
features.16                      328    -0.233226 3.608708e-07 2.191107e-08      329
features.13                      569    -0.232753 4.889962e-08 3.017677e-08      201
features.16                      537    -0.232388 3.557642e-07 1.090443e-08      329
features.11                      345    -0.232381 1.566080e-07 3.879015e-08      169
features.11                      241    -0.232217 1.609853e-07 1.014389e-07      169
features.15                      808    -0.231925 2.357428e-07 1.037472e-09      329
features.10                      184    -0.231894 3.245232e-08 1.368085e-08      137
features.12                       42    -0.231689 1.007343e-07 3.088869e-08      201
features.16                      132    -0.231428 3.562086e-07 1.635060e-08      329
features.15                       82    -0.231102 2.350113e-07 1.401887e-09      329
features.9                       142    -0.231065 6.227821e-08 1.767710e-08      137
features.11                       93    -0.230757 1.591505e-07 8.931522e-08      169
features.16                      337    -0.230476 3.501873e-07 3.213206e-09      329
features.7                        86    -0.230459 7.388693e-07 2.503455e-08      105
features.16                      305    -0.230355 3.491162e-07 6.644228e-10      329
features.13                      199    -0.230225 5.695564e-08 2.006545e-07      201
features.15                      873    -0.230131 2.388205e-07 1.821789e-08      329
features.11                       34    -0.229780 1.546716e-07 3.578636e-08      169
features.14                      506    -0.229649 7.551023e-07 4.060056e-08      265
features.12                      445    -0.229613 9.565417e-08 3.634939e-09      201
features.9                       252    -0.229491 6.207726e-08 1.859530e-08      137
features.15                      559    -0.229251 2.338834e-07 4.037370e-09      329
features.11                        9    -0.229241 1.746658e-07 3.200309e-07      169
features.15                      347    -0.229189 2.432434e-07 3.708181e-08      329
features.13                      278    -0.228946 4.776893e-08 2.310319e-08      201
features.4                        37    -0.228796 4.959727e-07 2.963122e-07       65
features.13                      217    -0.228580 4.712509e-08 1.177617e-08      201
features.17                       84    -0.228480 7.246225e-07 8.440649e-10      489
features.16                      494    -0.228296 3.467691e-07 2.878463e-09      329
features.17                      569    -0.228222 7.358993e-07 4.222685e-09      489
features.14                      410    -0.227915 7.675754e-07 5.597079e-08      265
features.11                      236    -0.227887 1.520772e-07 1.705936e-08      169
features.11                      193    -0.227745 1.547965e-07 5.634917e-08      169
features.12                      186    -0.227745 9.435984e-08 2.749109e-10      201
features.11                      256    -0.227667 1.586487e-07 1.108737e-07      169
features.15                      374    -0.227590 2.380388e-07 2.452284e-08      329
features.16                      667    -0.227176 3.449971e-07 2.659204e-09      329
features.14                      217    -0.227115 7.263798e-07 2.256380e-08      265
features.15                      420    -0.226788 2.321948e-07 6.881349e-09      329
features.9                       309    -0.226688 5.898678e-08 7.518699e-09      137
features.15                       72    -0.226553 2.353073e-07 1.863456e-08      329
features.10                       56    -0.226500 3.191645e-08 1.611659e-08      137
features.5                         8    -0.226103 8.719226e-08 5.092843e-09       73
features.11                      321    -0.226071 1.546871e-07 7.029561e-08      169
features.14                       83    -0.225844 7.536435e-07 4.946269e-08      265
features.16                      205    -0.225612 3.420392e-07 9.681927e-10      329
features.3                        33    -0.225487 4.205445e-08 1.013159e-07       57
features.15                      742    -0.225426 2.293459e-07 1.739230e-09      329
features.15                      366    -0.225264 2.291344e-07 1.577286e-09      329
features.15                      897    -0.225225 2.289543e-07 1.082218e-09      329
features.16                      487    -0.224951 3.464696e-07 1.654977e-08      329
features.12                      189    -0.224942 9.886685e-08 3.687292e-08      201
features.17                      950    -0.224929 7.124231e-07 5.693274e-10      489
features.11                      237    -0.224806 1.574048e-07 1.199531e-07      169
features.15                      406    -0.224613 2.294763e-07 5.092943e-09      329
features.14                      147    -0.224513 8.140532e-07 1.051121e-07      265
features.17                      556    -0.224414 7.235165e-07 4.122841e-09      489
features.11                      352    -0.224380 1.497320e-07 1.672245e-08      169
features.10                      346    -0.224153 3.187637e-08 1.960537e-08      137
features.15                      195    -0.224119 2.300535e-07 8.876513e-09      329
features.13                      104    -0.224000 4.659173e-08 1.971311e-08      201
features.17                      460    -0.223947 7.160043e-07 2.436591e-09      489
features.12                       68    -0.223908 9.788445e-08 3.329320e-08      201
features.14                      202    -0.223602 8.080365e-07 1.023449e-07      265
features.11                       77    -0.223272 1.500456e-07 3.135341e-08      169
features.9                         0    -0.223135 6.040624e-08 1.830536e-08      137
features.15                      308    -0.223127 2.266728e-07 5.517764e-10      329
features.16                      862    -0.223079 3.392663e-07 4.019251e-09      329
features.15                      130    -0.222931 2.302244e-07 1.370310e-08      329
features.15                      115    -0.222924 2.273683e-07 3.714680e-09      329
features.7                        20    -0.222817 7.081363e-07 2.114198e-08      105
features.9                        40    -0.222815 6.324958e-08 3.190816e-08      137
features.10                      211    -0.222633 3.069299e-08 7.309571e-09      137
features.10                      364    -0.222432 3.017979e-08 1.198191e-09      137
features.9                       229    -0.222187 5.690677e-08 3.142312e-09      137
features.4                        38    -0.222145 4.239048e-07 1.781724e-07       65
features.16                      151    -0.222058 3.365498e-07 6.618566e-10      329
features.12                      412    -0.222026 9.427117e-08 1.499412e-08      201
features.14                      129    -0.222010 7.544504e-07 6.035341e-08      265
