================================================================================
Channel Pruning Log
  iteration  : 7
  alpha      : 0.3000
  timestamp  : 2026-05-20 19:36:59
  remove_target  : 94515
  accum_removed  : 94622
  selected_channels : 430
  gamma             : 0.0100
  remove_target_met : yes
  total_params   : 2289600
  active_after   : 1360837
  model_sparsity : 40.6%
================================================================================

[ 레이어별 채널 제거 비율 ]
  layer                total_ch  this_iter    cumul  cumul_%
  ----------------------------------------------------------
  features.1                 32          1       23    71.9%
  features.2                 96          3       82    85.4%
  features.3                144         37       89    61.8%
  features.4                144         11      111    77.1%
  features.5                192         11       57    29.7%
  features.6                192          4       71    37.0%
  features.7                192         36      152    79.2%
  features.8                384          5       83    21.6%
  features.9                384         24      311    81.0%
  features.10               384         22      345    89.8%
  features.11               384         18      322    83.9%
  features.12               576         48      376    65.3%
  features.13               576         42      406    70.5%
  features.14               576          0      518    89.9%
  features.15               960         74      473    49.3%
  features.16               960         73      543    56.6%
  features.17               960         21      209    21.8%

[ 레이어별 보호 영역 (γ=0.01) ]
  layer                  active  protected  protect_%
  --------------------------------------------------
  features.1                 10          1      10.0%
  features.2                 17          1       5.9%
  features.3                 92          1       1.1%
  features.4                 44          1       2.3%
  features.5                146          2       1.4%
  features.6                125          2       1.6%
  features.7                 76          1       1.3%
  features.8                306          4       1.3%
  features.9                 97          1       1.0%
  features.10                61          1       1.6%
  features.11                80          1       1.2%
  features.12               248          3       1.2%
  features.13               212          3       1.4%
  features.14                58          1       1.7%
  features.15               561          6       1.1%
  features.16               490          5       1.0%
  features.17               772          8       1.0%

[ 블록별 제거 채널 수 ]
  features.1: 1채널 제거
  features.10: 22채널 제거
  features.11: 18채널 제거
  features.12: 48채널 제거
  features.13: 42채널 제거
  features.15: 74채널 제거
  features.16: 73채널 제거
  features.17: 21채널 제거
  features.2: 3채널 제거
  features.3: 37채널 제거
  features.4: 11채널 제거
  features.5: 11채널 제거
  features.6: 4채널 제거
  features.7: 36채널 제거
  features.8: 5채널 제거
  features.9: 24채널 제거

[ 선택된 채널 상세 ]
block                             ch        score          phi         perf  weights
--------------------------------------------------------------------------------
features.3                        37    -0.695663 9.555421e-08 1.898306e-06       57
features.4                       105    -0.680246 1.042670e-06 1.189146e-06       65
features.12                      476    -0.655467 1.822054e-07 8.199091e-07      201
features.10                       93    -0.569026 1.284704e-07 4.819395e-07      137
features.9                       273    -0.560686 2.306385e-07 2.064825e-06      137
features.2                        22    -0.536550 6.165947e-07 8.874309e-04       49
features.4                        73    -0.524041 8.226635e-07 1.701075e-06       65
features.3                        57    -0.431368 6.035227e-08 4.712464e-06       57
features.7                       118    -0.415997 1.987274e-06 4.450985e-07      105
features.5                        90    -0.408550 1.193130e-07 2.062753e-07       73
features.3                        48    -0.401773 5.724139e-08 7.696663e-06       57
features.7                       143    -0.397410 1.815725e-06 2.748598e-07      105
features.7                        98    -0.396263 1.737196e-06 1.409206e-07      105
features.5                        56    -0.392629 1.506643e-07 2.386874e-06       73
features.4                        33    -0.392381 5.906788e-07 2.512346e-07       65
features.15                      181    -0.377904 3.783744e-07 3.845204e-09      329
features.10                      286    -0.377409 6.965055e-08 7.708381e-09      137
features.9                       218    -0.373268 1.616585e-07 1.739646e-06      137
features.7                        49    -0.370331 2.117426e-06 1.029037e-06      105
features.9                       380    -0.361174 1.194052e-07 1.817094e-08      137
features.15                      104    -0.353900 3.605726e-07 3.156569e-08      329
features.3                        79    -0.348481 4.795573e-08 1.238102e-06       57
features.13                       61    -0.339486 8.888429e-08 4.510749e-08      201
features.3                        40    -0.331520 4.585349e-08 1.922218e-06       57
features.3                        63    -0.328711 4.499952e-08 4.113392e-07       57
features.7                       121    -0.323119 1.417554e-06 1.167546e-07      105
features.7                        42    -0.317076 1.399102e-06 1.292140e-07      105
features.4                        74    -0.310304 4.731694e-07 4.430389e-07       65
features.7                       132    -0.306919 1.395904e-06 2.006938e-07      105
features.7                       153    -0.304196 1.326167e-06 9.471029e-08      105
features.15                       45    -0.303971 3.046603e-07 4.486487e-09      329
features.10                      256    -0.302936 6.147195e-08 1.177737e-07      137
features.10                      150    -0.302391 5.635039e-08 1.708937e-08      137
features.3                        39    -0.302301 4.128941e-08 7.431925e-08       57
features.13                      251    -0.300960 7.873840e-08 3.354377e-08      201
features.4                        13    -0.299460 4.988628e-07 2.134336e-06       65
features.3                       103    -0.298432 4.082743e-08 2.865606e-07       57
features.3                        27    -0.290117 3.964324e-08 1.288978e-07       57
features.7                       160    -0.287262 1.268533e-06 1.188549e-07      105
features.3                        65    -0.284749 3.890601e-08 1.146070e-07       57
features.3                        16    -0.283147 3.874932e-08 3.136636e-07       57
features.13                      205    -0.277000 7.288036e-08 7.572619e-08      201
features.7                        93    -0.274440 1.241409e-06 1.671448e-07      105
features.6                        72    -0.272294 1.190282e-07 1.604488e-07       73
features.13                      506    -0.272009 7.181548e-08 1.015035e-07      201
features.5                       187    -0.271477 1.141723e-07 2.258180e-06       73
features.1                        13    -0.271087 2.328603e-07 7.677898e-06       25
features.3                       119    -0.270401 3.786475e-08 3.060682e-06       57
features.13                      462    -0.269083 7.044459e-08 3.500918e-08      201
features.15                      379    -0.268194 2.707027e-07 1.248860e-08      329
features.16                      671    -0.268097 4.433881e-07 7.336421e-08      329
features.7                        23    -0.267393 1.256541e-06 2.482515e-07      105
features.15                      720    -0.266923 2.678336e-07 5.310028e-09      329
features.3                       113    -0.266597 3.650617e-08 3.651265e-07       57
features.15                      679    -0.265747 2.657843e-07 1.387900e-09      329
features.16                       73    -0.264644 4.316121e-07 1.260577e-08      329
features.12                      318    -0.264227 6.899204e-08 1.520884e-08      201
features.7                         3    -0.263976 1.228553e-06 2.234028e-07      105
features.13                      110    -0.263237 6.907734e-08 5.210093e-08      201
features.3                        49    -0.262938 3.590641e-08 4.312878e-08       57
features.7                        18    -0.262125 1.336005e-06 4.327094e-07      105
features.3                        21    -0.261254 3.583125e-08 5.401715e-07       57
features.3                       115    -0.261053 3.591326e-08 8.913523e-07       57
features.15                      843    -0.260491 2.622690e-07 9.172810e-09      329
features.4                        91    -0.258951 4.052077e-07 7.877885e-07       65
features.10                       18    -0.258291 5.106214e-08 7.333890e-08      137
features.15                      175    -0.258087 2.597512e-07 8.653873e-09      329
features.3                       111    -0.257684 3.540337e-08 7.311319e-07       57
features.7                       106    -0.255423 1.102775e-06 5.997830e-08      105
features.3                       107    -0.253463 3.466252e-08 2.020303e-07       57
features.15                      831    -0.252709 2.534299e-07 4.394888e-09      329
features.13                      420    -0.252277 6.653687e-08 8.661212e-08      201
features.15                      395    -0.248467 2.491652e-07 4.271939e-09      329
features.7                        28    -0.246876 1.208344e-06 3.168041e-07      105
features.10                      161    -0.246713 4.598112e-08 1.406947e-08      137
features.15                      498    -0.244649 2.530718e-07 3.891719e-08      329
features.7                       123    -0.244581 1.073306e-06 8.893255e-08      105
features.15                      214    -0.244107 2.653830e-07 9.659362e-08      329
features.15                      187    -0.243902 2.611723e-07 7.861616e-08      329
features.5                       129    -0.242765 7.381855e-08 3.001721e-07       73
features.16                      546    -0.242208 3.940575e-07 2.048185e-09      329
features.15                      285    -0.240638 2.425594e-07 9.724190e-09      329
features.5                       157    -0.239120 7.221512e-08 2.655696e-07       73
features.10                      113    -0.239117 4.759346e-08 7.434738e-08      137
features.10                      181    -0.238883 4.453088e-08 1.380435e-08      137
features.13                      412    -0.237845 6.253559e-08 6.035017e-08      201
features.3                       118    -0.237468 3.279065e-08 1.202823e-06       57
features.3                        72    -0.237196 3.313330e-08 2.422619e-06       57
features.11                      251    -0.236764 3.485539e-07 3.486898e-07      169
features.13                      495    -0.235655 6.247695e-08 1.163261e-07      201
features.3                       106    -0.235410 4.227734e-08 3.257356e-05       57
features.13                       78    -0.235373 6.158479e-08 2.684419e-08      201
features.9                       152    -0.235342 7.813292e-08 2.660003e-08      137
features.3                       124    -0.234791 3.277206e-08 2.316565e-06       57
features.15                      549    -0.234289 2.348383e-07 3.538108e-09      329
features.3                        98    -0.232955 3.184941e-08 1.583410e-07       57
features.15                      184    -0.232560 2.418395e-07 4.270740e-08      329
features.10                      154    -0.231841 4.612625e-08 7.170492e-08      137
features.12                      311    -0.231465 6.038915e-08 9.908086e-09      201
features.15                      361    -0.231418 2.369711e-07 2.598270e-08      329
features.15                      597    -0.230050 2.304228e-07 2.730514e-09      329
features.12                       73    -0.229152 6.669770e-08 4.987509e-07      201
features.9                       284    -0.227747 7.515958e-08 5.412913e-09      137
features.13                       63    -0.227134 5.971834e-08 5.750026e-08      201
features.12                      341    -0.224818 5.896756e-08 3.172847e-08      201
features.16                      595    -0.224041 3.666048e-07 2.262402e-08      329
features.11                      369    -0.223740 3.578026e-07 8.887252e-07      169
features.16                      670    -0.223696 3.645513e-07 7.913237e-09      329
features.3                        73    -0.223562 3.108082e-08 1.808011e-06       57
features.10                      123    -0.222848 4.310896e-08 4.430144e-08      137
features.10                      251    -0.221906 4.265847e-08 3.873583e-08      137
features.9                        23    -0.221029 7.885963e-08 2.714366e-07      137
features.16                      135    -0.220202 3.583277e-07 2.575005e-09      329
features.12                      432    -0.219940 5.756565e-08 2.237921e-08      201
features.15                      925    -0.218352 2.188442e-07 3.212321e-09      329
features.9                        88    -0.218256 7.397257e-08 9.268432e-08      137
features.16                       37    -0.218130 3.562380e-07 1.519246e-08      329
features.10                       79    -0.217993 4.041782e-08 8.210153e-09      137
features.7                         6    -0.217936 1.013086e-06 1.822712e-07      105
features.15                      619    -0.215838 2.333446e-07 7.954775e-08      329
features.13                      115    -0.212939 5.568043e-08 2.050253e-08      201
features.11                      355    -0.212716 3.034178e-07 1.217676e-07      169
features.13                      130    -0.212044 5.563578e-08 4.109879e-08      201
features.9                       334    -0.211505 7.122653e-08 6.922507e-08      137
features.12                      398    -0.211316 5.531386e-08 2.189284e-08      201
features.15                      452    -0.210556 2.611448e-07 2.279772e-07      329
features.16                      141    -0.210470 3.439348e-07 1.669232e-08      329
features.15                      313    -0.210372 2.114929e-07 5.995732e-09      329
features.12                      167    -0.209691 5.475658e-08 1.238973e-08      201
features.3                       127    -0.208889 2.852761e-08 4.085075e-08       57
features.9                         1    -0.208620 7.098139e-08 1.009527e-07      137
features.9                       318    -0.208501 6.902091e-08 1.452522e-08      137
features.5                       163    -0.208339 6.527290e-08 3.744715e-07       73
features.9                       148    -0.208271 7.530513e-08 3.006329e-07      137
features.16                       61    -0.207879 3.396563e-07 1.604094e-08      329
features.16                      765    -0.206284 3.390929e-07 3.606796e-08      329
features.11                      259    -0.206182 3.323450e-07 8.705246e-07      169
features.10                        5    -0.206116 4.160147e-08 7.564594e-08      137
features.16                       68    -0.204519 3.333840e-07 8.068896e-09      329
features.15                       53    -0.204207 2.067449e-07 1.232323e-08      329
features.11                      245    -0.203934 4.521378e-07 3.289249e-06      169
features.15                      470    -0.203860 2.235707e-07 8.938645e-08      329
features.4                       114    -0.203571 3.181399e-07 6.027965e-07       65
features.3                        91    -0.203349 2.801626e-08 8.271516e-07       57
features.16                      217    -0.203140 3.336305e-07 3.261460e-08      329
features.15                      692    -0.202740 2.059831e-07 1.548367e-08      329
features.11                       19    -0.202474 2.874359e-07 8.888326e-08      169
features.12                       69    -0.202429 5.298305e-08 2.064030e-08      201
features.13                       23    -0.201738 5.267734e-08 1.132654e-08      201
features.17                      282    -0.201635 1.000727e-06 6.995801e-09      489
features.6                       105    -0.201537 8.805516e-08 1.081235e-07       73
features.12                       55    -0.201213 5.266444e-08 2.049345e-08      201
features.4                        10    -0.201126 3.118433e-07 4.954882e-07       65
features.9                       342    -0.201030 6.692471e-08 3.097191e-08      137
features.8                       301    -0.200945 2.616220e-07 5.753530e-09      137
features.15                      638    -0.200668 2.115091e-07 4.957105e-08      329
features.9                       293    -0.200532 6.637728e-08 1.372374e-08      137
features.5                       140    -0.199521 5.986803e-08 1.979963e-07       73
features.7                       102    -0.199288 8.618044e-07 4.931715e-08      105
features.16                      107    -0.198514 3.251844e-07 2.350474e-08      329
features.11                       22    -0.197971 2.885194e-07 2.340028e-07      169
features.12                      305    -0.197969 5.213943e-08 4.308404e-08      201
features.10                       38    -0.197942 3.696544e-08 1.277073e-08      137
features.15                      914    -0.197681 2.049094e-07 3.334416e-08      329
features.15                      689    -0.196400 2.001764e-07 1.784843e-08      329
features.16                      806    -0.195872 3.201744e-07 1.646986e-08      329
features.16                      561    -0.194897 3.180874e-07 1.152009e-08      329
features.12                      206    -0.194728 5.138100e-08 4.912204e-08      201
features.13                      427    -0.194640 5.113735e-08 4.517261e-08      201
features.17                      719    -0.194553 9.499374e-07 1.488860e-09      489
features.15                      527    -0.194061 1.939319e-07 3.131767e-10      329
features.16                      375    -0.193995 3.175219e-07 2.041271e-08      329
features.7                        55    -0.193781 8.313543e-07 3.589720e-08      105
features.16                      886    -0.193679 3.152400e-07 2.967786e-09      329
features.5                       191    -0.193155 5.566972e-08 5.256749e-08       73
features.12                      522    -0.193008 5.070654e-08 3.307560e-08      201
features.11                      239    -0.192841 2.774548e-07 1.573432e-07      169
features.15                      370    -0.192238 1.976096e-07 2.498622e-08      329
features.13                      473    -0.192193 5.024247e-08 1.705415e-08      201
features.3                        77    -0.192119 2.631500e-08 2.866956e-07       57
features.16                      842    -0.192087 3.126725e-07 3.190855e-09      329
features.13                      415    -0.192038 5.038193e-08 3.670846e-08      201
features.13                      450    -0.192006 5.021465e-08 1.933816e-08      201
features.13                      201    -0.191842 5.010379e-08 1.189539e-08      201
features.7                       169    -0.191567 8.425415e-07 7.306701e-08      105
features.13                      422    -0.191546 5.011973e-08 2.207713e-08      201
features.11                      375    -0.191480 2.793857e-07 2.327519e-07      169
features.7                        96    -0.191017 9.469111e-07 2.668711e-07      105
features.12                      527    -0.190696 5.106749e-08 1.011844e-07      201
features.13                      273    -0.190608 5.093276e-08 1.376676e-07      201
features.5                        61    -0.190481 5.693211e-08 1.754401e-07       73
features.13                      198    -0.190476 4.991151e-08 2.978784e-08      201
features.13                      137    -0.190274 4.993137e-08 3.771663e-08      201
features.16                      709    -0.190199 3.098242e-07 5.374041e-09      329
features.13                      382    -0.190162 4.984713e-08 3.170950e-08      201
features.3                        52    -0.190001 2.602322e-08 2.782675e-07       57
features.16                      710    -0.189662 3.399033e-07 3.105595e-07      329
features.5                       177    -0.189112 5.443099e-08 4.701424e-08       73
features.12                      239    -0.189067 5.008939e-08 6.198327e-08      201
features.16                      300    -0.188859 3.087992e-07 1.674723e-08      329
features.3                       128    -0.188795 2.586283e-08 2.920047e-07       57
features.12                      252    -0.188772 4.972825e-08 4.187177e-08      201
features.16                      417    -0.188772 3.072842e-07 3.212389e-09      329
features.9                       351    -0.188258 6.255923e-08 2.388219e-08      137
features.7                        68    -0.188044 9.514107e-07 2.976684e-07      105
features.16                      439    -0.187645 3.055952e-07 4.625638e-09      329
features.13                      476    -0.187297 4.943415e-08 6.818021e-08      201
features.15                      724    -0.187259 1.877944e-07 3.259719e-09      329
features.15                       62    -0.186915 1.945433e-07 3.508741e-08      329
features.16                      389    -0.186741 3.065670e-07 2.869200e-08      329
features.15                      284    -0.186527 2.057174e-07 8.696972e-08      329
features.12                      400    -0.186433 4.981270e-08 9.091240e-08      201
features.7                       140    -0.186300 8.286370e-07 8.788859e-08      105
features.16                      801    -0.186264 3.034044e-07 5.155469e-09      329
features.16                      281    -0.185919 3.054510e-07 3.087222e-08      329
features.15                      324    -0.185808 1.858266e-07 9.356618e-10      329
features.7                       120    -0.185579 8.261935e-07 8.893161e-08      105
features.13                      333    -0.184983 4.867892e-08 5.152498e-08      201
features.15                      442    -0.184768 1.862586e-07 7.535013e-09      329
features.9                       201    -0.184676 6.666159e-08 2.615279e-07      137
features.15                      928    -0.184621 1.852715e-07 3.766072e-09      329
features.15                      466    -0.183668 1.902114e-07 3.020676e-08      329
features.7                       190    -0.183242 9.518772e-07 3.350580e-07      105
features.7                       185    -0.182921 8.819314e-07 2.104241e-07      105
features.2                        47    -0.182860 1.641444e-07 1.893761e-05       49
features.10                      200    -0.182533 3.822496e-08 9.472905e-08      137
features.3                        12    -0.182439 2.519386e-08 9.299492e-07       57
features.15                      279    -0.182415 1.851602e-07 1.315506e-08      329
features.16                        5    -0.181754 2.966611e-07 1.098687e-08      329
features.15                      433    -0.181712 2.158173e-07 1.538798e-07      329
features.15                      777    -0.181662 1.834281e-07 8.758006e-09      329
features.15                      501    -0.181578 1.922442e-07 4.869636e-08      329
features.12                      194    -0.181340 4.868163e-08 1.046855e-07      201
features.16                      640    -0.181061 2.983626e-07 3.886888e-08      329
features.16                       79    -0.181056 2.949958e-07 5.746744e-09      329
features.12                      425    -0.180822 4.714802e-08 5.721602e-09      201
features.17                      213    -0.180438 8.795426e-07 8.838195e-10      489
features.15                      322    -0.179778 1.823727e-07 1.246914e-08      329
features.13                      480    -0.179645 4.704997e-08 2.554013e-08      201
features.12                      116    -0.179379 4.706317e-08 2.630085e-08      201
features.4                        29    -0.179103 3.237933e-07 2.304315e-06       65
features.12                      248    -0.177046 4.636460e-08 1.984400e-08      201
features.10                      368    -0.177041 3.313528e-08 1.289029e-08      137
features.12                      411    -0.176718 4.976239e-08 2.662274e-07      201
features.6                        36    -0.176605 7.781538e-08 2.566853e-07       73
features.16                      822    -0.176299 2.876683e-07 9.773462e-09      329
features.10                      158    -0.176052 3.274204e-08 8.644253e-09      137
features.3                        84    -0.176017 2.434523e-08 1.020103e-06       57
features.10                      374    -0.176006 3.977383e-08 1.498014e-07      137
features.13                      305    -0.175732 4.586781e-08 7.783066e-09      201
features.16                      957    -0.175463 2.941669e-07 8.725545e-08      329
features.16                      146    -0.175400 2.886389e-07 3.376273e-08      329
features.15                      743    -0.174778 1.773355e-07 1.228020e-08      329
features.16                      144    -0.174369 2.838591e-07 3.160998e-09      329
features.12                      143    -0.173904 4.544766e-08 1.282976e-08      201
features.17                      655    -0.173894 8.520120e-07 2.320569e-09      489
features.16                      513    -0.173782 2.845888e-07 1.976201e-08      329
features.16                      660    -0.173758 2.876245e-07 5.008491e-08      329
features.13                      297    -0.173672 4.585811e-08 6.539098e-08      201
features.10                        4    -0.173547 3.407808e-08 4.464895e-08      137
features.12                      422    -0.173321 4.530997e-08 1.381944e-08      201
features.12                      225    -0.173293 4.546933e-08 2.561325e-08      201
features.3                       131    -0.173283 2.367248e-08 5.792672e-08       57
features.11                      120    -0.173116 2.540234e-07 2.386099e-07      169
features.12                      261    -0.173100 4.784804e-08 1.974290e-07      201
features.17                      701    -0.173071 8.481445e-07 2.365237e-09      489
features.7                        62    -0.173057 7.676043e-07 7.776615e-08      105
features.16                      366    -0.172331 2.811934e-07 9.555706e-09      329
features.3                       135    -0.172138 2.362272e-08 4.001918e-07       57
features.16                      191    -0.172047 2.806594e-07 8.842589e-09      329
features.10                      277    -0.171138 3.173632e-08 6.562316e-09      137
features.16                      523    -0.171037 2.785740e-07 4.463975e-09      329
features.11                      366    -0.170884 2.420952e-07 6.528356e-08      169
features.16                      350    -0.170796 2.787081e-07 9.661942e-09      329
features.13                      144    -0.170644 4.465998e-08 2.070911e-08      201
features.15                      314    -0.170577 1.721204e-07 7.708614e-09      329
features.8                       350    -0.170517 2.243976e-07 1.011609e-08      137
features.12                       56    -0.169552 4.467573e-08 3.834790e-08      201
features.16                      936    -0.169512 2.807558e-07 5.042900e-08      329
features.12                      207    -0.169338 4.422249e-08 1.023254e-08      201
features.15                        0    -0.169243 1.738055e-07 2.125097e-08      329
features.16                      458    -0.169106 2.752321e-07 2.485519e-09      329
features.15                      705    -0.168950 1.692622e-07 2.174874e-09      329
features.12                       79    -0.168771 4.416936e-08 1.690814e-08      201
features.5                       126    -0.168573 4.940612e-08 9.581080e-08       73
features.16                      599    -0.168392 2.823454e-07 8.407011e-08      329
features.13                      353    -0.167331 4.389609e-08 3.158773e-08      201
features.13                      394    -0.167183 4.385475e-08 3.126786e-08      201
features.9                       353    -0.167146 6.445891e-08 4.222670e-07      137
features.17                      879    -0.167023 8.455053e-07 1.136461e-08      489
features.13                      269    -0.166956 4.430780e-08 8.725463e-08      201
features.16                       60    -0.166066 2.722128e-07 2.145508e-08      329
features.15                      140    -0.165867 1.658402e-07 6.407472e-10      329
features.12                      176    -0.165295 4.319624e-08 1.208968e-08      201
features.7                       166    -0.165251 7.633990e-07 1.295288e-07      105
features.11                       26    -0.165236 2.560901e-07 4.959111e-07      169
features.13                      323    -0.165166 4.341026e-08 4.012756e-08      201
features.12                      322    -0.164829 4.321204e-08 2.178654e-08      201
features.15                      922    -0.164728 1.727356e-07 3.668775e-08      329
features.15                      600    -0.164491 1.712000e-07 3.086220e-08      329
features.12                      374    -0.164375 4.325744e-08 3.335176e-08      201
features.16                      230    -0.164271 2.725226e-07 5.328785e-08      329
features.15                      516    -0.164050 1.640883e-07 9.258673e-10      329
features.4                        19    -0.163845 2.506864e-07 2.681389e-07       65
features.17                      493    -0.163834 8.066766e-07 3.516804e-09      489
features.12                      291    -0.163788 4.276668e-08 9.447374e-09      201
features.10                      218    -0.163742 3.089073e-08 1.682151e-08      137
features.16                      102    -0.163733 2.665238e-07 2.768168e-09      329
features.15                      563    -0.163613 1.648724e-07 6.400663e-09      329
features.15                      694    -0.163440 1.646289e-07 6.083357e-09      329
features.16                      359    -0.163368 2.664424e-07 7.809440e-09      329
features.15                      539    -0.163344 1.712669e-07 3.630324e-08      329
features.12                      381    -0.163058 4.264964e-08 1.460823e-08      201
features.16                      763    -0.163005 2.660377e-07 9.636638e-09      329
features.15                      282    -0.162819 1.673962e-07 2.128491e-08      329
features.9                       129    -0.162785 5.423033e-08 2.677502e-08      137
features.8                        39    -0.162738 2.110325e-07 2.809884e-09      137
features.16                      273    -0.162720 2.664054e-07 1.783577e-08      329
features.12                      406    -0.162481 4.246721e-08 1.232421e-08      201
features.15                      309    -0.162196 1.631675e-07 5.103224e-09      329
features.17                      866    -0.161889 8.053940e-07 6.265200e-09      489
features.13                      409    -0.161531 4.298158e-08 9.681533e-08      201
features.12                      111    -0.161028 4.217782e-08 1.860997e-08      201
features.12                        9    -0.160991 4.219523e-08 2.052994e-08      201
features.13                      352    -0.160818 4.356842e-08 1.812853e-07      201
features.16                      959    -0.160489 2.636714e-07 2.665194e-08      329
features.7                       172    -0.160445 7.249454e-07 9.623231e-08      105
features.16                      340    -0.160090 2.651701e-07 4.782933e-08      329
features.12                        8    -0.159953 4.277796e-08 8.085100e-08      201
features.12                       70    -0.159588 4.166843e-08 9.096254e-09      201
features.6                        49    -0.159585 7.011744e-08 1.827157e-07       73
features.16                      825    -0.159352 2.595347e-07 4.087954e-09      329
features.11                       57    -0.159138 2.618771e-07 7.774149e-07      169
features.12                      209    -0.159067 4.180455e-08 2.831135e-08      201
features.13                       49    -0.159018 4.184520e-08 4.418883e-08      201
features.13                      392    -0.158928 4.319280e-08 1.940581e-07      201
features.16                      317    -0.158885 2.588128e-07 4.464670e-09      329
features.15                      381    -0.158667 1.657018e-07 3.229469e-08      329
features.12                       19    -0.158551 4.149178e-08 1.568065e-08      201
features.13                      403    -0.158528 4.138752e-08 8.131138e-09      201
features.8                       212    -0.158486 2.047491e-07 1.052897e-09      137
features.17                      739    -0.158462 7.982256e-07 9.455659e-09      489
features.16                      958    -0.157964 2.597842e-07 2.881347e-08      329
features.15                       49    -0.157779 1.586393e-07 4.583550e-09      329
features.16                      112    -0.157515 2.563646e-07 2.279713e-09      329
features.15                      341    -0.157497 1.582107e-07 3.924220e-09      329
features.7                       175    -0.156907 6.790336e-07 3.974471e-08      105
features.16                      192    -0.156404 2.547363e-07 4.048820e-09      329
features.15                      741    -0.155961 1.644334e-07 3.873681e-08      329
features.16                      598    -0.155581 2.546644e-07 1.653508e-08      329
features.3                       117    -0.155400 2.136244e-08 4.790213e-07       57
features.2                        12    -0.155235 1.869254e-07 3.093383e-04       49
features.16                      152    -0.155105 2.539339e-07 1.695717e-08      329
features.15                      320    -0.154300 1.547255e-07 2.616749e-09      329
features.16                      266    -0.154295 2.512835e-07 3.816677e-09      329
features.13                       52    -0.153962 4.089725e-08 8.460692e-08      201
features.7                        17    -0.153935 7.824913e-07 2.503201e-07      105
features.7                        27    -0.153870 7.811526e-07 2.483761e-07      105
features.12                      293    -0.153747 4.066053e-08 4.533441e-08      201
features.15                      661    -0.153708 1.575581e-07 1.798324e-08      329
features.17                      517    -0.153517 7.484803e-07 8.077016e-10      489
features.16                      729    -0.153474 2.508676e-07 1.287614e-08      329
features.9                       179    -0.153415 5.192299e-08 6.185910e-08      137
features.15                      608    -0.153401 1.713948e-07 8.144908e-08      329
features.17                      740    -0.153336 7.480648e-07 9.635692e-10      489
features.16                      240    -0.153313 2.523117e-07 2.969109e-08      329
features.11                       29    -0.153286 2.405287e-07 5.182754e-07      169
features.15                      593    -0.153267 1.577281e-07 2.072155e-08      329
features.16                        3    -0.153265 2.494203e-07 1.954862e-09      329
features.17                      774    -0.153141 7.539991e-07 3.278569e-09      489
features.15                      717    -0.153075 1.577448e-07 2.165609e-08      329
features.17                      798    -0.152890 7.476776e-07 1.561792e-09      489
features.11                       37    -0.152710 2.727014e-07 1.167096e-06      169
features.17                      638    -0.152694 7.489525e-07 2.311836e-09      489
features.13                      510    -0.152692 3.996461e-08 1.885285e-08      201
features.15                      716    -0.152677 1.703375e-07 7.995212e-08      329
features.15                      474    -0.152596 1.554394e-07 1.345815e-08      329
features.16                      399    -0.152514 2.485985e-07 5.898541e-09      329
features.16                      286    -0.152395 3.041360e-07 5.554053e-07      329
features.7                        90    -0.152306 7.151381e-07 1.403465e-07      105
features.9                       230    -0.152168 5.066091e-08 2.356646e-08      137
features.17                      177    -0.152061 7.538269e-07 4.985481e-09      489
features.9                       301    -0.151951 5.087003e-08 3.619184e-08      137
features.7                        81    -0.151887 7.248389e-07 1.611562e-07      105
features.10                      176    -0.151795 2.881868e-08 1.924106e-08      137
features.3                       130    -0.151640 2.134484e-08 2.071268e-06       57
features.9                        16    -0.151501 5.093681e-08 4.586012e-08      137
features.13                      181    -0.151416 3.992963e-08 5.134980e-08      201
features.17                      420    -0.151257 7.600564e-07 8.396485e-09      489
features.7                       154    -0.150904 7.212682e-07 1.621475e-07      105
features.16                      920    -0.150770 2.465364e-07 1.351814e-08      329
features.3                        96    -0.150640 2.150628e-08 3.028028e-06       57
features.15                      832    -0.150442 1.529790e-07 1.207612e-08      329
features.7                         7    -0.150423 6.704275e-07 7.344572e-08      105
features.15                      594    -0.150260 1.764352e-07 1.181476e-07      329
features.16                      248    -0.149885 2.438851e-07 1.577729e-09      329
features.3                        64    -0.149574 2.077569e-08 1.149042e-06       57
features.16                      157    -0.149458 2.431273e-07 9.529842e-10      329
features.11                      179    -0.149247 2.129661e-07 8.700939e-08      169
features.16                      115    -0.149184 2.485711e-07 5.900792e-08      329
features.12                      388    -0.148998 3.905030e-08 1.887547e-08      201
features.15                      633    -0.148850 1.612943e-07 5.652447e-08      329
features.15                      496    -0.148841 1.492124e-07 2.350772e-09      329
features.17                      451    -0.148563 7.283207e-07 2.124821e-09      489
features.9                        47    -0.148550 5.084360e-08 8.540337e-08      137
features.16                      116    -0.147995 2.448229e-07 4.112484e-08      329
features.17                      499    -0.147964 7.235549e-07 1.500848e-09      489
features.12                      226    -0.147499 4.059558e-08 1.557864e-07      201
features.12                      165    -0.147335 3.905415e-08 4.976732e-08      201
features.12                      427    -0.147330 3.840971e-08 4.269317e-09      201
features.9                       184    -0.147316 4.890851e-08 1.664579e-08      137
features.17                      411    -0.147027 7.220627e-07 2.530320e-09      489
features.16                       20    -0.146926 2.391643e-07 2.469666e-09      329
features.9                        84    -0.146856 4.941829e-08 4.640070e-08      137
features.4                        90    -0.146650 2.282659e-07 3.971281e-07       65
features.8                        87    -0.146485 2.050171e-07 3.548346e-08      137
features.12                       93    -0.146279 3.948621e-08 9.977045e-08      201
features.12                       32    -0.146261 3.872729e-08 4.643403e-08      201
features.16                      819    -0.146167 2.382074e-07 5.197611e-09      329
features.11                      127    -0.146114 2.184347e-07 2.807336e-07      169
features.15                      863    -0.146001 1.461487e-07 1.333239e-09      329
features.16                      808    -0.145646 2.398965e-07 3.021336e-08      329
features.17                      889    -0.145634 7.139355e-07 2.074226e-09      489
features.15                      807    -0.145621 1.504044e-07 2.213245e-08      329
features.16                      414    -0.145482 2.369103e-07 3.398554e-09      329
features.17                      194    -0.145406 7.102763e-07 1.215773e-09      489
features.11                      160    -0.145306 2.422192e-07 7.709090e-07      169
features.15                      198    -0.145069 1.460462e-07 5.051932e-09      329
features.15                      199    -0.144926 1.455477e-07 3.453029e-09      329
features.16                      187    -0.144868 2.376578e-07 2.061109e-08      329
