================================================================================
Channel Pruning Log
  iteration  : 6
  alpha      : 0.5000
  timestamp  : 2026-04-20 15:10:15
  remove_target  : 105006
  accum_removed  : 105311
  selected_channels : 375
  total_params   : 2289600
  active_after   : 1455049
  model_sparsity : 36.4%
================================================================================

[ 레이어별 채널 제거 비율 ]
  layer                total_ch  this_iter    cumul  cumul_%
  ----------------------------------------------------------
  features.1                 32          3       18    56.2%
  features.2                 96         10       65    67.7%
  features.3                144          3       17    11.8%
  features.4                144          0        7     4.9%
  features.5                192          1        7     3.6%
  features.6                192         28       58    30.2%
  features.7                192          0       13     6.8%
  features.8                384          0       64    16.7%
  features.9                384         22      162    42.2%
  features.10               384          3      229    59.6%
  features.11               384         49      157    40.9%
  features.12               576         19      157    27.3%
  features.13               576          2      264    45.8%
  features.14               576         66      463    80.4%
  features.15               960         55      402    41.9%
  features.16               960         30      160    16.7%
  features.17               960         84      700    72.9%

[ 블록별 제거 채널 수 ]
  features.1: 3채널 제거
  features.10: 3채널 제거
  features.11: 49채널 제거
  features.12: 19채널 제거
  features.13: 2채널 제거
  features.14: 66채널 제거
  features.15: 55채널 제거
  features.16: 30채널 제거
  features.17: 84채널 제거
  features.2: 10채널 제거
  features.3: 3채널 제거
  features.5: 1채널 제거
  features.6: 28채널 제거
  features.9: 22채널 제거

[ 선택된 채널 상세 ]
block                             ch        score          phi         perf  weights
--------------------------------------------------------------------------------
features.2                        27    -0.499829 1.281616e-07 1.156605e-07       49
features.6                       168    -0.497734 7.047483e-08 2.406273e-08       73
features.17                      933    -0.486334 1.389831e-06 2.121254e-08      489
features.17                       11    -0.453095 1.267762e-06 4.639471e-09      489
features.2                        26    -0.429714 1.104829e-07 9.071177e-07       49
features.15                       82    -0.427086 3.590034e-07 1.559314e-09      329
features.17                      934    -0.421645 1.182442e-06 5.813963e-09      489
features.15                      316    -0.412358 3.596889e-07 2.191738e-08      329
features.6                        26    -0.403250 5.685467e-08 1.206900e-09       73
features.17                      196    -0.399743 1.137920e-06 1.494779e-08      489
features.1                        26    -0.389003 1.237813e-07 2.665598e-06       25
features.17                      227    -0.385327 1.076044e-06 2.771967e-09      489
features.6                        92    -0.383632 5.431115e-08 1.795945e-08       73
features.17                      553    -0.381708 1.072107e-06 6.190330e-09      489
features.17                      886    -0.372318 1.052144e-06 9.618612e-09      489
features.2                        63    -0.364888 9.479221e-08 3.404955e-06       49
features.17                      628    -0.360572 1.022154e-06 1.110384e-08      489
features.17                      574    -0.358457 9.997873e-07 1.896912e-09      489
features.15                       98    -0.356288 3.052730e-07 1.033257e-08      329
features.17                      211    -0.355386 1.006190e-06 1.023960e-08      489
features.17                      864    -0.353896 1.015570e-06 1.778894e-08      489
features.17                       66    -0.351539 9.969040e-07 1.102424e-08      489
features.17                      575    -0.350806 9.804006e-07 2.947038e-09      489
features.1                        24    -0.349761 1.112111e-07 1.978193e-06       25
features.6                       100    -0.346455 4.947037e-08 4.814379e-08       73
features.17                      536    -0.341067 9.534265e-07 3.001601e-09      489
features.17                      932    -0.333683 9.440606e-07 9.232451e-09      489
features.6                        25    -0.333557 4.981473e-08 2.115778e-07       73
features.6                        56    -0.331621 4.688501e-08 1.076942e-08       73
features.17                      290    -0.331550 9.257794e-07 2.335713e-09      489
features.17                      734    -0.329943 9.236308e-07 3.629526e-09      489
features.17                       27    -0.329009 9.198469e-07 2.966001e-09      489
features.15                       26    -0.324144 3.241324e-07 8.188852e-08      329
features.16                      587    -0.321568 8.535036e-07 4.792419e-09      329
features.17                      720    -0.317301 8.949654e-07 7.245684e-09      489
features.6                       186    -0.316326 4.564728e-08 8.016297e-08       73
features.17                      434    -0.315340 8.836446e-07 3.967746e-09      489
features.17                      639    -0.313946 8.893579e-07 9.321457e-09      489
features.17                      863    -0.313642 8.868284e-07 8.381679e-09      489
features.14                      209    -0.312074 1.033520e-06 1.657013e-08      265
features.16                      303    -0.311921 8.270599e-07 3.898527e-09      329
features.17                      525    -0.311075 9.143328e-07 2.772452e-08      489
features.6                        55    -0.309440 4.403905e-08 3.197101e-08       73
features.17                      596    -0.306962 8.594642e-07 3.469766e-09      489
features.16                      334    -0.306137 8.166030e-07 8.189653e-09      329
features.2                        79    -0.304287 7.874505e-08 2.019165e-06       49
features.17                      796    -0.302566 8.524567e-07 6.379916e-09      489
features.17                      749    -0.302308 8.452156e-07 2.737007e-09      489
features.15                      675    -0.300055 2.636712e-07 1.898066e-08      329
features.14                       18    -0.297803 1.156746e-06 5.484454e-08      265
features.17                      527    -0.295154 8.236052e-07 1.774201e-09      489
features.17                      287    -0.292914 8.361310e-07 1.224444e-08      489
features.11                      338    -0.292841 3.491530e-07 5.098982e-07      169
features.17                      200    -0.292015 8.136355e-07 1.079185e-09      489
features.11                      356    -0.291264 2.469062e-07 4.579286e-08      169
features.15                       24    -0.291198 2.536279e-07 1.488997e-08      329
features.6                       114    -0.291144 4.256606e-08 1.155566e-07       73
features.6                       129    -0.290834 4.439188e-08 2.568545e-07       73
features.14                       62    -0.289328 9.303535e-07 8.989893e-09      265
features.17                      650    -0.288927 8.078963e-07 2.666924e-09      489
features.16                      954    -0.288784 7.736928e-07 1.074478e-08      329
features.17                      810    -0.288013 8.165470e-07 8.916663e-09      489
features.15                      826    -0.287882 2.505883e-07 1.448328e-08      329
features.17                      786    -0.285805 8.469563e-07 2.932390e-08      489
features.17                      216    -0.285599 7.997068e-07 3.259287e-09      489
features.17                      223    -0.285371 7.995765e-07 3.541280e-09      489
features.13                      514    -0.285244 7.623527e-08 1.607472e-08      201
features.17                      828    -0.285228 7.968625e-07 2.247551e-09      489
features.6                        11    -0.284514 4.061895e-08 3.902280e-08       73
features.11                      261    -0.282177 2.614978e-07 1.468479e-07      169
features.17                      313    -0.282040 7.992899e-07 8.551109e-09      489
features.11                      300    -0.281776 2.946250e-07 3.006226e-07      169
features.6                       111    -0.281566 3.972832e-08 3.105851e-09       73
features.17                      662    -0.280339 7.853359e-07 3.399434e-09      489
features.11                      275    -0.279928 2.507295e-07 1.057568e-07      169
features.14                      297    -0.279918 9.710536e-07 2.494302e-08      265
features.15                      195    -0.279254 2.419071e-07 1.221948e-08      329
features.15                      612    -0.279250 2.428821e-07 1.374894e-08      329
features.15                      694    -0.276510 2.335204e-07 2.712051e-09      329
features.15                      308    -0.275925 2.316300e-07 5.247495e-10      329
features.14                       75    -0.275868 1.014281e-06 3.769516e-08      265
features.15                      949    -0.275326 2.445487e-07 2.149028e-08      329
features.11                      263    -0.275251 2.447145e-07 9.559948e-08      169
features.15                       53    -0.275083 2.361388e-07 8.670236e-09      329
features.14                      570    -0.274329 1.088697e-06 5.581762e-08      265
features.17                      327    -0.273932 7.760197e-07 8.141827e-09      489
features.11                       58    -0.273878 2.711726e-07 2.223529e-07      169
features.15                      909    -0.273862 2.303377e-07 1.207072e-09      329
features.14                      178    -0.273851 1.150869e-06 7.038800e-08      265
features.11                       51    -0.273768 2.455285e-07 1.048843e-07      169
features.11                      341    -0.273759 2.246477e-07 8.936606e-09      169
features.17                      400    -0.273450 7.626126e-07 1.403444e-09      489
features.6                       128    -0.272377 3.844660e-08 4.131019e-09       73
features.9                       182    -0.272124 8.416748e-08 4.217123e-09      137
features.15                      625    -0.271974 2.289734e-07 1.548241e-09      329
features.14                      166    -0.271790 1.376603e-06 1.235223e-07      265
features.9                        30    -0.271488 8.779513e-08 1.107604e-08      137
features.11                      158    -0.271055 2.222746e-07 8.138133e-09      169
features.17                      568    -0.270396 7.568468e-07 2.924117e-09      489
features.14                       81    -0.270290 9.492337e-07 2.673596e-08      265
features.15                      181    -0.269692 2.271218e-07 1.643695e-09      329
features.6                        63    -0.269252 3.879984e-08 6.411926e-08       73
features.17                      746    -0.269132 7.518207e-07 2.080058e-09      489
features.11                      253    -0.268454 2.204514e-07 9.482362e-09      169
features.17                      544    -0.268210 7.488722e-07 1.863764e-09      489
features.14                       58    -0.267860 1.125429e-06 6.878807e-08      265
features.14                      545    -0.267419 8.735224e-07 1.142705e-08      265
features.11                       68    -0.267015 2.235971e-07 2.932291e-08      169
features.15                      331    -0.266633 2.252605e-07 2.742168e-09      329
features.15                      698    -0.266307 2.325885e-07 1.461645e-08      329
features.15                      180    -0.266077 2.234196e-07 5.946365e-10      329
features.15                      913    -0.265516 2.312154e-07 1.350704e-08      329
features.12                      255    -0.265498 1.123107e-07 3.740902e-09      201
features.17                      905    -0.265402 7.411967e-07 1.937103e-09      489
features.6                        44    -0.265362 3.753926e-08 1.027944e-08       73
features.16                      899    -0.264948 7.008628e-07 1.838449e-09      329
features.11                      255    -0.264530 2.594811e-07 2.035654e-07      169
features.2                        21    -0.263537 6.793310e-08 1.029913e-06       49
features.17                      956    -0.263196 7.347248e-07 1.746369e-09      489
features.16                      274    -0.262803 6.936157e-07 4.172521e-10      329
features.9                       229    -0.262609 8.075676e-08 3.229579e-09      137
features.14                      222    -0.262447 1.060087e-06 5.764519e-08      265
features.11                      180    -0.261999 2.240487e-07 5.015661e-08      169
features.14                      146    -0.261181 1.184767e-06 8.708258e-08      265
features.15                      285    -0.260875 2.283951e-07 1.517926e-08      329
features.15                      435    -0.260850 2.200507e-07 2.176051e-09      329
features.6                        94    -0.259869 3.861118e-08 1.498166e-07       73
features.16                      236    -0.259861 6.876429e-07 2.014646e-09      329
features.6                        53    -0.259744 3.695328e-08 2.584363e-08       73
features.11                      117    -0.259557 2.146237e-07 1.596441e-08      169
features.15                      363    -0.258590 2.351351e-07 2.870035e-08      329
features.11                       11    -0.257933 2.113790e-07 7.122470e-09      169
features.14                      311    -0.256347 1.102911e-06 7.175103e-08      265
features.17                      542    -0.256162 7.386274e-07 1.484379e-08      489
features.11                       12    -0.255640 2.087356e-07 3.545654e-09      169
features.11                        8    -0.255608 2.366555e-07 1.320084e-07      169
features.12                      119    -0.255498 1.092921e-07 6.816638e-09      201
features.14                      575    -0.255455 8.238959e-07 8.501101e-09      265
features.11                      265    -0.255371 2.125930e-07 2.228395e-08      169
features.17                      129    -0.255074 7.238654e-07 8.290014e-09      489
features.15                       38    -0.254924 2.200545e-07 9.942201e-09      329
features.11                      182    -0.254819 2.078449e-07 2.522548e-09      169
features.14                      440    -0.253781 9.405433e-07 3.638689e-08      265
features.14                      150    -0.253177 8.440290e-07 1.471689e-08      265
features.11                       59    -0.253025 2.294820e-07 1.086910e-07      169
features.15                       58    -0.252404 2.182790e-07 1.046869e-08      329
features.14                      395    -0.251749 1.051644e-06 6.325584e-08      265
features.6                       130    -0.251418 3.914301e-08 2.800483e-07       73
features.11                      176    -0.251021 2.479460e-07 2.010609e-07      169
features.15                       62    -0.251008 2.443089e-07 5.296101e-08      329
features.14                      551    -0.250917 7.911319e-07 4.199467e-09      265
features.17                      952    -0.250778 7.037663e-07 3.734719e-09      489
features.3                        80    -0.250575 6.653575e-08 4.544298e-08       57
features.16                      552    -0.250530 7.603666e-07 8.902215e-08      329
features.11                      177    -0.249954 2.199525e-07 7.636847e-08      169
features.14                        7    -0.249726 8.431508e-07 1.694930e-08      265
features.11                      330    -0.249718 2.055334e-07 1.097085e-08      169
features.15                      659    -0.249414 2.118545e-07 4.347366e-09      329
features.11                      152    -0.249295 2.041446e-07 6.169236e-09      169
features.14                       43    -0.249277 1.278094e-06 1.168434e-07      265
features.14                      337    -0.249182 8.412227e-07 1.689093e-08      265
features.14                      221    -0.248975 9.487742e-07 4.166023e-08      265
features.11                      131    -0.248687 2.201594e-07 8.205955e-08      169
features.11                      378    -0.248517 2.029205e-07 3.450344e-09      169
features.15                      876    -0.248472 2.083885e-07 1.670265e-10      329
features.14                      357    -0.247861 9.519347e-07 4.316935e-08      265
features.14                      123    -0.247754 8.050274e-07 9.611215e-09      265
features.14                      364    -0.247371 8.679506e-07 2.428728e-08      265
features.16                      497    -0.247315 6.549288e-07 2.351669e-09      329
features.3                        56    -0.247208 6.823812e-08 5.760244e-07       57
features.9                        75    -0.246984 8.166967e-08 1.330687e-08      137
features.6                       132    -0.246951 3.521798e-08 3.097450e-08       73
features.2                         9    -0.246367 6.377369e-08 1.682009e-06       49
features.15                      443    -0.245985 2.064026e-07 3.215991e-10      329
features.1                        20    -0.245960 7.859426e-08 3.338935e-06       25
features.14                      513    -0.245180 9.114960e-07 3.580185e-08      265
features.17                      779    -0.245080 6.845850e-07 1.868296e-09      489
features.15                      670    -0.244945 2.116657e-07 9.905087e-09      329
features.11                       98    -0.244550 2.276192e-07 1.318219e-07      169
features.17                      115    -0.244492 6.855385e-07 3.312405e-09      489
features.9                        99    -0.244342 7.766040e-08 7.532844e-09      137
features.15                      334    -0.244310 2.051458e-07 5.518829e-10      329
features.15                      364    -0.244292 2.077599e-07 4.658889e-09      329
features.9                        71    -0.243754 7.777319e-08 8.053238e-09      137
features.17                      343    -0.243701 6.828060e-07 3.014095e-09      489
features.14                      425    -0.243084 8.360828e-07 2.001410e-08      265
features.15                      413    -0.242956 2.046878e-07 1.608179e-09      329
features.10                      252    -0.242885 6.217800e-08 2.536091e-08      137
features.14                       17    -0.242727 9.835799e-07 5.403479e-08      265
features.14                       56    -0.242690 7.662198e-07 4.297294e-09      265
features.12                      487    -0.242331 1.017046e-07 1.274947e-09      201
features.17                      594    -0.241662 6.761305e-07 2.451839e-09      489
features.12                      333    -0.241653 1.142983e-07 3.545943e-08      201
features.11                      188    -0.241639 2.072912e-07 4.926234e-08      169
features.16                      165    -0.240873 6.393626e-07 3.624729e-09      329
features.14                       11    -0.240590 8.268909e-07 1.966839e-08      265
features.14                      350    -0.240460 8.105300e-07 1.601454e-08      265
features.11                      202    -0.240437 1.984227e-07 1.299272e-08      169
features.14                      177    -0.240271 9.618043e-07 5.078073e-08      265
features.11                      105    -0.240161 1.977888e-07 1.111010e-08      169
features.14                      429    -0.240104 8.320665e-07 2.119598e-08      265
features.14                      127    -0.238956 9.068655e-07 3.912999e-08      265
features.17                      171    -0.238924 6.835668e-07 1.085478e-08      489
features.13                      525    -0.238475 6.470951e-08 2.001839e-08      201
features.6                        96    -0.238452 3.576809e-08 1.630993e-07       73
features.16                       88    -0.238256 6.365457e-07 7.278164e-09      329
features.17                       50    -0.237142 6.664607e-07 4.068037e-09      489
features.14                      247    -0.236941 9.011438e-07 3.924111e-08      265
features.9                       206    -0.236829 7.358041e-08 4.262282e-09      137
features.16                      333    -0.236760 6.270438e-07 2.309714e-09      329
features.17                       89    -0.236644 6.907508e-07 1.840439e-08      489
features.14                      125    -0.236474 9.947555e-07 6.100183e-08      265
features.14                      135    -0.236461 1.016721e-06 6.604012e-08      265
features.14                      319    -0.236343 7.988328e-07 1.623948e-08      265
features.9                       147    -0.236220 7.231248e-08 2.313767e-09      137
features.17                      284    -0.235957 6.586050e-07 1.520622e-09      489
features.15                      746    -0.235889 2.021421e-07 6.885810e-09      329
features.15                      633    -0.235806 2.052901e-07 1.191289e-08      329
features.17                      103    -0.235797 6.609525e-07 3.080052e-09      489
features.16                      739    -0.235787 6.300973e-07 7.333334e-09      329
features.6                       122    -0.235719 3.365454e-08 3.246384e-08       73
features.9                        50    -0.235415 7.746486e-08 1.200250e-08      137
features.3                        23    -0.235239 6.485903e-08 5.327741e-07       57
features.15                      310    -0.234578 2.078992e-07 1.759721e-08      329
features.14                      433    -0.234310 7.299940e-07 1.912352e-09      265
features.9                       110    -0.234161 7.320193e-08 5.023171e-09      137
features.15                      228    -0.234146 2.048341e-07 1.337361e-08      329
features.17                      618    -0.233994 6.674917e-07 9.530541e-09      489
features.14                      347    -0.233832 9.382155e-07 4.992086e-08      265
features.14                      198    -0.233811 8.258915e-07 2.421958e-08      265
features.15                      578    -0.233668 2.073523e-07 1.793412e-08      329
features.14                      500    -0.233660 8.350399e-07 2.642022e-08      265
features.16                      283    -0.233284 6.183515e-07 2.736701e-09      329
features.14                       70    -0.233139 9.692311e-07 5.751006e-08      265
features.14                      192    -0.233099 7.251908e-07 1.666740e-09      265
features.17                      723    -0.233058 6.674957e-07 1.098460e-08      489
features.14                      571    -0.232916 8.700686e-07 3.496434e-08      265
features.11                      339    -0.232577 2.321622e-07 1.974759e-07      169
features.6                        88    -0.232525 3.365875e-08 6.681514e-08       73
features.17                      233    -0.232253 6.510570e-07 3.054575e-09      489
features.14                      174    -0.231373 8.504834e-07 3.156855e-08      265
features.9                       325    -0.231338 7.183612e-08 4.094746e-09      137
features.9                       105    -0.231307 7.543086e-08 1.056792e-08      137
features.9                       251    -0.231297 7.216811e-08 4.713192e-09      137
features.15                      100    -0.231292 2.151719e-07 3.326174e-08      329
features.17                      188    -0.231206 6.772393e-07 1.930109e-08      489
features.12                      445    -0.231002 9.771750e-08 3.252808e-09      201
features.17                      120    -0.230927 6.479917e-07 3.401769e-09      489
features.17                      389    -0.230871 6.519948e-07 5.723473e-09      489
features.14                      299    -0.230619 7.593604e-07 1.123835e-08      265
features.15                      190    -0.230422 1.940994e-07 1.481330e-09      329
features.14                      503    -0.230016 9.373678e-07 5.241722e-08      265
features.14                      240    -0.229814 8.589100e-07 3.459732e-08      265
features.11                      123    -0.229751 2.088185e-07 1.007368e-07      169
features.15                      434    -0.229723 1.936529e-07 1.699542e-09      329
features.15                      480    -0.229683 1.993861e-07 1.070741e-08      329
features.12                      431    -0.229544 9.615546e-08 7.234480e-10      201
features.14                      225    -0.229529 7.575310e-07 1.158814e-08      265
features.17                      430    -0.229497 6.620578e-07 1.347685e-08      489
features.16                      156    -0.229173 6.097400e-07 4.729701e-09      329
features.15                      774    -0.229131 2.171658e-07 3.920568e-08      329
features.5                        81    -0.229125 1.444086e-07 2.823672e-08       73
features.6                         2    -0.229112 3.354289e-08 9.441371e-08       73
features.6                         4    -0.228998 3.307878e-08 6.055274e-08       73
features.2                        69    -0.228959 5.931909e-08 1.702724e-06       49
features.17                      782    -0.228078 6.368527e-07 1.603620e-09      489
features.14                      254    -0.228017 9.071064e-07 4.689841e-08      265
features.17                      539    -0.227885 6.380586e-07 2.576985e-09      489
features.14                      401    -0.227389 8.897325e-07 4.336369e-08      265
features.12                      186    -0.227116 9.502185e-08 4.059646e-10      201
features.16                      590    -0.227058 6.198447e-07 1.874973e-08      329
features.17                      778    -0.226919 6.447230e-07 7.797718e-09      489
features.17                      524    -0.226430 6.340010e-07 2.569645e-09      489
features.15                      737    -0.226329 1.965625e-07 1.068887e-08      329
features.16                      158    -0.226157 6.322275e-07 3.194239e-08      329
features.16                      103    -0.226054 6.048376e-07 7.700673e-09      329
features.17                      710    -0.225902 6.461328e-07 1.016341e-08      489
features.11                      286    -0.225233 1.851311e-07 8.749010e-09      169
features.15                      481    -0.224964 1.918991e-07 5.191752e-09      329
features.17                      477    -0.224958 6.372153e-07 6.648754e-09      489
features.11                      231    -0.224836 1.987152e-07 7.267619e-08      169
features.16                      435    -0.224591 5.934890e-07 1.007518e-09      329
features.17                       13    -0.224509 6.284582e-07 2.456073e-09      489
features.11                      233    -0.224501 1.850810e-07 1.125764e-08      169
features.12                      426    -0.224001 9.515703e-08 4.219697e-09      201
features.12                      182    -0.223462 9.399889e-08 1.742365e-09      201
features.11                      157    -0.223351 1.867319e-07 2.314638e-08      169
features.14                      215    -0.222517 8.976364e-07 4.860835e-08      265
features.11                      282    -0.222344 2.342882e-07 2.455154e-07      169
features.16                      482    -0.222135 5.891426e-07 2.912468e-09      329
features.14                        1    -0.222052 7.604921e-07 1.753823e-08      265
features.16                      759    -0.221704 5.966191e-07 1.061046e-08      329
features.15                      303    -0.221553 1.899146e-07 6.558349e-09      329
features.12                      528    -0.221534 9.291011e-08 9.900311e-10      201
features.16                      840    -0.221408 5.977646e-07 1.233336e-08      329
features.12                      465    -0.221122 9.319187e-08 2.195091e-09      201
features.16                       47    -0.221107 5.868930e-07 3.323492e-09      329
features.17                      868    -0.220912 6.165310e-07 1.379210e-09      489
features.11                      334    -0.220697 1.804096e-07 4.007320e-09      169
features.12                      270    -0.220687 9.271750e-08 1.418120e-09      201
features.9                       128    -0.220655 7.196882e-08 1.010218e-08      137
features.9                        98    -0.220556 1.041276e-07 6.791401e-08      137
features.12                      174    -0.220536 9.277138e-08 1.728028e-09      201
features.16                      268    -0.220275 5.834745e-07 2.229267e-09      329
features.14                      482    -0.220209 1.176067e-06 1.139811e-07      265
features.11                      328    -0.220058 1.803841e-07 6.280847e-09      169
features.17                      635    -0.219911 6.184699e-07 4.015357e-09      489
features.11                        6    -0.219714 2.518392e-07 3.360282e-07      169
features.9                        90    -0.219671 6.754075e-08 2.680359e-09      137
features.15                      750    -0.219621 2.193687e-07 5.510042e-08      329
features.16                      358    -0.219605 5.801062e-07 7.978901e-10      329
features.17                      332    -0.219504 6.564142e-07 2.583646e-08      489
features.11                      187    -0.219475 2.033914e-07 1.142179e-07      169
features.12                       91    -0.219471 9.699218e-08 1.411475e-08      201
features.16                      768    -0.219445 5.935091e-07 1.315685e-08      329
features.2                         2    -0.219254 6.222660e-08 1.625543e-05       49
features.14                       69    -0.219131 1.044450e-06 8.460800e-08      265
features.12                      494    -0.219125 9.430219e-08 7.357150e-09      201
features.9                       359    -0.219090 6.802070e-08 3.856302e-09      137
features.15                      632    -0.219072 1.840454e-07 6.380606e-10      329
features.6                       151    -0.218823 3.281392e-08 1.489285e-07       73
features.6                        28    -0.218660 3.200472e-08 8.950567e-08       73
features.17                      222    -0.217937 6.116965e-07 3.297645e-09      489
features.14                      249    -0.217931 8.488587e-07 4.067448e-08      265
features.15                      709    -0.217509 1.850539e-07 4.260327e-09      329
features.6                       160    -0.217482 3.097259e-08 2.404723e-08       73
features.11                      271    -0.217398 1.776488e-07 3.652711e-09      169
features.14                      419    -0.217328 7.087613e-07 9.025652e-09      265
features.17                      126    -0.217327 6.168329e-07 7.112918e-09      489
features.16                       97    -0.217145 5.802193e-07 6.700690e-09      329
features.15                      199    -0.217142 1.827318e-07 1.112512e-09      329
features.14                       64    -0.216740 6.992324e-07 7.258844e-09      265
features.10                      329    -0.216585 5.169845e-08 8.477131e-09      137
features.11                      139    -0.216472 1.947127e-07 8.555256e-08      169
features.14                      511    -0.216457 9.403989e-07 6.267177e-08      265
features.10                      381    -0.216147 6.418895e-08 5.598441e-08      137
features.16                      667    -0.215894 5.757284e-07 5.635831e-09      329
features.14                      167    -0.215864 6.816698e-07 3.855743e-09      265
features.15                      650    -0.215795 1.835099e-07 4.092402e-09      329
features.12                       35    -0.215494 9.334935e-08 8.854352e-09      201
features.14                       53    -0.215363 7.697998e-07 2.438524e-08      265
features.15                      927    -0.215283 1.824232e-07 3.065833e-09      329
features.17                      951    -0.215092 6.036969e-07 3.245774e-09      489
features.17                      763    -0.214982 5.991811e-07 8.949369e-10      489
features.9                       363    -0.214694 8.205484e-08 3.143586e-08      137
features.17                      153    -0.214612 6.084558e-07 6.648784e-09      489
features.17                      640    -0.214413 5.996026e-07 2.014289e-09      489
features.11                       36    -0.214186 1.818899e-07 3.515930e-08      169
features.15                      249    -0.213991 1.852468e-07 9.168067e-09      329
features.9                       319    -0.213991 6.709391e-08 4.945209e-09      137
features.9                        34    -0.213829 6.620152e-08 3.429648e-09      137
features.16                      499    -0.213648 5.666499e-07 2.815601e-09      329
features.17                      548    -0.213616 6.016908e-07 4.417017e-09      489
features.15                      250    -0.213141 1.798817e-07 1.899511e-09      329
features.11                       24    -0.213141 1.880801e-07 6.752158e-08      169
features.14                       51    -0.213084 9.006220e-07 5.594340e-08      265
features.17                      684    -0.213048 5.937871e-07 8.850675e-10      489
features.2                        16    -0.212967 5.468892e-08 2.697282e-07       49
features.9                        60    -0.212890 6.909755e-08 9.138286e-09      137
features.17                      916    -0.212803 5.988992e-07 4.119782e-09      489
features.2                        86    -0.212738 5.569884e-08 3.152733e-06       49
features.14                      406    -0.212621 7.916438e-07 3.131991e-08      265
features.15                      587    -0.212616 1.828660e-07 7.249406e-09      329
features.11                      111    -0.212570 1.755458e-07 1.203939e-08      169
features.11                      381    -0.212419 1.778160e-07 2.303876e-08      169
features.6                        79    -0.212383 3.118626e-08 9.451975e-08       73
features.16                       14    -0.212331 5.613348e-07 1.169687e-09      329
features.17                      278    -0.212298 5.985170e-07 4.690267e-09      489
features.11                       61    -0.212177 1.740392e-07 6.582882e-09      169
features.12                      454    -0.212167 9.554508e-08 1.837160e-08      201
features.14                      475    -0.212057 7.943418e-07 3.233549e-08      265
features.9                        12    -0.211930 6.746490e-08 6.724663e-09      137
features.12                      157    -0.211819 9.175370e-08 8.693153e-09      201
features.12                      476    -0.211805 2.088545e-07 3.195750e-07      201
features.17                      164    -0.211778 5.957786e-07 3.969017e-09      489
