================================================================================
Channel Pruning Log
  iteration  : 13
  alpha      : 0.5000
  timestamp  : 2026-04-20 22:21:45
  remove_target  : 50167
  accum_removed  : 50486
  selected_channels : 246
  total_params   : 2289600
  active_after   : 961489
  model_sparsity : 58.0%
================================================================================

[ 레이어별 채널 제거 비율 ]
  layer                total_ch  this_iter    cumul  cumul_%
  ----------------------------------------------------------
  features.1                 32          0       21    65.6%
  features.2                 96          0       86    89.6%
  features.3                144         10      122    84.7%
  features.4                144          6       72    50.0%
  features.5                192         12       52    27.1%
  features.6                192         18      124    64.6%
  features.7                192         20      168    87.5%
  features.8                384         23       91    23.7%
  features.9                384          3      309    80.5%
  features.10               384         10      306    79.7%
  features.11               384         17      290    75.5%
  features.12               576         15      518    89.9%
  features.13               576         19      433    75.2%
  features.14               576          0      518    89.9%
  features.15               960         92      660    68.8%
  features.16               960          1      509    53.0%
  features.17               960          0      864    90.0%

[ 블록별 제거 채널 수 ]
  features.10: 10채널 제거
  features.11: 17채널 제거
  features.12: 15채널 제거
  features.13: 19채널 제거
  features.15: 92채널 제거
  features.16: 1채널 제거
  features.3: 10채널 제거
  features.4: 6채널 제거
  features.5: 12채널 제거
  features.6: 18채널 제거
  features.7: 20채널 제거
  features.8: 23채널 제거
  features.9: 3채널 제거

[ 선택된 채널 상세 ]
block                             ch        score          phi         perf  weights
--------------------------------------------------------------------------------
features.5                       176    -0.413434 2.753762e-07 1.681748e-06       73
features.3                        31    -0.409232 6.493757e-08 1.338391e-05       57
features.7                       147    -0.313369 1.978228e-06 7.645111e-07      105
features.8                        85    -0.270665 2.507896e-07 2.834645e-09      137
features.7                       171    -0.266405 2.089224e-06 1.115698e-06      105
features.6                       180    -0.265527 4.988668e-08 2.067447e-07       73
features.13                      568    -0.263126 8.520845e-08 5.276884e-08      201
features.6                        36    -0.261249 4.778290e-08 1.041072e-07       73
features.8                        97    -0.258917 2.469790e-07 2.761643e-08      137
features.6                        47    -0.256504 4.726941e-08 1.292810e-07       73
features.8                       159    -0.254008 2.365177e-07 6.749227e-09      137
features.7                        23    -0.251282 1.653487e-06 6.898538e-07      105
features.3                       102    -0.233455 3.321487e-08 3.286396e-06       57
features.11                      208    -0.228976 7.989038e-07 4.178307e-06      169
features.7                       108    -0.225788 1.273238e-06 3.769718e-07      105
features.8                       283    -0.223947 2.454098e-07 1.358000e-07      137
features.8                       270    -0.217895 2.111055e-07 3.470917e-08      137
features.8                       112    -0.217014 2.009520e-07 1.828902e-09      137
features.3                        76    -0.215950 2.873547e-08 7.816640e-07       57
features.15                       75    -0.212152 2.105529e-07 7.849091e-08      329
features.8                       306    -0.211394 2.384050e-07 1.519548e-07      137
features.13                      186    -0.210077 7.039974e-08 1.786474e-07      201
features.6                        40    -0.207532 3.981333e-08 2.244190e-07       73
features.8                       114    -0.205707 2.070159e-07 5.994202e-08      137
features.7                       117    -0.205660 1.099034e-06 2.739824e-07      105
features.5                        58    -0.205049 1.208014e-07 2.775956e-07       73
features.8                       259    -0.203570 1.884564e-07 1.549851e-09      137
features.7                       110    -0.203112 2.059805e-06 1.384368e-06      105
features.15                      753    -0.201306 1.910724e-07 4.944800e-09      329
features.7                       154    -0.200723 1.133047e-06 3.364445e-07      105
features.15                      498    -0.200720 1.938699e-07 3.168589e-08      329
features.15                      121    -0.200426 1.969940e-07 5.882490e-08      329
features.12                      529    -0.197946 5.106489e-08 2.148963e-07      201
features.6                        16    -0.196232 3.884184e-08 3.035799e-07       73
features.5                        41    -0.195236 1.265949e-07 6.726150e-07       73
features.12                      238    -0.194760 4.961547e-08 1.318826e-07      201
features.13                       94    -0.194675 6.249821e-08 7.727029e-09      201
features.15                       20    -0.193233 1.894985e-07 5.331882e-08      329
features.11                      369    -0.190894 3.646322e-07 5.752572e-07      169
features.15                      328    -0.190776 1.966595e-07 1.289887e-07      329
features.3                        39    -0.190317 2.507236e-08 4.024893e-07       57
features.15                      806    -0.188647 1.870667e-07 6.852952e-08      329
features.11                      327    -0.187531 4.257963e-07 1.217253e-06      169
features.10                      258    -0.187428 8.194981e-08 6.927185e-09      137
features.8                       301    -0.186906 1.743780e-07 6.170906e-09      137
features.15                      821    -0.185017 1.945902e-07 1.559494e-07      329
features.6                       155    -0.182836 3.286510e-08 2.886131e-08       73
features.8                        87    -0.182270 1.753320e-07 2.460171e-08      137
features.8                        35    -0.182009 1.720181e-07 1.378564e-08      137
features.15                      261    -0.181758 1.731274e-07 9.324876e-09      329
features.15                      173    -0.180583 1.730543e-07 1.760795e-08      329
features.12                      302    -0.179889 4.518392e-08 4.026110e-08      201
features.13                      248    -0.178354 5.881847e-08 9.692749e-08      201
features.3                        83    -0.177332 2.385941e-08 9.402077e-07       57
features.6                       101    -0.177042 3.540502e-08 3.015113e-07       73
features.15                      382    -0.176895 1.839150e-07 1.320891e-07      329
features.15                      579    -0.176632 1.736427e-07 5.212352e-08      329
features.6                       124    -0.176595 3.332185e-08 1.484597e-07       73
features.15                      674    -0.176529 1.737317e-07 5.361014e-08      329
features.11                       39    -0.176227 3.107054e-07 2.810436e-07      169
features.9                       195    -0.175368 1.181663e-07 3.394151e-08      137
features.6                        60    -0.175293 3.333210e-08 1.669198e-07       73
features.8                       278    -0.175031 1.944639e-07 1.154962e-07      137
features.8                       350    -0.174903 1.664784e-07 1.738921e-08      137
features.3                        69    -0.174730 3.853087e-08 1.798207e-05       57
features.5                       104    -0.174444 9.790786e-08 6.462348e-08       73
features.8                       212    -0.173983 1.613119e-07 2.189346e-09      137
features.15                      657    -0.171085 1.641748e-07 1.845944e-08      329
features.15                      312    -0.170895 1.766909e-07 1.197390e-07      329
features.13                      181    -0.170684 5.603610e-08 7.818234e-08      201
features.13                      421    -0.170135 5.471546e-08 1.226268e-08      201
features.15                      396    -0.169830 1.679606e-07 5.813040e-08      329
features.12                      403    -0.169704 4.372159e-08 1.769325e-07      201
features.7                        30    -0.168843 8.191893e-07 1.299535e-07      105
features.15                      779    -0.167933 1.840885e-07 2.011084e-07      329
features.15                      141    -0.167578 1.922962e-07 2.692707e-07      329
features.4                        39    -0.167360 6.917196e-07 3.939995e-07       65
features.11                       21    -0.167355 3.199060e-07 5.066033e-07      169
features.12                      264    -0.167189 4.456936e-08 3.639552e-07      201
features.7                        37    -0.166702 8.760531e-07 2.051745e-07      105
features.15                      184    -0.166140 1.631509e-07 4.760882e-08      329
features.3                        29    -0.165979 2.387118e-08 2.627650e-06       57
features.8                       183    -0.165529 1.570182e-07 1.456359e-08      137
features.10                      142    -0.165302 7.312768e-08 1.446731e-08      137
features.7                       119    -0.164012 8.177992e-07 1.514375e-07      105
features.3                        92    -0.163604 2.179735e-08 6.232393e-07       57
features.15                      943    -0.163602 1.568194e-07 1.625357e-08      329
features.15                      917    -0.163532 1.581684e-07 2.754705e-08      329
features.8                       273    -0.163513 1.550875e-07 1.431955e-08      137
features.5                        56    -0.163398 1.177145e-07 9.778875e-07       73
features.7                       140    -0.163093 1.075417e-06 4.502956e-07      105
features.11                       50    -0.162685 4.065022e-07 1.414140e-06      169
features.15                      402    -0.162640 1.628978e-07 7.201186e-08      329
features.5                        89    -0.162550 9.347930e-08 1.394750e-07       73
features.11                      320    -0.162141 2.855965e-07 2.559407e-07      169
features.15                       85    -0.162065 1.539344e-07 4.842054e-09      329
features.15                       71    -0.161939 1.960113e-07 3.414683e-07      329
features.7                        47    -0.161708 1.664736e-06 1.130537e-06      105
features.11                      206    -0.161142 2.845047e-07 2.608152e-07      169
features.15                      255    -0.160555 1.838679e-07 2.550362e-07      329
features.12                      366    -0.160434 4.091899e-08 1.147253e-07      201
features.8                        75    -0.158443 2.104184e-07 2.255996e-07      137
features.13                      262    -0.157589 5.343761e-08 1.701327e-07      201
features.15                      730    -0.157551 1.498522e-07 6.345439e-09      329
features.15                      906    -0.157333 1.573871e-07 6.810288e-08      329
features.8                       342    -0.156894 1.620506e-07 6.035683e-08      137
features.15                      131    -0.156857 1.540836e-07 4.533661e-08      329
features.10                      365    -0.156577 7.110793e-08 3.175717e-08      137
features.15                      342    -0.156372 1.601243e-07 9.719319e-08      329
features.15                      156    -0.156349 1.525680e-07 3.708463e-08      329
features.15                      518    -0.156252 1.599749e-07 9.690103e-08      329
features.6                       166    -0.156105 3.154702e-08 2.909891e-07       73
features.5                        64    -0.156082 8.605981e-08 3.421242e-09       73
features.6                        10    -0.155999 2.811273e-08 3.010148e-08       73
features.3                        36    -0.155785 2.169919e-08 1.664898e-06       57
features.15                      403    -0.155337 1.569595e-07 7.975195e-08      329
features.12                      503    -0.154892 3.933175e-08 8.875803e-08      201
features.12                      233    -0.154551 4.559701e-08 8.939505e-07      201
features.15                      170    -0.154251 1.548647e-07 7.123725e-08      329
features.4                        99    -0.154243 6.482214e-07 4.100323e-07       65
features.11                       81    -0.153977 2.704025e-07 2.352005e-07      169
features.6                        70    -0.153385 2.748390e-08 1.754941e-08       73
features.15                      836    -0.153245 1.620616e-07 1.362444e-07      329
features.15                      807    -0.153127 1.522434e-07 5.880970e-08      329
features.12                      491    -0.152664 4.226933e-08 5.316839e-07      201
features.15                      617    -0.152320 1.456898e-07 1.262382e-08      329
features.15                       96    -0.152190 1.683187e-07 1.941231e-07      329
features.13                      252    -0.151239 4.863074e-08 1.044505e-08      201
features.12                      201    -0.151144 3.984923e-08 2.728790e-07      201
features.6                       187    -0.151107 3.004386e-08 2.440003e-07       73
features.11                       63    -0.150900 2.795814e-07 3.711979e-07      169
features.15                      959    -0.150861 1.510119e-07 6.608936e-08      329
features.10                      282    -0.150550 6.621670e-08 9.401131e-09      137
features.7                       185    -0.150499 8.284230e-07 2.281221e-07      105
features.15                      947    -0.150474 1.538653e-07 9.177771e-08      329
features.15                      762    -0.150290 1.570137e-07 1.182806e-07      329
features.5                        90    -0.150149 8.407414e-08 4.864457e-08       73
features.6                       175    -0.149984 2.790278e-08 9.570267e-08       73
features.15                      511    -0.149873 1.512203e-07 7.520749e-08      329
features.15                      900    -0.149840 1.520013e-07 8.169209e-08      329
features.13                      518    -0.149718 5.240763e-08 2.560432e-07      201
features.15                      955    -0.149554 1.495409e-07 6.422251e-08      329
features.11                      211    -0.149416 2.508227e-07 1.165949e-07      169
features.11                      143    -0.149315 2.687940e-07 2.915613e-07      169
features.15                      326    -0.148968 1.454446e-07 3.596541e-08      329
features.13                      459    -0.148823 4.840434e-08 4.198766e-08      201
features.13                      562    -0.148113 5.079656e-08 1.928661e-07      201
features.15                      291    -0.147898 2.372881e-07 7.767291e-07      329
features.12                      193    -0.147230 3.700602e-08 3.616410e-08      201
features.13                      130    -0.147096 4.766134e-08 3.105979e-08      201
features.15                      158    -0.146775 1.490913e-07 8.160684e-08      329
features.10                      157    -0.146757 6.463349e-08 9.998555e-09      137
features.15                      233    -0.146737 1.394928e-07 5.320488e-09      329
features.11                      375    -0.146524 2.547433e-07 1.990122e-07      169
features.15                      229    -0.146243 1.421447e-07 3.020897e-08      329
features.15                      510    -0.146004 1.444716e-07 5.057015e-08      329
features.15                      887    -0.145956 1.441312e-07 4.821956e-08      329
features.13                      311    -0.145842 4.904648e-08 1.339672e-07      201
features.6                       112    -0.145489 2.686495e-08 7.743218e-08       73
features.15                      528    -0.145280 1.424907e-07 4.023156e-08      329
features.15                      391    -0.144783 1.422662e-07 4.219657e-08      329
features.8                        39    -0.144472 1.348933e-07 5.140297e-09      137
features.6                       183    -0.143683 2.631156e-08 5.968251e-08       73
features.15                      842    -0.143674 1.492199e-07 1.060359e-07      329
features.15                      739    -0.143603 2.396812e-07 8.282335e-07      329
features.15                      109    -0.143201 1.982503e-07 5.007545e-07      329
features.15                      282    -0.143003 1.370098e-07 1.369242e-08      329
features.12                      555    -0.142608 3.602007e-08 5.730177e-08      201
features.7                        28    -0.142464 1.431231e-06 9.555397e-07      105
features.4                        49    -0.142185 8.296948e-07 1.394166e-06       65
features.13                      475    -0.141946 4.595330e-08 2.770306e-08      201
features.15                      607    -0.141917 1.538482e-07 1.562229e-07      329
features.11                      264    -0.141238 2.591429e-07 3.229595e-07      169
features.15                      320    -0.141186 1.338500e-07 2.201196e-09      329
features.15                      227    -0.141152 1.376544e-07 3.280681e-08      329
features.13                       70    -0.141120 4.634994e-08 6.578752e-08      201
features.15                      221    -0.141027 1.401949e-07 5.401839e-08      329
features.15                      683    -0.141001 1.393870e-07 4.777067e-08      329
features.12                      173    -0.140899 4.665934e-08 1.460377e-06      201
features.11                      251    -0.140841 2.781530e-07 5.125041e-07      169
features.7                       183    -0.140263 7.938631e-07 2.375067e-07      105
features.13                       15    -0.140127 4.630667e-08 8.161008e-08      201
features.15                      939    -0.139936 1.494072e-07 1.357455e-07      329
features.5                       174    -0.139928 7.717927e-08 3.995689e-09       73
features.15                      524    -0.139631 1.407152e-07 6.870211e-08      329
features.15                      658    -0.139493 1.435500e-07 9.236055e-08      329
features.10                      261    -0.139478 6.777315e-08 7.175975e-08      137
features.15                      547    -0.139311 1.502042e-07 1.468178e-07      329
features.15                      525    -0.139262 1.330167e-07 1.007247e-08      329
features.15                      772    -0.139009 1.320144e-07 3.991532e-09      329
features.15                      845    -0.138889 2.027770e-07 5.694039e-07      329
features.5                       108    -0.138579 7.840517e-08 7.345405e-08       73
features.6                       116    -0.138444 3.402452e-08 7.199332e-07       73
features.13                       97    -0.138379 4.604625e-08 9.887005e-08      201
features.12                      104    -0.138294 3.613061e-08 2.077630e-07      201
features.15                      343    -0.137840 1.339360e-07 2.814014e-08      329
features.8                        14    -0.137057 1.298318e-07 1.142990e-08      137
features.15                      332    -0.136590 1.388085e-07 7.644547e-08      329
features.13                       35    -0.136568 4.577671e-08 1.167523e-07      201
features.11                      179    -0.136389 2.263205e-07 8.102072e-08      169
features.15                      142    -0.136357 1.332027e-07 3.348176e-08      329
features.15                      636    -0.136337 1.489066e-07 1.589103e-07      329
features.15                      186    -0.135702 1.285414e-07 1.242438e-09      329
features.15                      519    -0.135607 1.401945e-07 9.492035e-08      329
features.15                      418    -0.135364 1.353107e-07 5.779620e-08      329
features.12                      471    -0.135294 3.467507e-08 1.180857e-07      201
features.15                      732    -0.135117 1.294800e-07 1.314552e-08      329
features.10                      128    -0.134881 5.962531e-08 1.136969e-08      137
features.4                        36    -0.134840 7.230342e-07 1.042872e-06       65
features.15                      512    -0.134325 1.420144e-07 1.191161e-07      329
features.16                       45    -0.133992 4.940936e-07 5.830370e-08      329
features.15                       65    -0.133896 1.376048e-07 8.718015e-08      329
features.15                      644    -0.133107 1.348658e-07 7.127936e-08      329
features.15                      385    -0.132782 1.294006e-07 3.013368e-08      329
features.8                       284    -0.132730 1.243707e-07 6.274531e-09      137
features.15                      505    -0.132629 1.409894e-07 1.237381e-07      329
features.15                      442    -0.132617 1.268176e-07 1.077160e-08      329
features.10                      244    -0.132606 6.379155e-08 6.192106e-08      137
features.13                       69    -0.132494 4.260585e-08 9.305609e-09      201
features.9                       260    -0.132337 8.901423e-08 2.398780e-08      137
features.7                       162    -0.132158 6.427881e-07 1.035301e-07      105
features.15                      751    -0.131901 1.299032e-07 4.079293e-08      329
features.6                       188    -0.131876 2.437258e-08 7.181303e-08       73
features.10                      251    -0.131822 6.012907e-08 2.931881e-08      137
features.4                        52    -0.131790 4.961095e-07 9.754430e-08       65
features.4                       109    -0.131731 9.461539e-07 2.068459e-06       65
features.7                        93    -0.131502 8.074402e-07 2.948685e-07      105
features.5                        83    -0.131248 7.287310e-08 2.072733e-08       73
features.8                       288    -0.130766 1.250652e-07 1.510613e-08      137
features.15                      243    -0.130696 1.332821e-07 7.684167e-08      329
features.15                      919    -0.130610 1.321099e-07 6.814206e-08      329
features.11                       99    -0.129997 2.196502e-07 1.151973e-07      169
features.7                       191    -0.129927 7.251534e-07 2.083325e-07      105
features.15                      648    -0.129797 1.288328e-07 4.813587e-08      329
features.15                      893    -0.129560 1.355295e-07 1.033442e-07      329
features.15                      263    -0.129494 1.335689e-07 8.820438e-08      329
features.7                       181    -0.129451 6.723037e-07 1.501945e-07      105
features.9                       179    -0.129167 8.772410e-08 3.212612e-08      137
features.3                       109    -0.128923 1.699568e-08 2.856501e-07       57
features.15                      203    -0.128905 1.517514e-07 2.377024e-07      329
features.10                      105    -0.128580 5.672526e-08 9.714959e-09      137
features.15                      359    -0.128315 1.411197e-07 1.573423e-07      329
features.5                       187    -0.127917 8.390190e-08 4.744895e-07       73
features.15                      911    -0.127460 1.286741e-07 6.450849e-08      329
features.7                       166    -0.127264 8.464878e-07 3.597463e-07      105
features.15                      149    -0.127076 1.206145e-07 3.107363e-09      329
