================================================================================
Channel Pruning Log
  iteration  : 9
  alpha      : 0.9000
  timestamp  : 2026-03-26 20:08:34
  remove_target  : 98466
  accum_removed  : 98592
  selected_channels : 392
================================================================================

[ 블록별 제거 채널 수 ]
  features.1: 1채널 제거
  features.10: 11채널 제거
  features.11: 10채널 제거
  features.12: 33채널 제거
  features.13: 5채널 제거
  features.14: 123채널 제거
  features.15: 99채널 제거
  features.16: 50채널 제거
  features.2: 1채널 제거
  features.3: 9채널 제거
  features.5: 15채널 제거
  features.6: 5채널 제거
  features.7: 1채널 제거
  features.8: 17채널 제거
  features.9: 12채널 제거

[ 선택된 채널 상세 ]
block                             ch        score          phi         perf  weights
--------------------------------------------------------------------------------
features.14                      263    -0.038288 1.677639e-06 1.187591e-08      265
features.14                        3    -0.028088 1.274543e-06 9.436800e-09      265
features.14                      143    -0.027292 1.368771e-06 1.132319e-08      265
features.14                      457    -0.025800 8.820962e-07 3.898072e-09      265
features.14                      394    -0.022022 7.578996e-07 3.409150e-09      265
features.14                      320    -0.021721 8.703432e-07 5.392369e-09      265
features.14                      338    -0.020468 2.504787e-06 3.292242e-08      265
features.15                      266    -0.019939 1.767438e-07 2.090927e-08      329
features.14                      260    -0.019707 9.428583e-07 7.424404e-09      265
features.15                      259    -0.019435 1.585510e-07 7.267801e-09      329
features.14                      507    -0.019380 9.753007e-07 8.095782e-09      265
features.14                      235    -0.018873 7.655140e-07 4.838592e-09      265
features.14                      164    -0.018613 1.393787e-06 1.532954e-08      265
features.15                      589    -0.017971 3.729781e-07 2.230207e-07      329
features.15                      890    -0.017649 1.457803e-07 8.322939e-09      329
features.14                      178    -0.017614 7.513828e-07 5.126342e-09      265
features.15                      372    -0.017329 3.021738e-07 1.601352e-07      329
features.14                       20    -0.017175 6.511975e-07 3.652345e-09      265
features.14                      545    -0.017087 6.941678e-07 4.398763e-09      265
features.14                      509    -0.017024 9.723844e-07 9.022981e-09      265
features.14                       70    -0.016867 5.431885e-07 1.994763e-09      265
features.15                      509    -0.016628 3.163543e-07 1.788834e-07      329
features.15                      140    -0.016550 1.287005e-07 1.588002e-10      329
features.10                        8    -0.016151 6.408138e-08 1.958515e-08      137
features.14                      175    -0.016034 5.971185e-07 3.230976e-09      265
features.14                      102    -0.015976 1.070593e-06 1.107987e-08      265
features.15                      317    -0.015847 1.879572e-07 6.199088e-08      329
features.14                      528    -0.015755 5.663010e-07 2.836968e-09      265
features.14                      250    -0.015507 9.111191e-07 8.638345e-09      265
features.14                      313    -0.015343 5.123447e-07 2.116159e-09      265
features.15                      493    -0.015201 1.759055e-07 5.527606e-08      329
features.15                       74    -0.015162 1.496543e-07 3.047886e-08      329
features.15                      617    -0.015145 1.199198e-07 2.196358e-09      329
features.14                      550    -0.015005 7.935827e-07 6.903665e-09      265
features.14                      553    -0.014834 7.872895e-07 6.870738e-09      265
features.14                      251    -0.014697 6.126934e-07 4.041768e-09      265
features.14                      450    -0.014586 5.605721e-07 3.226248e-09      265
features.13                      485    -0.014532 3.155134e-08 6.199012e-09      201
features.14                      126    -0.014410 4.492991e-07 1.460253e-09      265
features.14                      193    -0.014337 5.069069e-07 2.442707e-09      265
features.15                        1    -0.014201 1.220481e-07 1.123467e-08      329
features.14                      268    -0.014132 7.528641e-07 6.592132e-09      265
features.11                      159    -0.013578 3.489866e-07 1.205450e-07      169
features.14                      168    -0.013509 5.596077e-07 3.656306e-09      265
features.14                      196    -0.013390 8.542083e-07 8.574188e-09      265
features.15                      648    -0.013258 2.672973e-07 1.570146e-07      329
features.14                      462    -0.013242 6.390897e-07 5.080451e-09      265
features.14                       95    -0.013176 5.696093e-07 3.959308e-09      265
features.14                      323    -0.012919 8.721779e-07 9.066271e-09      265
features.14                      292    -0.012631 5.219524e-07 3.397411e-09      265
features.14                      127    -0.012603 8.200060e-07 8.334687e-09      265
features.14                      189    -0.012548 4.840019e-07 2.804424e-09      265
features.14                      278    -0.012520 5.455948e-07 3.833935e-09      265
features.14                       53    -0.012514 4.819091e-07 2.783879e-09      265
features.14                      256    -0.012396 7.581083e-07 7.397631e-09      265
features.15                      107    -0.012285 1.607622e-07 6.244458e-08      329
features.16                      407    -0.012187 3.562612e-07 5.764626e-08      329
features.14                      527    -0.012128 6.443080e-07 5.627861e-09      265
features.14                      240    -0.012092 4.843674e-07 2.999537e-09      265
features.14                       88    -0.011753 1.438445e-06 1.890728e-08      265
features.14                       29    -0.011508 7.839583e-07 8.192110e-09      265
features.14                      234    -0.011458 4.327026e-07 2.407983e-09      265
features.15                      452    -0.011385 1.946703e-07 1.015179e-07      329
features.1                         1    -0.011379 4.712032e-07 6.693843e-08       41
features.14                      575    -0.011348 4.726515e-07 3.113667e-09      265
features.14                      246    -0.011334 4.947892e-07 3.485479e-09      265
features.14                      364    -0.011303 4.878101e-07 3.382995e-09      265
features.14                      123    -0.011259 3.814788e-07 1.643989e-09      265
features.16                      633    -0.011238 2.976935e-07 6.161076e-09      329
features.14                      398    -0.011232 6.755030e-07 6.514148e-09      265
features.14                      335    -0.011194 4.870637e-07 3.415526e-09      265
features.14                       49    -0.011127 1.141016e-06 1.425095e-08      265
features.14                       98    -0.011016 5.844285e-07 5.098383e-09      265
features.14                      359    -0.010960 4.060327e-07 2.173381e-09      265
features.14                      537    -0.010826 6.892531e-07 6.909545e-09      265
features.14                      205    -0.010775 4.513611e-07 2.999256e-09      265
features.14                      477    -0.010751 4.613981e-07 3.174928e-09      265
features.12                      545    -0.010718 7.840553e-08 1.677176e-08      201
features.15                      804    -0.010692 1.085536e-07 2.438151e-08      329
features.16                      374    -0.010613 3.575364e-07 1.222805e-07      329
features.15                      710    -0.010603 8.630571e-08 3.782327e-09      329
features.14                      273    -0.010588 8.299396e-07 9.333208e-09      265
features.15                      603    -0.010553 9.955727e-08 1.681460e-08      329
features.15                      811    -0.010411 1.126594e-07 3.038433e-08      329
features.14                      449    -0.010411 5.944212e-07 5.514073e-09      265
features.15                      748    -0.010381 9.268872e-08 1.152530e-08      329
features.14                      197    -0.010359 4.365671e-07 2.926715e-09      265
features.14                      276    -0.010281 3.889429e-07 2.172201e-09      265
features.14                       35    -0.010249 5.794088e-07 5.332930e-09      265
features.14                      373    -0.010140 2.390551e-06 3.531015e-08      265
features.15                      449    -0.010043 1.148456e-07 3.520722e-08      329
features.15                      583    -0.010017 1.418841e-07 6.123237e-08      329
features.14                       80    -0.009932 4.983224e-07 4.124092e-09      265
features.15                      312    -0.009871 1.733185e-07 9.235467e-08      329
features.14                      521    -0.009744 6.809526e-07 7.220079e-09      265
features.14                      221    -0.009741 5.249205e-07 4.642941e-09      265
features.14                        0    -0.009731 3.787689e-07 2.231498e-09      265
features.6                        83    -0.009675 1.423966e-08 2.950839e-08       73
features.15                      370    -0.009631 2.688830e-07 1.854485e-07      329
features.5                       177    -0.009556 2.196430e-08 3.696895e-09       73
features.14                       65    -0.009489 3.166759e-07 1.305358e-09      265
features.15                      453    -0.009464 1.109457e-07 3.577840e-08      329
features.14                      529    -0.009458 4.741641e-07 3.920935e-09      265
features.15                      950    -0.009407 2.334301e-07 1.532360e-07      329
features.10                      350    -0.009402 3.018470e-08 7.261831e-09      137
features.14                      421    -0.009384 6.357445e-07 6.622070e-09      265
features.15                      236    -0.009341 7.472251e-08 2.079933e-09      329
features.14                      460    -0.009330 5.400353e-07 5.062875e-09      265
features.14                      293    -0.009289 4.041646e-07 2.834300e-09      265
features.14                        1    -0.009219 3.389601e-07 1.785414e-09      265
features.14                      100    -0.009173 8.398603e-07 1.008289e-08      265
features.14                      362    -0.009141 5.331403e-07 5.026983e-09      265
features.16                      352    -0.009139 2.450699e-07 9.544913e-09      329
features.14                      299    -0.009121 3.017956e-07 1.211937e-09      265
features.14                      408    -0.009080 7.080703e-07 7.943301e-09      265
features.16                      297    -0.009054 2.894283e-07 8.054892e-08      329
features.16                      596    -0.009002 2.646252e-07 4.480644e-08      329
features.16                      465    -0.008995 2.474621e-07 1.894075e-08      329
features.11                       19    -0.008943 7.639976e-08 6.830193e-09      169
features.14                       93    -0.008902 7.196428e-07 8.208237e-09      265
features.14                      483    -0.008890 7.432132e-07 8.602784e-09      265
features.14                      563    -0.008882 3.505008e-07 2.115985e-09      265
features.10                      242    -0.008763 1.849863e-08 1.165762e-09      137
features.8                       345    -0.008763 5.846737e-08 2.783194e-09      137
features.11                      256    -0.008720 1.829923e-07 5.796668e-08      169
features.10                      138    -0.008681 2.505701e-08 5.069621e-09      137
features.15                      767    -0.008635 7.771926e-08 1.018447e-08      329
features.3                        63    -0.008629 1.985420e-08 1.016751e-07       57
features.14                      517    -0.008562 4.785951e-07 4.365139e-09      265
features.15                      934    -0.008541 8.249411e-08 1.543827e-08      329
features.15                      785    -0.008534 9.218216e-08 2.474762e-08      329
features.15                      901    -0.008526 1.589875e-07 8.864279e-08      329
features.14                      174    -0.008467 5.047600e-07 4.836861e-09      265
features.14                      425    -0.008450 3.097807e-07 1.621889e-09      265
features.16                      646    -0.008417 2.662774e-07 7.063538e-08      329
features.14                      311    -0.008349 7.074400e-07 8.235383e-09      265
features.14                      377    -0.008349 6.423541e-07 7.159842e-09      265
features.16                       29    -0.008338 2.682996e-07 7.685416e-08      329
features.14                      104    -0.008279 5.546881e-07 5.739824e-09      265
features.3                       103    -0.008249 2.027042e-08 1.167911e-07       57
features.15                      525    -0.008196 9.131786e-08 2.643444e-08      329
features.3                        26    -0.008182 1.771110e-08 7.945759e-08       57
features.5                        44    -0.008139 3.946857e-08 4.733454e-08       73
features.12                      348    -0.008094 4.679199e-08 8.644439e-09      201
features.15                      407    -0.008063 1.018789e-07 3.751048e-08      329
features.3                       111    -0.008035 1.574026e-08 5.292238e-08       57
features.14                      440    -0.008016 6.181475e-07 6.897482e-09      265
features.15                      264    -0.007999 1.505764e-07 8.451642e-08      329
features.9                       107    -0.007993 2.431459e-08 8.013708e-10      137
features.14                       99    -0.007973 3.166047e-07 1.932074e-09      265
features.15                      261    -0.007895 7.218570e-08 1.038567e-08      329
features.12                       65    -0.007862 3.025574e-08 3.475434e-09      201
features.15                      653    -0.007849 9.881441e-08 3.616715e-08      329
features.14                      183    -0.007842 6.002995e-07 6.674655e-09      265
features.15                      533    -0.007840 1.545641e-07 8.950608e-08      329
features.8                        60    -0.007812 8.905478e-08 8.760598e-09      137
features.15                      919    -0.007783 1.108602e-07 4.816722e-08      329
features.15                      707    -0.007769 9.814971e-08 3.612686e-08      329
features.15                      657    -0.007718 8.104057e-08 2.015694e-08      329
features.14                      441    -0.007674 3.200016e-07 2.111787e-09      265
features.16                      327    -0.007645 2.173112e-07 2.674454e-08      329
features.15                      947    -0.007596 1.181507e-07 5.652782e-08      329
features.14                      557    -0.007520 4.316618e-07 4.020996e-09      265
features.3                       127    -0.007513 1.726523e-08 8.819022e-08       57
features.16                      116    -0.007479 3.993269e-07 3.108769e-07      329
features.15                      593    -0.007472 7.833956e-08 1.940129e-08      329
features.12                      485    -0.007471 2.258302e-08 1.305150e-09      201
features.5                        66    -0.007447 9.447248e-08 1.675199e-07       73
features.12                      298    -0.007445 2.386607e-08 1.742110e-09      201
features.12                      425    -0.007433 2.914829e-08 3.462495e-09      201
features.12                      443    -0.007432 2.222912e-08 1.222391e-09      201
features.10                      248    -0.007411 2.712550e-08 7.661853e-09      137
features.16                       74    -0.007345 1.997058e-07 1.185009e-08      329
features.12                      145    -0.007339 3.899226e-08 6.725900e-09      201
features.15                      511    -0.007331 1.196743e-07 5.994591e-08      329
features.12                      341    -0.007304 3.754157e-08 6.284149e-09      201
features.14                       33    -0.007287 4.876735e-07 5.043002e-09      265
features.13                      519    -0.007251 1.730857e-08 3.998428e-09      201
features.16                      785    -0.007248 1.919998e-07 3.978347e-09      329
features.16                       82    -0.007238 2.117097e-07 3.442192e-08      329
features.16                      139    -0.007238 1.932045e-07 6.218184e-09      329
features.8                       280    -0.007220 4.811988e-08 2.284165e-09      137
features.16                      339    -0.007219 1.937699e-07 7.818731e-09      329
features.15                      204    -0.007130 7.842064e-08 2.201856e-08      329
features.9                       162    -0.007110 4.001906e-08 4.495634e-09      137
features.14                      290    -0.007075 5.168372e-07 5.612874e-09      265
features.15                      466    -0.007028 1.270915e-07 6.928209e-08      329
features.15                      911    -0.006986 7.634476e-08 2.110615e-08      329
features.5                        69    -0.006972 2.877680e-08 2.983506e-08       73
features.14                       39    -0.006944 6.319860e-07 7.569845e-09      265
features.15                      637    -0.006933 8.961111e-08 3.417511e-08      329
features.15                      813    -0.006918 5.929142e-08 5.314067e-09      329
features.16                      955    -0.006912 2.351916e-07 8.321199e-08      329
features.16                      382    -0.006899 2.010952e-07 3.172348e-08      329
features.15                      730    -0.006894 7.349845e-08 1.906972e-08      329
features.10                      241    -0.006888 4.450337e-08 1.833887e-08      137
features.14                      222    -0.006872 3.516525e-07 2.966965e-09      265
features.15                      369    -0.006836 5.414173e-08 1.006602e-09      329
features.2                        69    -0.006821 1.376079e-07 3.880048e-06       49
features.14                      177    -0.006807 4.676699e-07 4.911172e-09      265
features.5                        79    -0.006802 2.089629e-08 1.383137e-08       73
features.15                      846    -0.006743 5.549402e-08 2.986938e-09      329
features.14                      407    -0.006665 2.168972e-07 8.256825e-10      265
features.14                      554    -0.006588 5.818281e-07 6.888355e-09      265
features.16                      894    -0.006569 2.253732e-07 8.189757e-08      329
features.5                        34    -0.006543 1.843296e-08 9.753415e-09       73
features.12                      406    -0.006521 3.373081e-08 5.679824e-09      201
features.15                      479    -0.006503 7.340086e-08 2.187800e-08      329
features.5                       114    -0.006489 6.280435e-08 1.044348e-07       73
features.15                      779    -0.006487 1.130448e-07 5.987454e-08      329
features.16                      789    -0.006475 1.845671e-07 2.343340e-08      329
features.12                      155    -0.006437 3.058440e-08 4.727724e-09      201
features.15                      518    -0.006427 1.418830e-07 8.787257e-08      329
features.15                      941    -0.006425 5.084032e-08 9.014549e-10      329
features.14                      354    -0.006410 1.164470e-06 1.659105e-08      265
features.15                      806    -0.006406 1.098716e-07 5.744505e-08      329
features.16                      632    -0.006399 1.701162e-07 4.427033e-09      329
features.5                       165    -0.006383 5.056391e-08 7.885936e-08       73
features.15                      134    -0.006382 7.963790e-08 2.873740e-08      329
features.14                      324    -0.006370 5.045979e-07 5.702479e-09      265
features.15                      875    -0.006362 5.030693e-08 8.593227e-10      329
features.14                      181    -0.006360 5.655992e-07 6.714716e-09      265
features.12                       43    -0.006346 4.252371e-08 8.667404e-09      201
features.15                      510    -0.006320 1.063438e-07 5.471113e-08      329
features.12                      176    -0.006301 2.272875e-08 2.293244e-09      201
features.3                        22    -0.006220 1.107249e-08 2.406717e-08       57
features.8                       300    -0.006198 4.242901e-08 2.151113e-09      137
features.12                      196    -0.006183 2.614160e-08 3.493697e-09      201
features.14                      269    -0.006164 2.553101e-07 1.667628e-09      265
features.11                      293    -0.006151 9.487471e-08 2.471250e-08      169
features.14                       86    -0.006133 4.302958e-07 4.572491e-09      265
features.13                      121    -0.006117 2.749952e-08 1.083507e-08      201
features.9                        44    -0.006114 6.339972e-08 9.829177e-09      137
features.9                       179    -0.006083 2.535187e-08 2.018179e-09      137
features.16                       81    -0.006063 1.601092e-07 2.534905e-09      329
features.15                      634    -0.006058 1.134961e-07 6.348687e-08      329
features.15                      276    -0.006034 4.811855e-08 1.196515e-09      329
features.10                      116    -0.006008 2.459928e-08 7.728024e-09      137
features.16                      608    -0.005992 1.765386e-07 3.042790e-08      329
features.15                      864    -0.005982 6.444194e-08 1.718449e-08      329
features.14                      139    -0.005975 5.883549e-07 7.249875e-09      265
features.15                      823    -0.005975 4.815976e-08 1.676288e-09      329
features.12                      417    -0.005966 4.909910e-08 1.110208e-08      201
features.8                       152    -0.005965 6.667160e-08 6.463584e-09      137
features.16                      490    -0.005963 1.576578e-07 2.800125e-09      329
features.9                       199    -0.005948 2.588031e-08 2.197889e-09      137
features.16                      908    -0.005904 1.590452e-07 7.267455e-09      329
features.5                        86    -0.005892 3.432405e-08 4.650970e-08       73
features.12                      570    -0.005888 1.836123e-08 1.211700e-09      201
features.16                      658    -0.005886 1.710464e-07 2.626262e-08      329
features.12                      166    -0.005868 7.277757e-08 1.884919e-08      201
features.16                      137    -0.005867 1.741225e-07 3.172051e-08      329
features.6                        87    -0.005864 1.842645e-08 6.532532e-08       73
features.11                      179    -0.005855 5.781543e-08 8.159264e-09      169
features.16                      906    -0.005849 1.593855e-07 9.990908e-09      329
features.8                       147    -0.005831 6.622549e-08 6.497735e-09      137
features.7                       191    -0.005799 2.296131e-07 1.443104e-09      105
features.14                      198    -0.005798 3.071113e-07 2.675439e-09      265
features.15                      141    -0.005781 2.113197e-07 1.590153e-07      329
features.13                      236    -0.005758 1.822237e-08 5.765612e-09      201
features.10                      277    -0.005743 2.050448e-08 5.637851e-09      137
features.8                       131    -0.005730 3.011337e-08 4.398738e-10      137
features.15                      761    -0.005722 1.001178e-07 5.319776e-08      329
features.14                      160    -0.005722 4.565586e-07 5.176771e-09      265
features.15                      607    -0.005686 9.810043e-08 5.154163e-08      329
features.12                      299    -0.005635 6.228760e-08 1.563926e-08      201
features.14                      303    -0.005630 3.177992e-07 2.921516e-09      265
features.16                       34    -0.005623 2.632943e-07 1.773945e-07      329
features.10                      336    -0.005605 1.713216e-08 3.827269e-09      137
features.14                      412    -0.005590 1.841317e-07 7.290511e-10      265
features.10                       56    -0.005582 2.459251e-08 8.190331e-09      137
features.14                      336    -0.005574 6.254124e-07 8.028487e-09      265
features.15                      172    -0.005570 7.428097e-08 2.963852e-08      329
features.8                       348    -0.005545 3.411873e-08 1.271422e-09      137
features.12                       68    -0.005519 3.642606e-08 7.358057e-09      201
features.16                       32    -0.005515 1.917303e-07 7.258785e-08      329
features.16                      463    -0.005510 1.630140e-07 2.902214e-08      329
features.15                      770    -0.005495 7.176446e-08 2.778970e-08      329
features.16                      131    -0.005494 1.527730e-07 1.405101e-08      329
features.12                      136    -0.005481 3.404607e-08 6.618075e-09      201
features.15                      762    -0.005473 9.516372e-08 5.031286e-08      329
features.5                       122    -0.005443 1.885506e-08 1.560898e-08       73
features.16                      619    -0.005441 1.468593e-07 7.125824e-09      329
features.5                         4    -0.005424 1.418522e-08 5.755803e-09       73
features.9                       279    -0.005384 3.801611e-08 4.990996e-09      137
features.11                      104    -0.005365 1.466280e-07 5.176024e-08      169
features.9                         7    -0.005365 2.692028e-08 2.718452e-09      137
features.12                       19    -0.005361 2.891833e-08 5.053520e-09      201
features.15                      133    -0.005359 5.114150e-08 9.096391e-09      329
features.15                      275    -0.005337 7.599447e-08 3.300903e-08      329
features.3                        19    -0.005308 1.780995e-08 1.475741e-07       57
features.12                      322    -0.005279 3.130750e-08 5.893128e-09      201
features.15                      580    -0.005277 4.135341e-08 3.503701e-10      329
features.15                      818    -0.005270 5.239907e-08 1.096126e-08      329
features.15                      718    -0.005262 7.451385e-08 3.214940e-08      329
features.8                       119    -0.005262 3.257638e-08 1.240843e-09      137
features.16                      622    -0.005237 1.419065e-07 7.706559e-09      329
features.5                       110    -0.005222 2.842802e-08 3.698042e-08       73
features.12                      538    -0.005206 2.428303e-08 3.677089e-09      201
features.11                      206    -0.005202 1.350108e-07 4.680251e-08      169
features.14                      556    -0.005193 3.843490e-07 4.202377e-09      265
features.11                       90    -0.005187 8.998583e-08 2.555799e-08      169
features.15                      205    -0.005182 7.225422e-08 3.058483e-08      329
features.11                      263    -0.005162 2.837540e-07 1.172696e-07      169
features.12                       66    -0.005143 1.023433e-07 2.900653e-08      201
features.8                        45    -0.005139 3.803748e-08 2.270041e-09      137
features.14                      125    -0.005134 4.188488e-07 4.796928e-09      265
features.15                      268    -0.005113 8.429397e-08 4.260270e-08      329
features.12                      195    -0.005101 3.241204e-08 6.394083e-09      201
features.12                       45    -0.005072 5.450098e-08 1.357082e-08      201
features.15                      471    -0.005036 7.252557e-08 3.192554e-08      329
features.5                       141    -0.005032 2.264652e-08 2.552764e-08       73
features.15                      409    -0.005001 3.980151e-08 9.158688e-10      329
features.16                      723    -0.004997 3.862754e-07 3.898672e-07      329
features.16                      227    -0.004974 1.357797e-07 8.835971e-09      329
features.15                      564    -0.004972 1.209203e-07 7.863984e-08      329
features.16                      652    -0.004960 1.972912e-07 1.032092e-07      329
features.9                        72    -0.004950 4.941480e-08 7.563810e-09      137
features.8                       224    -0.004918 4.305526e-08 3.303436e-09      137
features.16                       44    -0.004914 1.302509e-07 2.790917e-09      329
features.6                       188    -0.004910 1.044532e-08 3.056565e-08       73
features.6                       142    -0.004894 1.181104e-08 3.724322e-08       73
features.12                      229    -0.004888 2.343762e-08 3.659442e-09      201
features.15                      333    -0.004883 3.917123e-08 1.195354e-09      329
features.15                      235    -0.004880 1.617217e-07 1.183141e-07      329
features.12                      191    -0.004874 1.819010e-08 1.971248e-09      201
features.14                      347    -0.004872 3.966441e-07 4.538243e-09      265
features.9                       190    -0.004872 4.460622e-08 6.615728e-09      137
features.12                        9    -0.004809 2.599060e-08 4.549728e-09      201
features.15                       46    -0.004792 5.501479e-08 1.700409e-08      329
features.14                        7    -0.004773 2.849825e-07 2.733863e-09      265
features.3                       105    -0.004771 2.180159e-08 2.206636e-07       57
features.14                      506    -0.004738 4.849618e-07 6.053321e-09      265
features.14                      265    -0.004732 1.407995e-07 3.681630e-10      265
features.8                       148    -0.004731 8.079020e-08 9.872179e-09      137
features.8                       227    -0.004709 4.919126e-08 4.517862e-09      137
features.16                      475    -0.004708 1.427345e-07 3.005475e-08      329
features.14                      438    -0.004686 3.770209e-07 4.290913e-09      265
features.15                      789    -0.004677 7.106719e-08 3.319576e-08      329
features.16                      457    -0.004645 1.545407e-07 5.055559e-08      329
features.16                      294    -0.004620 1.295056e-07 1.339791e-08      329
features.15                       54    -0.004618 9.417219e-08 5.571501e-08      329
features.13                      513    -0.004605 9.231803e-09 1.520985e-09      201
features.12                      430    -0.004602 2.567711e-08 4.614526e-09      201
features.15                       97    -0.004592 6.819372e-08 3.108302e-08      329
features.8                       211    -0.004585 3.304140e-08 1.872708e-09      137
features.15                      848    -0.004572 3.779912e-08 2.192001e-09      329
features.15                      944    -0.004571 8.401037e-08 4.635125e-08      329
features.14                       43    -0.004561 3.469010e-07 3.845053e-09      265
features.16                      573    -0.004529 2.759259e-07 2.402577e-07      329
features.16                      539    -0.004525 1.322238e-07 2.133050e-08      329
features.15                      174    -0.004512 1.909600e-07 1.489814e-07      329
features.6                       112    -0.004506 7.807621e-09 1.943604e-08       73
features.5                       169    -0.004488 1.649444e-08 1.488889e-08       73
features.12                      237    -0.004474 7.211552e-08 1.975521e-08      201
features.15                      237    -0.004471 3.595521e-08 1.176310e-09      329
features.14                      428    -0.004463 1.684061e-07 9.356941e-10      265
features.15                       30    -0.004456 5.892000e-08 2.322944e-08      329
features.16                      500    -0.004453 1.354473e-07 2.911284e-08      329
features.14                      225    -0.004450 3.685781e-07 4.249090e-09      265
features.16                      811    -0.004433 1.211427e-07 8.077120e-09      329
features.14                        4    -0.004401 5.987530e-07 8.073358e-09      265
features.14                      134    -0.004398 7.542494e-07 1.064460e-08      265
features.8                       323    -0.004398 3.275965e-08 1.978014e-09      137
features.16                      926    -0.004389 1.314327e-07 2.552769e-08      329
features.15                      283    -0.004380 8.777911e-08 5.137104e-08      329
features.15                      455    -0.004377 6.597219e-08 3.055221e-08      329
features.11                       54    -0.004373 3.845726e-08 3.860155e-09      169
features.9                         4    -0.004355 1.782533e-08 1.378281e-09      137
features.14                      129    -0.004351 2.424626e-07 2.205913e-09      265
features.15                      787    -0.004333 7.898300e-08 4.331635e-08      329
features.15                      721    -0.004280 6.980779e-08 3.493797e-08      329
features.15                      870    -0.004280 4.179110e-08 8.169105e-09      329
features.16                      772    -0.004273 1.145191e-07 4.344749e-09      329
features.3                        70    -0.004272 7.399149e-08 1.025128e-06       57
features.8                       144    -0.004270 3.620942e-08 2.668596e-09      137
features.8                       109    -0.004253 5.187885e-08 5.346608e-09      137
features.10                      368    -0.004221 1.493202e-08 4.062542e-09      137
features.16                      133    -0.004219 1.223482e-07 1.844303e-08      329
features.9                        60    -0.004218 9.229931e-08 1.677091e-08      137
features.16                      916    -0.004208 1.125875e-07 4.012034e-09      329
features.9                        19    -0.004175 2.532318e-08 3.015104e-09      137
features.15                      150    -0.004172 4.238954e-08 9.544767e-09      329
features.15                      382    -0.004169 1.294579e-07 9.275714e-08      329
features.14                       13    -0.004167 5.493263e-07 7.353470e-09      265
features.12                       61    -0.004161 1.626598e-08 1.921648e-09      201
features.16                      869    -0.004148 1.112195e-07 4.295378e-09      329
features.14                      431    -0.004146 3.482137e-07 4.038523e-09      265
features.15                      212    -0.004144 1.041010e-07 6.871527e-08      329
features.12                      381    -0.004143 3.579860e-08 8.261284e-09      201
features.5                        68    -0.004133 2.282625e-08 2.996285e-08       73
features.15                      840    -0.004120 7.745835e-08 4.343767e-08      329
