================================================================================
Channel Pruning Log
  iteration  : 7
  alpha      : 0.3000
  timestamp  : 2026-05-23 07:55:35
  remove_target  : 94466
  accum_removed  : 94571
  selected_channels : 371
  gamma             : 0.0010
  remove_target_met : yes
  total_params   : 2289600
  active_after   : 1360394
  model_sparsity : 40.6%
================================================================================

[ 레이어별 채널 제거 비율 ]
  layer                total_ch  this_iter    cumul  cumul_%
  ----------------------------------------------------------
  features.1                 32          3       21    65.6%
  features.2                 96          7       67    69.8%
  features.3                144         16       51    35.4%
  features.4                144          5       25    17.4%
  features.5                192         25       80    41.7%
  features.6                192          2       74    38.5%
  features.7                192          0      172    89.6%
  features.8                384          8      230    59.9%
  features.9                384         20      265    69.0%
  features.10               384         30      290    75.5%
  features.11               384         18      299    77.9%
  features.12               576         20      393    68.2%
  features.13               576         30      369    64.1%
  features.14               576          4      518    89.9%
  features.15               960         57      362    37.7%
  features.16               960         72      243    25.3%
  features.17               960         54      499    52.0%

[ 레이어별 보호 영역 (γ=0.00) ]
  layer                  active  protected  protect_%
  --------------------------------------------------
  features.1                 14          1       7.1%
  features.2                 36          1       2.8%
  features.3                109          1       0.9%
  features.4                124          1       0.8%
  features.5                137          1       0.7%
  features.6                120          1       0.8%
  features.7                 20          1       5.0%
  features.8                162          1       0.6%
  features.9                139          1       0.7%
  features.10               124          1       0.8%
  features.11               103          1       1.0%
  features.12               203          1       0.5%
  features.13               237          1       0.4%
  features.14                62          1       1.6%
  features.15               655          1       0.2%
  features.16               789          1       0.1%
  features.17               515          1       0.2%

[ 블록별 제거 채널 수 ]
  features.1: 3채널 제거
  features.10: 30채널 제거
  features.11: 18채널 제거
  features.12: 20채널 제거
  features.13: 30채널 제거
  features.14: 4채널 제거
  features.15: 57채널 제거
  features.16: 72채널 제거
  features.17: 54채널 제거
  features.2: 7채널 제거
  features.3: 16채널 제거
  features.4: 5채널 제거
  features.5: 25채널 제거
  features.6: 2채널 제거
  features.8: 8채널 제거
  features.9: 20채널 제거

[ 선택된 채널 상세 ]
block                             ch        score          phi         perf  weights
--------------------------------------------------------------------------------
features.15                      122    -0.699825 6.217010e-07 2.439760e-09      329
features.16                      672    -0.699507 8.867487e-07 9.409872e-09      329
features.13                      558    -0.698561 1.055276e-07 2.426513e-08      201
features.9                       159    -0.697275 1.274393e-07 5.276402e-08      137
features.10                      375    -0.697038 9.684141e-08 9.920024e-09      137
features.15                      200    -0.691665 6.165708e-07 3.597150e-08      329
features.17                      385    -0.686274 1.383730e-06 2.700141e-08      489
features.1                         6    -0.677862 2.659109e-07 1.115374e-04       25
features.15                      436    -0.677790 6.022152e-07 3.781644e-09      329
features.5                       147    -0.677661 9.831104e-08 3.132029e-07       73
features.3                       122    -0.670364 6.300874e-08 1.141933e-06       57
features.11                      153    -0.644958 4.110053e-07 8.646909e-07      169
features.2                        86    -0.641019 2.150749e-07 9.552087e-06       49
features.2                         4    -0.637269 2.249752e-07 2.126774e-05       49
features.15                      916    -0.625062 5.551715e-07 4.051695e-10      329
features.16                      485    -0.623317 7.899737e-07 5.514505e-09      329
features.16                       75    -0.623308 7.898684e-07 4.082950e-09      329
features.12                      427    -0.618788 8.320477e-08 9.570962e-09      201
features.9                       189    -0.618072 1.130513e-07 5.613698e-08      137
features.3                       106    -0.615675 6.300112e-08 3.246697e-06       57
features.2                         9    -0.611357 2.011429e-07 4.911758e-06       49
features.10                      233    -0.608408 8.618126e-08 4.878565e-08      137
features.12                      355    -0.607919 8.178625e-08 1.756222e-08      201
features.16                      477    -0.600387 7.607707e-07 3.160870e-09      329
features.15                      735    -0.588044 5.246252e-07 3.730647e-08      329
features.16                        4    -0.585617 7.461886e-07 6.549942e-08      329
features.17                      349    -0.582260 1.154659e-06 3.653808e-09      489
features.5                        99    -0.582249 8.436792e-08 2.589944e-07       73
features.17                      143    -0.579714 1.150267e-06 4.291730e-09      489
features.13                      108    -0.577002 8.730451e-08 3.578558e-08      201
features.5                        29    -0.573635 8.104156e-08 4.763328e-08       73
features.17                      857    -0.564306 1.119447e-06 3.931571e-09      489
features.15                       45    -0.562755 5.002340e-07 6.739783e-09      329
features.16                      385    -0.562585 7.136318e-07 1.444738e-08      329
features.3                        47    -0.561613 5.861557e-08 3.452568e-06       57
features.17                      919    -0.560232 1.117214e-06 9.724344e-09      489
features.15                      252    -0.558913 4.979406e-07 2.445551e-08      329
features.10                      236    -0.557295 7.731839e-08 5.308002e-09      137
features.14                      113    -0.550935 3.590825e-06 4.929398e-07      265
features.15                      412    -0.546910 4.923317e-07 1.044288e-07      329
features.17                      211    -0.546722 1.097198e-06 1.638178e-08      489
features.16                      602    -0.544483 6.900165e-07 4.121814e-09      329
features.10                      297    -0.537214 7.511699e-08 1.930449e-08      137
features.10                       12    -0.536071 7.542616e-08 3.064384e-08      137
features.5                        71    -0.528868 7.550155e-08 1.222596e-07       73
features.13                      193    -0.528666 8.021994e-08 5.851312e-08      201
features.9                       285    -0.528108 9.675176e-08 6.455069e-08      137
features.2                         2    -0.527903 1.819082e-07 1.291549e-05       49
features.15                      489    -0.524541 4.696132e-07 5.928443e-08      329
features.13                      315    -0.523836 7.957212e-08 6.753842e-08      201
features.5                       145    -0.522520 7.397389e-08 5.874107e-08       73
features.11                      175    -0.521692 3.202849e-07 3.738514e-07      169
features.14                      198    -0.519927 3.364353e-06 2.041912e-07      265
features.17                      300    -0.518674 1.027153e-06 1.850439e-09      489
features.16                      186    -0.516597 6.548173e-07 6.029014e-09      329
features.16                      269    -0.516106 6.541226e-07 4.943090e-09      329
features.1                        26    -0.514729 1.969323e-07 1.857128e-05       25
features.17                      521    -0.510012 1.011612e-06 3.424364e-09      489
features.15                      247    -0.508007 4.696778e-07 2.928118e-07      329
features.15                      308    -0.506631 4.500668e-07 1.652784e-09      329
features.14                        6    -0.505814 3.300764e-06 4.956318e-07      265
features.16                      106    -0.503641 6.396605e-07 2.499278e-08      329
features.15                      880    -0.499267 4.436816e-07 4.109159e-09      329
features.15                      737    -0.496036 4.422832e-07 2.740247e-08      329
features.17                      855    -0.494832 9.810558e-07 2.878967e-09      489
features.16                      862    -0.493766 6.259908e-07 7.481050e-09      329
features.9                       327    -0.491801 9.234723e-08 2.996409e-07      137
features.16                      202    -0.490735 6.228577e-07 1.814412e-08      329
features.10                      324    -0.490415 6.997011e-08 5.152423e-08      137
features.9                       210    -0.490308 9.009144e-08 8.815597e-08      137
features.15                      336    -0.489897 4.352144e-07 1.807171e-09      329
features.17                      868    -0.489245 9.695360e-07 2.405586e-09      489
features.16                      293    -0.485850 6.168114e-07 2.029406e-08      329
features.16                      512    -0.484935 6.160943e-07 2.695964e-08      329
features.15                      130    -0.481997 4.294300e-07 2.132334e-08      329
features.16                      337    -0.477179 6.048029e-07 4.825146e-09      329
features.17                      178    -0.477076 9.451122e-07 2.037717e-09      489
features.12                      311    -0.475575 6.397308e-08 1.215330e-08      201
features.14                      561    -0.474584 3.053998e-06 4.915471e-09      265
features.3                        43    -0.473456 4.719427e-08 1.959822e-06       57
features.11                      258    -0.470639 2.876530e-07 3.027860e-07      169
features.12                      480    -0.467432 6.340922e-08 1.127163e-07      201
features.15                      181    -0.466982 4.156510e-07 1.430003e-08      329
features.17                      731    -0.466427 9.231887e-07 1.169351e-09      489
features.15                      553    -0.465491 4.134967e-07 1.157028e-09      329
features.17                      125    -0.465331 9.224674e-07 2.608485e-09      489
features.13                       61    -0.465162 7.091538e-08 8.874159e-08      201
features.15                       62    -0.465004 4.157331e-07 4.341480e-08      329
features.5                       179    -0.463982 6.604677e-08 8.811834e-08       73
features.9                       180    -0.462875 8.476194e-08 5.244708e-08      137
features.9                         0    -0.461728 8.458005e-08 5.531963e-08      137
features.4                        37    -0.461339 7.162112e-07 1.661853e-07       65
features.17                      910    -0.459716 9.127085e-07 3.941238e-09      489
features.9                        42    -0.459358 8.445201e-08 8.765780e-08      137
features.16                      225    -0.458845 5.816073e-07 5.279416e-09      329
features.15                      523    -0.458232 4.096084e-07 4.166465e-08      329
features.3                        86    -0.455896 4.129127e-08 1.088985e-07       57
features.3                       124    -0.454569 4.441498e-08 1.497697e-06       57
features.10                      318    -0.452351 6.277818e-08 4.783884e-09      137
features.11                      298    -0.450828 2.667006e-07 5.341508e-08      169
features.15                      443    -0.450221 3.999162e-07 8.639066e-10      329
features.10                      293    -0.450134 7.078962e-08 2.066552e-07      137
features.11                      375    -0.450022 2.752260e-07 2.941859e-07      169
features.5                       116    -0.448742 6.415953e-08 1.134092e-07       73
features.16                      156    -0.447721 5.677769e-07 9.221971e-09      329
features.15                      895    -0.447341 3.978845e-07 9.188779e-09      329
features.10                       16    -0.446598 6.251300e-08 1.766265e-08      137
features.11                      155    -0.446366 2.738113e-07 3.137704e-07      169
features.17                      257    -0.444100 8.797551e-07 1.868255e-09      489
features.17                      119    -0.444075 8.860455e-07 8.176552e-09      489
features.12                       61    -0.444012 5.975441e-08 1.649214e-08      201
features.15                      452    -0.443816 4.038306e-07 1.529085e-07      329
features.17                      684    -0.443577 8.791790e-07 2.322518e-09      489
features.10                      365    -0.442915 6.259044e-08 3.190974e-08      137
features.13                      136    -0.441902 6.808261e-08 1.644441e-07      201
features.11                      367    -0.441131 2.783047e-07 5.162358e-07      169
features.3                        31    -0.440198 4.033639e-08 3.051018e-07       57
features.17                      166    -0.437460 8.675148e-07 2.747885e-09      489
features.10                      326    -0.434012 6.030513e-08 6.337990e-09      137
features.9                       201    -0.433230 8.315677e-08 4.566097e-07      137
features.3                       139    -0.433035 3.979945e-08 3.512805e-07       57
features.6                        34    -0.432460 1.155182e-07 5.578456e-07       73
features.16                      401    -0.430104 5.449713e-07 1.840915e-09      329
features.9                       229    -0.429571 7.843900e-08 2.476258e-08      137
features.17                      123    -0.429511 8.574849e-07 8.404465e-09      489
features.16                      429    -0.428431 5.447894e-07 3.108888e-08      329
features.2                        16    -0.427818 1.377597e-07 2.758025e-07       49
features.10                       11    -0.423790 5.944412e-08 1.976415e-08      137
features.10                      261    -0.423262 6.134422e-08 6.764799e-08      137
features.16                      531    -0.423162 5.366512e-07 8.988287e-09      329
features.5                       112    -0.421838 5.963463e-08 3.886605e-08       73
features.16                      151    -0.421223 5.340677e-07 7.073242e-09      329
features.5                       180    -0.420235 5.913414e-08 1.136965e-08       73
features.16                      280    -0.419912 5.324148e-07 7.201689e-09      329
features.17                      165    -0.418966 8.307306e-07 2.523528e-09      489
features.16                       16    -0.418634 5.336298e-07 4.999022e-08      329
features.16                      504    -0.418359 5.301945e-07 3.372119e-09      329
features.16                      502    -0.415660 5.270904e-07 8.121861e-09      329
features.17                      371    -0.414798 8.219968e-07 2.031726e-09      489
features.13                      250    -0.414574 6.290264e-08 4.532356e-08      201
features.9                       319    -0.414330 7.560028e-08 1.794527e-08      137
features.13                      550    -0.410531 6.284825e-08 1.076947e-07      201
features.17                      553    -0.409249 8.137288e-07 4.718678e-09      489
features.16                      722    -0.408887 5.181410e-07 2.553231e-09      329
features.12                       43    -0.408876 5.524970e-08 5.762320e-08      201
features.16                      507    -0.408790 5.183809e-07 8.034343e-09      329
features.15                      571    -0.408473 3.688514e-07 9.606750e-08      329
features.16                      494    -0.408112 5.172094e-07 3.301103e-09      329
features.15                      104    -0.408055 3.653993e-07 4.729142e-08      329
features.4                         3    -0.407761 6.521959e-07 1.861440e-07       65
features.5                       105    -0.407066 5.758516e-08 4.138510e-08       73
features.12                      126    -0.406880 6.809817e-08 2.544350e-06      201
features.16                      168    -0.406580 5.153896e-07 5.140894e-09      329
features.9                       312    -0.406567 7.443004e-08 4.384554e-08      137
features.17                      518    -0.404909 8.078975e-07 7.453836e-09      489
features.13                       32    -0.404534 6.111442e-08 1.446832e-08      201
features.9                       179    -0.404246 7.385505e-08 2.761239e-08      137
features.17                      116    -0.404143 8.114639e-07 1.251015e-08      489
features.17                      755    -0.402759 8.065672e-07 1.035998e-08      489
features.15                      262    -0.402143 3.573238e-07 2.571755e-09      329
features.17                      740    -0.401056 7.937769e-07 9.813700e-10      489
features.10                      377    -0.400489 5.590447e-08 1.209465e-08      137
features.16                      435    -0.399080 5.057215e-07 2.600108e-09      329
features.9                        40    -0.398766 7.413774e-08 1.640775e-07      137
features.16                      706    -0.397995 5.054530e-07 1.930330e-08      329
features.2                        79    -0.397296 1.296267e-07 2.044212e-06       49
features.16                      233    -0.396522 5.023209e-07 1.913346e-10      329
features.1                         7    -0.395741 1.601174e-07 1.298030e-04       25
features.15                      351    -0.395648 3.536935e-07 3.642689e-08      329
features.16                      402    -0.395220 5.009486e-07 4.366599e-09      329
features.17                      807    -0.394765 7.822916e-07 1.927665e-09      489
features.16                      162    -0.394296 5.006565e-07 1.764264e-08      329
features.15                       26    -0.394019 3.616042e-07 1.845847e-07      329
features.10                       82    -0.393831 5.473778e-08 6.131992e-09      137
features.9                        84    -0.392836 7.381558e-08 2.448153e-07      137
features.12                      377    -0.392585 5.494628e-08 4.151482e-07      201
features.11                      259    -0.392322 2.534688e-07 6.185122e-07      169
features.16                      122    -0.392202 4.979470e-07 1.678596e-08      329
features.16                      565    -0.391832 4.966165e-07 3.769695e-09      329
features.3                       141    -0.391047 3.575185e-08 2.364623e-07       57
features.15                      750    -0.391042 3.537826e-07 1.026047e-07      329
features.13                      421    -0.390769 5.909936e-08 2.123124e-08      201
features.16                      778    -0.390673 4.954417e-07 8.189889e-09      329
features.15                      801    -0.390109 3.467194e-07 3.891287e-09      329
features.16                      526    -0.389680 4.939041e-07 3.981833e-09      329
features.15                       73    -0.389078 3.470236e-07 2.321019e-08      329
features.15                      313    -0.388997 3.472935e-07 2.861529e-08      329
features.12                       69    -0.388092 5.231994e-08 3.169378e-08      201
features.16                      305    -0.387776 4.912625e-07 4.980736e-10      329
features.9                        13    -0.387201 7.069531e-08 2.158658e-08      137
features.15                      306    -0.387190 3.442063e-07 5.141595e-09      329
features.8                        26    -0.386047 7.573660e-08 1.825170e-08      137
features.15                      517    -0.385505 3.425952e-07 3.332063e-09      329
features.16                      104    -0.383601 4.862127e-07 4.114605e-09      329
features.11                      355    -0.383040 2.292803e-07 1.171362e-07      169
features.15                      466    -0.382200 3.418707e-07 3.833383e-08      329
features.3                        37    -0.382098 3.544178e-08 4.486256e-07       57
features.17                      152    -0.381998 7.568207e-07 1.694491e-09      489
features.17                      728    -0.381778 7.647264e-07 9.994763e-09      489
features.17                      886    -0.381543 7.615765e-07 7.323092e-09      489
features.10                      234    -0.381367 5.834736e-08 1.355790e-07      137
features.8                        18    -0.381314 7.934118e-08 1.232905e-07      137
features.16                      852    -0.380960 4.839209e-07 2.002671e-08      329
features.13                      317    -0.380886 5.776545e-08 3.875429e-08      201
features.17                      475    -0.380872 7.592353e-07 6.312833e-09      489
features.5                        27    -0.380866 5.450303e-08 1.010612e-07       73
features.5                        88    -0.380339 5.417654e-08 7.585142e-08       73
features.16                      847    -0.379958 4.837440e-07 3.653004e-08      329
features.12                      411    -0.379766 5.327307e-08 4.245095e-07      201
features.15                      642    -0.379734 3.376628e-07 6.391655e-09      329
features.8                       166    -0.379177 8.416045e-08 2.448261e-07      137
features.15                       21    -0.378825 3.389404e-07 3.940576e-08      329
features.9                       233    -0.378783 6.911108e-08 1.606918e-08      137
features.11                      312    -0.378657 2.401907e-07 4.779102e-07      169
features.8                       365    -0.377021 7.844125e-08 1.217440e-07      137
features.16                      882    -0.376481 4.770455e-07 1.890751e-09      329
features.17                      688    -0.376419 7.476448e-07 3.539177e-09      489
features.10                      353    -0.376014 5.512103e-08 7.525421e-08      137
features.3                        77    -0.375913 3.456698e-08 3.124402e-07       57
features.13                      309    -0.375781 5.699516e-08 3.867028e-08      201
features.17                       18    -0.373648 7.437501e-07 5.113836e-09      489
features.15                      303    -0.372992 3.319846e-07 1.129214e-08      329
features.13                      392    -0.372613 6.028019e-08 4.614368e-07      201
features.15                      508    -0.372373 3.376164e-07 1.091621e-07      329
features.16                      865    -0.372252 4.718101e-07 3.727337e-09      329
features.16                      857    -0.371995 4.713738e-07 2.052390e-09      329
features.17                      312    -0.371623 7.396887e-07 5.055322e-09      489
features.11                      302    -0.371328 2.425623e-07 6.565068e-07      169
features.11                      136    -0.371199 2.217116e-07 1.006447e-07      169
features.17                        7    -0.370888 7.350254e-07 1.860749e-09      489
features.3                        27    -0.369954 3.352102e-08 9.422761e-08       57
features.6                        54    -0.369928 9.705302e-08 2.483409e-07       73
features.15                      363    -0.369779 3.315559e-07 4.969306e-08      329
features.13                      342    -0.369383 5.583529e-08 1.673291e-08      201
features.17                      252    -0.367214 7.306320e-07 4.716432e-09      489
features.16                      326    -0.366640 4.661412e-07 2.547903e-08      329
features.17                      566    -0.365230 7.272099e-07 5.213210e-09      489
features.13                      571    -0.365052 5.592160e-08 9.979135e-08      201
features.5                        90    -0.364233 5.149871e-08 3.432302e-08       73
features.10                       81    -0.363536 5.134983e-08 2.562738e-08      137
features.9                        57    -0.363513 6.633886e-08 1.689268e-08      137
features.16                      863    -0.362617 4.595206e-07 2.463896e-09      329
features.13                       65    -0.362173 5.472190e-08 1.375051e-08      201
features.16                      938    -0.361913 4.586012e-07 2.043084e-09      329
features.17                      849    -0.361643 7.194573e-07 4.554831e-09      489
features.4                        38    -0.361341 5.496962e-07 1.070688e-07       65
features.17                      527    -0.361025 7.146863e-07 1.021361e-09      489
features.15                      414    -0.360840 3.208029e-07 5.132962e-09      329
features.16                      268    -0.360305 4.566656e-07 3.565142e-09      329
features.11                      251    -0.360048 2.290152e-07 4.712486e-07      169
features.11                      344    -0.359096 2.142588e-07 9.137720e-08      169
features.12                      404    -0.358540 4.822279e-08 7.817962e-09      201
features.17                      180    -0.357956 7.094148e-07 1.812698e-09      489
features.16                      601    -0.357841 4.535766e-07 4.054876e-09      329
features.13                      201    -0.357498 5.401208e-08 1.319164e-08      201
features.16                      130    -0.357407 4.531312e-07 5.627300e-09      329
features.16                      907    -0.356888 4.530907e-07 1.495506e-08      329
features.5                       146    -0.356739 5.070555e-08 6.021940e-08       73
features.5                        60    -0.356618 5.276433e-08 2.675190e-07       73
features.3                        82    -0.356263 3.221967e-08 6.469525e-08       57
features.17                      678    -0.356240 7.129642e-07 8.721093e-09      489
features.12                      116    -0.355872 4.791107e-08 1.669564e-08      201
features.13                      273    -0.355723 5.502570e-08 1.571465e-07      201
features.17                      834    -0.355207 7.042447e-07 2.075934e-09      489
features.15                      538    -0.354892 3.289687e-07 2.180724e-07      329
features.13                       63    -0.354586 5.379686e-08 3.832598e-08      201
features.16                      427    -0.354545 4.499576e-07 1.245624e-08      329
features.5                        57    -0.354292 5.118580e-08 1.424987e-07       73
features.11                       76    -0.353883 2.104203e-07 7.056257e-08      169
features.12                      363    -0.353132 4.988108e-08 4.599917e-07      201
features.13                      357    -0.352858 6.296947e-08 1.098200e-06      201
features.15                      826    -0.352651 3.142385e-07 1.635504e-08      329
features.12                       98    -0.351729 4.739559e-08 2.452279e-08      201
features.15                      597    -0.351577 3.124574e-07 3.255464e-09      329
features.15                       24    -0.351522 3.133800e-07 1.864363e-08      329
features.9                        33    -0.351368 6.409940e-08 1.387049e-08      137
features.10                      241    -0.351017 4.983706e-08 3.094609e-08      137
features.10                       94    -0.350817 4.867891e-08 3.510998e-09      137
features.10                       70    -0.350484 5.904194e-08 2.561246e-07      137
features.11                      184    -0.350226 2.095006e-07 1.034112e-07      169
features.10                       90    -0.349759 4.899258e-08 1.467455e-08      137
features.17                      724    -0.349753 6.993433e-07 7.927950e-09      489
features.13                      422    -0.349638 5.282222e-08 1.263823e-08      201
features.17                      397    -0.349538 6.969260e-07 5.945451e-09      489
features.12                      398    -0.349380 4.699455e-08 8.337200e-09      201
features.13                      231    -0.349246 5.367823e-08 1.154514e-07      201
features.15                       17    -0.349148 3.104359e-07 5.402600e-09      329
features.12                      303    -0.348942 4.705971e-08 3.185132e-08      201
features.5                        67    -0.348908 5.636817e-08 7.355379e-07       73
features.16                      253    -0.348788 4.425212e-07 1.028886e-08      329
features.13                      494    -0.348262 5.941035e-08 7.761647e-07      201
features.8                       355    -0.346921 7.253812e-08 1.203683e-07      137
features.16                      566    -0.346826 4.396781e-07 4.900440e-09      329
features.13                      206    -0.345684 5.215926e-08 5.130519e-09      201
features.17                      748    -0.345649 6.879647e-07 4.678053e-09      489
features.15                      441    -0.345446 3.068979e-07 1.454106e-09      329
features.13                      147    -0.345417 5.213577e-08 6.999355e-09      201
features.12                      210    -0.345388 4.652374e-08 2.079455e-08      201
features.17                      411    -0.344840 6.849866e-07 3.304981e-09      489
features.15                      435    -0.343740 3.058620e-07 9.042596e-09      329
features.10                      168    -0.343097 4.794473e-08 1.161263e-08      137
features.16                      558    -0.342556 4.344683e-07 7.902329e-09      329
features.3                        94    -0.342373 3.147813e-08 2.825233e-07       57
features.15                      559    -0.342235 3.047116e-07 1.198566e-08      329
features.16                      160    -0.342120 4.335220e-07 1.951898e-09      329
features.16                      670    -0.341883 4.333407e-07 3.750594e-09      329
features.13                       57    -0.341547 5.190875e-08 4.705277e-08      201
features.10                      258    -0.341517 4.757169e-08 7.863357e-09      137
features.17                      574    -0.340863 6.751107e-07 1.300828e-09      489
features.13                      391    -0.340829 5.180326e-08 4.736453e-08      201
features.12                      230    -0.339548 4.575559e-08 2.393557e-08      201
features.2                        69    -0.339379 1.095605e-07 5.127074e-07       49
features.5                        97    -0.339257 5.221989e-08 4.566332e-07       73
features.3                         7    -0.339204 3.092268e-08 1.668495e-07       57
features.8                       119    -0.339038 6.640058e-08 1.339468e-08      137
features.17                      403    -0.338979 6.709807e-07 8.959095e-10      489
features.5                       110    -0.338196 4.761150e-08 1.131518e-08       73
features.17                      466    -0.338145 6.756969e-07 7.230726e-09      489
features.10                      292    -0.337091 4.916875e-08 6.148318e-08      137
features.5                        61    -0.336920 4.805366e-08 7.335998e-08       73
features.10                       71    -0.336868 4.727723e-08 1.632792e-08      137
features.16                      733    -0.336754 4.287737e-07 3.289854e-08      329
features.16                      781    -0.336435 4.265343e-07 5.177692e-09      329
features.16                      615    -0.336396 4.290852e-07 4.444948e-08      329
features.15                      217    -0.336316 3.015976e-07 4.591812e-08      329
features.8                       287    -0.336300 7.094217e-08 1.311914e-07      137
features.12                       93    -0.334755 4.600799e-08 1.939038e-07      201
features.10                      142    -0.334570 4.709471e-08 1.961312e-08      137
features.15                      527    -0.333742 2.964200e-07 1.398594e-10      329
features.16                      345    -0.333371 4.228434e-07 8.059487e-09      329
features.4                        31    -0.333264 4.733890e-07 2.992286e-08       65
features.15                      500    -0.333249 2.962977e-07 5.128824e-09      329
features.16                      575    -0.333190 4.253374e-07 4.917463e-08      329
features.17                      617    -0.332817 6.684314e-07 1.048135e-08      489
features.15                      734    -0.332723 2.964960e-07 1.567202e-08      329
features.11                       27    -0.332673 1.996326e-07 1.151400e-07      169
features.10                        2    -0.332611 4.641724e-08 9.748105e-09      137
features.10                        5    -0.332453 4.966124e-08 8.900622e-08      137
features.16                      855    -0.332417 4.212701e-07 2.552264e-09      329
features.16                      120    -0.332352 4.212215e-07 3.061509e-09      329
features.15                      324    -0.331907 2.950374e-07 4.047775e-09      329
features.4                        16    -0.331459 4.925820e-07 7.433471e-08       65
features.8                       300    -0.330843 6.450509e-08 6.323970e-09      137
features.13                      130    -0.330777 5.006500e-08 2.232456e-08      201
features.16                      357    -0.329810 4.195283e-07 2.612676e-08      329
features.16                      213    -0.329478 4.176357e-07 3.893458e-09      329
features.16                      771    -0.328943 4.178223e-07 1.693533e-08      329
features.17                      658    -0.328498 6.554804e-07 6.089225e-09      489
features.3                        79    -0.327933 4.193082e-08 5.315215e-06       57
features.12                      365    -0.327614 4.462988e-08 1.145569e-07      201
features.11                       30    -0.326652 1.940866e-07 6.133579e-08      169
features.9                        18    -0.326430 6.170450e-08 2.425448e-07      137
features.10                      138    -0.325972 4.541203e-08 7.644979e-09      137
features.13                      352    -0.325767 5.040345e-08 1.452043e-07      201
features.16                      819    -0.325296 4.123267e-07 3.728569e-09      329
features.17                      129    -0.324291 6.490449e-07 7.960730e-09      489
features.15                      651    -0.324174 3.037850e-07 2.512938e-07      329
features.17                      800    -0.323325 6.403845e-07 1.242841e-09      489
features.5                       129    -0.323205 4.551553e-08 1.225694e-08       73
features.5                         6    -0.323066 4.583233e-08 4.584933e-08       73
features.17                      769    -0.322925 6.450687e-07 6.692020e-09      489
features.5                       160    -0.322804 4.616828e-08 8.306118e-08       73
features.16                      223    -0.322756 4.092498e-07 5.846508e-09      329
features.16                      461    -0.322147 4.090820e-07 1.495725e-08      329
features.15                      670    -0.322089 2.879182e-07 2.938244e-08      329
features.13                       45    -0.321804 4.865615e-08 1.601123e-08      201
features.15                      952    -0.321660 2.894785e-07 6.012753e-08      329
features.5                        96    -0.321628 4.542727e-08 2.555823e-08       73
features.16                      653    -0.321345 4.078787e-07 1.212412e-08      329
features.5                       103    -0.320911 4.616623e-08 1.094074e-07       73
features.15                      398    -0.320763 2.891647e-07 6.777572e-08      329
